token	sentid	word	wordpos	model	tokenizer	punctuation	prob	surp
John	1	John	0	distilbert/distilgpt2	distilbert/distilgpt2	False	1.0	0.0
Ġabandoned	1	 abandoned	1	distilbert/distilgpt2	distilbert/distilgpt2	False	1.3800767817429005e-07	22.788747787475586
ĠDavid	1	 David	2	distilbert/distilgpt2	distilbert/distilgpt2	False	5.4580803407588974e-05	14.161247253417969
Ġbecause	1	 because	3	distilbert/distilgpt2	distilbert/distilgpt2	False	0.0003982646157965064	11.293985366821289
Ġhe	1	 he	4	distilbert/distilgpt2	distilbert/distilgpt2	False	0.3895818293094635	1.360001802444458
Mary	2	Mary	0	distilbert/distilgpt2	distilbert/distilgpt2	False	1.0	0.0
Ġabandoned	2	 abandoned	1	distilbert/distilgpt2	distilbert/distilgpt2	False	1.9651336913284467e-07	22.27886962890625
ĠDavid	2	 David	2	distilbert/distilgpt2	distilbert/distilgpt2	False	3.517222648952156e-05	14.795204162597656
Ġbecause	2	 because	3	distilbert/distilgpt2	distilbert/distilgpt2	False	0.0004288041091058403	11.187394142150879
Ġhe	2	 he	4	distilbert/distilgpt2	distilbert/distilgpt2	False	0.3646748661994934	1.4553173780441284
John	3	John	0	distilbert/distilgpt2	distilbert/distilgpt2	False	1.0	0.0
Ġabandoned	3	 abandoned	1	distilbert/distilgpt2	distilbert/distilgpt2	False	1.3800767817429005e-07	22.788747787475586
ĠDavid	3	 David	2	distilbert/distilgpt2	distilbert/distilgpt2	False	5.4580803407588974e-05	14.161247253417969
Ġbecause	3	 because	3	distilbert/distilgpt2	distilbert/distilgpt2	False	0.0003982646157965064	11.293985366821289
Ġhe	3	 he	4	distilbert/distilgpt2	distilbert/distilgpt2	False	0.3895818293094635	1.360001802444458
Sarah	4	Sarah	0	distilbert/distilgpt2	distilbert/distilgpt2	False	1.0	0.0
Ġabandoned	4	 abandoned	1	distilbert/distilgpt2	distilbert/distilgpt2	False	1.5357228733137163e-07	22.634578704833984
ĠDavid	4	 David	2	distilbert/distilgpt2	distilbert/distilgpt2	False	5.5814278312027454e-05	14.129006385803223
Ġbecause	4	 because	3	distilbert/distilgpt2	distilbert/distilgpt2	False	0.0005786059773527086	10.755130767822266
Ġhe	4	 he	4	distilbert/distilgpt2	distilbert/distilgpt2	False	0.4172155559062958	1.261135220527649
David	5	David	0	distilbert/distilgpt2	distilbert/distilgpt2	False	1.0	0.0
Ġabandoned	5	 abandoned	1	distilbert/distilgpt2	distilbert/distilgpt2	False	1.742383943792447e-07	22.452434539794922
ĠJohn	5	 John	2	distilbert/distilgpt2	distilbert/distilgpt2	False	9.121233597397804e-05	13.420412063598633
Ġbecause	5	 because	3	distilbert/distilgpt2	distilbert/distilgpt2	False	0.0002770034479908645	11.817808151245117
Ġhe	5	 he	4	distilbert/distilgpt2	distilbert/distilgpt2	False	0.36976122856140137	1.4353342056274414
Mary	6	Mary	0	distilbert/distilgpt2	distilbert/distilgpt2	False	1.0	0.0
Ġabandoned	6	 abandoned	1	distilbert/distilgpt2	distilbert/distilgpt2	False	1.9651336913284467e-07	22.27886962890625
ĠJohn	6	 John	2	distilbert/distilgpt2	distilbert/distilgpt2	False	6.215972098289058e-05	13.973660469055176
Ġbecause	6	 because	3	distilbert/distilgpt2	distilbert/distilgpt2	False	0.0005050814943388104	10.95119571685791
Ġhe	6	 he	4	distilbert/distilgpt2	distilbert/distilgpt2	False	0.37130460143089294	1.429324984550476
David	7	David	0	distilbert/distilgpt2	distilbert/distilgpt2	False	1.0	0.0
Ġabandoned	7	 abandoned	1	distilbert/distilgpt2	distilbert/distilgpt2	False	1.742383943792447e-07	22.452434539794922
ĠJohn	7	 John	2	distilbert/distilgpt2	distilbert/distilgpt2	False	9.121233597397804e-05	13.420412063598633
Ġbecause	7	 because	3	distilbert/distilgpt2	distilbert/distilgpt2	False	0.0002770034479908645	11.817808151245117
Ġhe	7	 he	4	distilbert/distilgpt2	distilbert/distilgpt2	False	0.36976122856140137	1.4353342056274414
Sarah	8	Sarah	0	distilbert/distilgpt2	distilbert/distilgpt2	False	1.0	0.0
Ġabandoned	8	 abandoned	1	distilbert/distilgpt2	distilbert/distilgpt2	False	1.5357228733137163e-07	22.634578704833984
ĠJohn	8	 John	2	distilbert/distilgpt2	distilbert/distilgpt2	False	0.00010356954589951783	13.237112045288086
Ġbecause	8	 because	3	distilbert/distilgpt2	distilbert/distilgpt2	False	0.0009525236673653126	10.035957336425781
Ġhe	8	 he	4	distilbert/distilgpt2	distilbert/distilgpt2	False	0.3914703130722046	1.353025197982788
Mary	9	Mary	0	distilbert/distilgpt2	distilbert/distilgpt2	False	1.0	0.0
Ġabandoned	9	 abandoned	1	distilbert/distilgpt2	distilbert/distilgpt2	False	1.9651336913284467e-07	22.27886962890625
ĠSarah	9	 Sarah	2	distilbert/distilgpt2	distilbert/distilgpt2	False	1.1074949725298211e-05	16.462339401245117
Ġbecause	9	 because	3	distilbert/distilgpt2	distilbert/distilgpt2	False	0.00205432390794158	8.927120208740234
Ġshe	9	 she	4	distilbert/distilgpt2	distilbert/distilgpt2	False	0.43734264373779297	1.1931641101837158
John	10	John	0	distilbert/distilgpt2	distilbert/distilgpt2	False	1.0	0.0
Ġabandoned	10	 abandoned	1	distilbert/distilgpt2	distilbert/distilgpt2	False	1.3800767817429005e-07	22.788747787475586
ĠSarah	10	 Sarah	2	distilbert/distilgpt2	distilbert/distilgpt2	False	1.2503915968409274e-05	16.287260055541992
Ġbecause	10	 because	3	distilbert/distilgpt2	distilbert/distilgpt2	False	0.0019342771265655756	9.013989448547363
Ġshe	10	 she	4	distilbert/distilgpt2	distilbert/distilgpt2	False	0.42880111932754517	1.2216194868087769
Mary	11	Mary	0	distilbert/distilgpt2	distilbert/distilgpt2	False	1.0	0.0
Ġabandoned	11	 abandoned	1	distilbert/distilgpt2	distilbert/distilgpt2	False	1.9651336913284467e-07	22.27886962890625
ĠSarah	11	 Sarah	2	distilbert/distilgpt2	distilbert/distilgpt2	False	1.1074949725298211e-05	16.462339401245117
Ġbecause	11	 because	3	distilbert/distilgpt2	distilbert/distilgpt2	False	0.00205432390794158	8.927120208740234
Ġshe	11	 she	4	distilbert/distilgpt2	distilbert/distilgpt2	False	0.43734264373779297	1.1931641101837158
David	12	David	0	distilbert/distilgpt2	distilbert/distilgpt2	False	1.0	0.0
Ġabandoned	12	 abandoned	1	distilbert/distilgpt2	distilbert/distilgpt2	False	1.742383943792447e-07	22.452434539794922
ĠSarah	12	 Sarah	2	distilbert/distilgpt2	distilbert/distilgpt2	False	1.1415952030802146e-05	16.418588638305664
Ġbecause	12	 because	3	distilbert/distilgpt2	distilbert/distilgpt2	False	0.0011670425301417708	9.742927551269531
Ġshe	12	 she	4	distilbert/distilgpt2	distilbert/distilgpt2	False	0.43421873450279236	1.2035061120986938
Sarah	13	Sarah	0	distilbert/distilgpt2	distilbert/distilgpt2	False	1.0	0.0
Ġabandoned	13	 abandoned	1	distilbert/distilgpt2	distilbert/distilgpt2	False	1.5357228733137163e-07	22.634578704833984
ĠMary	13	 Mary	2	distilbert/distilgpt2	distilbert/distilgpt2	False	0.00013165488780941814	12.890951156616211
Ġbecause	13	 because	3	distilbert/distilgpt2	distilbert/distilgpt2	False	0.0014208941720426083	9.458985328674316
Ġshe	13	 she	4	distilbert/distilgpt2	distilbert/distilgpt2	False	0.3817254900932312	1.389392614364624
John	14	John	0	distilbert/distilgpt2	distilbert/distilgpt2	False	1.0	0.0
Ġabandoned	14	 abandoned	1	distilbert/distilgpt2	distilbert/distilgpt2	False	1.3800767817429005e-07	22.788747787475586
ĠMary	14	 Mary	2	distilbert/distilgpt2	distilbert/distilgpt2	False	9.595907613402233e-05	13.347221374511719
Ġbecause	14	 because	3	distilbert/distilgpt2	distilbert/distilgpt2	False	0.0010509518906474113	9.894087791442871
Ġshe	14	 she	4	distilbert/distilgpt2	distilbert/distilgpt2	False	0.3597051203250885	1.4751133918762207
Sarah	15	Sarah	0	distilbert/distilgpt2	distilbert/distilgpt2	False	1.0	0.0
Ġabandoned	15	 abandoned	1	distilbert/distilgpt2	distilbert/distilgpt2	False	1.5357228733137163e-07	22.634578704833984
ĠMary	15	 Mary	2	distilbert/distilgpt2	distilbert/distilgpt2	False	0.00013165488780941814	12.890951156616211
Ġbecause	15	 because	3	distilbert/distilgpt2	distilbert/distilgpt2	False	0.0014208941720426083	9.458985328674316
Ġshe	15	 she	4	distilbert/distilgpt2	distilbert/distilgpt2	False	0.3817254900932312	1.389392614364624
David	16	David	0	distilbert/distilgpt2	distilbert/distilgpt2	False	1.0	0.0
Ġabandoned	16	 abandoned	1	distilbert/distilgpt2	distilbert/distilgpt2	False	1.742383943792447e-07	22.452434539794922
ĠMary	16	 Mary	2	distilbert/distilgpt2	distilbert/distilgpt2	False	7.991085294634104e-05	13.611248970031738
Ġbecause	16	 because	3	distilbert/distilgpt2	distilbert/distilgpt2	False	0.0005384256364777684	10.858964920043945
Ġshe	16	 she	4	distilbert/distilgpt2	distilbert/distilgpt2	False	0.3698684573173523	1.4349159002304077
John	17	John	0	distilbert/distilgpt2	distilbert/distilgpt2	False	1.0	0.0
Ġab	17	 abashed	1	distilbert/distilgpt2	distilbert/distilgpt2	False	2.6672207695810357e-06	18.516231536865234
ashed	17	 abashed	1	distilbert/distilgpt2	distilbert/distilgpt2	False	0.0013454608852043748	9.537683486938477
ĠDavid	17	 David	2	distilbert/distilgpt2	distilbert/distilgpt2	False	0.0001726395421428606	12.49994945526123
Ġbecause	17	 because	3	distilbert/distilgpt2	distilbert/distilgpt2	False	7.566449494333938e-05	13.690024375915527
Ġhe	17	 he	4	distilbert/distilgpt2	distilbert/distilgpt2	False	0.4640699625015259	1.1075857877731323
Mary	18	Mary	0	distilbert/distilgpt2	distilbert/distilgpt2	False	1.0	0.0
Ġab	18	 abashed	1	distilbert/distilgpt2	distilbert/distilgpt2	False	2.6929251362162177e-06	18.50239372253418
ashed	18	 abashed	1	distilbert/distilgpt2	distilbert/distilgpt2	False	0.0009386844467371702	10.057071685791016
ĠDavid	18	 David	2	distilbert/distilgpt2	distilbert/distilgpt2	False	0.00010513122833799571	13.215520858764648
Ġbecause	18	 because	3	distilbert/distilgpt2	distilbert/distilgpt2	False	0.00012187622633064166	13.00229549407959
Ġhe	18	 he	4	distilbert/distilgpt2	distilbert/distilgpt2	False	0.44767773151397705	1.1594675779342651
John	19	John	0	distilbert/distilgpt2	distilbert/distilgpt2	False	1.0	0.0
Ġab	19	 abashed	1	distilbert/distilgpt2	distilbert/distilgpt2	False	2.6672207695810357e-06	18.516231536865234
ashed	19	 abashed	1	distilbert/distilgpt2	distilbert/distilgpt2	False	0.0013454608852043748	9.537683486938477
ĠDavid	19	 David	2	distilbert/distilgpt2	distilbert/distilgpt2	False	0.0001726395421428606	12.49994945526123
Ġbecause	19	 because	3	distilbert/distilgpt2	distilbert/distilgpt2	False	7.566449494333938e-05	13.690024375915527
Ġhe	19	 he	4	distilbert/distilgpt2	distilbert/distilgpt2	False	0.4640699625015259	1.1075857877731323
Sarah	20	Sarah	0	distilbert/distilgpt2	distilbert/distilgpt2	False	1.0	0.0
Ġab	20	 abashed	1	distilbert/distilgpt2	distilbert/distilgpt2	False	3.158103709210991e-06	18.272510528564453
ashed	20	 abashed	1	distilbert/distilgpt2	distilbert/distilgpt2	False	0.0020206209737807512	8.9509859085083
ĠDavid	20	 David	2	distilbert/distilgpt2	distilbert/distilgpt2	False	0.00015688040002714843	12.638047218322754
Ġbecause	20	 because	3	distilbert/distilgpt2	distilbert/distilgpt2	False	6.886768824188039e-05	13.825813293457031
Ġhe	20	 he	4	distilbert/distilgpt2	distilbert/distilgpt2	False	0.4705131947994232	1.0876929759979248
David	21	David	0	distilbert/distilgpt2	distilbert/distilgpt2	False	1.0	0.0
Ġab	21	 abashed	1	distilbert/distilgpt2	distilbert/distilgpt2	False	3.494122438496561e-06	18.126638412475586
ashed	21	 abashed	1	distilbert/distilgpt2	distilbert/distilgpt2	False	0.002279187785461545	8.777264595031738
ĠJohn	21	 John	2	distilbert/distilgpt2	distilbert/distilgpt2	False	0.00012804765719920397	12.931031227111816
Ġbecause	21	 because	3	distilbert/distilgpt2	distilbert/distilgpt2	False	4.5256674638949335e-05	14.431509971618652
Ġhe	21	 he	4	distilbert/distilgpt2	distilbert/distilgpt2	False	0.4727146029472351	1.0809587240219116
Mary	22	Mary	0	distilbert/distilgpt2	distilbert/distilgpt2	False	1.0	0.0
Ġab	22	 abashed	1	distilbert/distilgpt2	distilbert/distilgpt2	False	2.6929251362162177e-06	18.50239372253418
ashed	22	 abashed	1	distilbert/distilgpt2	distilbert/distilgpt2	False	0.0009386844467371702	10.057071685791016
ĠJohn	22	 John	2	distilbert/distilgpt2	distilbert/distilgpt2	False	0.00015588919632136822	12.647191047668457
Ġbecause	22	 because	3	distilbert/distilgpt2	distilbert/distilgpt2	False	0.00012515911657828838	12.963949203491211
Ġhe	22	 he	4	distilbert/distilgpt2	distilbert/distilgpt2	False	0.47529903054237366	1.0730926990509033
David	23	David	0	distilbert/distilgpt2	distilbert/distilgpt2	False	1.0	0.0
Ġab	23	 abashed	1	distilbert/distilgpt2	distilbert/distilgpt2	False	3.494122438496561e-06	18.126638412475586
ashed	23	 abashed	1	distilbert/distilgpt2	distilbert/distilgpt2	False	0.002279187785461545	8.777264595031738
ĠJohn	23	 John	2	distilbert/distilgpt2	distilbert/distilgpt2	False	0.00012804765719920397	12.931031227111816
Ġbecause	23	 because	3	distilbert/distilgpt2	distilbert/distilgpt2	False	4.5256674638949335e-05	14.431509971618652
Ġhe	23	 he	4	distilbert/distilgpt2	distilbert/distilgpt2	False	0.4727146029472351	1.0809587240219116
Sarah	24	Sarah	0	distilbert/distilgpt2	distilbert/distilgpt2	False	1.0	0.0
Ġab	24	 abashed	1	distilbert/distilgpt2	distilbert/distilgpt2	False	3.158103709210991e-06	18.272510528564453
ashed	24	 abashed	1	distilbert/distilgpt2	distilbert/distilgpt2	False	0.0020206209737807512	8.9509859085083
ĠJohn	24	 John	2	distilbert/distilgpt2	distilbert/distilgpt2	False	0.00017396503244526684	12.48891544342041
Ġbecause	24	 because	3	distilbert/distilgpt2	distilbert/distilgpt2	False	0.00012810860062018037	12.930344581604004
Ġhe	24	 he	4	distilbert/distilgpt2	distilbert/distilgpt2	False	0.4616195559501648	1.11522376537323
Mary	25	Mary	0	distilbert/distilgpt2	distilbert/distilgpt2	False	1.0	0.0
Ġab	25	 abashed	1	distilbert/distilgpt2	distilbert/distilgpt2	False	2.6929251362162177e-06	18.50239372253418
ashed	25	 abashed	1	distilbert/distilgpt2	distilbert/distilgpt2	False	0.0009386844467371702	10.057071685791016
ĠSarah	25	 Sarah	2	distilbert/distilgpt2	distilbert/distilgpt2	False	1.8214095689472742e-05	15.744585037231445
Ġbecause	25	 because	3	distilbert/distilgpt2	distilbert/distilgpt2	False	0.0006316686631180346	10.628543853759766
Ġshe	25	 she	4	distilbert/distilgpt2	distilbert/distilgpt2	False	0.5028390884399414	0.9918314218521118
John	26	John	0	distilbert/distilgpt2	distilbert/distilgpt2	False	1.0	0.0
Ġab	26	 abashed	1	distilbert/distilgpt2	distilbert/distilgpt2	False	2.6672207695810357e-06	18.516231536865234
ashed	26	 abashed	1	distilbert/distilgpt2	distilbert/distilgpt2	False	0.0013454608852043748	9.537683486938477
ĠSarah	26	 Sarah	2	distilbert/distilgpt2	distilbert/distilgpt2	False	2.1712648958782665e-05	15.491105079650879
Ġbecause	26	 because	3	distilbert/distilgpt2	distilbert/distilgpt2	False	0.0003166038077324629	11.625033378601074
Ġshe	26	 she	4	distilbert/distilgpt2	distilbert/distilgpt2	False	0.48106566071510315	1.055694341659546
Mary	27	Mary	0	distilbert/distilgpt2	distilbert/distilgpt2	False	1.0	0.0
Ġab	27	 abashed	1	distilbert/distilgpt2	distilbert/distilgpt2	False	2.6929251362162177e-06	18.50239372253418
ashed	27	 abashed	1	distilbert/distilgpt2	distilbert/distilgpt2	False	0.0009386844467371702	10.057071685791016
ĠSarah	27	 Sarah	2	distilbert/distilgpt2	distilbert/distilgpt2	False	1.8214095689472742e-05	15.744585037231445
Ġbecause	27	 because	3	distilbert/distilgpt2	distilbert/distilgpt2	False	0.0006316686631180346	10.628543853759766
Ġshe	27	 she	4	distilbert/distilgpt2	distilbert/distilgpt2	False	0.5028390884399414	0.9918314218521118
David	28	David	0	distilbert/distilgpt2	distilbert/distilgpt2	False	1.0	0.0
Ġab	28	 abashed	1	distilbert/distilgpt2	distilbert/distilgpt2	False	3.494122438496561e-06	18.126638412475586
ashed	28	 abashed	1	distilbert/distilgpt2	distilbert/distilgpt2	False	0.002279187785461545	8.777264595031738
ĠSarah	28	 Sarah	2	distilbert/distilgpt2	distilbert/distilgpt2	False	1.3107214726915117e-05	16.21927833557129
Ġbecause	28	 because	3	distilbert/distilgpt2	distilbert/distilgpt2	False	8.279031317215413e-05	13.560178756713867
Ġshe	28	 she	4	distilbert/distilgpt2	distilbert/distilgpt2	False	0.4922809302806854	1.0224462747573853
Sarah	29	Sarah	0	distilbert/distilgpt2	distilbert/distilgpt2	False	1.0	0.0
Ġab	29	 abashed	1	distilbert/distilgpt2	distilbert/distilgpt2	False	3.158103709210991e-06	18.272510528564453
ashed	29	 abashed	1	distilbert/distilgpt2	distilbert/distilgpt2	False	0.0020206209737807512	8.9509859085083
ĠMary	29	 Mary	2	distilbert/distilgpt2	distilbert/distilgpt2	False	3.466919588390738e-05	14.815985679626465
Ġbecause	29	 because	3	distilbert/distilgpt2	distilbert/distilgpt2	False	0.00018031560466624796	12.437188148498535
Ġshe	29	 she	4	distilbert/distilgpt2	distilbert/distilgpt2	False	0.4641875922679901	1.10722017288208
John	30	John	0	distilbert/distilgpt2	distilbert/distilgpt2	False	1.0	0.0
Ġab	30	 abashed	1	distilbert/distilgpt2	distilbert/distilgpt2	False	2.6672207695810357e-06	18.516231536865234
ashed	30	 abashed	1	distilbert/distilgpt2	distilbert/distilgpt2	False	0.0013454608852043748	9.537683486938477
ĠMary	30	 Mary	2	distilbert/distilgpt2	distilbert/distilgpt2	False	3.459904110059142e-05	14.81890869140625
Ġbecause	30	 because	3	distilbert/distilgpt2	distilbert/distilgpt2	False	0.0003282211546320468	11.573043823242188
Ġshe	30	 she	4	distilbert/distilgpt2	distilbert/distilgpt2	False	0.45899757742881775	1.1234415769577026
Sarah	31	Sarah	0	distilbert/distilgpt2	distilbert/distilgpt2	False	1.0	0.0
Ġab	31	 abashed	1	distilbert/distilgpt2	distilbert/distilgpt2	False	3.158103709210991e-06	18.272510528564453
ashed	31	 abashed	1	distilbert/distilgpt2	distilbert/distilgpt2	False	0.0020206209737807512	8.9509859085083
ĠMary	31	 Mary	2	distilbert/distilgpt2	distilbert/distilgpt2	False	3.466919588390738e-05	14.815985679626465
Ġbecause	31	 because	3	distilbert/distilgpt2	distilbert/distilgpt2	False	0.00018031560466624796	12.437188148498535
Ġshe	31	 she	4	distilbert/distilgpt2	distilbert/distilgpt2	False	0.4641875922679901	1.10722017288208
David	32	David	0	distilbert/distilgpt2	distilbert/distilgpt2	False	1.0	0.0
Ġab	32	 abashed	1	distilbert/distilgpt2	distilbert/distilgpt2	False	3.494122438496561e-06	18.126638412475586
ashed	32	 abashed	1	distilbert/distilgpt2	distilbert/distilgpt2	False	0.002279187785461545	8.777264595031738
ĠMary	32	 Mary	2	distilbert/distilgpt2	distilbert/distilgpt2	False	1.7113365174736828e-05	15.834516525268555
Ġbecause	32	 because	3	distilbert/distilgpt2	distilbert/distilgpt2	False	0.00011841027298942208	13.04391860961914
Ġshe	32	 she	4	distilbert/distilgpt2	distilbert/distilgpt2	False	0.4762270152568817	1.0702786445617676
John	33	John	0	distilbert/distilgpt2	distilbert/distilgpt2	False	1.0	0.0
Ġabhor	33	 abhorred	1	distilbert/distilgpt2	distilbert/distilgpt2	False	1.9023591590894284e-08	25.647634506225586
red	33	 abhorred	1	distilbert/distilgpt2	distilbert/distilgpt2	False	0.10649684071540833	3.2311174869537354
ĠDavid	33	 David	2	distilbert/distilgpt2	distilbert/distilgpt2	False	9.333032357972115e-05	13.38729476928711
Ġbecause	33	 because	3	distilbert/distilgpt2	distilbert/distilgpt2	False	0.00011867140710819513	13.040740013122559
Ġhe	33	 he	4	distilbert/distilgpt2	distilbert/distilgpt2	False	0.38451269268989563	1.378896951675415
Mary	34	Mary	0	distilbert/distilgpt2	distilbert/distilgpt2	False	1.0	0.0
Ġabhor	34	 abhorred	1	distilbert/distilgpt2	distilbert/distilgpt2	False	2.1629492863439737e-08	25.462425231933594
red	34	 abhorred	1	distilbert/distilgpt2	distilbert/distilgpt2	False	0.10186813026666641	3.2952253818511963
ĠDavid	34	 David	2	distilbert/distilgpt2	distilbert/distilgpt2	False	5.741809945902787e-05	14.088134765625
Ġbecause	34	 because	3	distilbert/distilgpt2	distilbert/distilgpt2	False	0.00023575524392072111	12.050422668457031
Ġhe	34	 he	4	distilbert/distilgpt2	distilbert/distilgpt2	False	0.3790283501148224	1.3996223211288452
John	35	John	0	distilbert/distilgpt2	distilbert/distilgpt2	False	1.0	0.0
Ġabhor	35	 abhorred	1	distilbert/distilgpt2	distilbert/distilgpt2	False	1.9023591590894284e-08	25.647634506225586
red	35	 abhorred	1	distilbert/distilgpt2	distilbert/distilgpt2	False	0.10649684071540833	3.2311174869537354
ĠDavid	35	 David	2	distilbert/distilgpt2	distilbert/distilgpt2	False	9.333032357972115e-05	13.38729476928711
Ġbecause	35	 because	3	distilbert/distilgpt2	distilbert/distilgpt2	False	0.00011867140710819513	13.040740013122559
Ġhe	35	 he	4	distilbert/distilgpt2	distilbert/distilgpt2	False	0.38451269268989563	1.378896951675415
Sarah	36	Sarah	0	distilbert/distilgpt2	distilbert/distilgpt2	False	1.0	0.0
Ġabhor	36	 abhorred	1	distilbert/distilgpt2	distilbert/distilgpt2	False	1.6471492614300587e-08	25.855453491210938
red	36	 abhorred	1	distilbert/distilgpt2	distilbert/distilgpt2	False	0.11859539151191711	3.0758800506591797
ĠDavid	36	 David	2	distilbert/distilgpt2	distilbert/distilgpt2	False	9.075177513295785e-05	13.427714347839355
Ġbecause	36	 because	3	distilbert/distilgpt2	distilbert/distilgpt2	False	7.578907388960943e-05	13.687650680541992
Ġhe	36	 he	4	distilbert/distilgpt2	distilbert/distilgpt2	False	0.4139224588871002	1.272567629814148
David	37	David	0	distilbert/distilgpt2	distilbert/distilgpt2	False	1.0	0.0
Ġabhor	37	 abhorred	1	distilbert/distilgpt2	distilbert/distilgpt2	False	2.1974759789600284e-08	25.439577102661133
red	37	 abhorred	1	distilbert/distilgpt2	distilbert/distilgpt2	False	0.1637282818555832	2.6106245517730713
ĠJohn	37	 John	2	distilbert/distilgpt2	distilbert/distilgpt2	False	0.0001820491743274033	12.423383712768555
Ġbecause	37	 because	3	distilbert/distilgpt2	distilbert/distilgpt2	False	7.607170118717477e-05	13.682280540466309
Ġhe	37	 he	4	distilbert/distilgpt2	distilbert/distilgpt2	False	0.4056771695613861	1.3015960454940796
Mary	38	Mary	0	distilbert/distilgpt2	distilbert/distilgpt2	False	1.0	0.0
Ġabhor	38	 abhorred	1	distilbert/distilgpt2	distilbert/distilgpt2	False	2.1629492863439737e-08	25.462425231933594
red	38	 abhorred	1	distilbert/distilgpt2	distilbert/distilgpt2	False	0.10186813026666641	3.2952253818511963
ĠJohn	38	 John	2	distilbert/distilgpt2	distilbert/distilgpt2	False	0.00013400621537584811	12.865412712097168
Ġbecause	38	 because	3	distilbert/distilgpt2	distilbert/distilgpt2	False	0.000229409706662409	12.0897855758667
Ġhe	38	 he	4	distilbert/distilgpt2	distilbert/distilgpt2	False	0.4075847566127777	1.2948280572891235
David	39	David	0	distilbert/distilgpt2	distilbert/distilgpt2	False	1.0	0.0
Ġabhor	39	 abhorred	1	distilbert/distilgpt2	distilbert/distilgpt2	False	2.1974759789600284e-08	25.439577102661133
red	39	 abhorred	1	distilbert/distilgpt2	distilbert/distilgpt2	False	0.1637282818555832	2.6106245517730713
ĠJohn	39	 John	2	distilbert/distilgpt2	distilbert/distilgpt2	False	0.0001820491743274033	12.423383712768555
Ġbecause	39	 because	3	distilbert/distilgpt2	distilbert/distilgpt2	False	7.607170118717477e-05	13.682280540466309
Ġhe	39	 he	4	distilbert/distilgpt2	distilbert/distilgpt2	False	0.4056771695613861	1.3015960454940796
Sarah	40	Sarah	0	distilbert/distilgpt2	distilbert/distilgpt2	False	1.0	0.0
Ġabhor	40	 abhorred	1	distilbert/distilgpt2	distilbert/distilgpt2	False	1.6471492614300587e-08	25.855453491210938
red	40	 abhorred	1	distilbert/distilgpt2	distilbert/distilgpt2	False	0.11859539151191711	3.0758800506591797
ĠJohn	40	 John	2	distilbert/distilgpt2	distilbert/distilgpt2	False	0.00015222314686980098	12.681524276733398
Ġbecause	40	 because	3	distilbert/distilgpt2	distilbert/distilgpt2	False	0.00015857667312957346	12.62253189086914
Ġhe	40	 he	4	distilbert/distilgpt2	distilbert/distilgpt2	False	0.41105735301971436	1.2825884819030762
Mary	41	Mary	0	distilbert/distilgpt2	distilbert/distilgpt2	False	1.0	0.0
Ġabhor	41	 abhorred	1	distilbert/distilgpt2	distilbert/distilgpt2	False	2.1629492863439737e-08	25.462425231933594
red	41	 abhorred	1	distilbert/distilgpt2	distilbert/distilgpt2	False	0.10186813026666641	3.2952253818511963
ĠSarah	41	 Sarah	2	distilbert/distilgpt2	distilbert/distilgpt2	False	2.893127930292394e-05	15.077010154724121
Ġbecause	41	 because	3	distilbert/distilgpt2	distilbert/distilgpt2	False	0.0011258810991421342	9.794730186462402
Ġshe	41	 she	4	distilbert/distilgpt2	distilbert/distilgpt2	False	0.429423063993454	1.2195284366607666
John	42	John	0	distilbert/distilgpt2	distilbert/distilgpt2	False	1.0	0.0
Ġabhor	42	 abhorred	1	distilbert/distilgpt2	distilbert/distilgpt2	False	1.9023591590894284e-08	25.647634506225586
red	42	 abhorred	1	distilbert/distilgpt2	distilbert/distilgpt2	False	0.10649684071540833	3.2311174869537354
ĠSarah	42	 Sarah	2	distilbert/distilgpt2	distilbert/distilgpt2	False	3.913882756023668e-05	14.641039848327637
Ġbecause	42	 because	3	distilbert/distilgpt2	distilbert/distilgpt2	False	0.00030449728365056217	11.681282997131348
Ġshe	42	 she	4	distilbert/distilgpt2	distilbert/distilgpt2	False	0.42309263348579407	1.2409545183181763
Mary	43	Mary	0	distilbert/distilgpt2	distilbert/distilgpt2	False	1.0	0.0
Ġabhor	43	 abhorred	1	distilbert/distilgpt2	distilbert/distilgpt2	False	2.1629492863439737e-08	25.462425231933594
red	43	 abhorred	1	distilbert/distilgpt2	distilbert/distilgpt2	False	0.10186813026666641	3.2952253818511963
ĠSarah	43	 Sarah	2	distilbert/distilgpt2	distilbert/distilgpt2	False	2.893127930292394e-05	15.077010154724121
Ġbecause	43	 because	3	distilbert/distilgpt2	distilbert/distilgpt2	False	0.0011258810991421342	9.794730186462402
Ġshe	43	 she	4	distilbert/distilgpt2	distilbert/distilgpt2	False	0.429423063993454	1.2195284366607666
David	44	David	0	distilbert/distilgpt2	distilbert/distilgpt2	False	1.0	0.0
Ġabhor	44	 abhorred	1	distilbert/distilgpt2	distilbert/distilgpt2	False	2.1974759789600284e-08	25.439577102661133
red	44	 abhorred	1	distilbert/distilgpt2	distilbert/distilgpt2	False	0.1637282818555832	2.6106245517730713
ĠSarah	44	 Sarah	2	distilbert/distilgpt2	distilbert/distilgpt2	False	3.860306242131628e-05	14.660924911499023
Ġbecause	44	 because	3	distilbert/distilgpt2	distilbert/distilgpt2	False	0.00013218882668297738	12.885111808776855
Ġshe	44	 she	4	distilbert/distilgpt2	distilbert/distilgpt2	False	0.4129764139652252	1.2758687734603882
Sarah	45	Sarah	0	distilbert/distilgpt2	distilbert/distilgpt2	False	1.0	0.0
Ġabhor	45	 abhorred	1	distilbert/distilgpt2	distilbert/distilgpt2	False	1.6471492614300587e-08	25.855453491210938
red	45	 abhorred	1	distilbert/distilgpt2	distilbert/distilgpt2	False	0.11859539151191711	3.0758800506591797
ĠMary	45	 Mary	2	distilbert/distilgpt2	distilbert/distilgpt2	False	6.319419480860233e-05	13.949848175048828
Ġbecause	45	 because	3	distilbert/distilgpt2	distilbert/distilgpt2	False	0.0006711332825943828	10.541112899780273
Ġshe	45	 she	4	distilbert/distilgpt2	distilbert/distilgpt2	False	0.367202490568161	1.44535231590271
John	46	John	0	distilbert/distilgpt2	distilbert/distilgpt2	False	1.0	0.0
Ġabhor	46	 abhorred	1	distilbert/distilgpt2	distilbert/distilgpt2	False	1.9023591590894284e-08	25.647634506225586
red	46	 abhorred	1	distilbert/distilgpt2	distilbert/distilgpt2	False	0.10649684071540833	3.2311174869537354
ĠMary	46	 Mary	2	distilbert/distilgpt2	distilbert/distilgpt2	False	5.674303974956274e-05	14.105196952819824
Ġbecause	46	 because	3	distilbert/distilgpt2	distilbert/distilgpt2	False	0.001374575193040073	9.50679874420166
Ġshe	46	 she	4	distilbert/distilgpt2	distilbert/distilgpt2	False	0.36879825592041016	1.4390963315963745
Sarah	47	Sarah	0	distilbert/distilgpt2	distilbert/distilgpt2	False	1.0	0.0
Ġabhor	47	 abhorred	1	distilbert/distilgpt2	distilbert/distilgpt2	False	1.6471492614300587e-08	25.855453491210938
red	47	 abhorred	1	distilbert/distilgpt2	distilbert/distilgpt2	False	0.11859539151191711	3.0758800506591797
ĠMary	47	 Mary	2	distilbert/distilgpt2	distilbert/distilgpt2	False	6.319419480860233e-05	13.949848175048828
Ġbecause	47	 because	3	distilbert/distilgpt2	distilbert/distilgpt2	False	0.0006711332825943828	10.541112899780273
Ġshe	47	 she	4	distilbert/distilgpt2	distilbert/distilgpt2	False	0.367202490568161	1.44535231590271
David	48	David	0	distilbert/distilgpt2	distilbert/distilgpt2	False	1.0	0.0
Ġabhor	48	 abhorred	1	distilbert/distilgpt2	distilbert/distilgpt2	False	2.1974759789600284e-08	25.439577102661133
red	48	 abhorred	1	distilbert/distilgpt2	distilbert/distilgpt2	False	0.1637282818555832	2.6106245517730713
ĠMary	48	 Mary	2	distilbert/distilgpt2	distilbert/distilgpt2	False	5.2788487664656714e-05	14.209417343139648
Ġbecause	48	 because	3	distilbert/distilgpt2	distilbert/distilgpt2	False	0.00039855242357589304	11.292943000793457
Ġshe	48	 she	4	distilbert/distilgpt2	distilbert/distilgpt2	False	0.3607298731803894	1.4710092544555664
John	49	John	0	distilbert/distilgpt2	distilbert/distilgpt2	False	1.0	0.0
Ġacclaimed	49	 acclaimed	1	distilbert/distilgpt2	distilbert/distilgpt2	False	5.6714284824010974e-08	24.071712493896484
ĠDavid	49	 David	2	distilbert/distilgpt2	distilbert/distilgpt2	False	0.00012458357377909124	12.970598220825195
Ġbecause	49	 because	3	distilbert/distilgpt2	distilbert/distilgpt2	False	5.890298325539334e-06	17.373228073120117
Ġhe	49	 he	4	distilbert/distilgpt2	distilbert/distilgpt2	False	0.39668819308280945	1.3339226245880127
Mary	50	Mary	0	distilbert/distilgpt2	distilbert/distilgpt2	False	1.0	0.0
Ġacclaimed	50	 acclaimed	1	distilbert/distilgpt2	distilbert/distilgpt2	False	5.642780465109354e-08	24.079017639160156
ĠDavid	50	 David	2	distilbert/distilgpt2	distilbert/distilgpt2	False	0.0001451194257242605	12.750472068786621
Ġbecause	50	 because	3	distilbert/distilgpt2	distilbert/distilgpt2	False	1.1335703675285913e-05	16.42876625061035
Ġhe	50	 he	4	distilbert/distilgpt2	distilbert/distilgpt2	False	0.401581346988678	1.316235899925232
John	51	John	0	distilbert/distilgpt2	distilbert/distilgpt2	False	1.0	0.0
Ġacclaimed	51	 acclaimed	1	distilbert/distilgpt2	distilbert/distilgpt2	False	5.6714284824010974e-08	24.071712493896484
ĠDavid	51	 David	2	distilbert/distilgpt2	distilbert/distilgpt2	False	0.00012458357377909124	12.970598220825195
Ġbecause	51	 because	3	distilbert/distilgpt2	distilbert/distilgpt2	False	5.890298325539334e-06	17.373228073120117
Ġhe	51	 he	4	distilbert/distilgpt2	distilbert/distilgpt2	False	0.39668819308280945	1.3339226245880127
Sarah	52	Sarah	0	distilbert/distilgpt2	distilbert/distilgpt2	False	1.0	0.0
Ġacclaimed	52	 acclaimed	1	distilbert/distilgpt2	distilbert/distilgpt2	False	5.1622301100451295e-08	24.207429885864258
ĠDavid	52	 David	2	distilbert/distilgpt2	distilbert/distilgpt2	False	0.00017355341697111726	12.492332458496094
Ġbecause	52	 because	3	distilbert/distilgpt2	distilbert/distilgpt2	False	5.038186372985365e-06	17.598663330078125
Ġhe	52	 he	4	distilbert/distilgpt2	distilbert/distilgpt2	False	0.41358521580696106	1.2737435102462769
David	53	David	0	distilbert/distilgpt2	distilbert/distilgpt2	False	1.0	0.0
Ġacclaimed	53	 acclaimed	1	distilbert/distilgpt2	distilbert/distilgpt2	False	5.758279542078526e-08	24.049787521362305
ĠJohn	53	 John	2	distilbert/distilgpt2	distilbert/distilgpt2	False	0.0002827573916874826	11.788147926330566
Ġbecause	53	 because	3	distilbert/distilgpt2	distilbert/distilgpt2	False	4.592306595441187e-06	17.732349395751953
Ġhe	53	 he	4	distilbert/distilgpt2	distilbert/distilgpt2	False	0.46232208609580994	1.1130298376083374
Mary	54	Mary	0	distilbert/distilgpt2	distilbert/distilgpt2	False	1.0	0.0
Ġacclaimed	54	 acclaimed	1	distilbert/distilgpt2	distilbert/distilgpt2	False	5.642780465109354e-08	24.079017639160156
ĠJohn	54	 John	2	distilbert/distilgpt2	distilbert/distilgpt2	False	0.00022659216483589262	12.107614517211914
Ġbecause	54	 because	3	distilbert/distilgpt2	distilbert/distilgpt2	False	7.650352017662954e-06	16.996042251586914
Ġhe	54	 he	4	distilbert/distilgpt2	distilbert/distilgpt2	False	0.4568827450275421	1.1301041841506958
David	55	David	0	distilbert/distilgpt2	distilbert/distilgpt2	False	1.0	0.0
Ġacclaimed	55	 acclaimed	1	distilbert/distilgpt2	distilbert/distilgpt2	False	5.758279542078526e-08	24.049787521362305
ĠJohn	55	 John	2	distilbert/distilgpt2	distilbert/distilgpt2	False	0.0002827573916874826	11.788147926330566
Ġbecause	55	 because	3	distilbert/distilgpt2	distilbert/distilgpt2	False	4.592306595441187e-06	17.732349395751953
Ġhe	55	 he	4	distilbert/distilgpt2	distilbert/distilgpt2	False	0.46232208609580994	1.1130298376083374
Sarah	56	Sarah	0	distilbert/distilgpt2	distilbert/distilgpt2	False	1.0	0.0
Ġacclaimed	56	 acclaimed	1	distilbert/distilgpt2	distilbert/distilgpt2	False	5.1622301100451295e-08	24.207429885864258
ĠJohn	56	 John	2	distilbert/distilgpt2	distilbert/distilgpt2	False	0.0002222171169705689	12.1357421875
Ġbecause	56	 because	3	distilbert/distilgpt2	distilbert/distilgpt2	False	3.927895704691764e-06	17.95781135559082
Ġhe	56	 he	4	distilbert/distilgpt2	distilbert/distilgpt2	False	0.4530443251132965	1.1422759294509888
Mary	57	Mary	0	distilbert/distilgpt2	distilbert/distilgpt2	False	1.0	0.0
Ġacclaimed	57	 acclaimed	1	distilbert/distilgpt2	distilbert/distilgpt2	False	5.642780465109354e-08	24.079017639160156
ĠSarah	57	 Sarah	2	distilbert/distilgpt2	distilbert/distilgpt2	False	1.753755350364372e-05	15.799193382263184
Ġbecause	57	 because	3	distilbert/distilgpt2	distilbert/distilgpt2	False	3.543588536558673e-05	14.784429550170898
Ġshe	57	 she	4	distilbert/distilgpt2	distilbert/distilgpt2	False	0.47999006509780884	1.058923602104187
John	58	John	0	distilbert/distilgpt2	distilbert/distilgpt2	False	1.0	0.0
Ġacclaimed	58	 acclaimed	1	distilbert/distilgpt2	distilbert/distilgpt2	False	5.6714284824010974e-08	24.071712493896484
ĠSarah	58	 Sarah	2	distilbert/distilgpt2	distilbert/distilgpt2	False	1.268852338398574e-05	16.266117095947266
Ġbecause	58	 because	3	distilbert/distilgpt2	distilbert/distilgpt2	False	1.3007509551243857e-05	16.230295181274414
Ġshe	58	 she	4	distilbert/distilgpt2	distilbert/distilgpt2	False	0.4401916265487671	1.1837964057922363
Mary	59	Mary	0	distilbert/distilgpt2	distilbert/distilgpt2	False	1.0	0.0
Ġacclaimed	59	 acclaimed	1	distilbert/distilgpt2	distilbert/distilgpt2	False	5.642780465109354e-08	24.079017639160156
ĠSarah	59	 Sarah	2	distilbert/distilgpt2	distilbert/distilgpt2	False	1.753755350364372e-05	15.799193382263184
Ġbecause	59	 because	3	distilbert/distilgpt2	distilbert/distilgpt2	False	3.543588536558673e-05	14.784429550170898
Ġshe	59	 she	4	distilbert/distilgpt2	distilbert/distilgpt2	False	0.47999006509780884	1.058923602104187
David	60	David	0	distilbert/distilgpt2	distilbert/distilgpt2	False	1.0	0.0
Ġacclaimed	60	 acclaimed	1	distilbert/distilgpt2	distilbert/distilgpt2	False	5.758279542078526e-08	24.049787521362305
ĠSarah	60	 Sarah	2	distilbert/distilgpt2	distilbert/distilgpt2	False	1.7196474800584838e-05	15.82752799987793
Ġbecause	60	 because	3	distilbert/distilgpt2	distilbert/distilgpt2	False	1.175363559013931e-05	16.37653350830078
Ġshe	60	 she	4	distilbert/distilgpt2	distilbert/distilgpt2	False	0.4560754597187042	1.1326556205749512
Sarah	61	Sarah	0	distilbert/distilgpt2	distilbert/distilgpt2	False	1.0	0.0
Ġacclaimed	61	 acclaimed	1	distilbert/distilgpt2	distilbert/distilgpt2	False	5.1622301100451295e-08	24.207429885864258
ĠMary	61	 Mary	2	distilbert/distilgpt2	distilbert/distilgpt2	False	5.1123337470926344e-05	14.255658149719238
Ġbecause	61	 because	3	distilbert/distilgpt2	distilbert/distilgpt2	False	5.542903636523988e-06	17.460926055908203
Ġshe	61	 she	4	distilbert/distilgpt2	distilbert/distilgpt2	False	0.3979915976524353	1.3291901350021362
John	62	John	0	distilbert/distilgpt2	distilbert/distilgpt2	False	1.0	0.0
Ġacclaimed	62	 acclaimed	1	distilbert/distilgpt2	distilbert/distilgpt2	False	5.6714284824010974e-08	24.071712493896484
ĠMary	62	 Mary	2	distilbert/distilgpt2	distilbert/distilgpt2	False	2.9073473342577927e-05	15.069936752319336
Ġbecause	62	 because	3	distilbert/distilgpt2	distilbert/distilgpt2	False	6.216810106707271e-06	17.295394897460938
Ġshe	62	 she	4	distilbert/distilgpt2	distilbert/distilgpt2	False	0.37614867091178894	1.4106251001358032
Sarah	63	Sarah	0	distilbert/distilgpt2	distilbert/distilgpt2	False	1.0	0.0
Ġacclaimed	63	 acclaimed	1	distilbert/distilgpt2	distilbert/distilgpt2	False	5.1622301100451295e-08	24.207429885864258
ĠMary	63	 Mary	2	distilbert/distilgpt2	distilbert/distilgpt2	False	5.1123337470926344e-05	14.255658149719238
Ġbecause	63	 because	3	distilbert/distilgpt2	distilbert/distilgpt2	False	5.542903636523988e-06	17.460926055908203
Ġshe	63	 she	4	distilbert/distilgpt2	distilbert/distilgpt2	False	0.3979915976524353	1.3291901350021362
David	64	David	0	distilbert/distilgpt2	distilbert/distilgpt2	False	1.0	0.0
Ġacclaimed	64	 acclaimed	1	distilbert/distilgpt2	distilbert/distilgpt2	False	5.758279542078526e-08	24.049787521362305
ĠMary	64	 Mary	2	distilbert/distilgpt2	distilbert/distilgpt2	False	3.839235796476714e-05	14.668821334838867
Ġbecause	64	 because	3	distilbert/distilgpt2	distilbert/distilgpt2	False	6.362708518281579e-06	17.261926651000977
Ġshe	64	 she	4	distilbert/distilgpt2	distilbert/distilgpt2	False	0.4037202298641205	1.3085722923278809
John	65	John	0	distilbert/distilgpt2	distilbert/distilgpt2	False	1.0	0.0
Ġaccompanied	65	 accompanied	1	distilbert/distilgpt2	distilbert/distilgpt2	False	8.969571752004413e-08	23.410385131835938
ĠDavid	65	 David	2	distilbert/distilgpt2	distilbert/distilgpt2	False	0.0004765207995660603	11.035173416137695
Ġbecause	65	 because	3	distilbert/distilgpt2	distilbert/distilgpt2	False	5.9828318626387045e-05	14.02881145477295
Ġhe	65	 he	4	distilbert/distilgpt2	distilbert/distilgpt2	False	0.3376156687736511	1.5665463209152222
Mary	66	Mary	0	distilbert/distilgpt2	distilbert/distilgpt2	False	1.0	0.0
Ġaccompanied	66	 accompanied	1	distilbert/distilgpt2	distilbert/distilgpt2	False	1.3191774428378267e-07	22.853858947753906
ĠDavid	66	 David	2	distilbert/distilgpt2	distilbert/distilgpt2	False	0.00019557344785425812	12.320001602172852
Ġbecause	66	 because	3	distilbert/distilgpt2	distilbert/distilgpt2	False	0.00010287927580066025	13.246760368347168
Ġhe	66	 he	4	distilbert/distilgpt2	distilbert/distilgpt2	False	0.34777310490608215	1.5237817764282227
John	67	John	0	distilbert/distilgpt2	distilbert/distilgpt2	False	1.0	0.0
Ġaccompanied	67	 accompanied	1	distilbert/distilgpt2	distilbert/distilgpt2	False	8.969571752004413e-08	23.410385131835938
ĠDavid	67	 David	2	distilbert/distilgpt2	distilbert/distilgpt2	False	0.0004765207995660603	11.035173416137695
Ġbecause	67	 because	3	distilbert/distilgpt2	distilbert/distilgpt2	False	5.9828318626387045e-05	14.02881145477295
Ġhe	67	 he	4	distilbert/distilgpt2	distilbert/distilgpt2	False	0.3376156687736511	1.5665463209152222
Sarah	68	Sarah	0	distilbert/distilgpt2	distilbert/distilgpt2	False	1.0	0.0
Ġaccompanied	68	 accompanied	1	distilbert/distilgpt2	distilbert/distilgpt2	False	1.1116514286868551e-07	23.100791931152344
ĠDavid	68	 David	2	distilbert/distilgpt2	distilbert/distilgpt2	False	0.0005832327879033983	10.743640899658203
Ġbecause	68	 because	3	distilbert/distilgpt2	distilbert/distilgpt2	False	4.925714893033728e-05	14.309307098388672
Ġhe	68	 he	4	distilbert/distilgpt2	distilbert/distilgpt2	False	0.3608933687210083	1.47035551071167
David	69	David	0	distilbert/distilgpt2	distilbert/distilgpt2	False	1.0	0.0
Ġaccompanied	69	 accompanied	1	distilbert/distilgpt2	distilbert/distilgpt2	False	9.554143787227076e-08	23.319297790527344
ĠJohn	69	 John	2	distilbert/distilgpt2	distilbert/distilgpt2	False	0.0014100235421210527	9.470065116882324
Ġbecause	69	 because	3	distilbert/distilgpt2	distilbert/distilgpt2	False	0.00015718830400146544	12.635218620300293
Ġhe	69	 he	4	distilbert/distilgpt2	distilbert/distilgpt2	False	0.3375450372695923	1.5668481588363647
Mary	70	Mary	0	distilbert/distilgpt2	distilbert/distilgpt2	False	1.0	0.0
Ġaccompanied	70	 accompanied	1	distilbert/distilgpt2	distilbert/distilgpt2	False	1.3191774428378267e-07	22.853858947753906
ĠJohn	70	 John	2	distilbert/distilgpt2	distilbert/distilgpt2	False	0.0005290745757520199	10.884241104125977
Ġbecause	70	 because	3	distilbert/distilgpt2	distilbert/distilgpt2	False	0.00023589601914864033	12.049561500549316
Ġhe	70	 he	4	distilbert/distilgpt2	distilbert/distilgpt2	False	0.38114774227142334	1.3915778398513794
David	71	David	0	distilbert/distilgpt2	distilbert/distilgpt2	False	1.0	0.0
Ġaccompanied	71	 accompanied	1	distilbert/distilgpt2	distilbert/distilgpt2	False	9.554143787227076e-08	23.319297790527344
ĠJohn	71	 John	2	distilbert/distilgpt2	distilbert/distilgpt2	False	0.0014100235421210527	9.470065116882324
Ġbecause	71	 because	3	distilbert/distilgpt2	distilbert/distilgpt2	False	0.00015718830400146544	12.635218620300293
Ġhe	71	 he	4	distilbert/distilgpt2	distilbert/distilgpt2	False	0.3375450372695923	1.5668481588363647
Sarah	72	Sarah	0	distilbert/distilgpt2	distilbert/distilgpt2	False	1.0	0.0
Ġaccompanied	72	 accompanied	1	distilbert/distilgpt2	distilbert/distilgpt2	False	1.1116514286868551e-07	23.100791931152344
ĠJohn	72	 John	2	distilbert/distilgpt2	distilbert/distilgpt2	False	0.0010370035888627172	9.913363456726074
Ġbecause	72	 because	3	distilbert/distilgpt2	distilbert/distilgpt2	False	0.0002803037059493363	11.800721168518066
Ġhe	72	 he	4	distilbert/distilgpt2	distilbert/distilgpt2	False	0.35982656478881836	1.4746264219284058
Mary	73	Mary	0	distilbert/distilgpt2	distilbert/distilgpt2	False	1.0	0.0
Ġaccompanied	73	 accompanied	1	distilbert/distilgpt2	distilbert/distilgpt2	False	1.3191774428378267e-07	22.853858947753906
ĠSarah	73	 Sarah	2	distilbert/distilgpt2	distilbert/distilgpt2	False	6.309043965302408e-05	13.952219009399414
Ġbecause	73	 because	3	distilbert/distilgpt2	distilbert/distilgpt2	False	0.0003487254725769162	11.485620498657227
Ġshe	73	 she	4	distilbert/distilgpt2	distilbert/distilgpt2	False	0.4247939884662628	1.235164761543274
John	74	John	0	distilbert/distilgpt2	distilbert/distilgpt2	False	1.0	0.0
Ġaccompanied	74	 accompanied	1	distilbert/distilgpt2	distilbert/distilgpt2	False	8.969571752004413e-08	23.410385131835938
ĠSarah	74	 Sarah	2	distilbert/distilgpt2	distilbert/distilgpt2	False	0.0001263377198483795	12.950427055358887
Ġbecause	74	 because	3	distilbert/distilgpt2	distilbert/distilgpt2	False	0.0002946103340946138	11.728904724121094
Ġshe	74	 she	4	distilbert/distilgpt2	distilbert/distilgpt2	False	0.38146963715553284	1.390359878540039
Mary	75	Mary	0	distilbert/distilgpt2	distilbert/distilgpt2	False	1.0	0.0
Ġaccompanied	75	 accompanied	1	distilbert/distilgpt2	distilbert/distilgpt2	False	1.3191774428378267e-07	22.853858947753906
ĠSarah	75	 Sarah	2	distilbert/distilgpt2	distilbert/distilgpt2	False	6.309043965302408e-05	13.952219009399414
Ġbecause	75	 because	3	distilbert/distilgpt2	distilbert/distilgpt2	False	0.0003487254725769162	11.485620498657227
Ġshe	75	 she	4	distilbert/distilgpt2	distilbert/distilgpt2	False	0.4247939884662628	1.235164761543274
David	76	David	0	distilbert/distilgpt2	distilbert/distilgpt2	False	1.0	0.0
Ġaccompanied	76	 accompanied	1	distilbert/distilgpt2	distilbert/distilgpt2	False	9.554143787227076e-08	23.319297790527344
ĠSarah	76	 Sarah	2	distilbert/distilgpt2	distilbert/distilgpt2	False	0.00016614700143691152	12.555252075195312
Ġbecause	76	 because	3	distilbert/distilgpt2	distilbert/distilgpt2	False	0.00022297284158412367	12.130844116210938
Ġshe	76	 she	4	distilbert/distilgpt2	distilbert/distilgpt2	False	0.37021946907043457	1.4335473775863647
Sarah	77	Sarah	0	distilbert/distilgpt2	distilbert/distilgpt2	False	1.0	0.0
Ġaccompanied	77	 accompanied	1	distilbert/distilgpt2	distilbert/distilgpt2	False	1.1116514286868551e-07	23.100791931152344
ĠMary	77	 Mary	2	distilbert/distilgpt2	distilbert/distilgpt2	False	0.0003440217114984989	11.505212783813477
Ġbecause	77	 because	3	distilbert/distilgpt2	distilbert/distilgpt2	False	0.00012708826398011297	12.94188117980957
Ġshe	77	 she	4	distilbert/distilgpt2	distilbert/distilgpt2	False	0.36491721868515015	1.4543589353561401
John	78	John	0	distilbert/distilgpt2	distilbert/distilgpt2	False	1.0	0.0
Ġaccompanied	78	 accompanied	1	distilbert/distilgpt2	distilbert/distilgpt2	False	8.969571752004413e-08	23.410385131835938
ĠMary	78	 Mary	2	distilbert/distilgpt2	distilbert/distilgpt2	False	0.0002770438732113689	11.817598342895508
Ġbecause	78	 because	3	distilbert/distilgpt2	distilbert/distilgpt2	False	0.00013873590796720237	12.8153715133667
Ġshe	78	 she	4	distilbert/distilgpt2	distilbert/distilgpt2	False	0.35708728432655334	1.4856513738632202
Sarah	79	Sarah	0	distilbert/distilgpt2	distilbert/distilgpt2	False	1.0	0.0
Ġaccompanied	79	 accompanied	1	distilbert/distilgpt2	distilbert/distilgpt2	False	1.1116514286868551e-07	23.100791931152344
ĠMary	79	 Mary	2	distilbert/distilgpt2	distilbert/distilgpt2	False	0.0003440217114984989	11.505212783813477
Ġbecause	79	 because	3	distilbert/distilgpt2	distilbert/distilgpt2	False	0.00012708826398011297	12.94188117980957
Ġshe	79	 she	4	distilbert/distilgpt2	distilbert/distilgpt2	False	0.36491721868515015	1.4543589353561401
David	80	David	0	distilbert/distilgpt2	distilbert/distilgpt2	False	1.0	0.0
Ġaccompanied	80	 accompanied	1	distilbert/distilgpt2	distilbert/distilgpt2	False	9.554143787227076e-08	23.319297790527344
ĠMary	80	 Mary	2	distilbert/distilgpt2	distilbert/distilgpt2	False	0.0003456650592852384	11.498337745666504
Ġbecause	80	 because	3	distilbert/distilgpt2	distilbert/distilgpt2	False	8.172275556717068e-05	13.578902244567871
Ġshe	80	 she	4	distilbert/distilgpt2	distilbert/distilgpt2	False	0.3444285988807678	1.537723183631897
John	81	John	0	distilbert/distilgpt2	distilbert/distilgpt2	False	1.0	0.0
Ġaccused	81	 accused	1	distilbert/distilgpt2	distilbert/distilgpt2	False	8.574915568715369e-07	20.15337371826172
ĠDavid	81	 David	2	distilbert/distilgpt2	distilbert/distilgpt2	False	0.0005656536668539047	10.787793159484863
Ġbecause	81	 because	3	distilbert/distilgpt2	distilbert/distilgpt2	False	1.9196571884094737e-05	15.668791770935059
Ġhe	81	 he	4	distilbert/distilgpt2	distilbert/distilgpt2	False	0.4562976062297821	1.1319530010223389
Mary	82	Mary	0	distilbert/distilgpt2	distilbert/distilgpt2	False	1.0	0.0
Ġaccused	82	 accused	1	distilbert/distilgpt2	distilbert/distilgpt2	False	1.0001572263718117e-06	19.93134117126465
ĠDavid	82	 David	2	distilbert/distilgpt2	distilbert/distilgpt2	False	0.0003377577231731266	11.531723976135254
Ġbecause	82	 because	3	distilbert/distilgpt2	distilbert/distilgpt2	False	2.0145847884123214e-05	15.59915828704834
Ġhe	82	 he	4	distilbert/distilgpt2	distilbert/distilgpt2	False	0.4699978232383728	1.0892740488052368
John	83	John	0	distilbert/distilgpt2	distilbert/distilgpt2	False	1.0	0.0
Ġaccused	83	 accused	1	distilbert/distilgpt2	distilbert/distilgpt2	False	8.574915568715369e-07	20.15337371826172
ĠDavid	83	 David	2	distilbert/distilgpt2	distilbert/distilgpt2	False	0.0005656536668539047	10.787793159484863
Ġbecause	83	 because	3	distilbert/distilgpt2	distilbert/distilgpt2	False	1.9196571884094737e-05	15.668791770935059
Ġhe	83	 he	4	distilbert/distilgpt2	distilbert/distilgpt2	False	0.4562976062297821	1.1319530010223389
Sarah	84	Sarah	0	distilbert/distilgpt2	distilbert/distilgpt2	False	1.0	0.0
Ġaccused	84	 accused	1	distilbert/distilgpt2	distilbert/distilgpt2	False	9.383178394273273e-07	20.023420333862305
ĠDavid	84	 David	2	distilbert/distilgpt2	distilbert/distilgpt2	False	0.0007876733434386551	10.310114860534668
Ġbecause	84	 because	3	distilbert/distilgpt2	distilbert/distilgpt2	False	1.1120342605863698e-05	16.456439971923828
Ġhe	84	 he	4	distilbert/distilgpt2	distilbert/distilgpt2	False	0.45821845531463623	1.1258925199508667
David	85	David	0	distilbert/distilgpt2	distilbert/distilgpt2	False	1.0	0.0
Ġaccused	85	 accused	1	distilbert/distilgpt2	distilbert/distilgpt2	False	1.0928591791525832e-06	19.8034610748291
ĠJohn	85	 John	2	distilbert/distilgpt2	distilbert/distilgpt2	False	0.0010635547805577517	9.876890182495117
Ġbecause	85	 because	3	distilbert/distilgpt2	distilbert/distilgpt2	False	4.6149103582138196e-05	14.403337478637695
Ġhe	85	 he	4	distilbert/distilgpt2	distilbert/distilgpt2	False	0.46506431698799133	1.1044979095458984
Mary	86	Mary	0	distilbert/distilgpt2	distilbert/distilgpt2	False	1.0	0.0
Ġaccused	86	 accused	1	distilbert/distilgpt2	distilbert/distilgpt2	False	1.0001572263718117e-06	19.93134117126465
ĠJohn	86	 John	2	distilbert/distilgpt2	distilbert/distilgpt2	False	0.000638579367659986	10.612846374511719
Ġbecause	86	 because	3	distilbert/distilgpt2	distilbert/distilgpt2	False	7.061529322527349e-05	13.78965950012207
Ġhe	86	 he	4	distilbert/distilgpt2	distilbert/distilgpt2	False	0.4908446967601776	1.0266615152359009
David	87	David	0	distilbert/distilgpt2	distilbert/distilgpt2	False	1.0	0.0
Ġaccused	87	 accused	1	distilbert/distilgpt2	distilbert/distilgpt2	False	1.0928591791525832e-06	19.8034610748291
ĠJohn	87	 John	2	distilbert/distilgpt2	distilbert/distilgpt2	False	0.0010635547805577517	9.876890182495117
Ġbecause	87	 because	3	distilbert/distilgpt2	distilbert/distilgpt2	False	4.6149103582138196e-05	14.403337478637695
Ġhe	87	 he	4	distilbert/distilgpt2	distilbert/distilgpt2	False	0.46506431698799133	1.1044979095458984
Sarah	88	Sarah	0	distilbert/distilgpt2	distilbert/distilgpt2	False	1.0	0.0
Ġaccused	88	 accused	1	distilbert/distilgpt2	distilbert/distilgpt2	False	9.383178394273273e-07	20.023420333862305
ĠJohn	88	 John	2	distilbert/distilgpt2	distilbert/distilgpt2	False	0.0013580524828284979	9.524245262145996
Ġbecause	88	 because	3	distilbert/distilgpt2	distilbert/distilgpt2	False	6.524012133013457e-05	13.903881072998047
Ġhe	88	 he	4	distilbert/distilgpt2	distilbert/distilgpt2	False	0.4629380702972412	1.1111088991165161
Mary	89	Mary	0	distilbert/distilgpt2	distilbert/distilgpt2	False	1.0	0.0
Ġaccused	89	 accused	1	distilbert/distilgpt2	distilbert/distilgpt2	False	1.0001572263718117e-06	19.93134117126465
ĠSarah	89	 Sarah	2	distilbert/distilgpt2	distilbert/distilgpt2	False	0.0001155240970547311	13.07951831817627
Ġbecause	89	 because	3	distilbert/distilgpt2	distilbert/distilgpt2	False	0.00014620544970966876	12.739715576171875
Ġshe	89	 she	4	distilbert/distilgpt2	distilbert/distilgpt2	False	0.5266234874725342	0.9251562356948853
John	90	John	0	distilbert/distilgpt2	distilbert/distilgpt2	False	1.0	0.0
Ġaccused	90	 accused	1	distilbert/distilgpt2	distilbert/distilgpt2	False	8.574915568715369e-07	20.15337371826172
ĠSarah	90	 Sarah	2	distilbert/distilgpt2	distilbert/distilgpt2	False	0.00018991745309904218	12.362339973449707
Ġbecause	90	 because	3	distilbert/distilgpt2	distilbert/distilgpt2	False	5.8873869420494884e-05	14.052013397216797
Ġshe	90	 she	4	distilbert/distilgpt2	distilbert/distilgpt2	False	0.5041994452476501	0.9879336357116699
Mary	91	Mary	0	distilbert/distilgpt2	distilbert/distilgpt2	False	1.0	0.0
Ġaccused	91	 accused	1	distilbert/distilgpt2	distilbert/distilgpt2	False	1.0001572263718117e-06	19.93134117126465
ĠSarah	91	 Sarah	2	distilbert/distilgpt2	distilbert/distilgpt2	False	0.0001155240970547311	13.07951831817627
Ġbecause	91	 because	3	distilbert/distilgpt2	distilbert/distilgpt2	False	0.00014620544970966876	12.739715576171875
Ġshe	91	 she	4	distilbert/distilgpt2	distilbert/distilgpt2	False	0.5266234874725342	0.9251562356948853
David	92	David	0	distilbert/distilgpt2	distilbert/distilgpt2	False	1.0	0.0
Ġaccused	92	 accused	1	distilbert/distilgpt2	distilbert/distilgpt2	False	1.0928591791525832e-06	19.8034610748291
ĠSarah	92	 Sarah	2	distilbert/distilgpt2	distilbert/distilgpt2	False	0.00022380732116289437	12.125454902648926
Ġbecause	92	 because	3	distilbert/distilgpt2	distilbert/distilgpt2	False	2.7267078621662222e-05	15.162480354309082
Ġshe	92	 she	4	distilbert/distilgpt2	distilbert/distilgpt2	False	0.4990447461605072	1.0027589797973633
Sarah	93	Sarah	0	distilbert/distilgpt2	distilbert/distilgpt2	False	1.0	0.0
Ġaccused	93	 accused	1	distilbert/distilgpt2	distilbert/distilgpt2	False	9.383178394273273e-07	20.023420333862305
ĠMary	93	 Mary	2	distilbert/distilgpt2	distilbert/distilgpt2	False	0.00035165168810635805	11.473565101623535
Ġbecause	93	 because	3	distilbert/distilgpt2	distilbert/distilgpt2	False	0.0001282659504795447	12.928574562072754
Ġshe	93	 she	4	distilbert/distilgpt2	distilbert/distilgpt2	False	0.4626098871231079	1.1121320724487305
John	94	John	0	distilbert/distilgpt2	distilbert/distilgpt2	False	1.0	0.0
Ġaccused	94	 accused	1	distilbert/distilgpt2	distilbert/distilgpt2	False	8.574915568715369e-07	20.15337371826172
ĠMary	94	 Mary	2	distilbert/distilgpt2	distilbert/distilgpt2	False	0.00025771468062885106	11.921937942504883
Ġbecause	94	 because	3	distilbert/distilgpt2	distilbert/distilgpt2	False	0.00019576882186811417	12.318561553955078
Ġshe	94	 she	4	distilbert/distilgpt2	distilbert/distilgpt2	False	0.46590718626976013	1.1018855571746826
Sarah	95	Sarah	0	distilbert/distilgpt2	distilbert/distilgpt2	False	1.0	0.0
Ġaccused	95	 accused	1	distilbert/distilgpt2	distilbert/distilgpt2	False	9.383178394273273e-07	20.023420333862305
ĠMary	95	 Mary	2	distilbert/distilgpt2	distilbert/distilgpt2	False	0.00035165168810635805	11.473565101623535
Ġbecause	95	 because	3	distilbert/distilgpt2	distilbert/distilgpt2	False	0.0001282659504795447	12.928574562072754
Ġshe	95	 she	4	distilbert/distilgpt2	distilbert/distilgpt2	False	0.4626098871231079	1.1121320724487305
David	96	David	0	distilbert/distilgpt2	distilbert/distilgpt2	False	1.0	0.0
Ġaccused	96	 accused	1	distilbert/distilgpt2	distilbert/distilgpt2	False	1.0928591791525832e-06	19.8034610748291
ĠMary	96	 Mary	2	distilbert/distilgpt2	distilbert/distilgpt2	False	0.00025484824436716735	11.938074111938477
Ġbecause	96	 because	3	distilbert/distilgpt2	distilbert/distilgpt2	False	8.824648102745414e-05	13.468101501464844
Ġshe	96	 she	4	distilbert/distilgpt2	distilbert/distilgpt2	False	0.46459656953811646	1.1059496402740479
John	97	John	0	distilbert/distilgpt2	distilbert/distilgpt2	False	1.0	0.0
Ġadmired	97	 admired	1	distilbert/distilgpt2	distilbert/distilgpt2	False	2.2216241291062033e-08	25.423809051513672
ĠDavid	97	 David	2	distilbert/distilgpt2	distilbert/distilgpt2	False	0.0010259142145514488	9.928874015808105
Ġbecause	97	 because	3	distilbert/distilgpt2	distilbert/distilgpt2	False	0.0005548234912566841	10.815683364868164
Ġhe	97	 he	4	distilbert/distilgpt2	distilbert/distilgpt2	False	0.5464832186698914	0.8717508912086487
Mary	98	Mary	0	distilbert/distilgpt2	distilbert/distilgpt2	False	1.0	0.0
Ġadmired	98	 admired	1	distilbert/distilgpt2	distilbert/distilgpt2	False	2.8048468436736584e-08	25.08750343322754
ĠDavid	98	 David	2	distilbert/distilgpt2	distilbert/distilgpt2	False	0.0007081640651449561	10.463628768920898
Ġbecause	98	 because	3	distilbert/distilgpt2	distilbert/distilgpt2	False	0.0007738233543932438	10.335707664489746
Ġhe	98	 he	4	distilbert/distilgpt2	distilbert/distilgpt2	False	0.5304616093635559	0.9146799445152283
John	99	John	0	distilbert/distilgpt2	distilbert/distilgpt2	False	1.0	0.0
Ġadmired	99	 admired	1	distilbert/distilgpt2	distilbert/distilgpt2	False	2.2216241291062033e-08	25.423809051513672
ĠDavid	99	 David	2	distilbert/distilgpt2	distilbert/distilgpt2	False	0.0010259142145514488	9.928874015808105
Ġbecause	99	 because	3	distilbert/distilgpt2	distilbert/distilgpt2	False	0.0005548234912566841	10.815683364868164
Ġhe	99	 he	4	distilbert/distilgpt2	distilbert/distilgpt2	False	0.5464832186698914	0.8717508912086487
Sarah	100	Sarah	0	distilbert/distilgpt2	distilbert/distilgpt2	False	1.0	0.0
Ġadmired	100	 admired	1	distilbert/distilgpt2	distilbert/distilgpt2	False	2.2767258300859794e-08	25.388463973999023
ĠDavid	100	 David	2	distilbert/distilgpt2	distilbert/distilgpt2	False	0.001226023188792169	9.671797752380371
Ġbecause	100	 because	3	distilbert/distilgpt2	distilbert/distilgpt2	False	0.0005819099606014788	10.746916770935059
Ġhe	100	 he	4	distilbert/distilgpt2	distilbert/distilgpt2	False	0.5590834021568298	0.8388645648956299
David	101	David	0	distilbert/distilgpt2	distilbert/distilgpt2	False	1.0	0.0
Ġadmired	101	 admired	1	distilbert/distilgpt2	distilbert/distilgpt2	False	2.619331240794054e-08	25.18622589111328
ĠJohn	101	 John	2	distilbert/distilgpt2	distilbert/distilgpt2	False	0.002514432417228818	8.635551452636719
Ġbecause	101	 because	3	distilbert/distilgpt2	distilbert/distilgpt2	False	0.0001901102514239028	12.360876083374023
Ġhe	101	 he	4	distilbert/distilgpt2	distilbert/distilgpt2	False	0.5828617811203003	0.7787744402885437
Mary	102	Mary	0	distilbert/distilgpt2	distilbert/distilgpt2	False	1.0	0.0
Ġadmired	102	 admired	1	distilbert/distilgpt2	distilbert/distilgpt2	False	2.8048468436736584e-08	25.08750343322754
ĠJohn	102	 John	2	distilbert/distilgpt2	distilbert/distilgpt2	False	0.00183038879185915	9.093634605407715
Ġbecause	102	 because	3	distilbert/distilgpt2	distilbert/distilgpt2	False	0.0005506005836650729	10.826705932617188
Ġhe	102	 he	4	distilbert/distilgpt2	distilbert/distilgpt2	False	0.5750675797462463	0.7981966733932495
David	103	David	0	distilbert/distilgpt2	distilbert/distilgpt2	False	1.0	0.0
Ġadmired	103	 admired	1	distilbert/distilgpt2	distilbert/distilgpt2	False	2.619331240794054e-08	25.18622589111328
ĠJohn	103	 John	2	distilbert/distilgpt2	distilbert/distilgpt2	False	0.002514432417228818	8.635551452636719
Ġbecause	103	 because	3	distilbert/distilgpt2	distilbert/distilgpt2	False	0.0001901102514239028	12.360876083374023
Ġhe	103	 he	4	distilbert/distilgpt2	distilbert/distilgpt2	False	0.5828617811203003	0.7787744402885437
Sarah	104	Sarah	0	distilbert/distilgpt2	distilbert/distilgpt2	False	1.0	0.0
Ġadmired	104	 admired	1	distilbert/distilgpt2	distilbert/distilgpt2	False	2.2767258300859794e-08	25.388463973999023
ĠJohn	104	 John	2	distilbert/distilgpt2	distilbert/distilgpt2	False	0.002650380600243807	8.559584617614746
Ġbecause	104	 because	3	distilbert/distilgpt2	distilbert/distilgpt2	False	0.000556708313524723	10.810791015625
Ġhe	104	 he	4	distilbert/distilgpt2	distilbert/distilgpt2	False	0.5841024518013	0.7757066488265991
Mary	105	Mary	0	distilbert/distilgpt2	distilbert/distilgpt2	False	1.0	0.0
Ġadmired	105	 admired	1	distilbert/distilgpt2	distilbert/distilgpt2	False	2.8048468436736584e-08	25.08750343322754
ĠSarah	105	 Sarah	2	distilbert/distilgpt2	distilbert/distilgpt2	False	0.0002240866597276181	12.123655319213867
Ġbecause	105	 because	3	distilbert/distilgpt2	distilbert/distilgpt2	False	0.001767281792126596	9.144251823425293
Ġshe	105	 she	4	distilbert/distilgpt2	distilbert/distilgpt2	False	0.6053310632705688	0.7242038249969482
John	106	John	0	distilbert/distilgpt2	distilbert/distilgpt2	False	1.0	0.0
Ġadmired	106	 admired	1	distilbert/distilgpt2	distilbert/distilgpt2	False	2.2216241291062033e-08	25.423809051513672
ĠSarah	106	 Sarah	2	distilbert/distilgpt2	distilbert/distilgpt2	False	0.00019937164324801415	12.292252540588379
Ġbecause	106	 because	3	distilbert/distilgpt2	distilbert/distilgpt2	False	0.0008617110433988273	10.180508613586426
Ġshe	106	 she	4	distilbert/distilgpt2	distilbert/distilgpt2	False	0.5927168726921082	0.7545849680900574
Mary	107	Mary	0	distilbert/distilgpt2	distilbert/distilgpt2	False	1.0	0.0
Ġadmired	107	 admired	1	distilbert/distilgpt2	distilbert/distilgpt2	False	2.8048468436736584e-08	25.08750343322754
ĠSarah	107	 Sarah	2	distilbert/distilgpt2	distilbert/distilgpt2	False	0.0002240866597276181	12.123655319213867
Ġbecause	107	 because	3	distilbert/distilgpt2	distilbert/distilgpt2	False	0.001767281792126596	9.144251823425293
Ġshe	107	 she	4	distilbert/distilgpt2	distilbert/distilgpt2	False	0.6053310632705688	0.7242038249969482
David	108	David	0	distilbert/distilgpt2	distilbert/distilgpt2	False	1.0	0.0
Ġadmired	108	 admired	1	distilbert/distilgpt2	distilbert/distilgpt2	False	2.619331240794054e-08	25.18622589111328
ĠSarah	108	 Sarah	2	distilbert/distilgpt2	distilbert/distilgpt2	False	0.000183675714652054	12.410551071166992
Ġbecause	108	 because	3	distilbert/distilgpt2	distilbert/distilgpt2	False	0.0004583119007293135	11.09138298034668
Ġshe	108	 she	4	distilbert/distilgpt2	distilbert/distilgpt2	False	0.5975399017333984	0.7428930997848511
Sarah	109	Sarah	0	distilbert/distilgpt2	distilbert/distilgpt2	False	1.0	0.0
Ġadmired	109	 admired	1	distilbert/distilgpt2	distilbert/distilgpt2	False	2.2767258300859794e-08	25.388463973999023
ĠMary	109	 Mary	2	distilbert/distilgpt2	distilbert/distilgpt2	False	0.0006899387226440012	10.50124454498291
Ġbecause	109	 because	3	distilbert/distilgpt2	distilbert/distilgpt2	False	0.0008745447266846895	10.159180641174316
Ġshe	109	 she	4	distilbert/distilgpt2	distilbert/distilgpt2	False	0.5701135993003845	0.8106786608695984
John	110	John	0	distilbert/distilgpt2	distilbert/distilgpt2	False	1.0	0.0
Ġadmired	110	 admired	1	distilbert/distilgpt2	distilbert/distilgpt2	False	2.2216241291062033e-08	25.423809051513672
ĠMary	110	 Mary	2	distilbert/distilgpt2	distilbert/distilgpt2	False	0.0003803815634455532	11.360264778137207
Ġbecause	110	 because	3	distilbert/distilgpt2	distilbert/distilgpt2	False	0.001171882264316082	9.736956596374512
Ġshe	110	 she	4	distilbert/distilgpt2	distilbert/distilgpt2	False	0.567768394947052	0.8166255354881287
Sarah	111	Sarah	0	distilbert/distilgpt2	distilbert/distilgpt2	False	1.0	0.0
Ġadmired	111	 admired	1	distilbert/distilgpt2	distilbert/distilgpt2	False	2.2767258300859794e-08	25.388463973999023
ĠMary	111	 Mary	2	distilbert/distilgpt2	distilbert/distilgpt2	False	0.0006899387226440012	10.50124454498291
Ġbecause	111	 because	3	distilbert/distilgpt2	distilbert/distilgpt2	False	0.0008745447266846895	10.159180641174316
Ġshe	111	 she	4	distilbert/distilgpt2	distilbert/distilgpt2	False	0.5701135993003845	0.8106786608695984
David	112	David	0	distilbert/distilgpt2	distilbert/distilgpt2	False	1.0	0.0
Ġadmired	112	 admired	1	distilbert/distilgpt2	distilbert/distilgpt2	False	2.619331240794054e-08	25.18622589111328
ĠMary	112	 Mary	2	distilbert/distilgpt2	distilbert/distilgpt2	False	0.0003814777301158756	11.35611343383789
Ġbecause	112	 because	3	distilbert/distilgpt2	distilbert/distilgpt2	False	0.000341520004440099	11.515742301940918
Ġshe	112	 she	4	distilbert/distilgpt2	distilbert/distilgpt2	False	0.568431556224823	0.8149415254592896
John	113	John	0	distilbert/distilgpt2	distilbert/distilgpt2	False	1.0	0.0
Ġadmon	113	 admonished	1	distilbert/distilgpt2	distilbert/distilgpt2	False	2.3361243606245807e-08	25.351306915283203
ished	113	 admonished	1	distilbert/distilgpt2	distilbert/distilgpt2	False	0.4616265296936035	1.1152019500732422
ĠDavid	113	 David	2	distilbert/distilgpt2	distilbert/distilgpt2	False	0.0012049234937876463	9.696843147277832
Ġbecause	113	 because	3	distilbert/distilgpt2	distilbert/distilgpt2	False	0.0008009961456991732	10.285917282104492
Ġhe	113	 he	4	distilbert/distilgpt2	distilbert/distilgpt2	False	0.3608623445034027	1.4704794883728027
Mary	114	Mary	0	distilbert/distilgpt2	distilbert/distilgpt2	False	1.0	0.0
Ġadmon	114	 admonished	1	distilbert/distilgpt2	distilbert/distilgpt2	False	2.6155120735893433e-08	25.188331604003906
ished	114	 admonished	1	distilbert/distilgpt2	distilbert/distilgpt2	False	0.362962543964386	1.4621074199676514
ĠDavid	114	 David	2	distilbert/distilgpt2	distilbert/distilgpt2	False	0.000877926591783762	10.15361213684082
Ġbecause	114	 because	3	distilbert/distilgpt2	distilbert/distilgpt2	False	0.0014720797771587968	9.407928466796875
Ġhe	114	 he	4	distilbert/distilgpt2	distilbert/distilgpt2	False	0.3753722012042999	1.4136062860488892
John	115	John	0	distilbert/distilgpt2	distilbert/distilgpt2	False	1.0	0.0
Ġadmon	115	 admonished	1	distilbert/distilgpt2	distilbert/distilgpt2	False	2.3361243606245807e-08	25.351306915283203
ished	115	 admonished	1	distilbert/distilgpt2	distilbert/distilgpt2	False	0.4616265296936035	1.1152019500732422
ĠDavid	115	 David	2	distilbert/distilgpt2	distilbert/distilgpt2	False	0.0012049234937876463	9.696843147277832
Ġbecause	115	 because	3	distilbert/distilgpt2	distilbert/distilgpt2	False	0.0008009961456991732	10.285917282104492
Ġhe	115	 he	4	distilbert/distilgpt2	distilbert/distilgpt2	False	0.3608623445034027	1.4704794883728027
Sarah	116	Sarah	0	distilbert/distilgpt2	distilbert/distilgpt2	False	1.0	0.0
Ġadmon	116	 admonished	1	distilbert/distilgpt2	distilbert/distilgpt2	False	2.2366455354472237e-08	25.414087295532227
ished	116	 admonished	1	distilbert/distilgpt2	distilbert/distilgpt2	False	0.5451791286468506	0.8751978874206543
ĠDavid	116	 David	2	distilbert/distilgpt2	distilbert/distilgpt2	False	0.0011282614432275295	9.791683197021484
Ġbecause	116	 because	3	distilbert/distilgpt2	distilbert/distilgpt2	False	0.0006110297981649637	10.676469802856445
Ġhe	116	 he	4	distilbert/distilgpt2	distilbert/distilgpt2	False	0.38252559304237366	1.3863718509674072
David	117	David	0	distilbert/distilgpt2	distilbert/distilgpt2	False	1.0	0.0
Ġadmon	117	 admonished	1	distilbert/distilgpt2	distilbert/distilgpt2	False	2.479384164644216e-08	25.26544189453125
ished	117	 admonished	1	distilbert/distilgpt2	distilbert/distilgpt2	False	0.5683404207229614	0.8151728510856628
ĠJohn	117	 John	2	distilbert/distilgpt2	distilbert/distilgpt2	False	0.0022446708753705025	8.799280166625977
Ġbecause	117	 because	3	distilbert/distilgpt2	distilbert/distilgpt2	False	0.00022904157231096178	12.092103004455566
Ġhe	117	 he	4	distilbert/distilgpt2	distilbert/distilgpt2	False	0.37396240234375	1.4190349578857422
Mary	118	Mary	0	distilbert/distilgpt2	distilbert/distilgpt2	False	1.0	0.0
Ġadmon	118	 admonished	1	distilbert/distilgpt2	distilbert/distilgpt2	False	2.6155120735893433e-08	25.188331604003906
ished	118	 admonished	1	distilbert/distilgpt2	distilbert/distilgpt2	False	0.362962543964386	1.4621074199676514
ĠJohn	118	 John	2	distilbert/distilgpt2	distilbert/distilgpt2	False	0.0022956060711294413	8.7669095993042
Ġbecause	118	 because	3	distilbert/distilgpt2	distilbert/distilgpt2	False	0.0007554124458692968	10.370448112487793
Ġhe	118	 he	4	distilbert/distilgpt2	distilbert/distilgpt2	False	0.4132145643234253	1.2750370502471924
David	119	David	0	distilbert/distilgpt2	distilbert/distilgpt2	False	1.0	0.0
Ġadmon	119	 admonished	1	distilbert/distilgpt2	distilbert/distilgpt2	False	2.479384164644216e-08	25.26544189453125
ished	119	 admonished	1	distilbert/distilgpt2	distilbert/distilgpt2	False	0.5683404207229614	0.8151728510856628
ĠJohn	119	 John	2	distilbert/distilgpt2	distilbert/distilgpt2	False	0.0022446708753705025	8.799280166625977
Ġbecause	119	 because	3	distilbert/distilgpt2	distilbert/distilgpt2	False	0.00022904157231096178	12.092103004455566
Ġhe	119	 he	4	distilbert/distilgpt2	distilbert/distilgpt2	False	0.37396240234375	1.4190349578857422
Sarah	120	Sarah	0	distilbert/distilgpt2	distilbert/distilgpt2	False	1.0	0.0
Ġadmon	120	 admonished	1	distilbert/distilgpt2	distilbert/distilgpt2	False	2.2366455354472237e-08	25.414087295532227
ished	120	 admonished	1	distilbert/distilgpt2	distilbert/distilgpt2	False	0.5451791286468506	0.8751978874206543
ĠJohn	120	 John	2	distilbert/distilgpt2	distilbert/distilgpt2	False	0.00215092021971941	8.860830307006836
Ġbecause	120	 because	3	distilbert/distilgpt2	distilbert/distilgpt2	False	0.0006993422284722328	10.481714248657227
Ġhe	120	 he	4	distilbert/distilgpt2	distilbert/distilgpt2	False	0.3935980200767517	1.3452051877975464
Mary	121	Mary	0	distilbert/distilgpt2	distilbert/distilgpt2	False	1.0	0.0
Ġadmon	121	 admonished	1	distilbert/distilgpt2	distilbert/distilgpt2	False	2.6155120735893433e-08	25.188331604003906
ished	121	 admonished	1	distilbert/distilgpt2	distilbert/distilgpt2	False	0.362962543964386	1.4621074199676514
ĠSarah	121	 Sarah	2	distilbert/distilgpt2	distilbert/distilgpt2	False	0.0003181435167789459	11.618034362792969
Ġbecause	121	 because	3	distilbert/distilgpt2	distilbert/distilgpt2	False	0.0030572242103517056	8.353562355041504
Ġshe	121	 she	4	distilbert/distilgpt2	distilbert/distilgpt2	False	0.4476644992828369	1.1595102548599243
John	122	John	0	distilbert/distilgpt2	distilbert/distilgpt2	False	1.0	0.0
Ġadmon	122	 admonished	1	distilbert/distilgpt2	distilbert/distilgpt2	False	2.3361243606245807e-08	25.351306915283203
ished	122	 admonished	1	distilbert/distilgpt2	distilbert/distilgpt2	False	0.4616265296936035	1.1152019500732422
ĠSarah	122	 Sarah	2	distilbert/distilgpt2	distilbert/distilgpt2	False	0.00034007697831839323	11.521851539611816
Ġbecause	122	 because	3	distilbert/distilgpt2	distilbert/distilgpt2	False	0.0011593162780627608	9.752510070800781
Ġshe	122	 she	4	distilbert/distilgpt2	distilbert/distilgpt2	False	0.4114260971546173	1.281294822692871
Mary	123	Mary	0	distilbert/distilgpt2	distilbert/distilgpt2	False	1.0	0.0
Ġadmon	123	 admonished	1	distilbert/distilgpt2	distilbert/distilgpt2	False	2.6155120735893433e-08	25.188331604003906
ished	123	 admonished	1	distilbert/distilgpt2	distilbert/distilgpt2	False	0.362962543964386	1.4621074199676514
ĠSarah	123	 Sarah	2	distilbert/distilgpt2	distilbert/distilgpt2	False	0.0003181435167789459	11.618034362792969
Ġbecause	123	 because	3	distilbert/distilgpt2	distilbert/distilgpt2	False	0.0030572242103517056	8.353562355041504
Ġshe	123	 she	4	distilbert/distilgpt2	distilbert/distilgpt2	False	0.4476644992828369	1.1595102548599243
David	124	David	0	distilbert/distilgpt2	distilbert/distilgpt2	False	1.0	0.0
Ġadmon	124	 admonished	1	distilbert/distilgpt2	distilbert/distilgpt2	False	2.479384164644216e-08	25.26544189453125
ished	124	 admonished	1	distilbert/distilgpt2	distilbert/distilgpt2	False	0.5683404207229614	0.8151728510856628
ĠSarah	124	 Sarah	2	distilbert/distilgpt2	distilbert/distilgpt2	False	0.0003066449717152864	11.671142578125
Ġbecause	124	 because	3	distilbert/distilgpt2	distilbert/distilgpt2	False	0.0005599482683464885	10.80241870880127
Ġshe	124	 she	4	distilbert/distilgpt2	distilbert/distilgpt2	False	0.37208887934684753	1.4262808561325073
Sarah	125	Sarah	0	distilbert/distilgpt2	distilbert/distilgpt2	False	1.0	0.0
Ġadmon	125	 admonished	1	distilbert/distilgpt2	distilbert/distilgpt2	False	2.2366455354472237e-08	25.414087295532227
ished	125	 admonished	1	distilbert/distilgpt2	distilbert/distilgpt2	False	0.5451791286468506	0.8751978874206543
ĠMary	125	 Mary	2	distilbert/distilgpt2	distilbert/distilgpt2	False	0.00047742441529408097	11.032440185546875
Ġbecause	125	 because	3	distilbert/distilgpt2	distilbert/distilgpt2	False	0.0024898757692426443	8.649710655212402
Ġshe	125	 she	4	distilbert/distilgpt2	distilbert/distilgpt2	False	0.3782220780849457	1.402694582939148
John	126	John	0	distilbert/distilgpt2	distilbert/distilgpt2	False	1.0	0.0
Ġadmon	126	 admonished	1	distilbert/distilgpt2	distilbert/distilgpt2	False	2.3361243606245807e-08	25.351306915283203
ished	126	 admonished	1	distilbert/distilgpt2	distilbert/distilgpt2	False	0.4616265296936035	1.1152019500732422
ĠMary	126	 Mary	2	distilbert/distilgpt2	distilbert/distilgpt2	False	0.0005050150793977082	10.951386451721191
Ġbecause	126	 because	3	distilbert/distilgpt2	distilbert/distilgpt2	False	0.0031821737065911293	8.295771598815918
Ġshe	126	 she	4	distilbert/distilgpt2	distilbert/distilgpt2	False	0.385322242975235	1.375862717628479
Sarah	127	Sarah	0	distilbert/distilgpt2	distilbert/distilgpt2	False	1.0	0.0
Ġadmon	127	 admonished	1	distilbert/distilgpt2	distilbert/distilgpt2	False	2.2366455354472237e-08	25.414087295532227
ished	127	 admonished	1	distilbert/distilgpt2	distilbert/distilgpt2	False	0.5451791286468506	0.8751978874206543
ĠMary	127	 Mary	2	distilbert/distilgpt2	distilbert/distilgpt2	False	0.00047742441529408097	11.032440185546875
Ġbecause	127	 because	3	distilbert/distilgpt2	distilbert/distilgpt2	False	0.0024898757692426443	8.649710655212402
Ġshe	127	 she	4	distilbert/distilgpt2	distilbert/distilgpt2	False	0.3782220780849457	1.402694582939148
David	128	David	0	distilbert/distilgpt2	distilbert/distilgpt2	False	1.0	0.0
Ġadmon	128	 admonished	1	distilbert/distilgpt2	distilbert/distilgpt2	False	2.479384164644216e-08	25.26544189453125
ished	128	 admonished	1	distilbert/distilgpt2	distilbert/distilgpt2	False	0.5683404207229614	0.8151728510856628
ĠMary	128	 Mary	2	distilbert/distilgpt2	distilbert/distilgpt2	False	0.0003368452889844775	11.535626411437988
Ġbecause	128	 because	3	distilbert/distilgpt2	distilbert/distilgpt2	False	0.0012838949915021658	9.605257034301758
Ġshe	128	 she	4	distilbert/distilgpt2	distilbert/distilgpt2	False	0.350655198097229	1.511875033378601
John	129	John	0	distilbert/distilgpt2	distilbert/distilgpt2	False	1.0	0.0
Ġad	129	 adored	1	distilbert/distilgpt2	distilbert/distilgpt2	False	4.713245289167389e-06	17.694847106933594
ored	129	 adored	1	distilbert/distilgpt2	distilbert/distilgpt2	False	0.02059435471892357	5.601607322692871
ĠDavid	129	 David	2	distilbert/distilgpt2	distilbert/distilgpt2	False	0.0007216811063699424	10.43635082244873
Ġbecause	129	 because	3	distilbert/distilgpt2	distilbert/distilgpt2	False	0.00014594091044273227	12.742327690124512
Ġhe	129	 he	4	distilbert/distilgpt2	distilbert/distilgpt2	False	0.43995293974876404	1.1845788955688477
Mary	130	Mary	0	distilbert/distilgpt2	distilbert/distilgpt2	False	1.0	0.0
Ġad	130	 adored	1	distilbert/distilgpt2	distilbert/distilgpt2	False	4.470116437005345e-06	17.771255493164062
ored	130	 adored	1	distilbert/distilgpt2	distilbert/distilgpt2	False	0.015315728262066841	6.028841972351074
ĠDavid	130	 David	2	distilbert/distilgpt2	distilbert/distilgpt2	False	0.0005963364965282381	10.711585998535156
Ġbecause	130	 because	3	distilbert/distilgpt2	distilbert/distilgpt2	False	0.0003782855055760592	11.368236541748047
Ġhe	130	 he	4	distilbert/distilgpt2	distilbert/distilgpt2	False	0.44714927673339844	1.161171555519104
John	131	John	0	distilbert/distilgpt2	distilbert/distilgpt2	False	1.0	0.0
Ġad	131	 adored	1	distilbert/distilgpt2	distilbert/distilgpt2	False	4.713245289167389e-06	17.694847106933594
ored	131	 adored	1	distilbert/distilgpt2	distilbert/distilgpt2	False	0.02059435471892357	5.601607322692871
ĠDavid	131	 David	2	distilbert/distilgpt2	distilbert/distilgpt2	False	0.0007216811063699424	10.43635082244873
Ġbecause	131	 because	3	distilbert/distilgpt2	distilbert/distilgpt2	False	0.00014594091044273227	12.742327690124512
Ġhe	131	 he	4	distilbert/distilgpt2	distilbert/distilgpt2	False	0.43995293974876404	1.1845788955688477
Sarah	132	Sarah	0	distilbert/distilgpt2	distilbert/distilgpt2	False	1.0	0.0
Ġad	132	 adored	1	distilbert/distilgpt2	distilbert/distilgpt2	False	4.936768618790666e-06	17.628002166748047
ored	132	 adored	1	distilbert/distilgpt2	distilbert/distilgpt2	False	0.016298983246088028	5.9390740394592285
ĠDavid	132	 David	2	distilbert/distilgpt2	distilbert/distilgpt2	False	0.0005840916419401765	10.741518020629883
Ġbecause	132	 because	3	distilbert/distilgpt2	distilbert/distilgpt2	False	0.0002036071673501283	12.261923789978027
Ġhe	132	 he	4	distilbert/distilgpt2	distilbert/distilgpt2	False	0.4635930061340332	1.1090693473815918
David	133	David	0	distilbert/distilgpt2	distilbert/distilgpt2	False	1.0	0.0
Ġad	133	 adored	1	distilbert/distilgpt2	distilbert/distilgpt2	False	5.804732154501835e-06	17.394338607788086
ored	133	 adored	1	distilbert/distilgpt2	distilbert/distilgpt2	False	0.01923065260052681	5.700448513031006
ĠJohn	133	 John	2	distilbert/distilgpt2	distilbert/distilgpt2	False	0.0016957574989646673	9.20385456085205
Ġbecause	133	 because	3	distilbert/distilgpt2	distilbert/distilgpt2	False	8.794042514637113e-05	13.473114013671875
Ġhe	133	 he	4	distilbert/distilgpt2	distilbert/distilgpt2	False	0.4535500109195709	1.1406664848327637
Mary	134	Mary	0	distilbert/distilgpt2	distilbert/distilgpt2	False	1.0	0.0
Ġad	134	 adored	1	distilbert/distilgpt2	distilbert/distilgpt2	False	4.470116437005345e-06	17.771255493164062
ored	134	 adored	1	distilbert/distilgpt2	distilbert/distilgpt2	False	0.015315728262066841	6.028841972351074
ĠJohn	134	 John	2	distilbert/distilgpt2	distilbert/distilgpt2	False	0.0013462817296385765	9.53680419921875
Ġbecause	134	 because	3	distilbert/distilgpt2	distilbert/distilgpt2	False	0.00023609137861058116	12.048367500305176
Ġhe	134	 he	4	distilbert/distilgpt2	distilbert/distilgpt2	False	0.4820321500301361	1.0527987480163574
David	135	David	0	distilbert/distilgpt2	distilbert/distilgpt2	False	1.0	0.0
Ġad	135	 adored	1	distilbert/distilgpt2	distilbert/distilgpt2	False	5.804732154501835e-06	17.394338607788086
ored	135	 adored	1	distilbert/distilgpt2	distilbert/distilgpt2	False	0.01923065260052681	5.700448513031006
ĠJohn	135	 John	2	distilbert/distilgpt2	distilbert/distilgpt2	False	0.0016957574989646673	9.20385456085205
Ġbecause	135	 because	3	distilbert/distilgpt2	distilbert/distilgpt2	False	8.794042514637113e-05	13.473114013671875
Ġhe	135	 he	4	distilbert/distilgpt2	distilbert/distilgpt2	False	0.4535500109195709	1.1406664848327637
Sarah	136	Sarah	0	distilbert/distilgpt2	distilbert/distilgpt2	False	1.0	0.0
Ġad	136	 adored	1	distilbert/distilgpt2	distilbert/distilgpt2	False	4.936768618790666e-06	17.628002166748047
ored	136	 adored	1	distilbert/distilgpt2	distilbert/distilgpt2	False	0.016298983246088028	5.9390740394592285
ĠJohn	136	 John	2	distilbert/distilgpt2	distilbert/distilgpt2	False	0.001165844383649528	9.74440860748291
Ġbecause	136	 because	3	distilbert/distilgpt2	distilbert/distilgpt2	False	0.0001127559007727541	13.114509582519531
Ġhe	136	 he	4	distilbert/distilgpt2	distilbert/distilgpt2	False	0.4699927866458893	1.0892895460128784
Mary	137	Mary	0	distilbert/distilgpt2	distilbert/distilgpt2	False	1.0	0.0
Ġad	137	 adored	1	distilbert/distilgpt2	distilbert/distilgpt2	False	4.470116437005345e-06	17.771255493164062
ored	137	 adored	1	distilbert/distilgpt2	distilbert/distilgpt2	False	0.015315728262066841	6.028841972351074
ĠSarah	137	 Sarah	2	distilbert/distilgpt2	distilbert/distilgpt2	False	0.00019649793102871627	12.31319808959961
Ġbecause	137	 because	3	distilbert/distilgpt2	distilbert/distilgpt2	False	0.0010153620969504118	9.9437894821167
Ġshe	137	 she	4	distilbert/distilgpt2	distilbert/distilgpt2	False	0.5308356881141663	0.9136627912521362
John	138	John	0	distilbert/distilgpt2	distilbert/distilgpt2	False	1.0	0.0
Ġad	138	 adored	1	distilbert/distilgpt2	distilbert/distilgpt2	False	4.713245289167389e-06	17.694847106933594
ored	138	 adored	1	distilbert/distilgpt2	distilbert/distilgpt2	False	0.02059435471892357	5.601607322692871
ĠSarah	138	 Sarah	2	distilbert/distilgpt2	distilbert/distilgpt2	False	0.00013685438898392022	12.835070610046387
Ġbecause	138	 because	3	distilbert/distilgpt2	distilbert/distilgpt2	False	0.00036879730760119855	11.404884338378906
Ġshe	138	 she	4	distilbert/distilgpt2	distilbert/distilgpt2	False	0.49490347504615784	1.0147809982299805
Mary	139	Mary	0	distilbert/distilgpt2	distilbert/distilgpt2	False	1.0	0.0
Ġad	139	 adored	1	distilbert/distilgpt2	distilbert/distilgpt2	False	4.470116437005345e-06	17.771255493164062
ored	139	 adored	1	distilbert/distilgpt2	distilbert/distilgpt2	False	0.015315728262066841	6.028841972351074
ĠSarah	139	 Sarah	2	distilbert/distilgpt2	distilbert/distilgpt2	False	0.00019649793102871627	12.31319808959961
Ġbecause	139	 because	3	distilbert/distilgpt2	distilbert/distilgpt2	False	0.0010153620969504118	9.9437894821167
Ġshe	139	 she	4	distilbert/distilgpt2	distilbert/distilgpt2	False	0.5308356881141663	0.9136627912521362
David	140	David	0	distilbert/distilgpt2	distilbert/distilgpt2	False	1.0	0.0
Ġad	140	 adored	1	distilbert/distilgpt2	distilbert/distilgpt2	False	5.804732154501835e-06	17.394338607788086
ored	140	 adored	1	distilbert/distilgpt2	distilbert/distilgpt2	False	0.01923065260052681	5.700448513031006
ĠSarah	140	 Sarah	2	distilbert/distilgpt2	distilbert/distilgpt2	False	0.00013138270878698677	12.893937110900879
Ġbecause	140	 because	3	distilbert/distilgpt2	distilbert/distilgpt2	False	0.00027239153860136867	11.84203052520752
Ġshe	140	 she	4	distilbert/distilgpt2	distilbert/distilgpt2	False	0.49478283524513245	1.0151326656341553
Sarah	141	Sarah	0	distilbert/distilgpt2	distilbert/distilgpt2	False	1.0	0.0
Ġad	141	 adored	1	distilbert/distilgpt2	distilbert/distilgpt2	False	4.936768618790666e-06	17.628002166748047
ored	141	 adored	1	distilbert/distilgpt2	distilbert/distilgpt2	False	0.016298983246088028	5.9390740394592285
ĠMary	141	 Mary	2	distilbert/distilgpt2	distilbert/distilgpt2	False	0.0004689174238592386	11.058378219604492
Ġbecause	141	 because	3	distilbert/distilgpt2	distilbert/distilgpt2	False	0.00044608348980546	11.130398750305176
Ġshe	141	 she	4	distilbert/distilgpt2	distilbert/distilgpt2	False	0.4782342314720154	1.0642107725143433
John	142	John	0	distilbert/distilgpt2	distilbert/distilgpt2	False	1.0	0.0
Ġad	142	 adored	1	distilbert/distilgpt2	distilbert/distilgpt2	False	4.713245289167389e-06	17.694847106933594
ored	142	 adored	1	distilbert/distilgpt2	distilbert/distilgpt2	False	0.02059435471892357	5.601607322692871
ĠMary	142	 Mary	2	distilbert/distilgpt2	distilbert/distilgpt2	False	0.00037638944922946393	11.375486373901367
Ġbecause	142	 because	3	distilbert/distilgpt2	distilbert/distilgpt2	False	0.0007664666627533734	10.349489212036133
Ġshe	142	 she	4	distilbert/distilgpt2	distilbert/distilgpt2	False	0.4581202268600464	1.126201868057251
Sarah	143	Sarah	0	distilbert/distilgpt2	distilbert/distilgpt2	False	1.0	0.0
Ġad	143	 adored	1	distilbert/distilgpt2	distilbert/distilgpt2	False	4.936768618790666e-06	17.628002166748047
ored	143	 adored	1	distilbert/distilgpt2	distilbert/distilgpt2	False	0.016298983246088028	5.9390740394592285
ĠMary	143	 Mary	2	distilbert/distilgpt2	distilbert/distilgpt2	False	0.0004689174238592386	11.058378219604492
Ġbecause	143	 because	3	distilbert/distilgpt2	distilbert/distilgpt2	False	0.00044608348980546	11.130398750305176
Ġshe	143	 she	4	distilbert/distilgpt2	distilbert/distilgpt2	False	0.4782342314720154	1.0642107725143433
David	144	David	0	distilbert/distilgpt2	distilbert/distilgpt2	False	1.0	0.0
Ġad	144	 adored	1	distilbert/distilgpt2	distilbert/distilgpt2	False	5.804732154501835e-06	17.394338607788086
ored	144	 adored	1	distilbert/distilgpt2	distilbert/distilgpt2	False	0.01923065260052681	5.700448513031006
ĠMary	144	 Mary	2	distilbert/distilgpt2	distilbert/distilgpt2	False	0.00034841682645492256	11.486898422241211
Ġbecause	144	 because	3	distilbert/distilgpt2	distilbert/distilgpt2	False	0.0003344270517118275	11.5460205078125
Ġshe	144	 she	4	distilbert/distilgpt2	distilbert/distilgpt2	False	0.4601782262325287	1.1197353601455688
John	145	John	0	distilbert/distilgpt2	distilbert/distilgpt2	False	1.0	0.0
Ġadvised	145	 advised	1	distilbert/distilgpt2	distilbert/distilgpt2	False	1.1761450480207714e-07	23.01943016052246
ĠDavid	145	 David	2	distilbert/distilgpt2	distilbert/distilgpt2	False	0.000872618576977402	10.162361145019531
Ġbecause	145	 because	3	distilbert/distilgpt2	distilbert/distilgpt2	False	0.00025928873219527304	11.913152694702148
Ġhe	145	 he	4	distilbert/distilgpt2	distilbert/distilgpt2	False	0.2569989264011383	1.9601657390594482
Mary	146	Mary	0	distilbert/distilgpt2	distilbert/distilgpt2	False	1.0	0.0
Ġadvised	146	 advised	1	distilbert/distilgpt2	distilbert/distilgpt2	False	1.3447905189423182e-07	22.826114654541016
ĠDavid	146	 David	2	distilbert/distilgpt2	distilbert/distilgpt2	False	0.0005099895060993731	10.93724536895752
Ġbecause	146	 because	3	distilbert/distilgpt2	distilbert/distilgpt2	False	0.0003101655456703156	11.65467357635498
Ġhe	146	 he	4	distilbert/distilgpt2	distilbert/distilgpt2	False	0.2862014174461365	1.804897427558899
John	147	John	0	distilbert/distilgpt2	distilbert/distilgpt2	False	1.0	0.0
Ġadvised	147	 advised	1	distilbert/distilgpt2	distilbert/distilgpt2	False	1.1761450480207714e-07	23.01943016052246
ĠDavid	147	 David	2	distilbert/distilgpt2	distilbert/distilgpt2	False	0.000872618576977402	10.162361145019531
Ġbecause	147	 because	3	distilbert/distilgpt2	distilbert/distilgpt2	False	0.00025928873219527304	11.913152694702148
Ġhe	147	 he	4	distilbert/distilgpt2	distilbert/distilgpt2	False	0.2569989264011383	1.9601657390594482
Sarah	148	Sarah	0	distilbert/distilgpt2	distilbert/distilgpt2	False	1.0	0.0
Ġadvised	148	 advised	1	distilbert/distilgpt2	distilbert/distilgpt2	False	1.1555951573427592e-07	23.04486083984375
ĠDavid	148	 David	2	distilbert/distilgpt2	distilbert/distilgpt2	False	0.0006580538465641439	10.569506645202637
Ġbecause	148	 because	3	distilbert/distilgpt2	distilbert/distilgpt2	False	0.0002102651633322239	12.215502738952637
Ġhe	148	 he	4	distilbert/distilgpt2	distilbert/distilgpt2	False	0.2516919672489166	1.9902690649032593
David	149	David	0	distilbert/distilgpt2	distilbert/distilgpt2	False	1.0	0.0
Ġadvised	149	 advised	1	distilbert/distilgpt2	distilbert/distilgpt2	False	1.3900294959512394e-07	22.77838134765625
ĠJohn	149	 John	2	distilbert/distilgpt2	distilbert/distilgpt2	False	0.0015214441809803247	9.360342979431152
Ġbecause	149	 because	3	distilbert/distilgpt2	distilbert/distilgpt2	False	0.0003195623285137117	11.611615180969238
Ġhe	149	 he	4	distilbert/distilgpt2	distilbert/distilgpt2	False	0.2616727352142334	1.9341645240783691
Mary	150	Mary	0	distilbert/distilgpt2	distilbert/distilgpt2	False	1.0	0.0
Ġadvised	150	 advised	1	distilbert/distilgpt2	distilbert/distilgpt2	False	1.3447905189423182e-07	22.826114654541016
ĠJohn	150	 John	2	distilbert/distilgpt2	distilbert/distilgpt2	False	0.0009165193187072873	10.091547012329102
Ġbecause	150	 because	3	distilbert/distilgpt2	distilbert/distilgpt2	False	0.0005296425078995526	10.88269329071045
Ġhe	150	 he	4	distilbert/distilgpt2	distilbert/distilgpt2	False	0.3137049674987793	1.6725198030471802
David	151	David	0	distilbert/distilgpt2	distilbert/distilgpt2	False	1.0	0.0
Ġadvised	151	 advised	1	distilbert/distilgpt2	distilbert/distilgpt2	False	1.3900294959512394e-07	22.77838134765625
ĠJohn	151	 John	2	distilbert/distilgpt2	distilbert/distilgpt2	False	0.0015214441809803247	9.360342979431152
Ġbecause	151	 because	3	distilbert/distilgpt2	distilbert/distilgpt2	False	0.0003195623285137117	11.611615180969238
Ġhe	151	 he	4	distilbert/distilgpt2	distilbert/distilgpt2	False	0.2616727352142334	1.9341645240783691
Sarah	152	Sarah	0	distilbert/distilgpt2	distilbert/distilgpt2	False	1.0	0.0
Ġadvised	152	 advised	1	distilbert/distilgpt2	distilbert/distilgpt2	False	1.1555951573427592e-07	23.04486083984375
ĠJohn	152	 John	2	distilbert/distilgpt2	distilbert/distilgpt2	False	0.0009410916245542467	10.053377151489258
Ġbecause	152	 because	3	distilbert/distilgpt2	distilbert/distilgpt2	False	0.0007006152882240713	10.479089736938477
Ġhe	152	 he	4	distilbert/distilgpt2	distilbert/distilgpt2	False	0.26449212431907654	1.918703317642212
Mary	153	Mary	0	distilbert/distilgpt2	distilbert/distilgpt2	False	1.0	0.0
Ġadvised	153	 advised	1	distilbert/distilgpt2	distilbert/distilgpt2	False	1.3447905189423182e-07	22.826114654541016
ĠSarah	153	 Sarah	2	distilbert/distilgpt2	distilbert/distilgpt2	False	0.00011170165817020461	13.128061294555664
Ġbecause	153	 because	3	distilbert/distilgpt2	distilbert/distilgpt2	False	0.0008891804609447718	10.135235786437988
Ġshe	153	 she	4	distilbert/distilgpt2	distilbert/distilgpt2	False	0.3561769127845764	1.4893341064453125
John	154	John	0	distilbert/distilgpt2	distilbert/distilgpt2	False	1.0	0.0
Ġadvised	154	 advised	1	distilbert/distilgpt2	distilbert/distilgpt2	False	1.1761450480207714e-07	23.01943016052246
ĠSarah	154	 Sarah	2	distilbert/distilgpt2	distilbert/distilgpt2	False	0.00010839586320798844	13.171402931213379
Ġbecause	154	 because	3	distilbert/distilgpt2	distilbert/distilgpt2	False	0.000583052053116262	10.744088172912598
Ġshe	154	 she	4	distilbert/distilgpt2	distilbert/distilgpt2	False	0.31236109137535095	1.678713321685791
Mary	155	Mary	0	distilbert/distilgpt2	distilbert/distilgpt2	False	1.0	0.0
Ġadvised	155	 advised	1	distilbert/distilgpt2	distilbert/distilgpt2	False	1.3447905189423182e-07	22.826114654541016
ĠSarah	155	 Sarah	2	distilbert/distilgpt2	distilbert/distilgpt2	False	0.00011170165817020461	13.128061294555664
Ġbecause	155	 because	3	distilbert/distilgpt2	distilbert/distilgpt2	False	0.0008891804609447718	10.135235786437988
Ġshe	155	 she	4	distilbert/distilgpt2	distilbert/distilgpt2	False	0.3561769127845764	1.4893341064453125
David	156	David	0	distilbert/distilgpt2	distilbert/distilgpt2	False	1.0	0.0
Ġadvised	156	 advised	1	distilbert/distilgpt2	distilbert/distilgpt2	False	1.3900294959512394e-07	22.77838134765625
ĠSarah	156	 Sarah	2	distilbert/distilgpt2	distilbert/distilgpt2	False	0.00010827653022715822	13.172991752624512
Ġbecause	156	 because	3	distilbert/distilgpt2	distilbert/distilgpt2	False	0.00034228822914883494	11.512500762939453
Ġshe	156	 she	4	distilbert/distilgpt2	distilbert/distilgpt2	False	0.28868597745895386	1.7924270629882812
Sarah	157	Sarah	0	distilbert/distilgpt2	distilbert/distilgpt2	False	1.0	0.0
Ġadvised	157	 advised	1	distilbert/distilgpt2	distilbert/distilgpt2	False	1.1555951573427592e-07	23.04486083984375
ĠMary	157	 Mary	2	distilbert/distilgpt2	distilbert/distilgpt2	False	0.00023038359358906746	12.083674430847168
Ġbecause	157	 because	3	distilbert/distilgpt2	distilbert/distilgpt2	False	0.00028125697281211615	11.795823097229004
Ġshe	157	 she	4	distilbert/distilgpt2	distilbert/distilgpt2	False	0.27141672372817993	1.8814184665679932
John	158	John	0	distilbert/distilgpt2	distilbert/distilgpt2	False	1.0	0.0
Ġadvised	158	 advised	1	distilbert/distilgpt2	distilbert/distilgpt2	False	1.1761450480207714e-07	23.01943016052246
ĠMary	158	 Mary	2	distilbert/distilgpt2	distilbert/distilgpt2	False	0.00020669028162956238	12.240242004394531
Ġbecause	158	 because	3	distilbert/distilgpt2	distilbert/distilgpt2	False	0.0003814255469478667	11.356310844421387
Ġshe	158	 she	4	distilbert/distilgpt2	distilbert/distilgpt2	False	0.2942201495170593	1.765032172203064
Sarah	159	Sarah	0	distilbert/distilgpt2	distilbert/distilgpt2	False	1.0	0.0
Ġadvised	159	 advised	1	distilbert/distilgpt2	distilbert/distilgpt2	False	1.1555951573427592e-07	23.04486083984375
ĠMary	159	 Mary	2	distilbert/distilgpt2	distilbert/distilgpt2	False	0.00023038359358906746	12.083674430847168
Ġbecause	159	 because	3	distilbert/distilgpt2	distilbert/distilgpt2	False	0.00028125697281211615	11.795823097229004
Ġshe	159	 she	4	distilbert/distilgpt2	distilbert/distilgpt2	False	0.27141672372817993	1.8814184665679932
David	160	David	0	distilbert/distilgpt2	distilbert/distilgpt2	False	1.0	0.0
Ġadvised	160	 advised	1	distilbert/distilgpt2	distilbert/distilgpt2	False	1.3900294959512394e-07	22.77838134765625
ĠMary	160	 Mary	2	distilbert/distilgpt2	distilbert/distilgpt2	False	0.00018619651382323354	12.390886306762695
Ġbecause	160	 because	3	distilbert/distilgpt2	distilbert/distilgpt2	False	0.00018144339264836162	12.428193092346191
Ġshe	160	 she	4	distilbert/distilgpt2	distilbert/distilgpt2	False	0.27537497878074646	1.8605306148529053
John	161	John	0	distilbert/distilgpt2	distilbert/distilgpt2	False	1.0	0.0
Ġaffected	161	 affected	1	distilbert/distilgpt2	distilbert/distilgpt2	False	2.753440071501245e-07	21.792261123657227
ĠDavid	161	 David	2	distilbert/distilgpt2	distilbert/distilgpt2	False	3.7592093576677144e-05	14.699211120605469
Ġbecause	161	 because	3	distilbert/distilgpt2	distilbert/distilgpt2	False	0.00013592516188509762	12.844900131225586
Ġhe	161	 he	4	distilbert/distilgpt2	distilbert/distilgpt2	False	0.3638875484466553	1.4584354162216187
Mary	162	Mary	0	distilbert/distilgpt2	distilbert/distilgpt2	False	1.0	0.0
Ġaffected	162	 affected	1	distilbert/distilgpt2	distilbert/distilgpt2	False	3.477890402336925e-07	21.455284118652344
ĠDavid	162	 David	2	distilbert/distilgpt2	distilbert/distilgpt2	False	2.125671562680509e-05	15.521721839904785
Ġbecause	162	 because	3	distilbert/distilgpt2	distilbert/distilgpt2	False	0.00015573660493828356	12.648604393005371
Ġhe	162	 he	4	distilbert/distilgpt2	distilbert/distilgpt2	False	0.3392549753189087	1.5595581531524658
John	163	John	0	distilbert/distilgpt2	distilbert/distilgpt2	False	1.0	0.0
Ġaffected	163	 affected	1	distilbert/distilgpt2	distilbert/distilgpt2	False	2.753440071501245e-07	21.792261123657227
ĠDavid	163	 David	2	distilbert/distilgpt2	distilbert/distilgpt2	False	3.7592093576677144e-05	14.699211120605469
Ġbecause	163	 because	3	distilbert/distilgpt2	distilbert/distilgpt2	False	0.00013592516188509762	12.844900131225586
Ġhe	163	 he	4	distilbert/distilgpt2	distilbert/distilgpt2	False	0.3638875484466553	1.4584354162216187
Sarah	164	Sarah	0	distilbert/distilgpt2	distilbert/distilgpt2	False	1.0	0.0
Ġaffected	164	 affected	1	distilbert/distilgpt2	distilbert/distilgpt2	False	2.549239752624999e-07	21.90342903137207
ĠDavid	164	 David	2	distilbert/distilgpt2	distilbert/distilgpt2	False	3.250313238822855e-05	14.909061431884766
Ġbecause	164	 because	3	distilbert/distilgpt2	distilbert/distilgpt2	False	0.00014585144526790828	12.743212699890137
Ġhe	164	 he	4	distilbert/distilgpt2	distilbert/distilgpt2	False	0.3879055678844452	1.366222620010376
David	165	David	0	distilbert/distilgpt2	distilbert/distilgpt2	False	1.0	0.0
Ġaffected	165	 affected	1	distilbert/distilgpt2	distilbert/distilgpt2	False	2.6254846829942835e-07	21.860912322998047
ĠJohn	165	 John	2	distilbert/distilgpt2	distilbert/distilgpt2	False	7.647687016287819e-05	13.674616813659668
Ġbecause	165	 because	3	distilbert/distilgpt2	distilbert/distilgpt2	False	0.0003209143760614097	11.605524063110352
Ġhe	165	 he	4	distilbert/distilgpt2	distilbert/distilgpt2	False	0.32850393652915955	1.6060174703598022
Mary	166	Mary	0	distilbert/distilgpt2	distilbert/distilgpt2	False	1.0	0.0
Ġaffected	166	 affected	1	distilbert/distilgpt2	distilbert/distilgpt2	False	3.477890402336925e-07	21.455284118652344
ĠJohn	166	 John	2	distilbert/distilgpt2	distilbert/distilgpt2	False	4.12736480939202e-05	14.564419746398926
Ġbecause	166	 because	3	distilbert/distilgpt2	distilbert/distilgpt2	False	0.0003825355088338256	11.352118492126465
Ġhe	166	 he	4	distilbert/distilgpt2	distilbert/distilgpt2	False	0.32307785749435425	1.6300462484359741
David	167	David	0	distilbert/distilgpt2	distilbert/distilgpt2	False	1.0	0.0
Ġaffected	167	 affected	1	distilbert/distilgpt2	distilbert/distilgpt2	False	2.6254846829942835e-07	21.860912322998047
ĠJohn	167	 John	2	distilbert/distilgpt2	distilbert/distilgpt2	False	7.647687016287819e-05	13.674616813659668
Ġbecause	167	 because	3	distilbert/distilgpt2	distilbert/distilgpt2	False	0.0003209143760614097	11.605524063110352
Ġhe	167	 he	4	distilbert/distilgpt2	distilbert/distilgpt2	False	0.32850393652915955	1.6060174703598022
Sarah	168	Sarah	0	distilbert/distilgpt2	distilbert/distilgpt2	False	1.0	0.0
Ġaffected	168	 affected	1	distilbert/distilgpt2	distilbert/distilgpt2	False	2.549239752624999e-07	21.90342903137207
ĠJohn	168	 John	2	distilbert/distilgpt2	distilbert/distilgpt2	False	6.184880476212129e-05	13.980895042419434
Ġbecause	168	 because	3	distilbert/distilgpt2	distilbert/distilgpt2	False	0.0005189502262510359	10.912116050720215
Ġhe	168	 he	4	distilbert/distilgpt2	distilbert/distilgpt2	False	0.3570541441440582	1.4857852458953857
Mary	169	Mary	0	distilbert/distilgpt2	distilbert/distilgpt2	False	1.0	0.0
Ġaffected	169	 affected	1	distilbert/distilgpt2	distilbert/distilgpt2	False	3.477890402336925e-07	21.455284118652344
ĠSarah	169	 Sarah	2	distilbert/distilgpt2	distilbert/distilgpt2	False	7.222225121950032e-06	17.079124450683594
Ġbecause	169	 because	3	distilbert/distilgpt2	distilbert/distilgpt2	False	0.0006043818430043757	10.692252159118652
Ġshe	169	 she	4	distilbert/distilgpt2	distilbert/distilgpt2	False	0.31212300062179565	1.6798135042190552
John	170	John	0	distilbert/distilgpt2	distilbert/distilgpt2	False	1.0	0.0
Ġaffected	170	 affected	1	distilbert/distilgpt2	distilbert/distilgpt2	False	2.753440071501245e-07	21.792261123657227
ĠSarah	170	 Sarah	2	distilbert/distilgpt2	distilbert/distilgpt2	False	9.762439731275663e-06	16.64432716369629
Ġbecause	170	 because	3	distilbert/distilgpt2	distilbert/distilgpt2	False	0.0004881271452177316	11.000455856323242
Ġshe	170	 she	4	distilbert/distilgpt2	distilbert/distilgpt2	False	0.3319593667984009	1.5909215211868286
Mary	171	Mary	0	distilbert/distilgpt2	distilbert/distilgpt2	False	1.0	0.0
Ġaffected	171	 affected	1	distilbert/distilgpt2	distilbert/distilgpt2	False	3.477890402336925e-07	21.455284118652344
ĠSarah	171	 Sarah	2	distilbert/distilgpt2	distilbert/distilgpt2	False	7.222225121950032e-06	17.079124450683594
Ġbecause	171	 because	3	distilbert/distilgpt2	distilbert/distilgpt2	False	0.0006043818430043757	10.692252159118652
Ġshe	171	 she	4	distilbert/distilgpt2	distilbert/distilgpt2	False	0.31212300062179565	1.6798135042190552
David	172	David	0	distilbert/distilgpt2	distilbert/distilgpt2	False	1.0	0.0
Ġaffected	172	 affected	1	distilbert/distilgpt2	distilbert/distilgpt2	False	2.6254846829942835e-07	21.860912322998047
ĠSarah	172	 Sarah	2	distilbert/distilgpt2	distilbert/distilgpt2	False	1.0743652637756895e-05	16.506155014038086
Ġbecause	172	 because	3	distilbert/distilgpt2	distilbert/distilgpt2	False	0.00036681146593764424	11.412673950195312
Ġshe	172	 she	4	distilbert/distilgpt2	distilbert/distilgpt2	False	0.3476892113685608	1.524129867553711
Sarah	173	Sarah	0	distilbert/distilgpt2	distilbert/distilgpt2	False	1.0	0.0
Ġaffected	173	 affected	1	distilbert/distilgpt2	distilbert/distilgpt2	False	2.549239752624999e-07	21.90342903137207
ĠMary	173	 Mary	2	distilbert/distilgpt2	distilbert/distilgpt2	False	2.0923249394400045e-05	15.544533729553223
Ġbecause	173	 because	3	distilbert/distilgpt2	distilbert/distilgpt2	False	0.0003342822892591357	11.546645164489746
Ġshe	173	 she	4	distilbert/distilgpt2	distilbert/distilgpt2	False	0.32552772760391235	1.6191476583480835
John	174	John	0	distilbert/distilgpt2	distilbert/distilgpt2	False	1.0	0.0
Ġaffected	174	 affected	1	distilbert/distilgpt2	distilbert/distilgpt2	False	2.753440071501245e-07	21.792261123657227
ĠMary	174	 Mary	2	distilbert/distilgpt2	distilbert/distilgpt2	False	2.3230955775943585e-05	15.39359188079834
Ġbecause	174	 because	3	distilbert/distilgpt2	distilbert/distilgpt2	False	0.0003155361337121576	11.62990665435791
Ġshe	174	 she	4	distilbert/distilgpt2	distilbert/distilgpt2	False	0.2952939569950104	1.7597763538360596
Sarah	175	Sarah	0	distilbert/distilgpt2	distilbert/distilgpt2	False	1.0	0.0
Ġaffected	175	 affected	1	distilbert/distilgpt2	distilbert/distilgpt2	False	2.549239752624999e-07	21.90342903137207
ĠMary	175	 Mary	2	distilbert/distilgpt2	distilbert/distilgpt2	False	2.0923249394400045e-05	15.544533729553223
Ġbecause	175	 because	3	distilbert/distilgpt2	distilbert/distilgpt2	False	0.0003342822892591357	11.546645164489746
Ġshe	175	 she	4	distilbert/distilgpt2	distilbert/distilgpt2	False	0.32552772760391235	1.6191476583480835
David	176	David	0	distilbert/distilgpt2	distilbert/distilgpt2	False	1.0	0.0
Ġaffected	176	 affected	1	distilbert/distilgpt2	distilbert/distilgpt2	False	2.6254846829942835e-07	21.860912322998047
ĠMary	176	 Mary	2	distilbert/distilgpt2	distilbert/distilgpt2	False	2.29146535275504e-05	15.413370132446289
Ġbecause	176	 because	3	distilbert/distilgpt2	distilbert/distilgpt2	False	0.00020264169143047184	12.268781661987305
Ġshe	176	 she	4	distilbert/distilgpt2	distilbert/distilgpt2	False	0.31129321455955505	1.6836540699005127
John	177	John	0	distilbert/distilgpt2	distilbert/distilgpt2	False	1.0	0.0
Ġaff	177	 affronted	1	distilbert/distilgpt2	distilbert/distilgpt2	False	1.1442808300898832e-07	23.05905532836914
ront	177	 affronted	1	distilbert/distilgpt2	distilbert/distilgpt2	False	0.018952809274196625	5.721444606781006
ed	177	 affronted	1	distilbert/distilgpt2	distilbert/distilgpt2	False	0.4254971146583557	1.232778787612915
ĠDavid	177	 David	2	distilbert/distilgpt2	distilbert/distilgpt2	False	0.0007895617745816708	10.306660652160645
Ġbecause	177	 because	3	distilbert/distilgpt2	distilbert/distilgpt2	False	0.00011531737254699692	13.08210277557373
Ġhe	177	 he	4	distilbert/distilgpt2	distilbert/distilgpt2	False	0.42254868149757385	1.242810606956482
Mary	178	Mary	0	distilbert/distilgpt2	distilbert/distilgpt2	False	1.0	0.0
Ġaff	178	 affronted	1	distilbert/distilgpt2	distilbert/distilgpt2	False	1.1939661703763704e-07	22.99773406982422
ront	178	 affronted	1	distilbert/distilgpt2	distilbert/distilgpt2	False	0.01967056468129158	5.667818069458008
ed	178	 affronted	1	distilbert/distilgpt2	distilbert/distilgpt2	False	0.4188161790370941	1.2556109428405762
ĠDavid	178	 David	2	distilbert/distilgpt2	distilbert/distilgpt2	False	0.0005638139555230737	10.792492866516113
Ġbecause	178	 because	3	distilbert/distilgpt2	distilbert/distilgpt2	False	0.00035514714545570314	11.459295272827148
Ġhe	178	 he	4	distilbert/distilgpt2	distilbert/distilgpt2	False	0.4156756103038788	1.2664700746536255
John	179	John	0	distilbert/distilgpt2	distilbert/distilgpt2	False	1.0	0.0
Ġaff	179	 affronted	1	distilbert/distilgpt2	distilbert/distilgpt2	False	1.1442808300898832e-07	23.05905532836914
ront	179	 affronted	1	distilbert/distilgpt2	distilbert/distilgpt2	False	0.018952809274196625	5.721444606781006
ed	179	 affronted	1	distilbert/distilgpt2	distilbert/distilgpt2	False	0.4254971146583557	1.232778787612915
ĠDavid	179	 David	2	distilbert/distilgpt2	distilbert/distilgpt2	False	0.0007895617745816708	10.306660652160645
Ġbecause	179	 because	3	distilbert/distilgpt2	distilbert/distilgpt2	False	0.00011531737254699692	13.08210277557373
Ġhe	179	 he	4	distilbert/distilgpt2	distilbert/distilgpt2	False	0.42254868149757385	1.242810606956482
Sarah	180	Sarah	0	distilbert/distilgpt2	distilbert/distilgpt2	False	1.0	0.0
Ġaff	180	 affronted	1	distilbert/distilgpt2	distilbert/distilgpt2	False	1.0767838887204562e-07	23.14676856994629
ront	180	 affronted	1	distilbert/distilgpt2	distilbert/distilgpt2	False	0.016407156363129616	5.929531097412109
ed	180	 affronted	1	distilbert/distilgpt2	distilbert/distilgpt2	False	0.49101489782333374	1.0261613130569458
ĠDavid	180	 David	2	distilbert/distilgpt2	distilbert/distilgpt2	False	0.0010684013832360506	9.870330810546875
Ġbecause	180	 because	3	distilbert/distilgpt2	distilbert/distilgpt2	False	7.83009163569659e-05	13.64061164855957
Ġhe	180	 he	4	distilbert/distilgpt2	distilbert/distilgpt2	False	0.44337499141693115	1.1734007596969604
David	181	David	0	distilbert/distilgpt2	distilbert/distilgpt2	False	1.0	0.0
Ġaff	181	 affronted	1	distilbert/distilgpt2	distilbert/distilgpt2	False	1.2191392784188793e-07	22.967634201049805
ront	181	 affronted	1	distilbert/distilgpt2	distilbert/distilgpt2	False	0.014104068279266357	6.147744655609131
ed	181	 affronted	1	distilbert/distilgpt2	distilbert/distilgpt2	False	0.5753529071807861	0.7974809408187866
ĠJohn	181	 John	2	distilbert/distilgpt2	distilbert/distilgpt2	False	0.0012169667752459645	9.682494163513184
Ġbecause	181	 because	3	distilbert/distilgpt2	distilbert/distilgpt2	False	0.0001739419822115451	12.489106178283691
Ġhe	181	 he	4	distilbert/distilgpt2	distilbert/distilgpt2	False	0.4245995879173279	1.2358251810073853
Mary	182	Mary	0	distilbert/distilgpt2	distilbert/distilgpt2	False	1.0	0.0
Ġaff	182	 affronted	1	distilbert/distilgpt2	distilbert/distilgpt2	False	1.1939661703763704e-07	22.99773406982422
ront	182	 affronted	1	distilbert/distilgpt2	distilbert/distilgpt2	False	0.01967056468129158	5.667818069458008
ed	182	 affronted	1	distilbert/distilgpt2	distilbert/distilgpt2	False	0.4188161790370941	1.2556109428405762
ĠJohn	182	 John	2	distilbert/distilgpt2	distilbert/distilgpt2	False	0.0010735038667917252	9.863456726074219
Ġbecause	182	 because	3	distilbert/distilgpt2	distilbert/distilgpt2	False	0.00036497251130640507	11.41992473602295
Ġhe	182	 he	4	distilbert/distilgpt2	distilbert/distilgpt2	False	0.4261268377304077	1.2306451797485352
David	183	David	0	distilbert/distilgpt2	distilbert/distilgpt2	False	1.0	0.0
Ġaff	183	 affronted	1	distilbert/distilgpt2	distilbert/distilgpt2	False	1.2191392784188793e-07	22.967634201049805
ront	183	 affronted	1	distilbert/distilgpt2	distilbert/distilgpt2	False	0.014104068279266357	6.147744655609131
ed	183	 affronted	1	distilbert/distilgpt2	distilbert/distilgpt2	False	0.5753529071807861	0.7974809408187866
ĠJohn	183	 John	2	distilbert/distilgpt2	distilbert/distilgpt2	False	0.0012169667752459645	9.682494163513184
Ġbecause	183	 because	3	distilbert/distilgpt2	distilbert/distilgpt2	False	0.0001739419822115451	12.489106178283691
Ġhe	183	 he	4	distilbert/distilgpt2	distilbert/distilgpt2	False	0.4245995879173279	1.2358251810073853
Sarah	184	Sarah	0	distilbert/distilgpt2	distilbert/distilgpt2	False	1.0	0.0
Ġaff	184	 affronted	1	distilbert/distilgpt2	distilbert/distilgpt2	False	1.0767838887204562e-07	23.14676856994629
ront	184	 affronted	1	distilbert/distilgpt2	distilbert/distilgpt2	False	0.016407156363129616	5.929531097412109
ed	184	 affronted	1	distilbert/distilgpt2	distilbert/distilgpt2	False	0.49101489782333374	1.0261613130569458
ĠJohn	184	 John	2	distilbert/distilgpt2	distilbert/distilgpt2	False	0.0014691766118630767	9.410776138305664
Ġbecause	184	 because	3	distilbert/distilgpt2	distilbert/distilgpt2	False	0.00018578926392365247	12.394044876098633
Ġhe	184	 he	4	distilbert/distilgpt2	distilbert/distilgpt2	False	0.4391111731529236	1.1873419284820557
Mary	185	Mary	0	distilbert/distilgpt2	distilbert/distilgpt2	False	1.0	0.0
Ġaff	185	 affronted	1	distilbert/distilgpt2	distilbert/distilgpt2	False	1.1939661703763704e-07	22.99773406982422
ront	185	 affronted	1	distilbert/distilgpt2	distilbert/distilgpt2	False	0.01967056468129158	5.667818069458008
ed	185	 affronted	1	distilbert/distilgpt2	distilbert/distilgpt2	False	0.4188161790370941	1.2556109428405762
ĠSarah	185	 Sarah	2	distilbert/distilgpt2	distilbert/distilgpt2	False	0.0002322359214304015	12.072121620178223
Ġbecause	185	 because	3	distilbert/distilgpt2	distilbert/distilgpt2	False	0.001281903707422316	9.60749626159668
Ġshe	185	 she	4	distilbert/distilgpt2	distilbert/distilgpt2	False	0.47138041257858276	1.085036277770996
John	186	John	0	distilbert/distilgpt2	distilbert/distilgpt2	False	1.0	0.0
Ġaff	186	 affronted	1	distilbert/distilgpt2	distilbert/distilgpt2	False	1.1442808300898832e-07	23.05905532836914
ront	186	 affronted	1	distilbert/distilgpt2	distilbert/distilgpt2	False	0.018952809274196625	5.721444606781006
ed	186	 affronted	1	distilbert/distilgpt2	distilbert/distilgpt2	False	0.4254971146583557	1.232778787612915
ĠSarah	186	 Sarah	2	distilbert/distilgpt2	distilbert/distilgpt2	False	0.0002518167602829635	11.955338478088379
Ġbecause	186	 because	3	distilbert/distilgpt2	distilbert/distilgpt2	False	0.00041471500298939645	11.235591888427734
Ġshe	186	 she	4	distilbert/distilgpt2	distilbert/distilgpt2	False	0.4700065553188324	1.089247226715088
Mary	187	Mary	0	distilbert/distilgpt2	distilbert/distilgpt2	False	1.0	0.0
Ġaff	187	 affronted	1	distilbert/distilgpt2	distilbert/distilgpt2	False	1.1939661703763704e-07	22.99773406982422
ront	187	 affronted	1	distilbert/distilgpt2	distilbert/distilgpt2	False	0.01967056468129158	5.667818069458008
ed	187	 affronted	1	distilbert/distilgpt2	distilbert/distilgpt2	False	0.4188161790370941	1.2556109428405762
ĠSarah	187	 Sarah	2	distilbert/distilgpt2	distilbert/distilgpt2	False	0.0002322359214304015	12.072121620178223
Ġbecause	187	 because	3	distilbert/distilgpt2	distilbert/distilgpt2	False	0.001281903707422316	9.60749626159668
Ġshe	187	 she	4	distilbert/distilgpt2	distilbert/distilgpt2	False	0.47138041257858276	1.085036277770996
David	188	David	0	distilbert/distilgpt2	distilbert/distilgpt2	False	1.0	0.0
Ġaff	188	 affronted	1	distilbert/distilgpt2	distilbert/distilgpt2	False	1.2191392784188793e-07	22.967634201049805
ront	188	 affronted	1	distilbert/distilgpt2	distilbert/distilgpt2	False	0.014104068279266357	6.147744655609131
ed	188	 affronted	1	distilbert/distilgpt2	distilbert/distilgpt2	False	0.5753529071807861	0.7974809408187866
ĠSarah	188	 Sarah	2	distilbert/distilgpt2	distilbert/distilgpt2	False	0.00020775724260602146	12.232813835144043
Ġbecause	188	 because	3	distilbert/distilgpt2	distilbert/distilgpt2	False	0.00028795396792702377	11.761874198913574
Ġshe	188	 she	4	distilbert/distilgpt2	distilbert/distilgpt2	False	0.45203667879104614	1.1454882621765137
Sarah	189	Sarah	0	distilbert/distilgpt2	distilbert/distilgpt2	False	1.0	0.0
Ġaff	189	 affronted	1	distilbert/distilgpt2	distilbert/distilgpt2	False	1.0767838887204562e-07	23.14676856994629
ront	189	 affronted	1	distilbert/distilgpt2	distilbert/distilgpt2	False	0.016407156363129616	5.929531097412109
ed	189	 affronted	1	distilbert/distilgpt2	distilbert/distilgpt2	False	0.49101489782333374	1.0261613130569458
ĠMary	189	 Mary	2	distilbert/distilgpt2	distilbert/distilgpt2	False	0.0002865729620680213	11.768810272216797
Ġbecause	189	 because	3	distilbert/distilgpt2	distilbert/distilgpt2	False	0.0010884725488722324	9.84347915649414
Ġshe	189	 she	4	distilbert/distilgpt2	distilbert/distilgpt2	False	0.4545142948627472	1.13760244846344
John	190	John	0	distilbert/distilgpt2	distilbert/distilgpt2	False	1.0	0.0
Ġaff	190	 affronted	1	distilbert/distilgpt2	distilbert/distilgpt2	False	1.1442808300898832e-07	23.05905532836914
ront	190	 affronted	1	distilbert/distilgpt2	distilbert/distilgpt2	False	0.018952809274196625	5.721444606781006
ed	190	 affronted	1	distilbert/distilgpt2	distilbert/distilgpt2	False	0.4254971146583557	1.232778787612915
ĠMary	190	 Mary	2	distilbert/distilgpt2	distilbert/distilgpt2	False	0.0002334795135539025	12.064416885375977
Ġbecause	190	 because	3	distilbert/distilgpt2	distilbert/distilgpt2	False	0.001660906826145947	9.233813285827637
Ġshe	190	 she	4	distilbert/distilgpt2	distilbert/distilgpt2	False	0.45230767130851746	1.1446236371994019
Sarah	191	Sarah	0	distilbert/distilgpt2	distilbert/distilgpt2	False	1.0	0.0
Ġaff	191	 affronted	1	distilbert/distilgpt2	distilbert/distilgpt2	False	1.0767838887204562e-07	23.14676856994629
ront	191	 affronted	1	distilbert/distilgpt2	distilbert/distilgpt2	False	0.016407156363129616	5.929531097412109
ed	191	 affronted	1	distilbert/distilgpt2	distilbert/distilgpt2	False	0.49101489782333374	1.0261613130569458
ĠMary	191	 Mary	2	distilbert/distilgpt2	distilbert/distilgpt2	False	0.0002865729620680213	11.768810272216797
Ġbecause	191	 because	3	distilbert/distilgpt2	distilbert/distilgpt2	False	0.0010884725488722324	9.84347915649414
Ġshe	191	 she	4	distilbert/distilgpt2	distilbert/distilgpt2	False	0.4545142948627472	1.13760244846344
David	192	David	0	distilbert/distilgpt2	distilbert/distilgpt2	False	1.0	0.0
Ġaff	192	 affronted	1	distilbert/distilgpt2	distilbert/distilgpt2	False	1.2191392784188793e-07	22.967634201049805
ront	192	 affronted	1	distilbert/distilgpt2	distilbert/distilgpt2	False	0.014104068279266357	6.147744655609131
ed	192	 affronted	1	distilbert/distilgpt2	distilbert/distilgpt2	False	0.5753529071807861	0.7974809408187866
ĠMary	192	 Mary	2	distilbert/distilgpt2	distilbert/distilgpt2	False	0.00018550209642853588	12.396276473999023
Ġbecause	192	 because	3	distilbert/distilgpt2	distilbert/distilgpt2	False	0.0006855143001303077	10.510525703430176
Ġshe	192	 she	4	distilbert/distilgpt2	distilbert/distilgpt2	False	0.4372376501560211	1.1935105323791504
John	193	John	0	distilbert/distilgpt2	distilbert/distilgpt2	False	1.0	0.0
Ġaggravated	193	 aggravated	1	distilbert/distilgpt2	distilbert/distilgpt2	False	3.2932319982137415e-08	24.855920791625977
ĠDavid	193	 David	2	distilbert/distilgpt2	distilbert/distilgpt2	False	1.6361504094675183e-05	15.899334907531738
Ġbecause	193	 because	3	distilbert/distilgpt2	distilbert/distilgpt2	False	8.426643762504682e-05	13.534682273864746
Ġhe	193	 he	4	distilbert/distilgpt2	distilbert/distilgpt2	False	0.37624675035476685	1.4102489948272705
Mary	194	Mary	0	distilbert/distilgpt2	distilbert/distilgpt2	False	1.0	0.0
Ġaggravated	194	 aggravated	1	distilbert/distilgpt2	distilbert/distilgpt2	False	3.87875509488822e-08	24.619831085205078
ĠDavid	194	 David	2	distilbert/distilgpt2	distilbert/distilgpt2	False	1.0004534487961791e-05	16.608985900878906
Ġbecause	194	 because	3	distilbert/distilgpt2	distilbert/distilgpt2	False	0.00013251624477561563	12.881543159484863
Ġhe	194	 he	4	distilbert/distilgpt2	distilbert/distilgpt2	False	0.38029226660728455	1.3948194980621338
John	195	John	0	distilbert/distilgpt2	distilbert/distilgpt2	False	1.0	0.0
Ġaggravated	195	 aggravated	1	distilbert/distilgpt2	distilbert/distilgpt2	False	3.2932319982137415e-08	24.855920791625977
ĠDavid	195	 David	2	distilbert/distilgpt2	distilbert/distilgpt2	False	1.6361504094675183e-05	15.899334907531738
Ġbecause	195	 because	3	distilbert/distilgpt2	distilbert/distilgpt2	False	8.426643762504682e-05	13.534682273864746
Ġhe	195	 he	4	distilbert/distilgpt2	distilbert/distilgpt2	False	0.37624675035476685	1.4102489948272705
Sarah	196	Sarah	0	distilbert/distilgpt2	distilbert/distilgpt2	False	1.0	0.0
Ġaggravated	196	 aggravated	1	distilbert/distilgpt2	distilbert/distilgpt2	False	3.533910941655449e-08	24.754159927368164
ĠDavid	196	 David	2	distilbert/distilgpt2	distilbert/distilgpt2	False	2.4420431145699695e-05	15.321552276611328
Ġbecause	196	 because	3	distilbert/distilgpt2	distilbert/distilgpt2	False	0.00012903827882837504	12.919913291931152
Ġhe	196	 he	4	distilbert/distilgpt2	distilbert/distilgpt2	False	0.38449403643608093	1.3789669275283813
David	197	David	0	distilbert/distilgpt2	distilbert/distilgpt2	False	1.0	0.0
Ġaggravated	197	 aggravated	1	distilbert/distilgpt2	distilbert/distilgpt2	False	3.437193285549256e-08	24.794193267822266
ĠJohn	197	 John	2	distilbert/distilgpt2	distilbert/distilgpt2	False	0.00013718917034566402	12.83154582977295
Ġbecause	197	 because	3	distilbert/distilgpt2	distilbert/distilgpt2	False	0.0003659145440906286	11.416205406188965
Ġhe	197	 he	4	distilbert/distilgpt2	distilbert/distilgpt2	False	0.3810091018676758	1.3921027183532715
Mary	198	Mary	0	distilbert/distilgpt2	distilbert/distilgpt2	False	1.0	0.0
Ġaggravated	198	 aggravated	1	distilbert/distilgpt2	distilbert/distilgpt2	False	3.87875509488822e-08	24.619831085205078
ĠJohn	198	 John	2	distilbert/distilgpt2	distilbert/distilgpt2	False	5.529733243747614e-05	14.142430305480957
Ġbecause	198	 because	3	distilbert/distilgpt2	distilbert/distilgpt2	False	0.0003231060691177845	11.595705032348633
Ġhe	198	 he	4	distilbert/distilgpt2	distilbert/distilgpt2	False	0.3816463053226471	1.389691948890686
David	199	David	0	distilbert/distilgpt2	distilbert/distilgpt2	False	1.0	0.0
Ġaggravated	199	 aggravated	1	distilbert/distilgpt2	distilbert/distilgpt2	False	3.437193285549256e-08	24.794193267822266
ĠJohn	199	 John	2	distilbert/distilgpt2	distilbert/distilgpt2	False	0.00013718917034566402	12.83154582977295
Ġbecause	199	 because	3	distilbert/distilgpt2	distilbert/distilgpt2	False	0.0003659145440906286	11.416205406188965
Ġhe	199	 he	4	distilbert/distilgpt2	distilbert/distilgpt2	False	0.3810091018676758	1.3921027183532715
Sarah	200	Sarah	0	distilbert/distilgpt2	distilbert/distilgpt2	False	1.0	0.0
Ġaggravated	200	 aggravated	1	distilbert/distilgpt2	distilbert/distilgpt2	False	3.533910941655449e-08	24.754159927368164
ĠJohn	200	 John	2	distilbert/distilgpt2	distilbert/distilgpt2	False	0.00010434851719764993	13.226302146911621
Ġbecause	200	 because	3	distilbert/distilgpt2	distilbert/distilgpt2	False	0.0005600142758339643	10.80224895477295
Ġhe	200	 he	4	distilbert/distilgpt2	distilbert/distilgpt2	False	0.37181681394577026	1.4273360967636108
Mary	201	Mary	0	distilbert/distilgpt2	distilbert/distilgpt2	False	1.0	0.0
Ġaggravated	201	 aggravated	1	distilbert/distilgpt2	distilbert/distilgpt2	False	3.87875509488822e-08	24.619831085205078
ĠSarah	201	 Sarah	2	distilbert/distilgpt2	distilbert/distilgpt2	False	7.888015716162045e-06	16.951906204223633
Ġbecause	201	 because	3	distilbert/distilgpt2	distilbert/distilgpt2	False	0.0005692073609679937	10.77875804901123
Ġshe	201	 she	4	distilbert/distilgpt2	distilbert/distilgpt2	False	0.44218534231185913	1.1772769689559937
John	202	John	0	distilbert/distilgpt2	distilbert/distilgpt2	False	1.0	0.0
Ġaggravated	202	 aggravated	1	distilbert/distilgpt2	distilbert/distilgpt2	False	3.2932319982137415e-08	24.855920791625977
ĠSarah	202	 Sarah	2	distilbert/distilgpt2	distilbert/distilgpt2	False	7.542167168139713e-06	17.016590118408203
Ġbecause	202	 because	3	distilbert/distilgpt2	distilbert/distilgpt2	False	0.0003319061652291566	11.556937217712402
Ġshe	202	 she	4	distilbert/distilgpt2	distilbert/distilgpt2	False	0.4289184510707855	1.2212247848510742
Mary	203	Mary	0	distilbert/distilgpt2	distilbert/distilgpt2	False	1.0	0.0
Ġaggravated	203	 aggravated	1	distilbert/distilgpt2	distilbert/distilgpt2	False	3.87875509488822e-08	24.619831085205078
ĠSarah	203	 Sarah	2	distilbert/distilgpt2	distilbert/distilgpt2	False	7.888015716162045e-06	16.951906204223633
Ġbecause	203	 because	3	distilbert/distilgpt2	distilbert/distilgpt2	False	0.0005692073609679937	10.77875804901123
Ġshe	203	 she	4	distilbert/distilgpt2	distilbert/distilgpt2	False	0.44218534231185913	1.1772769689559937
David	204	David	0	distilbert/distilgpt2	distilbert/distilgpt2	False	1.0	0.0
Ġaggravated	204	 aggravated	1	distilbert/distilgpt2	distilbert/distilgpt2	False	3.437193285549256e-08	24.794193267822266
ĠSarah	204	 Sarah	2	distilbert/distilgpt2	distilbert/distilgpt2	False	1.7638090866967104e-05	15.790946006774902
Ġbecause	204	 because	3	distilbert/distilgpt2	distilbert/distilgpt2	False	0.0002778368361759931	11.813474655151367
Ġshe	204	 she	4	distilbert/distilgpt2	distilbert/distilgpt2	False	0.43454256653785706	1.2024306058883667
Sarah	205	Sarah	0	distilbert/distilgpt2	distilbert/distilgpt2	False	1.0	0.0
Ġaggravated	205	 aggravated	1	distilbert/distilgpt2	distilbert/distilgpt2	False	3.533910941655449e-08	24.754159927368164
ĠMary	205	 Mary	2	distilbert/distilgpt2	distilbert/distilgpt2	False	3.44420041074045e-05	14.825470924377441
Ġbecause	205	 because	3	distilbert/distilgpt2	distilbert/distilgpt2	False	0.00044950455776415765	11.119376182556152
Ġshe	205	 she	4	distilbert/distilgpt2	distilbert/distilgpt2	False	0.34023717045783997	1.5553873777389526
John	206	John	0	distilbert/distilgpt2	distilbert/distilgpt2	False	1.0	0.0
Ġaggravated	206	 aggravated	1	distilbert/distilgpt2	distilbert/distilgpt2	False	3.2932319982137415e-08	24.855920791625977
ĠMary	206	 Mary	2	distilbert/distilgpt2	distilbert/distilgpt2	False	1.4443823602050543e-05	16.079187393188477
Ġbecause	206	 because	3	distilbert/distilgpt2	distilbert/distilgpt2	False	0.00037657521897926927	11.374773979187012
Ġshe	206	 she	4	distilbert/distilgpt2	distilbert/distilgpt2	False	0.35124820470809937	1.5094373226165771
Sarah	207	Sarah	0	distilbert/distilgpt2	distilbert/distilgpt2	False	1.0	0.0
Ġaggravated	207	 aggravated	1	distilbert/distilgpt2	distilbert/distilgpt2	False	3.533910941655449e-08	24.754159927368164
ĠMary	207	 Mary	2	distilbert/distilgpt2	distilbert/distilgpt2	False	3.44420041074045e-05	14.825470924377441
Ġbecause	207	 because	3	distilbert/distilgpt2	distilbert/distilgpt2	False	0.00044950455776415765	11.119376182556152
Ġshe	207	 she	4	distilbert/distilgpt2	distilbert/distilgpt2	False	0.34023717045783997	1.5553873777389526
David	208	David	0	distilbert/distilgpt2	distilbert/distilgpt2	False	1.0	0.0
Ġaggravated	208	 aggravated	1	distilbert/distilgpt2	distilbert/distilgpt2	False	3.437193285549256e-08	24.794193267822266
ĠMary	208	 Mary	2	distilbert/distilgpt2	distilbert/distilgpt2	False	2.869592390197795e-05	15.088794708251953
Ġbecause	208	 because	3	distilbert/distilgpt2	distilbert/distilgpt2	False	0.000333062547724694	11.551918983459473
Ġshe	208	 she	4	distilbert/distilgpt2	distilbert/distilgpt2	False	0.3597453236579895	1.474952220916748
John	209	John	0	distilbert/distilgpt2	distilbert/distilgpt2	False	1.0	0.0
Ġagitated	209	 agitated	1	distilbert/distilgpt2	distilbert/distilgpt2	False	5.632659227927661e-09	27.403535842895508
ĠDavid	209	 David	2	distilbert/distilgpt2	distilbert/distilgpt2	False	0.00012153104762546718	13.006387710571289
Ġbecause	209	 because	3	distilbert/distilgpt2	distilbert/distilgpt2	False	0.0006034654215909541	10.694440841674805
Ġhe	209	 he	4	distilbert/distilgpt2	distilbert/distilgpt2	False	0.41616183519363403	1.264783501625061
Mary	210	Mary	0	distilbert/distilgpt2	distilbert/distilgpt2	False	1.0	0.0
Ġagitated	210	 agitated	1	distilbert/distilgpt2	distilbert/distilgpt2	False	6.476168046276598e-09	27.202213287353516
ĠDavid	210	 David	2	distilbert/distilgpt2	distilbert/distilgpt2	False	6.905222835484892e-05	13.821952819824219
Ġbecause	210	 because	3	distilbert/distilgpt2	distilbert/distilgpt2	False	0.000706308230292052	10.467414855957031
Ġhe	210	 he	4	distilbert/distilgpt2	distilbert/distilgpt2	False	0.41115686297416687	1.2822391986846924
John	211	John	0	distilbert/distilgpt2	distilbert/distilgpt2	False	1.0	0.0
Ġagitated	211	 agitated	1	distilbert/distilgpt2	distilbert/distilgpt2	False	5.632659227927661e-09	27.403535842895508
ĠDavid	211	 David	2	distilbert/distilgpt2	distilbert/distilgpt2	False	0.00012153104762546718	13.006387710571289
Ġbecause	211	 because	3	distilbert/distilgpt2	distilbert/distilgpt2	False	0.0006034654215909541	10.694440841674805
Ġhe	211	 he	4	distilbert/distilgpt2	distilbert/distilgpt2	False	0.41616183519363403	1.264783501625061
Sarah	212	Sarah	0	distilbert/distilgpt2	distilbert/distilgpt2	False	1.0	0.0
Ġagitated	212	 agitated	1	distilbert/distilgpt2	distilbert/distilgpt2	False	5.067211095166613e-09	27.556161880493164
ĠDavid	212	 David	2	distilbert/distilgpt2	distilbert/distilgpt2	False	0.00010166857100557536	13.263838768005371
Ġbecause	212	 because	3	distilbert/distilgpt2	distilbert/distilgpt2	False	0.0005788204143755138	10.754596710205078
Ġhe	212	 he	4	distilbert/distilgpt2	distilbert/distilgpt2	False	0.41508370637893677	1.2685258388519287
David	213	David	0	distilbert/distilgpt2	distilbert/distilgpt2	False	1.0	0.0
Ġagitated	213	 agitated	1	distilbert/distilgpt2	distilbert/distilgpt2	False	6.045589806547014e-09	27.301469802856445
ĠJohn	213	 John	2	distilbert/distilgpt2	distilbert/distilgpt2	False	0.0001617351663298905	12.59407901763916
Ġbecause	213	 because	3	distilbert/distilgpt2	distilbert/distilgpt2	False	0.0012419898994266987	9.653130531311035
Ġhe	213	 he	4	distilbert/distilgpt2	distilbert/distilgpt2	False	0.39294126629829407	1.3476144075393677
Mary	214	Mary	0	distilbert/distilgpt2	distilbert/distilgpt2	False	1.0	0.0
Ġagitated	214	 agitated	1	distilbert/distilgpt2	distilbert/distilgpt2	False	6.476168046276598e-09	27.202213287353516
ĠJohn	214	 John	2	distilbert/distilgpt2	distilbert/distilgpt2	False	0.00010671462950995192	13.193954467773438
Ġbecause	214	 because	3	distilbert/distilgpt2	distilbert/distilgpt2	False	0.001447418937459588	9.43230152130127
Ġhe	214	 he	4	distilbert/distilgpt2	distilbert/distilgpt2	False	0.4169469475746155	1.2620643377304077
David	215	David	0	distilbert/distilgpt2	distilbert/distilgpt2	False	1.0	0.0
Ġagitated	215	 agitated	1	distilbert/distilgpt2	distilbert/distilgpt2	False	6.045589806547014e-09	27.301469802856445
ĠJohn	215	 John	2	distilbert/distilgpt2	distilbert/distilgpt2	False	0.0001617351663298905	12.59407901763916
Ġbecause	215	 because	3	distilbert/distilgpt2	distilbert/distilgpt2	False	0.0012419898994266987	9.653130531311035
Ġhe	215	 he	4	distilbert/distilgpt2	distilbert/distilgpt2	False	0.39294126629829407	1.3476144075393677
Sarah	216	Sarah	0	distilbert/distilgpt2	distilbert/distilgpt2	False	1.0	0.0
Ġagitated	216	 agitated	1	distilbert/distilgpt2	distilbert/distilgpt2	False	5.067211095166613e-09	27.556161880493164
ĠJohn	216	 John	2	distilbert/distilgpt2	distilbert/distilgpt2	False	0.00012894738756585866	12.920929908752441
Ġbecause	216	 because	3	distilbert/distilgpt2	distilbert/distilgpt2	False	0.0026974917855113745	8.534165382385254
Ġhe	216	 he	4	distilbert/distilgpt2	distilbert/distilgpt2	False	0.40139034390449524	1.3169221878051758
Mary	217	Mary	0	distilbert/distilgpt2	distilbert/distilgpt2	False	1.0	0.0
Ġagitated	217	 agitated	1	distilbert/distilgpt2	distilbert/distilgpt2	False	6.476168046276598e-09	27.202213287353516
ĠSarah	217	 Sarah	2	distilbert/distilgpt2	distilbert/distilgpt2	False	1.9328304915688932e-05	15.65892505645752
Ġbecause	217	 because	3	distilbert/distilgpt2	distilbert/distilgpt2	False	0.00211124774068594	8.887688636779785
Ġshe	217	 she	4	distilbert/distilgpt2	distilbert/distilgpt2	False	0.4867768883705139	1.0386674404144287
John	218	John	0	distilbert/distilgpt2	distilbert/distilgpt2	False	1.0	0.0
Ġagitated	218	 agitated	1	distilbert/distilgpt2	distilbert/distilgpt2	False	5.632659227927661e-09	27.403535842895508
ĠSarah	218	 Sarah	2	distilbert/distilgpt2	distilbert/distilgpt2	False	2.8365988328005187e-05	15.105478286743164
Ġbecause	218	 because	3	distilbert/distilgpt2	distilbert/distilgpt2	False	0.0016841157339513302	9.21379280090332
Ġshe	218	 she	4	distilbert/distilgpt2	distilbert/distilgpt2	False	0.46705329418182373	1.0983409881591797
Mary	219	Mary	0	distilbert/distilgpt2	distilbert/distilgpt2	False	1.0	0.0
Ġagitated	219	 agitated	1	distilbert/distilgpt2	distilbert/distilgpt2	False	6.476168046276598e-09	27.202213287353516
ĠSarah	219	 Sarah	2	distilbert/distilgpt2	distilbert/distilgpt2	False	1.9328304915688932e-05	15.65892505645752
Ġbecause	219	 because	3	distilbert/distilgpt2	distilbert/distilgpt2	False	0.00211124774068594	8.887688636779785
Ġshe	219	 she	4	distilbert/distilgpt2	distilbert/distilgpt2	False	0.4867768883705139	1.0386674404144287
David	220	David	0	distilbert/distilgpt2	distilbert/distilgpt2	False	1.0	0.0
Ġagitated	220	 agitated	1	distilbert/distilgpt2	distilbert/distilgpt2	False	6.045589806547014e-09	27.301469802856445
ĠSarah	220	 Sarah	2	distilbert/distilgpt2	distilbert/distilgpt2	False	2.6932733817375265e-05	15.180279731750488
Ġbecause	220	 because	3	distilbert/distilgpt2	distilbert/distilgpt2	False	0.0007034929003566504	10.473176956176758
Ġshe	220	 she	4	distilbert/distilgpt2	distilbert/distilgpt2	False	0.4456543028354645	1.1660031080245972
Sarah	221	Sarah	0	distilbert/distilgpt2	distilbert/distilgpt2	False	1.0	0.0
Ġagitated	221	 agitated	1	distilbert/distilgpt2	distilbert/distilgpt2	False	5.067211095166613e-09	27.556161880493164
ĠMary	221	 Mary	2	distilbert/distilgpt2	distilbert/distilgpt2	False	5.5082589824451134e-05	14.148043632507324
Ġbecause	221	 because	3	distilbert/distilgpt2	distilbert/distilgpt2	False	0.0009504089830443263	10.039163589477539
Ġshe	221	 she	4	distilbert/distilgpt2	distilbert/distilgpt2	False	0.42022567987442017	1.2507637739181519
John	222	John	0	distilbert/distilgpt2	distilbert/distilgpt2	False	1.0	0.0
Ġagitated	222	 agitated	1	distilbert/distilgpt2	distilbert/distilgpt2	False	5.632659227927661e-09	27.403535842895508
ĠMary	222	 Mary	2	distilbert/distilgpt2	distilbert/distilgpt2	False	5.2839208365185186e-05	14.20803165435791
Ġbecause	222	 because	3	distilbert/distilgpt2	distilbert/distilgpt2	False	0.0013488000258803368	9.53410816192627
Ġshe	222	 she	4	distilbert/distilgpt2	distilbert/distilgpt2	False	0.41362670063972473	1.2735987901687622
Sarah	223	Sarah	0	distilbert/distilgpt2	distilbert/distilgpt2	False	1.0	0.0
Ġagitated	223	 agitated	1	distilbert/distilgpt2	distilbert/distilgpt2	False	5.067211095166613e-09	27.556161880493164
ĠMary	223	 Mary	2	distilbert/distilgpt2	distilbert/distilgpt2	False	5.5082589824451134e-05	14.148043632507324
Ġbecause	223	 because	3	distilbert/distilgpt2	distilbert/distilgpt2	False	0.0009504089830443263	10.039163589477539
Ġshe	223	 she	4	distilbert/distilgpt2	distilbert/distilgpt2	False	0.42022567987442017	1.2507637739181519
David	224	David	0	distilbert/distilgpt2	distilbert/distilgpt2	False	1.0	0.0
Ġagitated	224	 agitated	1	distilbert/distilgpt2	distilbert/distilgpt2	False	6.045589806547014e-09	27.301469802856445
ĠMary	224	 Mary	2	distilbert/distilgpt2	distilbert/distilgpt2	False	4.109823203179985e-05	14.570564270019531
Ġbecause	224	 because	3	distilbert/distilgpt2	distilbert/distilgpt2	False	0.0007190793985500932	10.441561698913574
Ġshe	224	 she	4	distilbert/distilgpt2	distilbert/distilgpt2	False	0.40742212533950806	1.2954038381576538
John	225	John	0	distilbert/distilgpt2	distilbert/distilgpt2	False	1.0	0.0
Ġalarmed	225	 alarmed	1	distilbert/distilgpt2	distilbert/distilgpt2	False	1.704288266068943e-08	25.806255340576172
ĠDavid	225	 David	2	distilbert/distilgpt2	distilbert/distilgpt2	False	0.0002048812311841175	12.252924919128418
Ġbecause	225	 because	3	distilbert/distilgpt2	distilbert/distilgpt2	False	0.00031394322286359966	11.637208938598633
Ġhe	225	 he	4	distilbert/distilgpt2	distilbert/distilgpt2	False	0.3601512014865875	1.4733253717422485
Mary	226	Mary	0	distilbert/distilgpt2	distilbert/distilgpt2	False	1.0	0.0
Ġalarmed	226	 alarmed	1	distilbert/distilgpt2	distilbert/distilgpt2	False	2.0117191468216333e-08	25.56699562072754
ĠDavid	226	 David	2	distilbert/distilgpt2	distilbert/distilgpt2	False	0.00011991659266641364	13.025681495666504
Ġbecause	226	 because	3	distilbert/distilgpt2	distilbert/distilgpt2	False	0.0005897246301174164	10.727670669555664
Ġhe	226	 he	4	distilbert/distilgpt2	distilbert/distilgpt2	False	0.36948361992836	1.4364176988601685
John	227	John	0	distilbert/distilgpt2	distilbert/distilgpt2	False	1.0	0.0
Ġalarmed	227	 alarmed	1	distilbert/distilgpt2	distilbert/distilgpt2	False	1.704288266068943e-08	25.806255340576172
ĠDavid	227	 David	2	distilbert/distilgpt2	distilbert/distilgpt2	False	0.0002048812311841175	12.252924919128418
Ġbecause	227	 because	3	distilbert/distilgpt2	distilbert/distilgpt2	False	0.00031394322286359966	11.637208938598633
Ġhe	227	 he	4	distilbert/distilgpt2	distilbert/distilgpt2	False	0.3601512014865875	1.4733253717422485
Sarah	228	Sarah	0	distilbert/distilgpt2	distilbert/distilgpt2	False	1.0	0.0
Ġalarmed	228	 alarmed	1	distilbert/distilgpt2	distilbert/distilgpt2	False	1.6333899566234322e-08	25.867555618286133
ĠDavid	228	 David	2	distilbert/distilgpt2	distilbert/distilgpt2	False	0.00021332170581445098	12.194681167602539
Ġbecause	228	 because	3	distilbert/distilgpt2	distilbert/distilgpt2	False	0.00036717159673571587	11.41125774383545
Ġhe	228	 he	4	distilbert/distilgpt2	distilbert/distilgpt2	False	0.3615492582321167	1.4677358865737915
David	229	David	0	distilbert/distilgpt2	distilbert/distilgpt2	False	1.0	0.0
Ġalarmed	229	 alarmed	1	distilbert/distilgpt2	distilbert/distilgpt2	False	1.8189869166462813e-08	25.712289810180664
ĠJohn	229	 John	2	distilbert/distilgpt2	distilbert/distilgpt2	False	0.0001881127100205049	12.376114845275879
Ġbecause	229	 because	3	distilbert/distilgpt2	distilbert/distilgpt2	False	0.0005472784396260977	10.835437774658203
Ġhe	229	 he	4	distilbert/distilgpt2	distilbert/distilgpt2	False	0.32154005765914917	1.6369296312332153
Mary	230	Mary	0	distilbert/distilgpt2	distilbert/distilgpt2	False	1.0	0.0
Ġalarmed	230	 alarmed	1	distilbert/distilgpt2	distilbert/distilgpt2	False	2.0117191468216333e-08	25.56699562072754
ĠJohn	230	 John	2	distilbert/distilgpt2	distilbert/distilgpt2	False	0.0001676085958024487	12.54261589050293
Ġbecause	230	 because	3	distilbert/distilgpt2	distilbert/distilgpt2	False	0.0012952832039445639	9.592516899108887
Ġhe	230	 he	4	distilbert/distilgpt2	distilbert/distilgpt2	False	0.3582320809364319	1.4810335636138916
David	231	David	0	distilbert/distilgpt2	distilbert/distilgpt2	False	1.0	0.0
Ġalarmed	231	 alarmed	1	distilbert/distilgpt2	distilbert/distilgpt2	False	1.8189869166462813e-08	25.712289810180664
ĠJohn	231	 John	2	distilbert/distilgpt2	distilbert/distilgpt2	False	0.0001881127100205049	12.376114845275879
Ġbecause	231	 because	3	distilbert/distilgpt2	distilbert/distilgpt2	False	0.0005472784396260977	10.835437774658203
Ġhe	231	 he	4	distilbert/distilgpt2	distilbert/distilgpt2	False	0.32154005765914917	1.6369296312332153
Sarah	232	Sarah	0	distilbert/distilgpt2	distilbert/distilgpt2	False	1.0	0.0
Ġalarmed	232	 alarmed	1	distilbert/distilgpt2	distilbert/distilgpt2	False	1.6333899566234322e-08	25.867555618286133
ĠJohn	232	 John	2	distilbert/distilgpt2	distilbert/distilgpt2	False	0.00023030582815408707	12.084161758422852
Ġbecause	232	 because	3	distilbert/distilgpt2	distilbert/distilgpt2	False	0.001968337455764413	8.98880672454834
Ġhe	232	 he	4	distilbert/distilgpt2	distilbert/distilgpt2	False	0.3402104377746582	1.5555007457733154
Mary	233	Mary	0	distilbert/distilgpt2	distilbert/distilgpt2	False	1.0	0.0
Ġalarmed	233	 alarmed	1	distilbert/distilgpt2	distilbert/distilgpt2	False	2.0117191468216333e-08	25.56699562072754
ĠSarah	233	 Sarah	2	distilbert/distilgpt2	distilbert/distilgpt2	False	3.822995495283976e-05	14.67493724822998
Ġbecause	233	 because	3	distilbert/distilgpt2	distilbert/distilgpt2	False	0.0028165087569504976	8.47187614440918
Ġshe	233	 she	4	distilbert/distilgpt2	distilbert/distilgpt2	False	0.42866310477256775	1.2220839262008667
John	234	John	0	distilbert/distilgpt2	distilbert/distilgpt2	False	1.0	0.0
Ġalarmed	234	 alarmed	1	distilbert/distilgpt2	distilbert/distilgpt2	False	1.704288266068943e-08	25.806255340576172
ĠSarah	234	 Sarah	2	distilbert/distilgpt2	distilbert/distilgpt2	False	4.205796358291991e-05	14.537261009216309
Ġbecause	234	 because	3	distilbert/distilgpt2	distilbert/distilgpt2	False	0.0014572443906217813	9.422541618347168
Ġshe	234	 she	4	distilbert/distilgpt2	distilbert/distilgpt2	False	0.3949887156486511	1.3401167392730713
Mary	235	Mary	0	distilbert/distilgpt2	distilbert/distilgpt2	False	1.0	0.0
Ġalarmed	235	 alarmed	1	distilbert/distilgpt2	distilbert/distilgpt2	False	2.0117191468216333e-08	25.56699562072754
ĠSarah	235	 Sarah	2	distilbert/distilgpt2	distilbert/distilgpt2	False	3.822995495283976e-05	14.67493724822998
Ġbecause	235	 because	3	distilbert/distilgpt2	distilbert/distilgpt2	False	0.0028165087569504976	8.47187614440918
Ġshe	235	 she	4	distilbert/distilgpt2	distilbert/distilgpt2	False	0.42866310477256775	1.2220839262008667
David	236	David	0	distilbert/distilgpt2	distilbert/distilgpt2	False	1.0	0.0
Ġalarmed	236	 alarmed	1	distilbert/distilgpt2	distilbert/distilgpt2	False	1.8189869166462813e-08	25.712289810180664
ĠSarah	236	 Sarah	2	distilbert/distilgpt2	distilbert/distilgpt2	False	3.234697214793414e-05	14.916009902954102
Ġbecause	236	 because	3	distilbert/distilgpt2	distilbert/distilgpt2	False	0.0006239860667847097	10.646198272705078
Ġshe	236	 she	4	distilbert/distilgpt2	distilbert/distilgpt2	False	0.3536054193973541	1.4997878074645996
Sarah	237	Sarah	0	distilbert/distilgpt2	distilbert/distilgpt2	False	1.0	0.0
Ġalarmed	237	 alarmed	1	distilbert/distilgpt2	distilbert/distilgpt2	False	1.6333899566234322e-08	25.867555618286133
ĠMary	237	 Mary	2	distilbert/distilgpt2	distilbert/distilgpt2	False	0.0001972640020539984	12.307584762573242
Ġbecause	237	 because	3	distilbert/distilgpt2	distilbert/distilgpt2	False	0.0012388579780235887	9.656773567199707
Ġshe	237	 she	4	distilbert/distilgpt2	distilbert/distilgpt2	False	0.3659634590148926	1.4502285718917847
John	238	John	0	distilbert/distilgpt2	distilbert/distilgpt2	False	1.0	0.0
Ġalarmed	238	 alarmed	1	distilbert/distilgpt2	distilbert/distilgpt2	False	1.704288266068943e-08	25.806255340576172
ĠMary	238	 Mary	2	distilbert/distilgpt2	distilbert/distilgpt2	False	0.00013407204824034125	12.864704132080078
Ġbecause	238	 because	3	distilbert/distilgpt2	distilbert/distilgpt2	False	0.0013471614802256227	9.535861015319824
Ġshe	238	 she	4	distilbert/distilgpt2	distilbert/distilgpt2	False	0.3783819079399109	1.4020850658416748
Sarah	239	Sarah	0	distilbert/distilgpt2	distilbert/distilgpt2	False	1.0	0.0
Ġalarmed	239	 alarmed	1	distilbert/distilgpt2	distilbert/distilgpt2	False	1.6333899566234322e-08	25.867555618286133
ĠMary	239	 Mary	2	distilbert/distilgpt2	distilbert/distilgpt2	False	0.0001972640020539984	12.307584762573242
Ġbecause	239	 because	3	distilbert/distilgpt2	distilbert/distilgpt2	False	0.0012388579780235887	9.656773567199707
Ġshe	239	 she	4	distilbert/distilgpt2	distilbert/distilgpt2	False	0.3659634590148926	1.4502285718917847
David	240	David	0	distilbert/distilgpt2	distilbert/distilgpt2	False	1.0	0.0
Ġalarmed	240	 alarmed	1	distilbert/distilgpt2	distilbert/distilgpt2	False	1.8189869166462813e-08	25.712289810180664
ĠMary	240	 Mary	2	distilbert/distilgpt2	distilbert/distilgpt2	False	9.667341510066763e-05	13.33652114868164
Ġbecause	240	 because	3	distilbert/distilgpt2	distilbert/distilgpt2	False	0.000536111241672188	10.865180015563965
Ġshe	240	 she	4	distilbert/distilgpt2	distilbert/distilgpt2	False	0.3404728174209595	1.5543885231018066
John	241	John	0	distilbert/distilgpt2	distilbert/distilgpt2	False	1.0	0.0
Ġalienated	241	 alienated	1	distilbert/distilgpt2	distilbert/distilgpt2	False	5.741803921210931e-09	27.3758487701416
ĠDavid	241	 David	2	distilbert/distilgpt2	distilbert/distilgpt2	False	0.00014985172310844064	12.704176902770996
Ġbecause	241	 because	3	distilbert/distilgpt2	distilbert/distilgpt2	False	0.001117021543905139	9.806127548217773
Ġhe	241	 he	4	distilbert/distilgpt2	distilbert/distilgpt2	False	0.4357953369617462	1.1982773542404175
Mary	242	Mary	0	distilbert/distilgpt2	distilbert/distilgpt2	False	1.0	0.0
Ġalienated	242	 alienated	1	distilbert/distilgpt2	distilbert/distilgpt2	False	6.471426505783029e-09	27.203269958496094
ĠDavid	242	 David	2	distilbert/distilgpt2	distilbert/distilgpt2	False	9.914232941810042e-05	13.300139427185059
Ġbecause	242	 because	3	distilbert/distilgpt2	distilbert/distilgpt2	False	0.0014098971150815487	9.470194816589355
Ġhe	242	 he	4	distilbert/distilgpt2	distilbert/distilgpt2	False	0.43380260467529297	1.2048894166946411
John	243	John	0	distilbert/distilgpt2	distilbert/distilgpt2	False	1.0	0.0
Ġalienated	243	 alienated	1	distilbert/distilgpt2	distilbert/distilgpt2	False	5.741803921210931e-09	27.3758487701416
ĠDavid	243	 David	2	distilbert/distilgpt2	distilbert/distilgpt2	False	0.00014985172310844064	12.704176902770996
Ġbecause	243	 because	3	distilbert/distilgpt2	distilbert/distilgpt2	False	0.001117021543905139	9.806127548217773
Ġhe	243	 he	4	distilbert/distilgpt2	distilbert/distilgpt2	False	0.4357953369617462	1.1982773542404175
Sarah	244	Sarah	0	distilbert/distilgpt2	distilbert/distilgpt2	False	1.0	0.0
Ġalienated	244	 alienated	1	distilbert/distilgpt2	distilbert/distilgpt2	False	5.241600486982634e-09	27.50734519958496
ĠDavid	244	 David	2	distilbert/distilgpt2	distilbert/distilgpt2	False	0.00015543701010756195	12.651382446289062
Ġbecause	244	 because	3	distilbert/distilgpt2	distilbert/distilgpt2	False	0.0011394264874979854	9.77747631072998
Ġhe	244	 he	4	distilbert/distilgpt2	distilbert/distilgpt2	False	0.4462261497974396	1.1641530990600586
David	245	David	0	distilbert/distilgpt2	distilbert/distilgpt2	False	1.0	0.0
Ġalienated	245	 alienated	1	distilbert/distilgpt2	distilbert/distilgpt2	False	7.1778365473562644e-09	27.053804397583008
ĠJohn	245	 John	2	distilbert/distilgpt2	distilbert/distilgpt2	False	0.0003413851954974234	11.516311645507812
Ġbecause	245	 because	3	distilbert/distilgpt2	distilbert/distilgpt2	False	0.001154976082034409	9.75792121887207
Ġhe	245	 he	4	distilbert/distilgpt2	distilbert/distilgpt2	False	0.41441023349761963	1.2708685398101807
Mary	246	Mary	0	distilbert/distilgpt2	distilbert/distilgpt2	False	1.0	0.0
Ġalienated	246	 alienated	1	distilbert/distilgpt2	distilbert/distilgpt2	False	6.471426505783029e-09	27.203269958496094
ĠJohn	246	 John	2	distilbert/distilgpt2	distilbert/distilgpt2	False	0.0002077495155390352	12.232867240905762
Ġbecause	246	 because	3	distilbert/distilgpt2	distilbert/distilgpt2	False	0.0029506708960980177	8.404741287231445
Ġhe	246	 he	4	distilbert/distilgpt2	distilbert/distilgpt2	False	0.43395522236824036	1.2043819427490234
David	247	David	0	distilbert/distilgpt2	distilbert/distilgpt2	False	1.0	0.0
Ġalienated	247	 alienated	1	distilbert/distilgpt2	distilbert/distilgpt2	False	7.1778365473562644e-09	27.053804397583008
ĠJohn	247	 John	2	distilbert/distilgpt2	distilbert/distilgpt2	False	0.0003413851954974234	11.516311645507812
Ġbecause	247	 because	3	distilbert/distilgpt2	distilbert/distilgpt2	False	0.001154976082034409	9.75792121887207
Ġhe	247	 he	4	distilbert/distilgpt2	distilbert/distilgpt2	False	0.41441023349761963	1.2708685398101807
Sarah	248	Sarah	0	distilbert/distilgpt2	distilbert/distilgpt2	False	1.0	0.0
Ġalienated	248	 alienated	1	distilbert/distilgpt2	distilbert/distilgpt2	False	5.241600486982634e-09	27.50734519958496
ĠJohn	248	 John	2	distilbert/distilgpt2	distilbert/distilgpt2	False	0.00031311585917137563	11.641016006469727
Ġbecause	248	 because	3	distilbert/distilgpt2	distilbert/distilgpt2	False	0.0036354183685034513	8.103662490844727
Ġhe	248	 he	4	distilbert/distilgpt2	distilbert/distilgpt2	False	0.4348851144313812	1.2012938261032104
Mary	249	Mary	0	distilbert/distilgpt2	distilbert/distilgpt2	False	1.0	0.0
Ġalienated	249	 alienated	1	distilbert/distilgpt2	distilbert/distilgpt2	False	6.471426505783029e-09	27.203269958496094
ĠSarah	249	 Sarah	2	distilbert/distilgpt2	distilbert/distilgpt2	False	3.628674312494695e-05	14.750198364257812
Ġbecause	249	 because	3	distilbert/distilgpt2	distilbert/distilgpt2	False	0.003275396768003702	8.254115104675293
Ġshe	249	 she	4	distilbert/distilgpt2	distilbert/distilgpt2	False	0.4675387442111969	1.0968421697616577
John	250	John	0	distilbert/distilgpt2	distilbert/distilgpt2	False	1.0	0.0
Ġalienated	250	 alienated	1	distilbert/distilgpt2	distilbert/distilgpt2	False	5.741803921210931e-09	27.3758487701416
ĠSarah	250	 Sarah	2	distilbert/distilgpt2	distilbert/distilgpt2	False	3.8955397030804306e-05	14.647817611694336
Ġbecause	250	 because	3	distilbert/distilgpt2	distilbert/distilgpt2	False	0.001350827980786562	9.531940460205078
Ġshe	250	 she	4	distilbert/distilgpt2	distilbert/distilgpt2	False	0.4469353258609772	1.1618620157241821
Mary	251	Mary	0	distilbert/distilgpt2	distilbert/distilgpt2	False	1.0	0.0
Ġalienated	251	 alienated	1	distilbert/distilgpt2	distilbert/distilgpt2	False	6.471426505783029e-09	27.203269958496094
ĠSarah	251	 Sarah	2	distilbert/distilgpt2	distilbert/distilgpt2	False	3.628674312494695e-05	14.750198364257812
Ġbecause	251	 because	3	distilbert/distilgpt2	distilbert/distilgpt2	False	0.003275396768003702	8.254115104675293
Ġshe	251	 she	4	distilbert/distilgpt2	distilbert/distilgpt2	False	0.4675387442111969	1.0968421697616577
David	252	David	0	distilbert/distilgpt2	distilbert/distilgpt2	False	1.0	0.0
Ġalienated	252	 alienated	1	distilbert/distilgpt2	distilbert/distilgpt2	False	7.1778365473562644e-09	27.053804397583008
ĠSarah	252	 Sarah	2	distilbert/distilgpt2	distilbert/distilgpt2	False	4.105326297576539e-05	14.5721435546875
Ġbecause	252	 because	3	distilbert/distilgpt2	distilbert/distilgpt2	False	0.0005248318775556982	10.895856857299805
Ġshe	252	 she	4	distilbert/distilgpt2	distilbert/distilgpt2	False	0.435037761926651	1.2007875442504883
Sarah	253	Sarah	0	distilbert/distilgpt2	distilbert/distilgpt2	False	1.0	0.0
Ġalienated	253	 alienated	1	distilbert/distilgpt2	distilbert/distilgpt2	False	5.241600486982634e-09	27.50734519958496
ĠMary	253	 Mary	2	distilbert/distilgpt2	distilbert/distilgpt2	False	0.00011768144759116694	13.052825927734375
Ġbecause	253	 because	3	distilbert/distilgpt2	distilbert/distilgpt2	False	0.002656428376212716	8.556296348571777
Ġshe	253	 she	4	distilbert/distilgpt2	distilbert/distilgpt2	False	0.40024641156196594	1.3210396766662598
John	254	John	0	distilbert/distilgpt2	distilbert/distilgpt2	False	1.0	0.0
Ġalienated	254	 alienated	1	distilbert/distilgpt2	distilbert/distilgpt2	False	5.741803921210931e-09	27.3758487701416
ĠMary	254	 Mary	2	distilbert/distilgpt2	distilbert/distilgpt2	False	6.970719550736248e-05	13.808332443237305
Ġbecause	254	 because	3	distilbert/distilgpt2	distilbert/distilgpt2	False	0.002789734862744808	8.48565673828125
Ġshe	254	 she	4	distilbert/distilgpt2	distilbert/distilgpt2	False	0.40541839599609375	1.3025165796279907
Sarah	255	Sarah	0	distilbert/distilgpt2	distilbert/distilgpt2	False	1.0	0.0
Ġalienated	255	 alienated	1	distilbert/distilgpt2	distilbert/distilgpt2	False	5.241600486982634e-09	27.50734519958496
ĠMary	255	 Mary	2	distilbert/distilgpt2	distilbert/distilgpt2	False	0.00011768144759116694	13.052825927734375
Ġbecause	255	 because	3	distilbert/distilgpt2	distilbert/distilgpt2	False	0.002656428376212716	8.556296348571777
Ġshe	255	 she	4	distilbert/distilgpt2	distilbert/distilgpt2	False	0.40024641156196594	1.3210396766662598
David	256	David	0	distilbert/distilgpt2	distilbert/distilgpt2	False	1.0	0.0
Ġalienated	256	 alienated	1	distilbert/distilgpt2	distilbert/distilgpt2	False	7.1778365473562644e-09	27.053804397583008
ĠMary	256	 Mary	2	distilbert/distilgpt2	distilbert/distilgpt2	False	6.258394569158554e-05	13.963848114013672
Ġbecause	256	 because	3	distilbert/distilgpt2	distilbert/distilgpt2	False	0.0012141966726630926	9.685782432556152
Ġshe	256	 she	4	distilbert/distilgpt2	distilbert/distilgpt2	False	0.3927432894706726	1.348341464996338
John	257	John	0	distilbert/distilgpt2	distilbert/distilgpt2	False	1.0	0.0
Ġamazed	257	 amazed	1	distilbert/distilgpt2	distilbert/distilgpt2	False	2.964221224033281e-08	25.00777244567871
ĠDavid	257	 David	2	distilbert/distilgpt2	distilbert/distilgpt2	False	0.00013169470184948295	12.890515327453613
Ġbecause	257	 because	3	distilbert/distilgpt2	distilbert/distilgpt2	False	0.0007298128330148757	10.420186042785645
Ġhe	257	 he	4	distilbert/distilgpt2	distilbert/distilgpt2	False	0.4186127781867981	1.2563117742538452
Mary	258	Mary	0	distilbert/distilgpt2	distilbert/distilgpt2	False	1.0	0.0
Ġamazed	258	 amazed	1	distilbert/distilgpt2	distilbert/distilgpt2	False	3.666284698056188e-08	24.70110511779785
ĠDavid	258	 David	2	distilbert/distilgpt2	distilbert/distilgpt2	False	8.474797505186871e-05	13.526461601257324
Ġbecause	258	 because	3	distilbert/distilgpt2	distilbert/distilgpt2	False	0.0008443492697551847	10.209872245788574
Ġhe	258	 he	4	distilbert/distilgpt2	distilbert/distilgpt2	False	0.4096849262714386	1.2874133586883545
John	259	John	0	distilbert/distilgpt2	distilbert/distilgpt2	False	1.0	0.0
Ġamazed	259	 amazed	1	distilbert/distilgpt2	distilbert/distilgpt2	False	2.964221224033281e-08	25.00777244567871
ĠDavid	259	 David	2	distilbert/distilgpt2	distilbert/distilgpt2	False	0.00013169470184948295	12.890515327453613
Ġbecause	259	 because	3	distilbert/distilgpt2	distilbert/distilgpt2	False	0.0007298128330148757	10.420186042785645
Ġhe	259	 he	4	distilbert/distilgpt2	distilbert/distilgpt2	False	0.4186127781867981	1.2563117742538452
Sarah	260	Sarah	0	distilbert/distilgpt2	distilbert/distilgpt2	False	1.0	0.0
Ġamazed	260	 amazed	1	distilbert/distilgpt2	distilbert/distilgpt2	False	2.9656748168349623e-08	25.007064819335938
ĠDavid	260	 David	2	distilbert/distilgpt2	distilbert/distilgpt2	False	0.0001292035449296236	12.91806697845459
Ġbecause	260	 because	3	distilbert/distilgpt2	distilbert/distilgpt2	False	0.0008043708512559533	10.279851913452148
Ġhe	260	 he	4	distilbert/distilgpt2	distilbert/distilgpt2	False	0.42653870582580566	1.229251503944397
David	261	David	0	distilbert/distilgpt2	distilbert/distilgpt2	False	1.0	0.0
Ġamazed	261	 amazed	1	distilbert/distilgpt2	distilbert/distilgpt2	False	3.461139641558475e-08	24.784177780151367
ĠJohn	261	 John	2	distilbert/distilgpt2	distilbert/distilgpt2	False	0.00014173341332934797	12.78453254699707
Ġbecause	261	 because	3	distilbert/distilgpt2	distilbert/distilgpt2	False	0.0013134418986737728	9.572431564331055
Ġhe	261	 he	4	distilbert/distilgpt2	distilbert/distilgpt2	False	0.4615391194820404	1.1154751777648926
Mary	262	Mary	0	distilbert/distilgpt2	distilbert/distilgpt2	False	1.0	0.0
Ġamazed	262	 amazed	1	distilbert/distilgpt2	distilbert/distilgpt2	False	3.666284698056188e-08	24.70110511779785
ĠJohn	262	 John	2	distilbert/distilgpt2	distilbert/distilgpt2	False	0.00010454125003889203	13.223640441894531
Ġbecause	262	 because	3	distilbert/distilgpt2	distilbert/distilgpt2	False	0.0012903718743473291	9.597997665405273
Ġhe	262	 he	4	distilbert/distilgpt2	distilbert/distilgpt2	False	0.44780656695365906	1.1590524911880493
David	263	David	0	distilbert/distilgpt2	distilbert/distilgpt2	False	1.0	0.0
Ġamazed	263	 amazed	1	distilbert/distilgpt2	distilbert/distilgpt2	False	3.461139641558475e-08	24.784177780151367
ĠJohn	263	 John	2	distilbert/distilgpt2	distilbert/distilgpt2	False	0.00014173341332934797	12.78453254699707
Ġbecause	263	 because	3	distilbert/distilgpt2	distilbert/distilgpt2	False	0.0013134418986737728	9.572431564331055
Ġhe	263	 he	4	distilbert/distilgpt2	distilbert/distilgpt2	False	0.4615391194820404	1.1154751777648926
Sarah	264	Sarah	0	distilbert/distilgpt2	distilbert/distilgpt2	False	1.0	0.0
Ġamazed	264	 amazed	1	distilbert/distilgpt2	distilbert/distilgpt2	False	2.9656748168349623e-08	25.007064819335938
ĠJohn	264	 John	2	distilbert/distilgpt2	distilbert/distilgpt2	False	0.00013892802235204726	12.813374519348145
Ġbecause	264	 because	3	distilbert/distilgpt2	distilbert/distilgpt2	False	0.0022896230220794678	8.770673751831055
Ġhe	264	 he	4	distilbert/distilgpt2	distilbert/distilgpt2	False	0.444240003824234	1.1705888509750366
Mary	265	Mary	0	distilbert/distilgpt2	distilbert/distilgpt2	False	1.0	0.0
Ġamazed	265	 amazed	1	distilbert/distilgpt2	distilbert/distilgpt2	False	3.666284698056188e-08	24.70110511779785
ĠSarah	265	 Sarah	2	distilbert/distilgpt2	distilbert/distilgpt2	False	3.1047555239638314e-05	14.975160598754883
Ġbecause	265	 because	3	distilbert/distilgpt2	distilbert/distilgpt2	False	0.0020947589073330164	8.89900016784668
Ġshe	265	 she	4	distilbert/distilgpt2	distilbert/distilgpt2	False	0.4881713390350342	1.0345405340194702
John	266	John	0	distilbert/distilgpt2	distilbert/distilgpt2	False	1.0	0.0
Ġamazed	266	 amazed	1	distilbert/distilgpt2	distilbert/distilgpt2	False	2.964221224033281e-08	25.00777244567871
ĠSarah	266	 Sarah	2	distilbert/distilgpt2	distilbert/distilgpt2	False	3.8090100133558735e-05	14.680224418640137
Ġbecause	266	 because	3	distilbert/distilgpt2	distilbert/distilgpt2	False	0.0018998592859134078	9.039891242980957
Ġshe	266	 she	4	distilbert/distilgpt2	distilbert/distilgpt2	False	0.4626094102859497	1.112133502960205
Mary	267	Mary	0	distilbert/distilgpt2	distilbert/distilgpt2	False	1.0	0.0
Ġamazed	267	 amazed	1	distilbert/distilgpt2	distilbert/distilgpt2	False	3.666284698056188e-08	24.70110511779785
ĠSarah	267	 Sarah	2	distilbert/distilgpt2	distilbert/distilgpt2	False	3.1047555239638314e-05	14.975160598754883
Ġbecause	267	 because	3	distilbert/distilgpt2	distilbert/distilgpt2	False	0.0020947589073330164	8.89900016784668
Ġshe	267	 she	4	distilbert/distilgpt2	distilbert/distilgpt2	False	0.4881713390350342	1.0345405340194702
David	268	David	0	distilbert/distilgpt2	distilbert/distilgpt2	False	1.0	0.0
Ġamazed	268	 amazed	1	distilbert/distilgpt2	distilbert/distilgpt2	False	3.461139641558475e-08	24.784177780151367
ĠSarah	268	 Sarah	2	distilbert/distilgpt2	distilbert/distilgpt2	False	3.623832526500337e-05	14.752123832702637
Ġbecause	268	 because	3	distilbert/distilgpt2	distilbert/distilgpt2	False	0.0015389072941616178	9.343877792358398
Ġshe	268	 she	4	distilbert/distilgpt2	distilbert/distilgpt2	False	0.4637328088283539	1.108634352684021
Sarah	269	Sarah	0	distilbert/distilgpt2	distilbert/distilgpt2	False	1.0	0.0
Ġamazed	269	 amazed	1	distilbert/distilgpt2	distilbert/distilgpt2	False	2.9656748168349623e-08	25.007064819335938
ĠMary	269	 Mary	2	distilbert/distilgpt2	distilbert/distilgpt2	False	0.00010037118045147508	13.282367706298828
Ġbecause	269	 because	3	distilbert/distilgpt2	distilbert/distilgpt2	False	0.0010215535294264555	9.935019493103027
Ġshe	269	 she	4	distilbert/distilgpt2	distilbert/distilgpt2	False	0.4298022389411926	1.2182551622390747
John	270	John	0	distilbert/distilgpt2	distilbert/distilgpt2	False	1.0	0.0
Ġamazed	270	 amazed	1	distilbert/distilgpt2	distilbert/distilgpt2	False	2.964221224033281e-08	25.00777244567871
ĠMary	270	 Mary	2	distilbert/distilgpt2	distilbert/distilgpt2	False	7.165335409808904e-05	13.768606185913086
Ġbecause	270	 because	3	distilbert/distilgpt2	distilbert/distilgpt2	False	0.0011475912760943174	9.767175674438477
Ġshe	270	 she	4	distilbert/distilgpt2	distilbert/distilgpt2	False	0.43658652901649475	1.1956604719161987
Sarah	271	Sarah	0	distilbert/distilgpt2	distilbert/distilgpt2	False	1.0	0.0
Ġamazed	271	 amazed	1	distilbert/distilgpt2	distilbert/distilgpt2	False	2.9656748168349623e-08	25.007064819335938
ĠMary	271	 Mary	2	distilbert/distilgpt2	distilbert/distilgpt2	False	0.00010037118045147508	13.282367706298828
Ġbecause	271	 because	3	distilbert/distilgpt2	distilbert/distilgpt2	False	0.0010215535294264555	9.935019493103027
Ġshe	271	 she	4	distilbert/distilgpt2	distilbert/distilgpt2	False	0.4298022389411926	1.2182551622390747
David	272	David	0	distilbert/distilgpt2	distilbert/distilgpt2	False	1.0	0.0
Ġamazed	272	 amazed	1	distilbert/distilgpt2	distilbert/distilgpt2	False	3.461139641558475e-08	24.784177780151367
ĠMary	272	 Mary	2	distilbert/distilgpt2	distilbert/distilgpt2	False	6.667231355095282e-05	13.872552871704102
Ġbecause	272	 because	3	distilbert/distilgpt2	distilbert/distilgpt2	False	0.0007623551064170897	10.35724925994873
Ġshe	272	 she	4	distilbert/distilgpt2	distilbert/distilgpt2	False	0.4239938259124756	1.2378848791122437
John	273	John	0	distilbert/distilgpt2	distilbert/distilgpt2	False	1.0	0.0
Ġamused	273	 amused	1	distilbert/distilgpt2	distilbert/distilgpt2	False	1.4177205187593245e-08	26.07185173034668
ĠDavid	273	 David	2	distilbert/distilgpt2	distilbert/distilgpt2	False	0.0003269683802500367	11.578561782836914
Ġbecause	273	 because	3	distilbert/distilgpt2	distilbert/distilgpt2	False	0.001530358800664544	9.351914405822754
Ġhe	273	 he	4	distilbert/distilgpt2	distilbert/distilgpt2	False	0.35375192761421204	1.499190092086792
Mary	274	Mary	0	distilbert/distilgpt2	distilbert/distilgpt2	False	1.0	0.0
Ġamused	274	 amused	1	distilbert/distilgpt2	distilbert/distilgpt2	False	1.7152096631889435e-08	25.797039031982422
ĠDavid	274	 David	2	distilbert/distilgpt2	distilbert/distilgpt2	False	0.00016016600420698524	12.608144760131836
Ġbecause	274	 because	3	distilbert/distilgpt2	distilbert/distilgpt2	False	0.002187135396525264	8.83674144744873
Ġhe	274	 he	4	distilbert/distilgpt2	distilbert/distilgpt2	False	0.3601565361022949	1.473304033279419
John	275	John	0	distilbert/distilgpt2	distilbert/distilgpt2	False	1.0	0.0
Ġamused	275	 amused	1	distilbert/distilgpt2	distilbert/distilgpt2	False	1.4177205187593245e-08	26.07185173034668
ĠDavid	275	 David	2	distilbert/distilgpt2	distilbert/distilgpt2	False	0.0003269683802500367	11.578561782836914
Ġbecause	275	 because	3	distilbert/distilgpt2	distilbert/distilgpt2	False	0.001530358800664544	9.351914405822754
Ġhe	275	 he	4	distilbert/distilgpt2	distilbert/distilgpt2	False	0.35375192761421204	1.499190092086792
Sarah	276	Sarah	0	distilbert/distilgpt2	distilbert/distilgpt2	False	1.0	0.0
Ġamused	276	 amused	1	distilbert/distilgpt2	distilbert/distilgpt2	False	1.3923400210558157e-08	26.09791374206543
ĠDavid	276	 David	2	distilbert/distilgpt2	distilbert/distilgpt2	False	0.00026009586872532964	11.908668518066406
Ġbecause	276	 because	3	distilbert/distilgpt2	distilbert/distilgpt2	False	0.0017032071482390165	9.197530746459961
Ġhe	276	 he	4	distilbert/distilgpt2	distilbert/distilgpt2	False	0.350896954536438	1.510880708694458
David	277	David	0	distilbert/distilgpt2	distilbert/distilgpt2	False	1.0	0.0
Ġamused	277	 amused	1	distilbert/distilgpt2	distilbert/distilgpt2	False	1.4890833455183383e-08	26.000999450683594
ĠJohn	277	 John	2	distilbert/distilgpt2	distilbert/distilgpt2	False	0.00038617331301793456	11.33846378326416
Ġbecause	277	 because	3	distilbert/distilgpt2	distilbert/distilgpt2	False	0.0020115028601139784	8.957510948181152
Ġhe	277	 he	4	distilbert/distilgpt2	distilbert/distilgpt2	False	0.36066633462905884	1.4712634086608887
Mary	278	Mary	0	distilbert/distilgpt2	distilbert/distilgpt2	False	1.0	0.0
Ġamused	278	 amused	1	distilbert/distilgpt2	distilbert/distilgpt2	False	1.7152096631889435e-08	25.797039031982422
ĠJohn	278	 John	2	distilbert/distilgpt2	distilbert/distilgpt2	False	0.00023151966161094606	12.076578140258789
Ġbecause	278	 because	3	distilbert/distilgpt2	distilbert/distilgpt2	False	0.0027178474701941013	8.523320198059082
Ġhe	278	 he	4	distilbert/distilgpt2	distilbert/distilgpt2	False	0.3695908486843109	1.4359991550445557
David	279	David	0	distilbert/distilgpt2	distilbert/distilgpt2	False	1.0	0.0
Ġamused	279	 amused	1	distilbert/distilgpt2	distilbert/distilgpt2	False	1.4890833455183383e-08	26.000999450683594
ĠJohn	279	 John	2	distilbert/distilgpt2	distilbert/distilgpt2	False	0.00038617331301793456	11.33846378326416
Ġbecause	279	 because	3	distilbert/distilgpt2	distilbert/distilgpt2	False	0.0020115028601139784	8.957510948181152
Ġhe	279	 he	4	distilbert/distilgpt2	distilbert/distilgpt2	False	0.36066633462905884	1.4712634086608887
Sarah	280	Sarah	0	distilbert/distilgpt2	distilbert/distilgpt2	False	1.0	0.0
Ġamused	280	 amused	1	distilbert/distilgpt2	distilbert/distilgpt2	False	1.3923400210558157e-08	26.09791374206543
ĠJohn	280	 John	2	distilbert/distilgpt2	distilbert/distilgpt2	False	0.0003098604502156377	11.65609359741211
Ġbecause	280	 because	3	distilbert/distilgpt2	distilbert/distilgpt2	False	0.0037576952017843723	8.055935859680176
Ġhe	280	 he	4	distilbert/distilgpt2	distilbert/distilgpt2	False	0.34289684891700745	1.5441534519195557
Mary	281	Mary	0	distilbert/distilgpt2	distilbert/distilgpt2	False	1.0	0.0
Ġamused	281	 amused	1	distilbert/distilgpt2	distilbert/distilgpt2	False	1.7152096631889435e-08	25.797039031982422
ĠSarah	281	 Sarah	2	distilbert/distilgpt2	distilbert/distilgpt2	False	9.577055607223883e-05	13.350058555603027
Ġbecause	281	 because	3	distilbert/distilgpt2	distilbert/distilgpt2	False	0.0033264087978750467	8.231819152832031
Ġshe	281	 she	4	distilbert/distilgpt2	distilbert/distilgpt2	False	0.4424464702606201	1.1764252185821533
John	282	John	0	distilbert/distilgpt2	distilbert/distilgpt2	False	1.0	0.0
Ġamused	282	 amused	1	distilbert/distilgpt2	distilbert/distilgpt2	False	1.4177205187593245e-08	26.07185173034668
ĠSarah	282	 Sarah	2	distilbert/distilgpt2	distilbert/distilgpt2	False	0.00015845452435314655	12.62364387512207
Ġbecause	282	 because	3	distilbert/distilgpt2	distilbert/distilgpt2	False	0.002944135805591941	8.407939910888672
Ġshe	282	 she	4	distilbert/distilgpt2	distilbert/distilgpt2	False	0.39891332387924194	1.325852870941162
Mary	283	Mary	0	distilbert/distilgpt2	distilbert/distilgpt2	False	1.0	0.0
Ġamused	283	 amused	1	distilbert/distilgpt2	distilbert/distilgpt2	False	1.7152096631889435e-08	25.797039031982422
ĠSarah	283	 Sarah	2	distilbert/distilgpt2	distilbert/distilgpt2	False	9.577055607223883e-05	13.350058555603027
Ġbecause	283	 because	3	distilbert/distilgpt2	distilbert/distilgpt2	False	0.0033264087978750467	8.231819152832031
Ġshe	283	 she	4	distilbert/distilgpt2	distilbert/distilgpt2	False	0.4424464702606201	1.1764252185821533
David	284	David	0	distilbert/distilgpt2	distilbert/distilgpt2	False	1.0	0.0
Ġamused	284	 amused	1	distilbert/distilgpt2	distilbert/distilgpt2	False	1.4890833455183383e-08	26.000999450683594
ĠSarah	284	 Sarah	2	distilbert/distilgpt2	distilbert/distilgpt2	False	0.00013574586773756891	12.846803665161133
Ġbecause	284	 because	3	distilbert/distilgpt2	distilbert/distilgpt2	False	0.0016561790835112333	9.23792552947998
Ġshe	284	 she	4	distilbert/distilgpt2	distilbert/distilgpt2	False	0.3934932351112366	1.345589280128479
Sarah	285	Sarah	0	distilbert/distilgpt2	distilbert/distilgpt2	False	1.0	0.0
Ġamused	285	 amused	1	distilbert/distilgpt2	distilbert/distilgpt2	False	1.3923400210558157e-08	26.09791374206543
ĠMary	285	 Mary	2	distilbert/distilgpt2	distilbert/distilgpt2	False	0.00019602607062552124	12.316666603088379
Ġbecause	285	 because	3	distilbert/distilgpt2	distilbert/distilgpt2	False	0.0014501200057566166	9.429612159729004
Ġshe	285	 she	4	distilbert/distilgpt2	distilbert/distilgpt2	False	0.3758830428123474	1.4116443395614624
John	286	John	0	distilbert/distilgpt2	distilbert/distilgpt2	False	1.0	0.0
Ġamused	286	 amused	1	distilbert/distilgpt2	distilbert/distilgpt2	False	1.4177205187593245e-08	26.07185173034668
ĠMary	286	 Mary	2	distilbert/distilgpt2	distilbert/distilgpt2	False	0.00021255307365208864	12.199889183044434
Ġbecause	286	 because	3	distilbert/distilgpt2	distilbert/distilgpt2	False	0.0019907308742403984	8.97248649597168
Ġshe	286	 she	4	distilbert/distilgpt2	distilbert/distilgpt2	False	0.36638426780700684	1.4485706090927124
Sarah	287	Sarah	0	distilbert/distilgpt2	distilbert/distilgpt2	False	1.0	0.0
Ġamused	287	 amused	1	distilbert/distilgpt2	distilbert/distilgpt2	False	1.3923400210558157e-08	26.09791374206543
ĠMary	287	 Mary	2	distilbert/distilgpt2	distilbert/distilgpt2	False	0.00019602607062552124	12.316666603088379
Ġbecause	287	 because	3	distilbert/distilgpt2	distilbert/distilgpt2	False	0.0014501200057566166	9.429612159729004
Ġshe	287	 she	4	distilbert/distilgpt2	distilbert/distilgpt2	False	0.3758830428123474	1.4116443395614624
David	288	David	0	distilbert/distilgpt2	distilbert/distilgpt2	False	1.0	0.0
Ġamused	288	 amused	1	distilbert/distilgpt2	distilbert/distilgpt2	False	1.4890833455183383e-08	26.000999450683594
ĠMary	288	 Mary	2	distilbert/distilgpt2	distilbert/distilgpt2	False	0.000173273598193191	12.494660377502441
Ġbecause	288	 because	3	distilbert/distilgpt2	distilbert/distilgpt2	False	0.0010111283045262098	9.94981861114502
Ġshe	288	 she	4	distilbert/distilgpt2	distilbert/distilgpt2	False	0.35639601945877075	1.4884469509124756
John	289	John	0	distilbert/distilgpt2	distilbert/distilgpt2	False	1.0	0.0
Ġangered	289	 angered	1	distilbert/distilgpt2	distilbert/distilgpt2	False	2.3101939916614356e-08	25.36741065979004
ĠDavid	289	 David	2	distilbert/distilgpt2	distilbert/distilgpt2	False	0.00015371009067166597	12.667500495910645
Ġbecause	289	 because	3	distilbert/distilgpt2	distilbert/distilgpt2	False	0.00031794089591130614	11.618953704833984
Ġhe	289	 he	4	distilbert/distilgpt2	distilbert/distilgpt2	False	0.42712700366973877	1.2272629737854004
Mary	290	Mary	0	distilbert/distilgpt2	distilbert/distilgpt2	False	1.0	0.0
Ġangered	290	 angered	1	distilbert/distilgpt2	distilbert/distilgpt2	False	2.4162510214864596e-08	25.302654266357422
ĠDavid	290	 David	2	distilbert/distilgpt2	distilbert/distilgpt2	False	9.823570144362748e-05	13.313392639160156
Ġbecause	290	 because	3	distilbert/distilgpt2	distilbert/distilgpt2	False	0.0005968209588900208	10.710413932800293
Ġhe	290	 he	4	distilbert/distilgpt2	distilbert/distilgpt2	False	0.416900098323822	1.2622264623641968
John	291	John	0	distilbert/distilgpt2	distilbert/distilgpt2	False	1.0	0.0
Ġangered	291	 angered	1	distilbert/distilgpt2	distilbert/distilgpt2	False	2.3101939916614356e-08	25.36741065979004
ĠDavid	291	 David	2	distilbert/distilgpt2	distilbert/distilgpt2	False	0.00015371009067166597	12.667500495910645
Ġbecause	291	 because	3	distilbert/distilgpt2	distilbert/distilgpt2	False	0.00031794089591130614	11.618953704833984
Ġhe	291	 he	4	distilbert/distilgpt2	distilbert/distilgpt2	False	0.42712700366973877	1.2272629737854004
Sarah	292	Sarah	0	distilbert/distilgpt2	distilbert/distilgpt2	False	1.0	0.0
Ġangered	292	 angered	1	distilbert/distilgpt2	distilbert/distilgpt2	False	2.4297271750128857e-08	25.29463005065918
ĠDavid	292	 David	2	distilbert/distilgpt2	distilbert/distilgpt2	False	0.0001791862741811201	12.44625186920166
Ġbecause	292	 because	3	distilbert/distilgpt2	distilbert/distilgpt2	False	0.00022465134679805487	12.120024681091309
Ġhe	292	 he	4	distilbert/distilgpt2	distilbert/distilgpt2	False	0.4295704662799835	1.2190333604812622
David	293	David	0	distilbert/distilgpt2	distilbert/distilgpt2	False	1.0	0.0
Ġangered	293	 angered	1	distilbert/distilgpt2	distilbert/distilgpt2	False	2.363292317397736e-08	25.334627151489258
ĠJohn	293	 John	2	distilbert/distilgpt2	distilbert/distilgpt2	False	0.00040170992724597454	11.2815580368042
Ġbecause	293	 because	3	distilbert/distilgpt2	distilbert/distilgpt2	False	0.00040711319888941944	11.262282371520996
Ġhe	293	 he	4	distilbert/distilgpt2	distilbert/distilgpt2	False	0.4179120659828186	1.2587287425994873
Mary	294	Mary	0	distilbert/distilgpt2	distilbert/distilgpt2	False	1.0	0.0
Ġangered	294	 angered	1	distilbert/distilgpt2	distilbert/distilgpt2	False	2.4162510214864596e-08	25.302654266357422
ĠJohn	294	 John	2	distilbert/distilgpt2	distilbert/distilgpt2	False	0.00025006543728522956	11.96540641784668
Ġbecause	294	 because	3	distilbert/distilgpt2	distilbert/distilgpt2	False	0.00126726517919451	9.624066352844238
Ġhe	294	 he	4	distilbert/distilgpt2	distilbert/distilgpt2	False	0.41808319091796875	1.2581380605697632
David	295	David	0	distilbert/distilgpt2	distilbert/distilgpt2	False	1.0	0.0
Ġangered	295	 angered	1	distilbert/distilgpt2	distilbert/distilgpt2	False	2.363292317397736e-08	25.334627151489258
ĠJohn	295	 John	2	distilbert/distilgpt2	distilbert/distilgpt2	False	0.00040170992724597454	11.2815580368042
Ġbecause	295	 because	3	distilbert/distilgpt2	distilbert/distilgpt2	False	0.00040711319888941944	11.262282371520996
Ġhe	295	 he	4	distilbert/distilgpt2	distilbert/distilgpt2	False	0.4179120659828186	1.2587287425994873
Sarah	296	Sarah	0	distilbert/distilgpt2	distilbert/distilgpt2	False	1.0	0.0
Ġangered	296	 angered	1	distilbert/distilgpt2	distilbert/distilgpt2	False	2.4297271750128857e-08	25.29463005065918
ĠJohn	296	 John	2	distilbert/distilgpt2	distilbert/distilgpt2	False	0.0004756579000968486	11.037788391113281
Ġbecause	296	 because	3	distilbert/distilgpt2	distilbert/distilgpt2	False	0.0014164929743856192	9.463460922241211
Ġhe	296	 he	4	distilbert/distilgpt2	distilbert/distilgpt2	False	0.4241390526294708	1.2373907566070557
Mary	297	Mary	0	distilbert/distilgpt2	distilbert/distilgpt2	False	1.0	0.0
Ġangered	297	 angered	1	distilbert/distilgpt2	distilbert/distilgpt2	False	2.4162510214864596e-08	25.302654266357422
ĠSarah	297	 Sarah	2	distilbert/distilgpt2	distilbert/distilgpt2	False	4.052957228850573e-05	14.590665817260742
Ġbecause	297	 because	3	distilbert/distilgpt2	distilbert/distilgpt2	False	0.0021099827717989683	8.888553619384766
Ġshe	297	 she	4	distilbert/distilgpt2	distilbert/distilgpt2	False	0.4858430325984955	1.0414378643035889
John	298	John	0	distilbert/distilgpt2	distilbert/distilgpt2	False	1.0	0.0
Ġangered	298	 angered	1	distilbert/distilgpt2	distilbert/distilgpt2	False	2.3101939916614356e-08	25.36741065979004
ĠSarah	298	 Sarah	2	distilbert/distilgpt2	distilbert/distilgpt2	False	5.73138240724802e-05	14.090757369995117
Ġbecause	298	 because	3	distilbert/distilgpt2	distilbert/distilgpt2	False	0.0006719139055348933	10.539436340332031
Ġshe	298	 she	4	distilbert/distilgpt2	distilbert/distilgpt2	False	0.4782865047454834	1.0640530586242676
Mary	299	Mary	0	distilbert/distilgpt2	distilbert/distilgpt2	False	1.0	0.0
Ġangered	299	 angered	1	distilbert/distilgpt2	distilbert/distilgpt2	False	2.4162510214864596e-08	25.302654266357422
ĠSarah	299	 Sarah	2	distilbert/distilgpt2	distilbert/distilgpt2	False	4.052957228850573e-05	14.590665817260742
Ġbecause	299	 because	3	distilbert/distilgpt2	distilbert/distilgpt2	False	0.0021099827717989683	8.888553619384766
Ġshe	299	 she	4	distilbert/distilgpt2	distilbert/distilgpt2	False	0.4858430325984955	1.0414378643035889
David	300	David	0	distilbert/distilgpt2	distilbert/distilgpt2	False	1.0	0.0
Ġangered	300	 angered	1	distilbert/distilgpt2	distilbert/distilgpt2	False	2.363292317397736e-08	25.334627151489258
ĠSarah	300	 Sarah	2	distilbert/distilgpt2	distilbert/distilgpt2	False	4.8048470489447936e-05	14.345149993896484
Ġbecause	300	 because	3	distilbert/distilgpt2	distilbert/distilgpt2	False	0.00024994168779812753	11.966120719909668
Ġshe	300	 she	4	distilbert/distilgpt2	distilbert/distilgpt2	False	0.454780250787735	1.13675856590271
Sarah	301	Sarah	0	distilbert/distilgpt2	distilbert/distilgpt2	False	1.0	0.0
Ġangered	301	 angered	1	distilbert/distilgpt2	distilbert/distilgpt2	False	2.4297271750128857e-08	25.29463005065918
ĠMary	301	 Mary	2	distilbert/distilgpt2	distilbert/distilgpt2	False	0.00011824257671833038	13.0459623336792
Ġbecause	301	 because	3	distilbert/distilgpt2	distilbert/distilgpt2	False	0.0018987172516062856	9.040759086608887
Ġshe	301	 she	4	distilbert/distilgpt2	distilbert/distilgpt2	False	0.4489484429359436	1.1553783416748047
John	302	John	0	distilbert/distilgpt2	distilbert/distilgpt2	False	1.0	0.0
Ġangered	302	 angered	1	distilbert/distilgpt2	distilbert/distilgpt2	False	2.3101939916614356e-08	25.36741065979004
ĠMary	302	 Mary	2	distilbert/distilgpt2	distilbert/distilgpt2	False	8.256686123786494e-05	13.564077377319336
Ġbecause	302	 because	3	distilbert/distilgpt2	distilbert/distilgpt2	False	0.0019982708618044853	8.967032432556152
Ġshe	302	 she	4	distilbert/distilgpt2	distilbert/distilgpt2	False	0.4612294137477875	1.1164436340332031
Sarah	303	Sarah	0	distilbert/distilgpt2	distilbert/distilgpt2	False	1.0	0.0
Ġangered	303	 angered	1	distilbert/distilgpt2	distilbert/distilgpt2	False	2.4297271750128857e-08	25.29463005065918
ĠMary	303	 Mary	2	distilbert/distilgpt2	distilbert/distilgpt2	False	0.00011824257671833038	13.0459623336792
Ġbecause	303	 because	3	distilbert/distilgpt2	distilbert/distilgpt2	False	0.0018987172516062856	9.040759086608887
Ġshe	303	 she	4	distilbert/distilgpt2	distilbert/distilgpt2	False	0.4489484429359436	1.1553783416748047
David	304	David	0	distilbert/distilgpt2	distilbert/distilgpt2	False	1.0	0.0
Ġangered	304	 angered	1	distilbert/distilgpt2	distilbert/distilgpt2	False	2.363292317397736e-08	25.334627151489258
ĠMary	304	 Mary	2	distilbert/distilgpt2	distilbert/distilgpt2	False	6.647549889748916e-05	13.87681770324707
Ġbecause	304	 because	3	distilbert/distilgpt2	distilbert/distilgpt2	False	0.0006162280915305018	10.664247512817383
Ġshe	304	 she	4	distilbert/distilgpt2	distilbert/distilgpt2	False	0.4293401539325714	1.2198070287704468
John	305	John	0	distilbert/distilgpt2	distilbert/distilgpt2	False	1.0	0.0
Ġannoyed	305	 annoyed	1	distilbert/distilgpt2	distilbert/distilgpt2	False	4.5416403082754186e-08	24.3922119140625
ĠDavid	305	 David	2	distilbert/distilgpt2	distilbert/distilgpt2	False	0.00021324014232959598	12.195233345031738
Ġbecause	305	 because	3	distilbert/distilgpt2	distilbert/distilgpt2	False	0.0018739104270935059	9.059732437133789
Ġhe	305	 he	4	distilbert/distilgpt2	distilbert/distilgpt2	False	0.4430105686187744	1.1745870113372803
Mary	306	Mary	0	distilbert/distilgpt2	distilbert/distilgpt2	False	1.0	0.0
Ġannoyed	306	 annoyed	1	distilbert/distilgpt2	distilbert/distilgpt2	False	4.407394982308688e-08	24.43549919128418
ĠDavid	306	 David	2	distilbert/distilgpt2	distilbert/distilgpt2	False	0.00013196335930842906	12.887575149536133
Ġbecause	306	 because	3	distilbert/distilgpt2	distilbert/distilgpt2	False	0.002664171624928713	8.55209732055664
Ġhe	306	 he	4	distilbert/distilgpt2	distilbert/distilgpt2	False	0.43664079904556274	1.1954811811447144
John	307	John	0	distilbert/distilgpt2	distilbert/distilgpt2	False	1.0	0.0
Ġannoyed	307	 annoyed	1	distilbert/distilgpt2	distilbert/distilgpt2	False	4.5416403082754186e-08	24.3922119140625
ĠDavid	307	 David	2	distilbert/distilgpt2	distilbert/distilgpt2	False	0.00021324014232959598	12.195233345031738
Ġbecause	307	 because	3	distilbert/distilgpt2	distilbert/distilgpt2	False	0.0018739104270935059	9.059732437133789
Ġhe	307	 he	4	distilbert/distilgpt2	distilbert/distilgpt2	False	0.4430105686187744	1.1745870113372803
Sarah	308	Sarah	0	distilbert/distilgpt2	distilbert/distilgpt2	False	1.0	0.0
Ġannoyed	308	 annoyed	1	distilbert/distilgpt2	distilbert/distilgpt2	False	4.4558959189089364e-08	24.419710159301758
ĠDavid	308	 David	2	distilbert/distilgpt2	distilbert/distilgpt2	False	0.00021829594334121794	12.16142749786377
Ġbecause	308	 because	3	distilbert/distilgpt2	distilbert/distilgpt2	False	0.002124470891430974	8.878680229187012
Ġhe	308	 he	4	distilbert/distilgpt2	distilbert/distilgpt2	False	0.4376884698867798	1.192023754119873
David	309	David	0	distilbert/distilgpt2	distilbert/distilgpt2	False	1.0	0.0
Ġannoyed	309	 annoyed	1	distilbert/distilgpt2	distilbert/distilgpt2	False	4.8647798678302934e-08	24.29305076599121
ĠJohn	309	 John	2	distilbert/distilgpt2	distilbert/distilgpt2	False	0.0007418491877615452	10.396586418151855
Ġbecause	309	 because	3	distilbert/distilgpt2	distilbert/distilgpt2	False	0.0026168785989284515	8.577937126159668
Ġhe	309	 he	4	distilbert/distilgpt2	distilbert/distilgpt2	False	0.4296214282512665	1.2188621759414673
Mary	310	Mary	0	distilbert/distilgpt2	distilbert/distilgpt2	False	1.0	0.0
Ġannoyed	310	 annoyed	1	distilbert/distilgpt2	distilbert/distilgpt2	False	4.407394982308688e-08	24.43549919128418
ĠJohn	310	 John	2	distilbert/distilgpt2	distilbert/distilgpt2	False	0.0004257230320945382	11.197796821594238
Ġbecause	310	 because	3	distilbert/distilgpt2	distilbert/distilgpt2	False	0.00475421454757452	7.716577529907227
Ġhe	310	 he	4	distilbert/distilgpt2	distilbert/distilgpt2	False	0.4279419779777527	1.2245129346847534
David	311	David	0	distilbert/distilgpt2	distilbert/distilgpt2	False	1.0	0.0
Ġannoyed	311	 annoyed	1	distilbert/distilgpt2	distilbert/distilgpt2	False	4.8647798678302934e-08	24.29305076599121
ĠJohn	311	 John	2	distilbert/distilgpt2	distilbert/distilgpt2	False	0.0007418491877615452	10.396586418151855
Ġbecause	311	 because	3	distilbert/distilgpt2	distilbert/distilgpt2	False	0.0026168785989284515	8.577937126159668
Ġhe	311	 he	4	distilbert/distilgpt2	distilbert/distilgpt2	False	0.4296214282512665	1.2188621759414673
Sarah	312	Sarah	0	distilbert/distilgpt2	distilbert/distilgpt2	False	1.0	0.0
Ġannoyed	312	 annoyed	1	distilbert/distilgpt2	distilbert/distilgpt2	False	4.4558959189089364e-08	24.419710159301758
ĠJohn	312	 John	2	distilbert/distilgpt2	distilbert/distilgpt2	False	0.0006450973451137543	10.598196029663086
Ġbecause	312	 because	3	distilbert/distilgpt2	distilbert/distilgpt2	False	0.007465678732842207	7.0655107498168945
Ġhe	312	 he	4	distilbert/distilgpt2	distilbert/distilgpt2	False	0.41942253708839417	1.2535237073898315
Mary	313	Mary	0	distilbert/distilgpt2	distilbert/distilgpt2	False	1.0	0.0
Ġannoyed	313	 annoyed	1	distilbert/distilgpt2	distilbert/distilgpt2	False	4.407394982308688e-08	24.43549919128418
ĠSarah	313	 Sarah	2	distilbert/distilgpt2	distilbert/distilgpt2	False	9.08306465134956e-05	13.426461219787598
Ġbecause	313	 because	3	distilbert/distilgpt2	distilbert/distilgpt2	False	0.00561783229932189	7.475770950317383
Ġshe	313	 she	4	distilbert/distilgpt2	distilbert/distilgpt2	False	0.4964767098426819	1.0102020502090454
John	314	John	0	distilbert/distilgpt2	distilbert/distilgpt2	False	1.0	0.0
Ġannoyed	314	 annoyed	1	distilbert/distilgpt2	distilbert/distilgpt2	False	4.5416403082754186e-08	24.3922119140625
ĠSarah	314	 Sarah	2	distilbert/distilgpt2	distilbert/distilgpt2	False	0.00012272005551494658	12.992341041564941
Ġbecause	314	 because	3	distilbert/distilgpt2	distilbert/distilgpt2	False	0.004737352952361107	7.721703052520752
Ġshe	314	 she	4	distilbert/distilgpt2	distilbert/distilgpt2	False	0.46946489810943604	1.090910792350769
Mary	315	Mary	0	distilbert/distilgpt2	distilbert/distilgpt2	False	1.0	0.0
Ġannoyed	315	 annoyed	1	distilbert/distilgpt2	distilbert/distilgpt2	False	4.407394982308688e-08	24.43549919128418
ĠSarah	315	 Sarah	2	distilbert/distilgpt2	distilbert/distilgpt2	False	9.08306465134956e-05	13.426461219787598
Ġbecause	315	 because	3	distilbert/distilgpt2	distilbert/distilgpt2	False	0.00561783229932189	7.475770950317383
Ġshe	315	 she	4	distilbert/distilgpt2	distilbert/distilgpt2	False	0.4964767098426819	1.0102020502090454
David	316	David	0	distilbert/distilgpt2	distilbert/distilgpt2	False	1.0	0.0
Ġannoyed	316	 annoyed	1	distilbert/distilgpt2	distilbert/distilgpt2	False	4.8647798678302934e-08	24.29305076599121
ĠSarah	316	 Sarah	2	distilbert/distilgpt2	distilbert/distilgpt2	False	0.00011082605487899855	13.139415740966797
Ġbecause	316	 because	3	distilbert/distilgpt2	distilbert/distilgpt2	False	0.0019076198805123568	9.034010887145996
Ġshe	316	 she	4	distilbert/distilgpt2	distilbert/distilgpt2	False	0.4534691870212555	1.1409236192703247
Sarah	317	Sarah	0	distilbert/distilgpt2	distilbert/distilgpt2	False	1.0	0.0
Ġannoyed	317	 annoyed	1	distilbert/distilgpt2	distilbert/distilgpt2	False	4.4558959189089364e-08	24.419710159301758
ĠMary	317	 Mary	2	distilbert/distilgpt2	distilbert/distilgpt2	False	0.0002575866528786719	11.922654151916504
Ġbecause	317	 because	3	distilbert/distilgpt2	distilbert/distilgpt2	False	0.0033112100791186094	8.238426208496094
Ġshe	317	 she	4	distilbert/distilgpt2	distilbert/distilgpt2	False	0.44262275099754333	1.175850510597229
John	318	John	0	distilbert/distilgpt2	distilbert/distilgpt2	False	1.0	0.0
Ġannoyed	318	 annoyed	1	distilbert/distilgpt2	distilbert/distilgpt2	False	4.5416403082754186e-08	24.3922119140625
ĠMary	318	 Mary	2	distilbert/distilgpt2	distilbert/distilgpt2	False	0.0002078218531096354	12.232364654541016
Ġbecause	318	 because	3	distilbert/distilgpt2	distilbert/distilgpt2	False	0.003559843869879842	8.133970260620117
Ġshe	318	 she	4	distilbert/distilgpt2	distilbert/distilgpt2	False	0.45795997977256775	1.126706600189209
Sarah	319	Sarah	0	distilbert/distilgpt2	distilbert/distilgpt2	False	1.0	0.0
Ġannoyed	319	 annoyed	1	distilbert/distilgpt2	distilbert/distilgpt2	False	4.4558959189089364e-08	24.419710159301758
ĠMary	319	 Mary	2	distilbert/distilgpt2	distilbert/distilgpt2	False	0.0002575866528786719	11.922654151916504
Ġbecause	319	 because	3	distilbert/distilgpt2	distilbert/distilgpt2	False	0.0033112100791186094	8.238426208496094
Ġshe	319	 she	4	distilbert/distilgpt2	distilbert/distilgpt2	False	0.44262275099754333	1.175850510597229
David	320	David	0	distilbert/distilgpt2	distilbert/distilgpt2	False	1.0	0.0
Ġannoyed	320	 annoyed	1	distilbert/distilgpt2	distilbert/distilgpt2	False	4.8647798678302934e-08	24.29305076599121
ĠMary	320	 Mary	2	distilbert/distilgpt2	distilbert/distilgpt2	False	0.00018324129632674158	12.413968086242676
Ġbecause	320	 because	3	distilbert/distilgpt2	distilbert/distilgpt2	False	0.0015308931469917297	9.351410865783691
Ġshe	320	 she	4	distilbert/distilgpt2	distilbert/distilgpt2	False	0.43155619502067566	1.2123796939849854
John	321	John	0	distilbert/distilgpt2	distilbert/distilgpt2	False	1.0	0.0
Ġanswered	321	 answered	1	distilbert/distilgpt2	distilbert/distilgpt2	False	1.5654380831620074e-06	19.285001754760742
ĠDavid	321	 David	2	distilbert/distilgpt2	distilbert/distilgpt2	False	9.258362115360796e-05	13.398883819580078
Ġbecause	321	 because	3	distilbert/distilgpt2	distilbert/distilgpt2	False	0.0003146824019495398	11.63381576538086
Ġhe	321	 he	4	distilbert/distilgpt2	distilbert/distilgpt2	False	0.31341099739074707	1.6738723516464233
Mary	322	Mary	0	distilbert/distilgpt2	distilbert/distilgpt2	False	1.0	0.0
Ġanswered	322	 answered	1	distilbert/distilgpt2	distilbert/distilgpt2	False	1.5154134871409042e-06	19.331857681274414
ĠDavid	322	 David	2	distilbert/distilgpt2	distilbert/distilgpt2	False	0.00010583207767922431	13.20593547821045
Ġbecause	322	 because	3	distilbert/distilgpt2	distilbert/distilgpt2	False	0.00048305283416993916	11.015531539916992
Ġhe	322	 he	4	distilbert/distilgpt2	distilbert/distilgpt2	False	0.32895755767822266	1.6040266752243042
John	323	John	0	distilbert/distilgpt2	distilbert/distilgpt2	False	1.0	0.0
Ġanswered	323	 answered	1	distilbert/distilgpt2	distilbert/distilgpt2	False	1.5654380831620074e-06	19.285001754760742
ĠDavid	323	 David	2	distilbert/distilgpt2	distilbert/distilgpt2	False	9.258362115360796e-05	13.398883819580078
Ġbecause	323	 because	3	distilbert/distilgpt2	distilbert/distilgpt2	False	0.0003146824019495398	11.63381576538086
Ġhe	323	 he	4	distilbert/distilgpt2	distilbert/distilgpt2	False	0.31341099739074707	1.6738723516464233
Sarah	324	Sarah	0	distilbert/distilgpt2	distilbert/distilgpt2	False	1.0	0.0
Ġanswered	324	 answered	1	distilbert/distilgpt2	distilbert/distilgpt2	False	1.8390584273220156e-06	19.052600860595703
ĠDavid	324	 David	2	distilbert/distilgpt2	distilbert/distilgpt2	False	9.314466296928003e-05	13.390167236328125
Ġbecause	324	 because	3	distilbert/distilgpt2	distilbert/distilgpt2	False	0.0004280627181287855	11.189889907836914
Ġhe	324	 he	4	distilbert/distilgpt2	distilbert/distilgpt2	False	0.32571664452552795	1.6183106899261475
David	325	David	0	distilbert/distilgpt2	distilbert/distilgpt2	False	1.0	0.0
Ġanswered	325	 answered	1	distilbert/distilgpt2	distilbert/distilgpt2	False	1.437534024262277e-06	19.40797233581543
ĠJohn	325	 John	2	distilbert/distilgpt2	distilbert/distilgpt2	False	0.00016368160140700638	12.576820373535156
Ġbecause	325	 because	3	distilbert/distilgpt2	distilbert/distilgpt2	False	0.0003295837377663702	11.56706714630127
Ġhe	325	 he	4	distilbert/distilgpt2	distilbert/distilgpt2	False	0.30956727266311646	1.6916751861572266
Mary	326	Mary	0	distilbert/distilgpt2	distilbert/distilgpt2	False	1.0	0.0
Ġanswered	326	 answered	1	distilbert/distilgpt2	distilbert/distilgpt2	False	1.5154134871409042e-06	19.331857681274414
ĠJohn	326	 John	2	distilbert/distilgpt2	distilbert/distilgpt2	False	0.00014852016465738416	12.717053413391113
Ġbecause	326	 because	3	distilbert/distilgpt2	distilbert/distilgpt2	False	0.0006597095052711666	10.565881729125977
Ġhe	326	 he	4	distilbert/distilgpt2	distilbert/distilgpt2	False	0.3525224030017853	1.5042132139205933
David	327	David	0	distilbert/distilgpt2	distilbert/distilgpt2	False	1.0	0.0
Ġanswered	327	 answered	1	distilbert/distilgpt2	distilbert/distilgpt2	False	1.437534024262277e-06	19.40797233581543
ĠJohn	327	 John	2	distilbert/distilgpt2	distilbert/distilgpt2	False	0.00016368160140700638	12.576820373535156
Ġbecause	327	 because	3	distilbert/distilgpt2	distilbert/distilgpt2	False	0.0003295837377663702	11.56706714630127
Ġhe	327	 he	4	distilbert/distilgpt2	distilbert/distilgpt2	False	0.30956727266311646	1.6916751861572266
Sarah	328	Sarah	0	distilbert/distilgpt2	distilbert/distilgpt2	False	1.0	0.0
Ġanswered	328	 answered	1	distilbert/distilgpt2	distilbert/distilgpt2	False	1.8390584273220156e-06	19.052600860595703
ĠJohn	328	 John	2	distilbert/distilgpt2	distilbert/distilgpt2	False	0.00011998671106994152	13.024837493896484
Ġbecause	328	 because	3	distilbert/distilgpt2	distilbert/distilgpt2	False	0.0009079579031094909	10.105087280273438
Ġhe	328	 he	4	distilbert/distilgpt2	distilbert/distilgpt2	False	0.31837955117225647	1.6511805057525635
Mary	329	Mary	0	distilbert/distilgpt2	distilbert/distilgpt2	False	1.0	0.0
Ġanswered	329	 answered	1	distilbert/distilgpt2	distilbert/distilgpt2	False	1.5154134871409042e-06	19.331857681274414
ĠSarah	329	 Sarah	2	distilbert/distilgpt2	distilbert/distilgpt2	False	2.0923849660903215e-05	15.544492721557617
Ġbecause	329	 because	3	distilbert/distilgpt2	distilbert/distilgpt2	False	0.001074190135113895	9.862534523010254
Ġshe	329	 she	4	distilbert/distilgpt2	distilbert/distilgpt2	False	0.41097304224967957	1.2828843593597412
John	330	John	0	distilbert/distilgpt2	distilbert/distilgpt2	False	1.0	0.0
Ġanswered	330	 answered	1	distilbert/distilgpt2	distilbert/distilgpt2	False	1.5654380831620074e-06	19.285001754760742
ĠSarah	330	 Sarah	2	distilbert/distilgpt2	distilbert/distilgpt2	False	1.6046391465351917e-05	15.92739200592041
Ġbecause	330	 because	3	distilbert/distilgpt2	distilbert/distilgpt2	False	0.0007283822051249444	10.423016548156738
Ġshe	330	 she	4	distilbert/distilgpt2	distilbert/distilgpt2	False	0.34730562567710876	1.5257223844528198
Mary	331	Mary	0	distilbert/distilgpt2	distilbert/distilgpt2	False	1.0	0.0
Ġanswered	331	 answered	1	distilbert/distilgpt2	distilbert/distilgpt2	False	1.5154134871409042e-06	19.331857681274414
ĠSarah	331	 Sarah	2	distilbert/distilgpt2	distilbert/distilgpt2	False	2.0923849660903215e-05	15.544492721557617
Ġbecause	331	 because	3	distilbert/distilgpt2	distilbert/distilgpt2	False	0.001074190135113895	9.862534523010254
Ġshe	331	 she	4	distilbert/distilgpt2	distilbert/distilgpt2	False	0.41097304224967957	1.2828843593597412
David	332	David	0	distilbert/distilgpt2	distilbert/distilgpt2	False	1.0	0.0
Ġanswered	332	 answered	1	distilbert/distilgpt2	distilbert/distilgpt2	False	1.437534024262277e-06	19.40797233581543
ĠSarah	332	 Sarah	2	distilbert/distilgpt2	distilbert/distilgpt2	False	1.9623546904767863e-05	15.637054443359375
Ġbecause	332	 because	3	distilbert/distilgpt2	distilbert/distilgpt2	False	0.0004331759118940681	11.172759056091309
Ġshe	332	 she	4	distilbert/distilgpt2	distilbert/distilgpt2	False	0.3473895192146301	1.525373935699463
Sarah	333	Sarah	0	distilbert/distilgpt2	distilbert/distilgpt2	False	1.0	0.0
Ġanswered	333	 answered	1	distilbert/distilgpt2	distilbert/distilgpt2	False	1.8390584273220156e-06	19.052600860595703
ĠMary	333	 Mary	2	distilbert/distilgpt2	distilbert/distilgpt2	False	2.7243479053140618e-05	15.163729667663574
Ġbecause	333	 because	3	distilbert/distilgpt2	distilbert/distilgpt2	False	0.000500471331179142	10.964425086975098
Ġshe	333	 she	4	distilbert/distilgpt2	distilbert/distilgpt2	False	0.33781343698501587	1.5657013654708862
John	334	John	0	distilbert/distilgpt2	distilbert/distilgpt2	False	1.0	0.0
Ġanswered	334	 answered	1	distilbert/distilgpt2	distilbert/distilgpt2	False	1.5654380831620074e-06	19.285001754760742
ĠMary	334	 Mary	2	distilbert/distilgpt2	distilbert/distilgpt2	False	1.716863516776357e-05	15.829865455627441
Ġbecause	334	 because	3	distilbert/distilgpt2	distilbert/distilgpt2	False	0.0005365339457057416	10.864043235778809
Ġshe	334	 she	4	distilbert/distilgpt2	distilbert/distilgpt2	False	0.3253057599067688	1.6201317310333252
Sarah	335	Sarah	0	distilbert/distilgpt2	distilbert/distilgpt2	False	1.0	0.0
Ġanswered	335	 answered	1	distilbert/distilgpt2	distilbert/distilgpt2	False	1.8390584273220156e-06	19.052600860595703
ĠMary	335	 Mary	2	distilbert/distilgpt2	distilbert/distilgpt2	False	2.7243479053140618e-05	15.163729667663574
Ġbecause	335	 because	3	distilbert/distilgpt2	distilbert/distilgpt2	False	0.000500471331179142	10.964425086975098
Ġshe	335	 she	4	distilbert/distilgpt2	distilbert/distilgpt2	False	0.33781343698501587	1.5657013654708862
David	336	David	0	distilbert/distilgpt2	distilbert/distilgpt2	False	1.0	0.0
Ġanswered	336	 answered	1	distilbert/distilgpt2	distilbert/distilgpt2	False	1.437534024262277e-06	19.40797233581543
ĠMary	336	 Mary	2	distilbert/distilgpt2	distilbert/distilgpt2	False	2.2254211216932163e-05	15.455561637878418
Ġbecause	336	 because	3	distilbert/distilgpt2	distilbert/distilgpt2	False	0.0002098985278280452	12.21802043914795
Ġshe	336	 she	4	distilbert/distilgpt2	distilbert/distilgpt2	False	0.32046014070510864	1.6417832374572754
John	337	John	0	distilbert/distilgpt2	distilbert/distilgpt2	False	1.0	0.0
Ġantagon	337	 antagonized	1	distilbert/distilgpt2	distilbert/distilgpt2	False	2.8650870120827676e-08	25.056846618652344
ized	337	 antagonized	1	distilbert/distilgpt2	distilbert/distilgpt2	False	0.1165795624256134	3.1006133556365967
ĠDavid	337	 David	2	distilbert/distilgpt2	distilbert/distilgpt2	False	0.0004244002921041101	11.202286720275879
Ġbecause	337	 because	3	distilbert/distilgpt2	distilbert/distilgpt2	False	0.00032670373911969364	11.579729080200195
Ġhe	337	 he	4	distilbert/distilgpt2	distilbert/distilgpt2	False	0.3900592625141144	1.3582347631454468
Mary	338	Mary	0	distilbert/distilgpt2	distilbert/distilgpt2	False	1.0	0.0
Ġantagon	338	 antagonized	1	distilbert/distilgpt2	distilbert/distilgpt2	False	2.762162587544026e-08	25.10962677001953
ized	338	 antagonized	1	distilbert/distilgpt2	distilbert/distilgpt2	False	0.1495566964149475	2.7412354946136475
ĠDavid	338	 David	2	distilbert/distilgpt2	distilbert/distilgpt2	False	0.00026968398015014827	11.85644245147705
Ġbecause	338	 because	3	distilbert/distilgpt2	distilbert/distilgpt2	False	0.0004698664415627718	11.055461883544922
Ġhe	338	 he	4	distilbert/distilgpt2	distilbert/distilgpt2	False	0.38836973905563354	1.3644973039627075
John	339	John	0	distilbert/distilgpt2	distilbert/distilgpt2	False	1.0	0.0
Ġantagon	339	 antagonized	1	distilbert/distilgpt2	distilbert/distilgpt2	False	2.8650870120827676e-08	25.056846618652344
ized	339	 antagonized	1	distilbert/distilgpt2	distilbert/distilgpt2	False	0.1165795624256134	3.1006133556365967
ĠDavid	339	 David	2	distilbert/distilgpt2	distilbert/distilgpt2	False	0.0004244002921041101	11.202286720275879
Ġbecause	339	 because	3	distilbert/distilgpt2	distilbert/distilgpt2	False	0.00032670373911969364	11.579729080200195
Ġhe	339	 he	4	distilbert/distilgpt2	distilbert/distilgpt2	False	0.3900592625141144	1.3582347631454468
Sarah	340	Sarah	0	distilbert/distilgpt2	distilbert/distilgpt2	False	1.0	0.0
Ġantagon	340	 antagonized	1	distilbert/distilgpt2	distilbert/distilgpt2	False	2.3867073650762904e-08	25.320402145385742
ized	340	 antagonized	1	distilbert/distilgpt2	distilbert/distilgpt2	False	0.19505305588245392	2.3580615520477295
ĠDavid	340	 David	2	distilbert/distilgpt2	distilbert/distilgpt2	False	0.0005036666407249868	10.955243110656738
Ġbecause	340	 because	3	distilbert/distilgpt2	distilbert/distilgpt2	False	0.0003172521246597171	11.622082710266113
Ġhe	340	 he	4	distilbert/distilgpt2	distilbert/distilgpt2	False	0.40041324496269226	1.3204383850097656
David	341	David	0	distilbert/distilgpt2	distilbert/distilgpt2	False	1.0	0.0
Ġantagon	341	 antagonized	1	distilbert/distilgpt2	distilbert/distilgpt2	False	2.919557040570453e-08	25.029674530029297
ized	341	 antagonized	1	distilbert/distilgpt2	distilbert/distilgpt2	False	0.1767386794090271	2.500310182571411
ĠJohn	341	 John	2	distilbert/distilgpt2	distilbert/distilgpt2	False	0.0011471727630123496	9.767702102661133
Ġbecause	341	 because	3	distilbert/distilgpt2	distilbert/distilgpt2	False	0.0003622737422119826	11.430632591247559
Ġhe	341	 he	4	distilbert/distilgpt2	distilbert/distilgpt2	False	0.3919461965560913	1.351272463798523
Mary	342	Mary	0	distilbert/distilgpt2	distilbert/distilgpt2	False	1.0	0.0
Ġantagon	342	 antagonized	1	distilbert/distilgpt2	distilbert/distilgpt2	False	2.762162587544026e-08	25.10962677001953
ized	342	 antagonized	1	distilbert/distilgpt2	distilbert/distilgpt2	False	0.1495566964149475	2.7412354946136475
ĠJohn	342	 John	2	distilbert/distilgpt2	distilbert/distilgpt2	False	0.000649698544293642	10.587942123413086
Ġbecause	342	 because	3	distilbert/distilgpt2	distilbert/distilgpt2	False	0.0008034807397052646	10.281449317932129
Ġhe	342	 he	4	distilbert/distilgpt2	distilbert/distilgpt2	False	0.4069758653640747	1.2969849109649658
David	343	David	0	distilbert/distilgpt2	distilbert/distilgpt2	False	1.0	0.0
Ġantagon	343	 antagonized	1	distilbert/distilgpt2	distilbert/distilgpt2	False	2.919557040570453e-08	25.029674530029297
ized	343	 antagonized	1	distilbert/distilgpt2	distilbert/distilgpt2	False	0.1767386794090271	2.500310182571411
ĠJohn	343	 John	2	distilbert/distilgpt2	distilbert/distilgpt2	False	0.0011471727630123496	9.767702102661133
Ġbecause	343	 because	3	distilbert/distilgpt2	distilbert/distilgpt2	False	0.0003622737422119826	11.430632591247559
Ġhe	343	 he	4	distilbert/distilgpt2	distilbert/distilgpt2	False	0.3919461965560913	1.351272463798523
Sarah	344	Sarah	0	distilbert/distilgpt2	distilbert/distilgpt2	False	1.0	0.0
Ġantagon	344	 antagonized	1	distilbert/distilgpt2	distilbert/distilgpt2	False	2.3867073650762904e-08	25.320402145385742
ized	344	 antagonized	1	distilbert/distilgpt2	distilbert/distilgpt2	False	0.19505305588245392	2.3580615520477295
ĠJohn	344	 John	2	distilbert/distilgpt2	distilbert/distilgpt2	False	0.0010513504967093468	9.893540382385254
Ġbecause	344	 because	3	distilbert/distilgpt2	distilbert/distilgpt2	False	0.0009690940496511757	10.011075973510742
Ġhe	344	 he	4	distilbert/distilgpt2	distilbert/distilgpt2	False	0.4011712372303009	1.3177099227905273
Mary	345	Mary	0	distilbert/distilgpt2	distilbert/distilgpt2	False	1.0	0.0
Ġantagon	345	 antagonized	1	distilbert/distilgpt2	distilbert/distilgpt2	False	2.762162587544026e-08	25.10962677001953
ized	345	 antagonized	1	distilbert/distilgpt2	distilbert/distilgpt2	False	0.1495566964149475	2.7412354946136475
ĠSarah	345	 Sarah	2	distilbert/distilgpt2	distilbert/distilgpt2	False	8.125849126372486e-05	13.587121963500977
Ġbecause	345	 because	3	distilbert/distilgpt2	distilbert/distilgpt2	False	0.0017280096653848886	9.17667293548584
Ġshe	345	 she	4	distilbert/distilgpt2	distilbert/distilgpt2	False	0.45728516578674316	1.1288340091705322
John	346	John	0	distilbert/distilgpt2	distilbert/distilgpt2	False	1.0	0.0
Ġantagon	346	 antagonized	1	distilbert/distilgpt2	distilbert/distilgpt2	False	2.8650870120827676e-08	25.056846618652344
ized	346	 antagonized	1	distilbert/distilgpt2	distilbert/distilgpt2	False	0.1165795624256134	3.1006133556365967
ĠSarah	346	 Sarah	2	distilbert/distilgpt2	distilbert/distilgpt2	False	0.00011457928485469893	13.091365814208984
Ġbecause	346	 because	3	distilbert/distilgpt2	distilbert/distilgpt2	False	0.000677716510836035	10.527030944824219
Ġshe	346	 she	4	distilbert/distilgpt2	distilbert/distilgpt2	False	0.4455432891845703	1.1663625240325928
Mary	347	Mary	0	distilbert/distilgpt2	distilbert/distilgpt2	False	1.0	0.0
Ġantagon	347	 antagonized	1	distilbert/distilgpt2	distilbert/distilgpt2	False	2.762162587544026e-08	25.10962677001953
ized	347	 antagonized	1	distilbert/distilgpt2	distilbert/distilgpt2	False	0.1495566964149475	2.7412354946136475
ĠSarah	347	 Sarah	2	distilbert/distilgpt2	distilbert/distilgpt2	False	8.125849126372486e-05	13.587121963500977
Ġbecause	347	 because	3	distilbert/distilgpt2	distilbert/distilgpt2	False	0.0017280096653848886	9.17667293548584
Ġshe	347	 she	4	distilbert/distilgpt2	distilbert/distilgpt2	False	0.45728516578674316	1.1288340091705322
David	348	David	0	distilbert/distilgpt2	distilbert/distilgpt2	False	1.0	0.0
Ġantagon	348	 antagonized	1	distilbert/distilgpt2	distilbert/distilgpt2	False	2.919557040570453e-08	25.029674530029297
ized	348	 antagonized	1	distilbert/distilgpt2	distilbert/distilgpt2	False	0.1767386794090271	2.500310182571411
ĠSarah	348	 Sarah	2	distilbert/distilgpt2	distilbert/distilgpt2	False	0.00014510186156257987	12.750646591186523
Ġbecause	348	 because	3	distilbert/distilgpt2	distilbert/distilgpt2	False	0.00023384741507470608	12.062145233154297
Ġshe	348	 she	4	distilbert/distilgpt2	distilbert/distilgpt2	False	0.4342934191226959	1.2032580375671387
Sarah	349	Sarah	0	distilbert/distilgpt2	distilbert/distilgpt2	False	1.0	0.0
Ġantagon	349	 antagonized	1	distilbert/distilgpt2	distilbert/distilgpt2	False	2.3867073650762904e-08	25.320402145385742
ized	349	 antagonized	1	distilbert/distilgpt2	distilbert/distilgpt2	False	0.19505305588245392	2.3580615520477295
ĠMary	349	 Mary	2	distilbert/distilgpt2	distilbert/distilgpt2	False	0.00024906510952860117	11.971189498901367
Ġbecause	349	 because	3	distilbert/distilgpt2	distilbert/distilgpt2	False	0.001500182319432497	9.380646705627441
Ġshe	349	 she	4	distilbert/distilgpt2	distilbert/distilgpt2	False	0.39078015089035034	1.355570912361145
John	350	John	0	distilbert/distilgpt2	distilbert/distilgpt2	False	1.0	0.0
Ġantagon	350	 antagonized	1	distilbert/distilgpt2	distilbert/distilgpt2	False	2.8650870120827676e-08	25.056846618652344
ized	350	 antagonized	1	distilbert/distilgpt2	distilbert/distilgpt2	False	0.1165795624256134	3.1006133556365967
ĠMary	350	 Mary	2	distilbert/distilgpt2	distilbert/distilgpt2	False	0.0001804787025321275	12.435883522033691
Ġbecause	350	 because	3	distilbert/distilgpt2	distilbert/distilgpt2	False	0.0017657075077295303	9.145538330078125
Ġshe	350	 she	4	distilbert/distilgpt2	distilbert/distilgpt2	False	0.3976520895957947	1.3304213285446167
Sarah	351	Sarah	0	distilbert/distilgpt2	distilbert/distilgpt2	False	1.0	0.0
Ġantagon	351	 antagonized	1	distilbert/distilgpt2	distilbert/distilgpt2	False	2.3867073650762904e-08	25.320402145385742
ized	351	 antagonized	1	distilbert/distilgpt2	distilbert/distilgpt2	False	0.19505305588245392	2.3580615520477295
ĠMary	351	 Mary	2	distilbert/distilgpt2	distilbert/distilgpt2	False	0.00024906510952860117	11.971189498901367
Ġbecause	351	 because	3	distilbert/distilgpt2	distilbert/distilgpt2	False	0.001500182319432497	9.380646705627441
Ġshe	351	 she	4	distilbert/distilgpt2	distilbert/distilgpt2	False	0.39078015089035034	1.355570912361145
David	352	David	0	distilbert/distilgpt2	distilbert/distilgpt2	False	1.0	0.0
Ġantagon	352	 antagonized	1	distilbert/distilgpt2	distilbert/distilgpt2	False	2.919557040570453e-08	25.029674530029297
ized	352	 antagonized	1	distilbert/distilgpt2	distilbert/distilgpt2	False	0.1767386794090271	2.500310182571411
ĠMary	352	 Mary	2	distilbert/distilgpt2	distilbert/distilgpt2	False	0.00017624159227125347	12.470157623291016
Ġbecause	352	 because	3	distilbert/distilgpt2	distilbert/distilgpt2	False	0.0006277256179600954	10.637578010559082
Ġshe	352	 she	4	distilbert/distilgpt2	distilbert/distilgpt2	False	0.3883798122406006	1.3644598722457886
John	353	John	0	distilbert/distilgpt2	distilbert/distilgpt2	False	1.0	0.0
Ġapologized	353	 apologized	1	distilbert/distilgpt2	distilbert/distilgpt2	False	4.8935362428892404e-08	24.284547805786133
Ġto	353	 to	2	distilbert/distilgpt2	distilbert/distilgpt2	False	0.2604523301124573	1.9409087896347046
ĠDavid	353	 David	3	distilbert/distilgpt2	distilbert/distilgpt2	False	0.0015451846411451697	9.338005065917969
Ġbecause	353	 because	4	distilbert/distilgpt2	distilbert/distilgpt2	False	0.00034820858854800463	11.487760543823242
Ġhe	353	 he	5	distilbert/distilgpt2	distilbert/distilgpt2	False	0.4836982190608978	1.0478209257125854
Mary	354	Mary	0	distilbert/distilgpt2	distilbert/distilgpt2	False	1.0	0.0
Ġapologized	354	 apologized	1	distilbert/distilgpt2	distilbert/distilgpt2	False	5.39190168069581e-08	24.144630432128906
Ġto	354	 to	2	distilbert/distilgpt2	distilbert/distilgpt2	False	0.289331316947937	1.7892056703567505
ĠDavid	354	 David	3	distilbert/distilgpt2	distilbert/distilgpt2	False	0.0012213506270200014	9.67730712890625
Ġbecause	354	 because	4	distilbert/distilgpt2	distilbert/distilgpt2	False	0.0003099425812251866	11.65571117401123
Ġhe	354	 he	5	distilbert/distilgpt2	distilbert/distilgpt2	False	0.46808525919914246	1.0951567888259888
John	355	John	0	distilbert/distilgpt2	distilbert/distilgpt2	False	1.0	0.0
Ġapologized	355	 apologized	1	distilbert/distilgpt2	distilbert/distilgpt2	False	4.8935362428892404e-08	24.284547805786133
Ġto	355	 to	2	distilbert/distilgpt2	distilbert/distilgpt2	False	0.2604523301124573	1.9409087896347046
ĠDavid	355	 David	3	distilbert/distilgpt2	distilbert/distilgpt2	False	0.0015451846411451697	9.338005065917969
Ġbecause	355	 because	4	distilbert/distilgpt2	distilbert/distilgpt2	False	0.00034820858854800463	11.487760543823242
Ġhe	355	 he	5	distilbert/distilgpt2	distilbert/distilgpt2	False	0.4836982190608978	1.0478209257125854
Sarah	356	Sarah	0	distilbert/distilgpt2	distilbert/distilgpt2	False	1.0	0.0
Ġapologized	356	 apologized	1	distilbert/distilgpt2	distilbert/distilgpt2	False	6.52191260996915e-08	23.87013053894043
Ġto	356	 to	2	distilbert/distilgpt2	distilbert/distilgpt2	False	0.28550073504447937	1.8084336519241333
ĠDavid	356	 David	3	distilbert/distilgpt2	distilbert/distilgpt2	False	0.0016152129974216223	9.274060249328613
Ġbecause	356	 because	4	distilbert/distilgpt2	distilbert/distilgpt2	False	0.0002470064500812441	11.983163833618164
Ġhe	356	 he	5	distilbert/distilgpt2	distilbert/distilgpt2	False	0.46979421377182007	1.0898991823196411
David	357	David	0	distilbert/distilgpt2	distilbert/distilgpt2	False	1.0	0.0
Ġapologized	357	 apologized	1	distilbert/distilgpt2	distilbert/distilgpt2	False	6.09677499596728e-08	23.967378616333008
Ġto	357	 to	2	distilbert/distilgpt2	distilbert/distilgpt2	False	0.26207977533340454	1.931922197341919
ĠJohn	357	 John	3	distilbert/distilgpt2	distilbert/distilgpt2	False	0.0024726171977818012	8.659745216369629
Ġbecause	357	 because	4	distilbert/distilgpt2	distilbert/distilgpt2	False	0.00035765586653724313	11.449140548706055
Ġhe	357	 he	5	distilbert/distilgpt2	distilbert/distilgpt2	False	0.48932307958602905	1.0311408042907715
Mary	358	Mary	0	distilbert/distilgpt2	distilbert/distilgpt2	False	1.0	0.0
Ġapologized	358	 apologized	1	distilbert/distilgpt2	distilbert/distilgpt2	False	5.39190168069581e-08	24.144630432128906
Ġto	358	 to	2	distilbert/distilgpt2	distilbert/distilgpt2	False	0.289331316947937	1.7892056703567505
ĠJohn	358	 John	3	distilbert/distilgpt2	distilbert/distilgpt2	False	0.0026166464667767286	8.578064918518066
Ġbecause	358	 because	4	distilbert/distilgpt2	distilbert/distilgpt2	False	0.0005538660916499794	10.818175315856934
Ġhe	358	 he	5	distilbert/distilgpt2	distilbert/distilgpt2	False	0.48295822739601135	1.0500297546386719
David	359	David	0	distilbert/distilgpt2	distilbert/distilgpt2	False	1.0	0.0
Ġapologized	359	 apologized	1	distilbert/distilgpt2	distilbert/distilgpt2	False	6.09677499596728e-08	23.967378616333008
Ġto	359	 to	2	distilbert/distilgpt2	distilbert/distilgpt2	False	0.26207977533340454	1.931922197341919
ĠJohn	359	 John	3	distilbert/distilgpt2	distilbert/distilgpt2	False	0.0024726171977818012	8.659745216369629
Ġbecause	359	 because	4	distilbert/distilgpt2	distilbert/distilgpt2	False	0.00035765586653724313	11.449140548706055
Ġhe	359	 he	5	distilbert/distilgpt2	distilbert/distilgpt2	False	0.48932307958602905	1.0311408042907715
Sarah	360	Sarah	0	distilbert/distilgpt2	distilbert/distilgpt2	False	1.0	0.0
Ġapologized	360	 apologized	1	distilbert/distilgpt2	distilbert/distilgpt2	False	6.52191260996915e-08	23.87013053894043
Ġto	360	 to	2	distilbert/distilgpt2	distilbert/distilgpt2	False	0.28550073504447937	1.8084336519241333
ĠJohn	360	 John	3	distilbert/distilgpt2	distilbert/distilgpt2	False	0.0029053795151412487	8.427057266235352
Ġbecause	360	 because	4	distilbert/distilgpt2	distilbert/distilgpt2	False	0.0006478161085397005	10.592127799987793
Ġhe	360	 he	5	distilbert/distilgpt2	distilbert/distilgpt2	False	0.48069146275520325	1.0568169355392456
Mary	361	Mary	0	distilbert/distilgpt2	distilbert/distilgpt2	False	1.0	0.0
Ġapologized	361	 apologized	1	distilbert/distilgpt2	distilbert/distilgpt2	False	5.39190168069581e-08	24.144630432128906
Ġto	361	 to	2	distilbert/distilgpt2	distilbert/distilgpt2	False	0.289331316947937	1.7892056703567505
ĠSarah	361	 Sarah	3	distilbert/distilgpt2	distilbert/distilgpt2	False	0.0004806123615708202	11.022838592529297
Ġbecause	361	 because	4	distilbert/distilgpt2	distilbert/distilgpt2	False	0.0012983595952391624	9.589094161987305
Ġshe	361	 she	5	distilbert/distilgpt2	distilbert/distilgpt2	False	0.4805339276790619	1.0572898387908936
John	362	John	0	distilbert/distilgpt2	distilbert/distilgpt2	False	1.0	0.0
Ġapologized	362	 apologized	1	distilbert/distilgpt2	distilbert/distilgpt2	False	4.8935362428892404e-08	24.284547805786133
Ġto	362	 to	2	distilbert/distilgpt2	distilbert/distilgpt2	False	0.2604523301124573	1.9409087896347046
ĠSarah	362	 Sarah	3	distilbert/distilgpt2	distilbert/distilgpt2	False	0.000495374493766576	10.979192733764648
Ġbecause	362	 because	4	distilbert/distilgpt2	distilbert/distilgpt2	False	0.0008246601792052388	10.243912696838379
Ġshe	362	 she	5	distilbert/distilgpt2	distilbert/distilgpt2	False	0.47958430647850037	1.0601437091827393
Mary	363	Mary	0	distilbert/distilgpt2	distilbert/distilgpt2	False	1.0	0.0
Ġapologized	363	 apologized	1	distilbert/distilgpt2	distilbert/distilgpt2	False	5.39190168069581e-08	24.144630432128906
Ġto	363	 to	2	distilbert/distilgpt2	distilbert/distilgpt2	False	0.289331316947937	1.7892056703567505
ĠSarah	363	 Sarah	3	distilbert/distilgpt2	distilbert/distilgpt2	False	0.0004806123615708202	11.022838592529297
Ġbecause	363	 because	4	distilbert/distilgpt2	distilbert/distilgpt2	False	0.0012983595952391624	9.589094161987305
Ġshe	363	 she	5	distilbert/distilgpt2	distilbert/distilgpt2	False	0.4805339276790619	1.0572898387908936
David	364	David	0	distilbert/distilgpt2	distilbert/distilgpt2	False	1.0	0.0
Ġapologized	364	 apologized	1	distilbert/distilgpt2	distilbert/distilgpt2	False	6.09677499596728e-08	23.967378616333008
Ġto	364	 to	2	distilbert/distilgpt2	distilbert/distilgpt2	False	0.26207977533340454	1.931922197341919
ĠSarah	364	 Sarah	3	distilbert/distilgpt2	distilbert/distilgpt2	False	0.00046699150698259473	11.064315795898438
Ġbecause	364	 because	4	distilbert/distilgpt2	distilbert/distilgpt2	False	0.0004806361976079643	11.022767066955566
Ġshe	364	 she	5	distilbert/distilgpt2	distilbert/distilgpt2	False	0.48310983180999756	1.0495768785476685
Sarah	365	Sarah	0	distilbert/distilgpt2	distilbert/distilgpt2	False	1.0	0.0
Ġapologized	365	 apologized	1	distilbert/distilgpt2	distilbert/distilgpt2	False	6.52191260996915e-08	23.87013053894043
Ġto	365	 to	2	distilbert/distilgpt2	distilbert/distilgpt2	False	0.28550073504447937	1.8084336519241333
ĠMary	365	 Mary	3	distilbert/distilgpt2	distilbert/distilgpt2	False	0.0005723607609979808	10.770787239074707
Ġbecause	365	 because	4	distilbert/distilgpt2	distilbert/distilgpt2	False	0.00132327014580369	9.561676979064941
Ġshe	365	 she	5	distilbert/distilgpt2	distilbert/distilgpt2	False	0.433231383562088	1.2067903280258179
John	366	John	0	distilbert/distilgpt2	distilbert/distilgpt2	False	1.0	0.0
Ġapologized	366	 apologized	1	distilbert/distilgpt2	distilbert/distilgpt2	False	4.8935362428892404e-08	24.284547805786133
Ġto	366	 to	2	distilbert/distilgpt2	distilbert/distilgpt2	False	0.2604523301124573	1.9409087896347046
ĠMary	366	 Mary	3	distilbert/distilgpt2	distilbert/distilgpt2	False	0.0004868133692070842	11.00434398651123
Ġbecause	366	 because	4	distilbert/distilgpt2	distilbert/distilgpt2	False	0.0015824016882106662	9.303668022155762
Ġshe	366	 she	5	distilbert/distilgpt2	distilbert/distilgpt2	False	0.4494907259941101	1.1536368131637573
Sarah	367	Sarah	0	distilbert/distilgpt2	distilbert/distilgpt2	False	1.0	0.0
Ġapologized	367	 apologized	1	distilbert/distilgpt2	distilbert/distilgpt2	False	6.52191260996915e-08	23.87013053894043
Ġto	367	 to	2	distilbert/distilgpt2	distilbert/distilgpt2	False	0.28550073504447937	1.8084336519241333
ĠMary	367	 Mary	3	distilbert/distilgpt2	distilbert/distilgpt2	False	0.0005723607609979808	10.770787239074707
Ġbecause	367	 because	4	distilbert/distilgpt2	distilbert/distilgpt2	False	0.00132327014580369	9.561676979064941
Ġshe	367	 she	5	distilbert/distilgpt2	distilbert/distilgpt2	False	0.433231383562088	1.2067903280258179
David	368	David	0	distilbert/distilgpt2	distilbert/distilgpt2	False	1.0	0.0
Ġapologized	368	 apologized	1	distilbert/distilgpt2	distilbert/distilgpt2	False	6.09677499596728e-08	23.967378616333008
Ġto	368	 to	2	distilbert/distilgpt2	distilbert/distilgpt2	False	0.26207977533340454	1.931922197341919
ĠMary	368	 Mary	3	distilbert/distilgpt2	distilbert/distilgpt2	False	0.000400395569158718	11.286286354064941
Ġbecause	368	 because	4	distilbert/distilgpt2	distilbert/distilgpt2	False	0.0007469067932106555	10.386784553527832
Ġshe	368	 she	5	distilbert/distilgpt2	distilbert/distilgpt2	False	0.45119574666023254	1.1481746435165405
John	369	John	0	distilbert/distilgpt2	distilbert/distilgpt2	False	1.0	0.0
Ġappalled	369	 appalled	1	distilbert/distilgpt2	distilbert/distilgpt2	False	1.2308256636117676e-08	26.275798797607422
ĠDavid	369	 David	2	distilbert/distilgpt2	distilbert/distilgpt2	False	8.13430015114136e-05	13.58562183380127
Ġbecause	369	 because	3	distilbert/distilgpt2	distilbert/distilgpt2	False	0.0001755241974024102	12.476042747497559
Ġhe	369	 he	4	distilbert/distilgpt2	distilbert/distilgpt2	False	0.38095420598983765	1.3923105001449585
Mary	370	Mary	0	distilbert/distilgpt2	distilbert/distilgpt2	False	1.0	0.0
Ġappalled	370	 appalled	1	distilbert/distilgpt2	distilbert/distilgpt2	False	1.5237361594699905e-08	25.967811584472656
ĠDavid	370	 David	2	distilbert/distilgpt2	distilbert/distilgpt2	False	4.319921208661981e-05	14.498635292053223
Ġbecause	370	 because	3	distilbert/distilgpt2	distilbert/distilgpt2	False	0.0003380168054718524	11.530617713928223
Ġhe	370	 he	4	distilbert/distilgpt2	distilbert/distilgpt2	False	0.3855253756046295	1.3751022815704346
John	371	John	0	distilbert/distilgpt2	distilbert/distilgpt2	False	1.0	0.0
Ġappalled	371	 appalled	1	distilbert/distilgpt2	distilbert/distilgpt2	False	1.2308256636117676e-08	26.275798797607422
ĠDavid	371	 David	2	distilbert/distilgpt2	distilbert/distilgpt2	False	8.13430015114136e-05	13.58562183380127
Ġbecause	371	 because	3	distilbert/distilgpt2	distilbert/distilgpt2	False	0.0001755241974024102	12.476042747497559
Ġhe	371	 he	4	distilbert/distilgpt2	distilbert/distilgpt2	False	0.38095420598983765	1.3923105001449585
Sarah	372	Sarah	0	distilbert/distilgpt2	distilbert/distilgpt2	False	1.0	0.0
Ġappalled	372	 appalled	1	distilbert/distilgpt2	distilbert/distilgpt2	False	1.2859172393575591e-08	26.212627410888672
ĠDavid	372	 David	2	distilbert/distilgpt2	distilbert/distilgpt2	False	7.568022556370124e-05	13.68972396850586
Ġbecause	372	 because	3	distilbert/distilgpt2	distilbert/distilgpt2	False	0.000209518926567398	12.22063159942627
Ġhe	372	 he	4	distilbert/distilgpt2	distilbert/distilgpt2	False	0.39202889800071716	1.3509681224822998
David	373	David	0	distilbert/distilgpt2	distilbert/distilgpt2	False	1.0	0.0
Ġappalled	373	 appalled	1	distilbert/distilgpt2	distilbert/distilgpt2	False	1.4232149680992734e-08	26.06627082824707
ĠJohn	373	 John	2	distilbert/distilgpt2	distilbert/distilgpt2	False	8.68348652147688e-05	13.491366386413574
Ġbecause	373	 because	3	distilbert/distilgpt2	distilbert/distilgpt2	False	0.00033581603202037513	11.540040969848633
Ġhe	373	 he	4	distilbert/distilgpt2	distilbert/distilgpt2	False	0.38899680972099304	1.362169861793518
Mary	374	Mary	0	distilbert/distilgpt2	distilbert/distilgpt2	False	1.0	0.0
Ġappalled	374	 appalled	1	distilbert/distilgpt2	distilbert/distilgpt2	False	1.5237361594699905e-08	25.967811584472656
ĠJohn	374	 John	2	distilbert/distilgpt2	distilbert/distilgpt2	False	5.2284209232311696e-05	14.223264694213867
Ġbecause	374	 because	3	distilbert/distilgpt2	distilbert/distilgpt2	False	0.0005799033679068089	10.751899719238281
Ġhe	374	 he	4	distilbert/distilgpt2	distilbert/distilgpt2	False	0.38749584555625916	1.3677473068237305
David	375	David	0	distilbert/distilgpt2	distilbert/distilgpt2	False	1.0	0.0
Ġappalled	375	 appalled	1	distilbert/distilgpt2	distilbert/distilgpt2	False	1.4232149680992734e-08	26.06627082824707
ĠJohn	375	 John	2	distilbert/distilgpt2	distilbert/distilgpt2	False	8.68348652147688e-05	13.491366386413574
Ġbecause	375	 because	3	distilbert/distilgpt2	distilbert/distilgpt2	False	0.00033581603202037513	11.540040969848633
Ġhe	375	 he	4	distilbert/distilgpt2	distilbert/distilgpt2	False	0.38899680972099304	1.362169861793518
Sarah	376	Sarah	0	distilbert/distilgpt2	distilbert/distilgpt2	False	1.0	0.0
Ġappalled	376	 appalled	1	distilbert/distilgpt2	distilbert/distilgpt2	False	1.2859172393575591e-08	26.212627410888672
ĠJohn	376	 John	2	distilbert/distilgpt2	distilbert/distilgpt2	False	8.306965173687786e-05	13.555318832397461
Ġbecause	376	 because	3	distilbert/distilgpt2	distilbert/distilgpt2	False	0.0008226618519984186	10.24741268157959
Ġhe	376	 he	4	distilbert/distilgpt2	distilbert/distilgpt2	False	0.38153550028800964	1.3901108503341675
Mary	377	Mary	0	distilbert/distilgpt2	distilbert/distilgpt2	False	1.0	0.0
Ġappalled	377	 appalled	1	distilbert/distilgpt2	distilbert/distilgpt2	False	1.5237361594699905e-08	25.967811584472656
ĠSarah	377	 Sarah	2	distilbert/distilgpt2	distilbert/distilgpt2	False	1.2091502867406234e-05	16.335647583007812
Ġbecause	377	 because	3	distilbert/distilgpt2	distilbert/distilgpt2	False	0.0009506732458248734	10.038763046264648
Ġshe	377	 she	4	distilbert/distilgpt2	distilbert/distilgpt2	False	0.43056774139404297	1.215687870979309
John	378	John	0	distilbert/distilgpt2	distilbert/distilgpt2	False	1.0	0.0
Ġappalled	378	 appalled	1	distilbert/distilgpt2	distilbert/distilgpt2	False	1.2308256636117676e-08	26.275798797607422
ĠSarah	378	 Sarah	2	distilbert/distilgpt2	distilbert/distilgpt2	False	1.7819131244323216e-05	15.776213645935059
Ġbecause	378	 because	3	distilbert/distilgpt2	distilbert/distilgpt2	False	0.0003596629831008613	11.44106674194336
Ġshe	378	 she	4	distilbert/distilgpt2	distilbert/distilgpt2	False	0.4099794924259186	1.2863763570785522
Mary	379	Mary	0	distilbert/distilgpt2	distilbert/distilgpt2	False	1.0	0.0
Ġappalled	379	 appalled	1	distilbert/distilgpt2	distilbert/distilgpt2	False	1.5237361594699905e-08	25.967811584472656
ĠSarah	379	 Sarah	2	distilbert/distilgpt2	distilbert/distilgpt2	False	1.2091502867406234e-05	16.335647583007812
Ġbecause	379	 because	3	distilbert/distilgpt2	distilbert/distilgpt2	False	0.0009506732458248734	10.038763046264648
Ġshe	379	 she	4	distilbert/distilgpt2	distilbert/distilgpt2	False	0.43056774139404297	1.215687870979309
David	380	David	0	distilbert/distilgpt2	distilbert/distilgpt2	False	1.0	0.0
Ġappalled	380	 appalled	1	distilbert/distilgpt2	distilbert/distilgpt2	False	1.4232149680992734e-08	26.06627082824707
ĠSarah	380	 Sarah	2	distilbert/distilgpt2	distilbert/distilgpt2	False	1.6152360331034288e-05	15.917895317077637
Ġbecause	380	 because	3	distilbert/distilgpt2	distilbert/distilgpt2	False	0.00022008885571267456	12.149626731872559
Ġshe	380	 she	4	distilbert/distilgpt2	distilbert/distilgpt2	False	0.4015454649925232	1.3163647651672363
Sarah	381	Sarah	0	distilbert/distilgpt2	distilbert/distilgpt2	False	1.0	0.0
Ġappalled	381	 appalled	1	distilbert/distilgpt2	distilbert/distilgpt2	False	1.2859172393575591e-08	26.212627410888672
ĠMary	381	 Mary	2	distilbert/distilgpt2	distilbert/distilgpt2	False	4.629028626368381e-05	14.398930549621582
Ġbecause	381	 because	3	distilbert/distilgpt2	distilbert/distilgpt2	False	0.0004387452208902687	11.154329299926758
Ġshe	381	 she	4	distilbert/distilgpt2	distilbert/distilgpt2	False	0.38700830936431885	1.3695635795593262
John	382	John	0	distilbert/distilgpt2	distilbert/distilgpt2	False	1.0	0.0
Ġappalled	382	 appalled	1	distilbert/distilgpt2	distilbert/distilgpt2	False	1.2308256636117676e-08	26.275798797607422
ĠMary	382	 Mary	2	distilbert/distilgpt2	distilbert/distilgpt2	False	3.303119956399314e-05	14.885810852050781
Ġbecause	382	 because	3	distilbert/distilgpt2	distilbert/distilgpt2	False	0.0004856147279497236	11.00790023803711
Ġshe	382	 she	4	distilbert/distilgpt2	distilbert/distilgpt2	False	0.3907882869243622	1.3555408716201782
Sarah	383	Sarah	0	distilbert/distilgpt2	distilbert/distilgpt2	False	1.0	0.0
Ġappalled	383	 appalled	1	distilbert/distilgpt2	distilbert/distilgpt2	False	1.2859172393575591e-08	26.212627410888672
ĠMary	383	 Mary	2	distilbert/distilgpt2	distilbert/distilgpt2	False	4.629028626368381e-05	14.398930549621582
Ġbecause	383	 because	3	distilbert/distilgpt2	distilbert/distilgpt2	False	0.0004387452208902687	11.154329299926758
Ġshe	383	 she	4	distilbert/distilgpt2	distilbert/distilgpt2	False	0.38700830936431885	1.3695635795593262
David	384	David	0	distilbert/distilgpt2	distilbert/distilgpt2	False	1.0	0.0
Ġappalled	384	 appalled	1	distilbert/distilgpt2	distilbert/distilgpt2	False	1.4232149680992734e-08	26.06627082824707
ĠMary	384	 Mary	2	distilbert/distilgpt2	distilbert/distilgpt2	False	3.110576290055178e-05	14.972458839416504
Ġbecause	384	 because	3	distilbert/distilgpt2	distilbert/distilgpt2	False	0.000264077156316489	11.88675308227539
Ġshe	384	 she	4	distilbert/distilgpt2	distilbert/distilgpt2	False	0.36979949474334717	1.4351848363876343
John	385	John	0	distilbert/distilgpt2	distilbert/distilgpt2	False	1.0	0.0
Ġappe	385	 appeased	1	distilbert/distilgpt2	distilbert/distilgpt2	False	1.0662803973104928e-08	26.482837677001953
ased	385	 appeased	1	distilbert/distilgpt2	distilbert/distilgpt2	False	0.47486454248428345	1.0744121074676514
ĠDavid	385	 David	2	distilbert/distilgpt2	distilbert/distilgpt2	False	0.00019696321396622807	12.309785842895508
Ġbecause	385	 because	3	distilbert/distilgpt2	distilbert/distilgpt2	False	0.0007235579541884363	10.43260383605957
Ġhe	385	 he	4	distilbert/distilgpt2	distilbert/distilgpt2	False	0.39787086844444275	1.3296278715133667
Mary	386	Mary	0	distilbert/distilgpt2	distilbert/distilgpt2	False	1.0	0.0
Ġappe	386	 appeased	1	distilbert/distilgpt2	distilbert/distilgpt2	False	1.1959119916582495e-08	26.31731414794922
ased	386	 appeased	1	distilbert/distilgpt2	distilbert/distilgpt2	False	0.44274309277534485	1.175458312034607
ĠDavid	386	 David	2	distilbert/distilgpt2	distilbert/distilgpt2	False	0.00012922818132210523	12.917791366577148
Ġbecause	386	 because	3	distilbert/distilgpt2	distilbert/distilgpt2	False	0.0014924139250069857	9.388136863708496
Ġhe	386	 he	4	distilbert/distilgpt2	distilbert/distilgpt2	False	0.39973556995391846	1.3228821754455566
John	387	John	0	distilbert/distilgpt2	distilbert/distilgpt2	False	1.0	0.0
Ġappe	387	 appeased	1	distilbert/distilgpt2	distilbert/distilgpt2	False	1.0662803973104928e-08	26.482837677001953
ased	387	 appeased	1	distilbert/distilgpt2	distilbert/distilgpt2	False	0.47486454248428345	1.0744121074676514
ĠDavid	387	 David	2	distilbert/distilgpt2	distilbert/distilgpt2	False	0.00019696321396622807	12.309785842895508
Ġbecause	387	 because	3	distilbert/distilgpt2	distilbert/distilgpt2	False	0.0007235579541884363	10.43260383605957
Ġhe	387	 he	4	distilbert/distilgpt2	distilbert/distilgpt2	False	0.39787086844444275	1.3296278715133667
Sarah	388	Sarah	0	distilbert/distilgpt2	distilbert/distilgpt2	False	1.0	0.0
Ġappe	388	 appeased	1	distilbert/distilgpt2	distilbert/distilgpt2	False	9.624463892521362e-09	26.630645751953125
ased	388	 appeased	1	distilbert/distilgpt2	distilbert/distilgpt2	False	0.4686574935913086	1.093394160270691
ĠDavid	388	 David	2	distilbert/distilgpt2	distilbert/distilgpt2	False	0.0001521381054772064	12.682331085205078
Ġbecause	388	 because	3	distilbert/distilgpt2	distilbert/distilgpt2	False	0.00047928979620337486	11.026814460754395
Ġhe	388	 he	4	distilbert/distilgpt2	distilbert/distilgpt2	False	0.4088517427444458	1.290350317955017
David	389	David	0	distilbert/distilgpt2	distilbert/distilgpt2	False	1.0	0.0
Ġappe	389	 appeased	1	distilbert/distilgpt2	distilbert/distilgpt2	False	1.1760939777616386e-08	26.341421127319336
ased	389	 appeased	1	distilbert/distilgpt2	distilbert/distilgpt2	False	0.6425359845161438	0.6381509304046631
ĠJohn	389	 John	2	distilbert/distilgpt2	distilbert/distilgpt2	False	0.0003655770851764828	11.417536735534668
Ġbecause	389	 because	3	distilbert/distilgpt2	distilbert/distilgpt2	False	0.0005113621591590345	10.933366775512695
Ġhe	389	 he	4	distilbert/distilgpt2	distilbert/distilgpt2	False	0.41040945053100586	1.2848641872406006
Mary	390	Mary	0	distilbert/distilgpt2	distilbert/distilgpt2	False	1.0	0.0
Ġappe	390	 appeased	1	distilbert/distilgpt2	distilbert/distilgpt2	False	1.1959119916582495e-08	26.31731414794922
ased	390	 appeased	1	distilbert/distilgpt2	distilbert/distilgpt2	False	0.44274309277534485	1.175458312034607
ĠJohn	390	 John	2	distilbert/distilgpt2	distilbert/distilgpt2	False	0.00022747230832464993	12.102021217346191
Ġbecause	390	 because	3	distilbert/distilgpt2	distilbert/distilgpt2	False	0.0021053836680948734	8.891700744628906
Ġhe	390	 he	4	distilbert/distilgpt2	distilbert/distilgpt2	False	0.4265157878398895	1.229328989982605
David	391	David	0	distilbert/distilgpt2	distilbert/distilgpt2	False	1.0	0.0
Ġappe	391	 appeased	1	distilbert/distilgpt2	distilbert/distilgpt2	False	1.1760939777616386e-08	26.341421127319336
ased	391	 appeased	1	distilbert/distilgpt2	distilbert/distilgpt2	False	0.6425359845161438	0.6381509304046631
ĠJohn	391	 John	2	distilbert/distilgpt2	distilbert/distilgpt2	False	0.0003655770851764828	11.417536735534668
Ġbecause	391	 because	3	distilbert/distilgpt2	distilbert/distilgpt2	False	0.0005113621591590345	10.933366775512695
Ġhe	391	 he	4	distilbert/distilgpt2	distilbert/distilgpt2	False	0.41040945053100586	1.2848641872406006
Sarah	392	Sarah	0	distilbert/distilgpt2	distilbert/distilgpt2	False	1.0	0.0
Ġappe	392	 appeased	1	distilbert/distilgpt2	distilbert/distilgpt2	False	9.624463892521362e-09	26.630645751953125
ased	392	 appeased	1	distilbert/distilgpt2	distilbert/distilgpt2	False	0.4686574935913086	1.093394160270691
ĠJohn	392	 John	2	distilbert/distilgpt2	distilbert/distilgpt2	False	0.0001917213958222419	12.348701477050781
Ġbecause	392	 because	3	distilbert/distilgpt2	distilbert/distilgpt2	False	0.001857205294072628	9.072650909423828
Ġhe	392	 he	4	distilbert/distilgpt2	distilbert/distilgpt2	False	0.40509042143821716	1.303684115409851
Mary	393	Mary	0	distilbert/distilgpt2	distilbert/distilgpt2	False	1.0	0.0
Ġappe	393	 appeased	1	distilbert/distilgpt2	distilbert/distilgpt2	False	1.1959119916582495e-08	26.31731414794922
ased	393	 appeased	1	distilbert/distilgpt2	distilbert/distilgpt2	False	0.44274309277534485	1.175458312034607
ĠSarah	393	 Sarah	2	distilbert/distilgpt2	distilbert/distilgpt2	False	2.7718220735550858e-05	15.138805389404297
Ġbecause	393	 because	3	distilbert/distilgpt2	distilbert/distilgpt2	False	0.0032114458736032248	8.282561302185059
Ġshe	393	 she	4	distilbert/distilgpt2	distilbert/distilgpt2	False	0.4922468960285187	1.0225460529327393
John	394	John	0	distilbert/distilgpt2	distilbert/distilgpt2	False	1.0	0.0
Ġappe	394	 appeased	1	distilbert/distilgpt2	distilbert/distilgpt2	False	1.0662803973104928e-08	26.482837677001953
ased	394	 appeased	1	distilbert/distilgpt2	distilbert/distilgpt2	False	0.47486454248428345	1.0744121074676514
ĠSarah	394	 Sarah	2	distilbert/distilgpt2	distilbert/distilgpt2	False	3.514396303216927e-05	14.796363830566406
Ġbecause	394	 because	3	distilbert/distilgpt2	distilbert/distilgpt2	False	0.0011795561295002699	9.727540016174316
Ġshe	394	 she	4	distilbert/distilgpt2	distilbert/distilgpt2	False	0.4549626410007477	1.13618004322052
Mary	395	Mary	0	distilbert/distilgpt2	distilbert/distilgpt2	False	1.0	0.0
Ġappe	395	 appeased	1	distilbert/distilgpt2	distilbert/distilgpt2	False	1.1959119916582495e-08	26.31731414794922
ased	395	 appeased	1	distilbert/distilgpt2	distilbert/distilgpt2	False	0.44274309277534485	1.175458312034607
ĠSarah	395	 Sarah	2	distilbert/distilgpt2	distilbert/distilgpt2	False	2.7718220735550858e-05	15.138805389404297
Ġbecause	395	 because	3	distilbert/distilgpt2	distilbert/distilgpt2	False	0.0032114458736032248	8.282561302185059
Ġshe	395	 she	4	distilbert/distilgpt2	distilbert/distilgpt2	False	0.4922468960285187	1.0225460529327393
David	396	David	0	distilbert/distilgpt2	distilbert/distilgpt2	False	1.0	0.0
Ġappe	396	 appeased	1	distilbert/distilgpt2	distilbert/distilgpt2	False	1.1760939777616386e-08	26.341421127319336
ased	396	 appeased	1	distilbert/distilgpt2	distilbert/distilgpt2	False	0.6425359845161438	0.6381509304046631
ĠSarah	396	 Sarah	2	distilbert/distilgpt2	distilbert/distilgpt2	False	4.482507210923359e-05	14.445334434509277
Ġbecause	396	 because	3	distilbert/distilgpt2	distilbert/distilgpt2	False	0.00025812815874814987	11.919625282287598
Ġshe	396	 she	4	distilbert/distilgpt2	distilbert/distilgpt2	False	0.4521099328994751	1.1452544927597046
Sarah	397	Sarah	0	distilbert/distilgpt2	distilbert/distilgpt2	False	1.0	0.0
Ġappe	397	 appeased	1	distilbert/distilgpt2	distilbert/distilgpt2	False	9.624463892521362e-09	26.630645751953125
ased	397	 appeased	1	distilbert/distilgpt2	distilbert/distilgpt2	False	0.4686574935913086	1.093394160270691
ĠMary	397	 Mary	2	distilbert/distilgpt2	distilbert/distilgpt2	False	5.530904309125617e-05	14.142125129699707
Ġbecause	397	 because	3	distilbert/distilgpt2	distilbert/distilgpt2	False	0.0015073542017489672	9.37376594543457
Ġshe	397	 she	4	distilbert/distilgpt2	distilbert/distilgpt2	False	0.4302666485309601	1.216697096824646
John	398	John	0	distilbert/distilgpt2	distilbert/distilgpt2	False	1.0	0.0
Ġappe	398	 appeased	1	distilbert/distilgpt2	distilbert/distilgpt2	False	1.0662803973104928e-08	26.482837677001953
ased	398	 appeased	1	distilbert/distilgpt2	distilbert/distilgpt2	False	0.47486454248428345	1.0744121074676514
ĠMary	398	 Mary	2	distilbert/distilgpt2	distilbert/distilgpt2	False	6.798096001148224e-05	13.844510078430176
Ġbecause	398	 because	3	distilbert/distilgpt2	distilbert/distilgpt2	False	0.002474987180903554	8.658363342285156
Ġshe	398	 she	4	distilbert/distilgpt2	distilbert/distilgpt2	False	0.42734578251838684	1.2265242338180542
Sarah	399	Sarah	0	distilbert/distilgpt2	distilbert/distilgpt2	False	1.0	0.0
Ġappe	399	 appeased	1	distilbert/distilgpt2	distilbert/distilgpt2	False	9.624463892521362e-09	26.630645751953125
ased	399	 appeased	1	distilbert/distilgpt2	distilbert/distilgpt2	False	0.4686574935913086	1.093394160270691
ĠMary	399	 Mary	2	distilbert/distilgpt2	distilbert/distilgpt2	False	5.530904309125617e-05	14.142125129699707
Ġbecause	399	 because	3	distilbert/distilgpt2	distilbert/distilgpt2	False	0.0015073542017489672	9.37376594543457
Ġshe	399	 she	4	distilbert/distilgpt2	distilbert/distilgpt2	False	0.4302666485309601	1.216697096824646
David	400	David	0	distilbert/distilgpt2	distilbert/distilgpt2	False	1.0	0.0
Ġappe	400	 appeased	1	distilbert/distilgpt2	distilbert/distilgpt2	False	1.1760939777616386e-08	26.341421127319336
ased	400	 appeased	1	distilbert/distilgpt2	distilbert/distilgpt2	False	0.6425359845161438	0.6381509304046631
ĠMary	400	 Mary	2	distilbert/distilgpt2	distilbert/distilgpt2	False	5.5073556723073125e-05	14.14828109741211
Ġbecause	400	 because	3	distilbert/distilgpt2	distilbert/distilgpt2	False	0.0009795360965654254	9.995614051818848
Ġshe	400	 she	4	distilbert/distilgpt2	distilbert/distilgpt2	False	0.42719629406929016	1.2270289659500122
John	401	John	0	distilbert/distilgpt2	distilbert/distilgpt2	False	1.0	0.0
Ġapplauded	401	 applauded	1	distilbert/distilgpt2	distilbert/distilgpt2	False	5.331920860385253e-08	24.160768508911133
ĠDavid	401	 David	2	distilbert/distilgpt2	distilbert/distilgpt2	False	0.0010826647048816085	9.851198196411133
Ġbecause	401	 because	3	distilbert/distilgpt2	distilbert/distilgpt2	False	0.0002449115854687989	11.995450973510742
Ġhe	401	 he	4	distilbert/distilgpt2	distilbert/distilgpt2	False	0.435453861951828	1.1994082927703857
Mary	402	Mary	0	distilbert/distilgpt2	distilbert/distilgpt2	False	1.0	0.0
Ġapplauded	402	 applauded	1	distilbert/distilgpt2	distilbert/distilgpt2	False	6.011476472167487e-08	23.98770523071289
ĠDavid	402	 David	2	distilbert/distilgpt2	distilbert/distilgpt2	False	0.0007425282965414226	10.39526653289795
Ġbecause	402	 because	3	distilbert/distilgpt2	distilbert/distilgpt2	False	0.0003020008734893054	11.693159103393555
Ġhe	402	 he	4	distilbert/distilgpt2	distilbert/distilgpt2	False	0.4387092888355255	1.1886628866195679
John	403	John	0	distilbert/distilgpt2	distilbert/distilgpt2	False	1.0	0.0
Ġapplauded	403	 applauded	1	distilbert/distilgpt2	distilbert/distilgpt2	False	5.331920860385253e-08	24.160768508911133
ĠDavid	403	 David	2	distilbert/distilgpt2	distilbert/distilgpt2	False	0.0010826647048816085	9.851198196411133
Ġbecause	403	 because	3	distilbert/distilgpt2	distilbert/distilgpt2	False	0.0002449115854687989	11.995450973510742
Ġhe	403	 he	4	distilbert/distilgpt2	distilbert/distilgpt2	False	0.435453861951828	1.1994082927703857
Sarah	404	Sarah	0	distilbert/distilgpt2	distilbert/distilgpt2	False	1.0	0.0
Ġapplauded	404	 applauded	1	distilbert/distilgpt2	distilbert/distilgpt2	False	5.990210638628923e-08	23.99281883239746
ĠDavid	404	 David	2	distilbert/distilgpt2	distilbert/distilgpt2	False	0.0011776655446738005	9.729854583740234
Ġbecause	404	 because	3	distilbert/distilgpt2	distilbert/distilgpt2	False	0.0002241965412395075	12.12294864654541
Ġhe	404	 he	4	distilbert/distilgpt2	distilbert/distilgpt2	False	0.4419213533401489	1.1781384944915771
David	405	David	0	distilbert/distilgpt2	distilbert/distilgpt2	False	1.0	0.0
Ġapplauded	405	 applauded	1	distilbert/distilgpt2	distilbert/distilgpt2	False	7.245736100003342e-08	23.718292236328125
ĠJohn	405	 John	2	distilbert/distilgpt2	distilbert/distilgpt2	False	0.001106702140532434	9.819517135620117
Ġbecause	405	 because	3	distilbert/distilgpt2	distilbert/distilgpt2	False	0.0002896953374147415	11.753175735473633
Ġhe	405	 he	4	distilbert/distilgpt2	distilbert/distilgpt2	False	0.45024532079696655	1.1512168645858765
Mary	406	Mary	0	distilbert/distilgpt2	distilbert/distilgpt2	False	1.0	0.0
Ġapplauded	406	 applauded	1	distilbert/distilgpt2	distilbert/distilgpt2	False	6.011476472167487e-08	23.98770523071289
ĠJohn	406	 John	2	distilbert/distilgpt2	distilbert/distilgpt2	False	0.0007845654035918415	10.315818786621094
Ġbecause	406	 because	3	distilbert/distilgpt2	distilbert/distilgpt2	False	0.0004620452818926424	11.079678535461426
Ġhe	406	 he	4	distilbert/distilgpt2	distilbert/distilgpt2	False	0.47289976477622986	1.080393671989441
David	407	David	0	distilbert/distilgpt2	distilbert/distilgpt2	False	1.0	0.0
Ġapplauded	407	 applauded	1	distilbert/distilgpt2	distilbert/distilgpt2	False	7.245736100003342e-08	23.718292236328125
ĠJohn	407	 John	2	distilbert/distilgpt2	distilbert/distilgpt2	False	0.001106702140532434	9.819517135620117
Ġbecause	407	 because	3	distilbert/distilgpt2	distilbert/distilgpt2	False	0.0002896953374147415	11.753175735473633
Ġhe	407	 he	4	distilbert/distilgpt2	distilbert/distilgpt2	False	0.45024532079696655	1.1512168645858765
Sarah	408	Sarah	0	distilbert/distilgpt2	distilbert/distilgpt2	False	1.0	0.0
Ġapplauded	408	 applauded	1	distilbert/distilgpt2	distilbert/distilgpt2	False	5.990210638628923e-08	23.99281883239746
ĠJohn	408	 John	2	distilbert/distilgpt2	distilbert/distilgpt2	False	0.0010821882169693708	9.851832389831543
Ġbecause	408	 because	3	distilbert/distilgpt2	distilbert/distilgpt2	False	0.0006237102788873017	10.646836280822754
Ġhe	408	 he	4	distilbert/distilgpt2	distilbert/distilgpt2	False	0.46351152658462524	1.1093229055404663
Mary	409	Mary	0	distilbert/distilgpt2	distilbert/distilgpt2	False	1.0	0.0
Ġapplauded	409	 applauded	1	distilbert/distilgpt2	distilbert/distilgpt2	False	6.011476472167487e-08	23.98770523071289
ĠSarah	409	 Sarah	2	distilbert/distilgpt2	distilbert/distilgpt2	False	9.384468285134062e-05	13.379365921020508
Ġbecause	409	 because	3	distilbert/distilgpt2	distilbert/distilgpt2	False	0.0014952730853110552	9.385375022888184
Ġshe	409	 she	4	distilbert/distilgpt2	distilbert/distilgpt2	False	0.49593210220336914	1.0117855072021484
John	410	John	0	distilbert/distilgpt2	distilbert/distilgpt2	False	1.0	0.0
Ġapplauded	410	 applauded	1	distilbert/distilgpt2	distilbert/distilgpt2	False	5.331920860385253e-08	24.160768508911133
ĠSarah	410	 Sarah	2	distilbert/distilgpt2	distilbert/distilgpt2	False	0.00010882748028961942	13.165669441223145
Ġbecause	410	 because	3	distilbert/distilgpt2	distilbert/distilgpt2	False	0.0009736893698573112	10.004250526428223
Ġshe	410	 she	4	distilbert/distilgpt2	distilbert/distilgpt2	False	0.48744267225265503	1.0366955995559692
Mary	411	Mary	0	distilbert/distilgpt2	distilbert/distilgpt2	False	1.0	0.0
Ġapplauded	411	 applauded	1	distilbert/distilgpt2	distilbert/distilgpt2	False	6.011476472167487e-08	23.98770523071289
ĠSarah	411	 Sarah	2	distilbert/distilgpt2	distilbert/distilgpt2	False	9.384468285134062e-05	13.379365921020508
Ġbecause	411	 because	3	distilbert/distilgpt2	distilbert/distilgpt2	False	0.0014952730853110552	9.385375022888184
Ġshe	411	 she	4	distilbert/distilgpt2	distilbert/distilgpt2	False	0.49593210220336914	1.0117855072021484
David	412	David	0	distilbert/distilgpt2	distilbert/distilgpt2	False	1.0	0.0
Ġapplauded	412	 applauded	1	distilbert/distilgpt2	distilbert/distilgpt2	False	7.245736100003342e-08	23.718292236328125
ĠSarah	412	 Sarah	2	distilbert/distilgpt2	distilbert/distilgpt2	False	0.00011184193863300607	13.126251220703125
Ġbecause	412	 because	3	distilbert/distilgpt2	distilbert/distilgpt2	False	0.0006714261253364384	10.540483474731445
Ġshe	412	 she	4	distilbert/distilgpt2	distilbert/distilgpt2	False	0.46405768394470215	1.1076239347457886
Sarah	413	Sarah	0	distilbert/distilgpt2	distilbert/distilgpt2	False	1.0	0.0
Ġapplauded	413	 applauded	1	distilbert/distilgpt2	distilbert/distilgpt2	False	5.990210638628923e-08	23.99281883239746
ĠMary	413	 Mary	2	distilbert/distilgpt2	distilbert/distilgpt2	False	0.0002148390340153128	12.184455871582031
Ġbecause	413	 because	3	distilbert/distilgpt2	distilbert/distilgpt2	False	0.00045221016625873744	11.110718727111816
Ġshe	413	 she	4	distilbert/distilgpt2	distilbert/distilgpt2	False	0.44363853335380554	1.1725434064865112
John	414	John	0	distilbert/distilgpt2	distilbert/distilgpt2	False	1.0	0.0
Ġapplauded	414	 applauded	1	distilbert/distilgpt2	distilbert/distilgpt2	False	5.331920860385253e-08	24.160768508911133
ĠMary	414	 Mary	2	distilbert/distilgpt2	distilbert/distilgpt2	False	0.0001308190985582769	12.900138854980469
Ġbecause	414	 because	3	distilbert/distilgpt2	distilbert/distilgpt2	False	0.0005279246834106743	10.887380599975586
Ġshe	414	 she	4	distilbert/distilgpt2	distilbert/distilgpt2	False	0.4543873071670532	1.1380056142807007
Sarah	415	Sarah	0	distilbert/distilgpt2	distilbert/distilgpt2	False	1.0	0.0
Ġapplauded	415	 applauded	1	distilbert/distilgpt2	distilbert/distilgpt2	False	5.990210638628923e-08	23.99281883239746
ĠMary	415	 Mary	2	distilbert/distilgpt2	distilbert/distilgpt2	False	0.0002148390340153128	12.184455871582031
Ġbecause	415	 because	3	distilbert/distilgpt2	distilbert/distilgpt2	False	0.00045221016625873744	11.110718727111816
Ġshe	415	 she	4	distilbert/distilgpt2	distilbert/distilgpt2	False	0.44363853335380554	1.1725434064865112
David	416	David	0	distilbert/distilgpt2	distilbert/distilgpt2	False	1.0	0.0
Ġapplauded	416	 applauded	1	distilbert/distilgpt2	distilbert/distilgpt2	False	7.245736100003342e-08	23.718292236328125
ĠMary	416	 Mary	2	distilbert/distilgpt2	distilbert/distilgpt2	False	0.0001420128101017326	12.781691551208496
Ġbecause	416	 because	3	distilbert/distilgpt2	distilbert/distilgpt2	False	0.00024123808543663472	12.017254829406738
Ġshe	416	 she	4	distilbert/distilgpt2	distilbert/distilgpt2	False	0.42078688740730286	1.2488384246826172
John	417	John	0	distilbert/distilgpt2	distilbert/distilgpt2	False	1.0	0.0
Ġappreciated	417	 appreciated	1	distilbert/distilgpt2	distilbert/distilgpt2	False	3.046733922928979e-07	21.64623260498047
ĠDavid	417	 David	2	distilbert/distilgpt2	distilbert/distilgpt2	False	0.00022335996618494391	12.128341674804688
Ġbecause	417	 because	3	distilbert/distilgpt2	distilbert/distilgpt2	False	0.0011864001862704754	9.719193458557129
Ġhe	417	 he	4	distilbert/distilgpt2	distilbert/distilgpt2	False	0.496271550655365	1.0107983350753784
Mary	418	Mary	0	distilbert/distilgpt2	distilbert/distilgpt2	False	1.0	0.0
Ġappreciated	418	 appreciated	1	distilbert/distilgpt2	distilbert/distilgpt2	False	3.3129470011772355e-07	21.525381088256836
ĠDavid	418	 David	2	distilbert/distilgpt2	distilbert/distilgpt2	False	0.0001599593088030815	12.610007286071777
Ġbecause	418	 because	3	distilbert/distilgpt2	distilbert/distilgpt2	False	0.0008724096696823835	10.16270637512207
Ġhe	418	 he	4	distilbert/distilgpt2	distilbert/distilgpt2	False	0.4934053122997284	1.0191549062728882
John	419	John	0	distilbert/distilgpt2	distilbert/distilgpt2	False	1.0	0.0
Ġappreciated	419	 appreciated	1	distilbert/distilgpt2	distilbert/distilgpt2	False	3.046733922928979e-07	21.64623260498047
ĠDavid	419	 David	2	distilbert/distilgpt2	distilbert/distilgpt2	False	0.00022335996618494391	12.128341674804688
Ġbecause	419	 because	3	distilbert/distilgpt2	distilbert/distilgpt2	False	0.0011864001862704754	9.719193458557129
Ġhe	419	 he	4	distilbert/distilgpt2	distilbert/distilgpt2	False	0.496271550655365	1.0107983350753784
Sarah	420	Sarah	0	distilbert/distilgpt2	distilbert/distilgpt2	False	1.0	0.0
Ġappreciated	420	 appreciated	1	distilbert/distilgpt2	distilbert/distilgpt2	False	2.8426242693058157e-07	21.746273040771484
ĠDavid	420	 David	2	distilbert/distilgpt2	distilbert/distilgpt2	False	0.0002087106549879536	12.226207733154297
Ġbecause	420	 because	3	distilbert/distilgpt2	distilbert/distilgpt2	False	0.0015841963468119502	9.302033424377441
Ġhe	420	 he	4	distilbert/distilgpt2	distilbert/distilgpt2	False	0.5077362656593323	0.9778488874435425
David	421	David	0	distilbert/distilgpt2	distilbert/distilgpt2	False	1.0	0.0
Ġappreciated	421	 appreciated	1	distilbert/distilgpt2	distilbert/distilgpt2	False	3.8194747276065755e-07	21.32012176513672
ĠJohn	421	 John	2	distilbert/distilgpt2	distilbert/distilgpt2	False	0.0007221943815238774	10.435325622558594
Ġbecause	421	 because	3	distilbert/distilgpt2	distilbert/distilgpt2	False	0.001036054571159184	9.914684295654297
Ġhe	421	 he	4	distilbert/distilgpt2	distilbert/distilgpt2	False	0.5042837262153625	0.9876924753189087
Mary	422	Mary	0	distilbert/distilgpt2	distilbert/distilgpt2	False	1.0	0.0
Ġappreciated	422	 appreciated	1	distilbert/distilgpt2	distilbert/distilgpt2	False	3.3129470011772355e-07	21.525381088256836
ĠJohn	422	 John	2	distilbert/distilgpt2	distilbert/distilgpt2	False	0.0004376065044198185	11.15807819366455
Ġbecause	422	 because	3	distilbert/distilgpt2	distilbert/distilgpt2	False	0.0010635735234245658	9.876864433288574
Ġhe	422	 he	4	distilbert/distilgpt2	distilbert/distilgpt2	False	0.5143260955810547	0.9592448472976685
David	423	David	0	distilbert/distilgpt2	distilbert/distilgpt2	False	1.0	0.0
Ġappreciated	423	 appreciated	1	distilbert/distilgpt2	distilbert/distilgpt2	False	3.8194747276065755e-07	21.32012176513672
ĠJohn	423	 John	2	distilbert/distilgpt2	distilbert/distilgpt2	False	0.0007221943815238774	10.435325622558594
Ġbecause	423	 because	3	distilbert/distilgpt2	distilbert/distilgpt2	False	0.001036054571159184	9.914684295654297
Ġhe	423	 he	4	distilbert/distilgpt2	distilbert/distilgpt2	False	0.5042837262153625	0.9876924753189087
Sarah	424	Sarah	0	distilbert/distilgpt2	distilbert/distilgpt2	False	1.0	0.0
Ġappreciated	424	 appreciated	1	distilbert/distilgpt2	distilbert/distilgpt2	False	2.8426242693058157e-07	21.746273040771484
ĠJohn	424	 John	2	distilbert/distilgpt2	distilbert/distilgpt2	False	0.0004751045780722052	11.039466857910156
Ġbecause	424	 because	3	distilbert/distilgpt2	distilbert/distilgpt2	False	0.002218961715698242	8.815899848937988
Ġhe	424	 he	4	distilbert/distilgpt2	distilbert/distilgpt2	False	0.5053583979606628	0.9846211671829224
Mary	425	Mary	0	distilbert/distilgpt2	distilbert/distilgpt2	False	1.0	0.0
Ġappreciated	425	 appreciated	1	distilbert/distilgpt2	distilbert/distilgpt2	False	3.3129470011772355e-07	21.525381088256836
ĠSarah	425	 Sarah	2	distilbert/distilgpt2	distilbert/distilgpt2	False	5.262879130896181e-05	14.213788032531738
Ġbecause	425	 because	3	distilbert/distilgpt2	distilbert/distilgpt2	False	0.0016751575749367476	9.221487045288086
Ġshe	425	 she	4	distilbert/distilgpt2	distilbert/distilgpt2	False	0.5361102223396301	0.8993983864784241
John	426	John	0	distilbert/distilgpt2	distilbert/distilgpt2	False	1.0	0.0
Ġappreciated	426	 appreciated	1	distilbert/distilgpt2	distilbert/distilgpt2	False	3.046733922928979e-07	21.64623260498047
ĠSarah	426	 Sarah	2	distilbert/distilgpt2	distilbert/distilgpt2	False	4.856142550124787e-05	14.329830169677734
Ġbecause	426	 because	3	distilbert/distilgpt2	distilbert/distilgpt2	False	0.0016438987804576755	9.248662948608398
Ġshe	426	 she	4	distilbert/distilgpt2	distilbert/distilgpt2	False	0.5131658911705017	0.9625029563903809
Mary	427	Mary	0	distilbert/distilgpt2	distilbert/distilgpt2	False	1.0	0.0
Ġappreciated	427	 appreciated	1	distilbert/distilgpt2	distilbert/distilgpt2	False	3.3129470011772355e-07	21.525381088256836
ĠSarah	427	 Sarah	2	distilbert/distilgpt2	distilbert/distilgpt2	False	5.262879130896181e-05	14.213788032531738
Ġbecause	427	 because	3	distilbert/distilgpt2	distilbert/distilgpt2	False	0.0016751575749367476	9.221487045288086
Ġshe	427	 she	4	distilbert/distilgpt2	distilbert/distilgpt2	False	0.5361102223396301	0.8993983864784241
David	428	David	0	distilbert/distilgpt2	distilbert/distilgpt2	False	1.0	0.0
Ġappreciated	428	 appreciated	1	distilbert/distilgpt2	distilbert/distilgpt2	False	3.8194747276065755e-07	21.32012176513672
ĠSarah	428	 Sarah	2	distilbert/distilgpt2	distilbert/distilgpt2	False	5.815955955768004e-05	14.069623947143555
Ġbecause	428	 because	3	distilbert/distilgpt2	distilbert/distilgpt2	False	0.0012630019336938858	9.628927230834961
Ġshe	428	 she	4	distilbert/distilgpt2	distilbert/distilgpt2	False	0.5189571976661682	0.946312665939331
Sarah	429	Sarah	0	distilbert/distilgpt2	distilbert/distilgpt2	False	1.0	0.0
Ġappreciated	429	 appreciated	1	distilbert/distilgpt2	distilbert/distilgpt2	False	2.8426242693058157e-07	21.746273040771484
ĠMary	429	 Mary	2	distilbert/distilgpt2	distilbert/distilgpt2	False	8.098246325971559e-05	13.592031478881836
Ġbecause	429	 because	3	distilbert/distilgpt2	distilbert/distilgpt2	False	0.0007967864512465894	10.293519020080566
Ġshe	429	 she	4	distilbert/distilgpt2	distilbert/distilgpt2	False	0.47681593894958496	1.0684956312179565
John	430	John	0	distilbert/distilgpt2	distilbert/distilgpt2	False	1.0	0.0
Ġappreciated	430	 appreciated	1	distilbert/distilgpt2	distilbert/distilgpt2	False	3.046733922928979e-07	21.64623260498047
ĠMary	430	 Mary	2	distilbert/distilgpt2	distilbert/distilgpt2	False	4.7470894060097635e-05	14.362597465515137
Ġbecause	430	 because	3	distilbert/distilgpt2	distilbert/distilgpt2	False	0.000730490661226213	10.418846130371094
Ġshe	430	 she	4	distilbert/distilgpt2	distilbert/distilgpt2	False	0.4836442172527313	1.0479819774627686
Sarah	431	Sarah	0	distilbert/distilgpt2	distilbert/distilgpt2	False	1.0	0.0
Ġappreciated	431	 appreciated	1	distilbert/distilgpt2	distilbert/distilgpt2	False	2.8426242693058157e-07	21.746273040771484
ĠMary	431	 Mary	2	distilbert/distilgpt2	distilbert/distilgpt2	False	8.098246325971559e-05	13.592031478881836
Ġbecause	431	 because	3	distilbert/distilgpt2	distilbert/distilgpt2	False	0.0007967864512465894	10.293519020080566
Ġshe	431	 she	4	distilbert/distilgpt2	distilbert/distilgpt2	False	0.47681593894958496	1.0684956312179565
David	432	David	0	distilbert/distilgpt2	distilbert/distilgpt2	False	1.0	0.0
Ġappreciated	432	 appreciated	1	distilbert/distilgpt2	distilbert/distilgpt2	False	3.8194747276065755e-07	21.32012176513672
ĠMary	432	 Mary	2	distilbert/distilgpt2	distilbert/distilgpt2	False	6.50070360279642e-05	13.90904426574707
Ġbecause	432	 because	3	distilbert/distilgpt2	distilbert/distilgpt2	False	0.0004152813635300845	11.233623504638672
Ġshe	432	 she	4	distilbert/distilgpt2	distilbert/distilgpt2	False	0.477950781583786	1.0650660991668701
John	433	John	0	distilbert/distilgpt2	distilbert/distilgpt2	False	1.0	0.0
Ġapproached	433	 approached	1	distilbert/distilgpt2	distilbert/distilgpt2	False	1.7225001158749365e-07	22.468992233276367
ĠDavid	433	 David	2	distilbert/distilgpt2	distilbert/distilgpt2	False	0.0013484134105965495	9.534521102905273
Ġbecause	433	 because	3	distilbert/distilgpt2	distilbert/distilgpt2	False	0.0006589025142602623	10.567646980285645
Ġhe	433	 he	4	distilbert/distilgpt2	distilbert/distilgpt2	False	0.47100830078125	1.0861756801605225
Mary	434	Mary	0	distilbert/distilgpt2	distilbert/distilgpt2	False	1.0	0.0
Ġapproached	434	 approached	1	distilbert/distilgpt2	distilbert/distilgpt2	False	1.9741273149520566e-07	22.272281646728516
ĠDavid	434	 David	2	distilbert/distilgpt2	distilbert/distilgpt2	False	0.0008412660681642592	10.215149879455566
Ġbecause	434	 because	3	distilbert/distilgpt2	distilbert/distilgpt2	False	0.0008539127884432673	10.193623542785645
Ġhe	434	 he	4	distilbert/distilgpt2	distilbert/distilgpt2	False	0.46982961893081665	1.0897904634475708
John	435	John	0	distilbert/distilgpt2	distilbert/distilgpt2	False	1.0	0.0
Ġapproached	435	 approached	1	distilbert/distilgpt2	distilbert/distilgpt2	False	1.7225001158749365e-07	22.468992233276367
ĠDavid	435	 David	2	distilbert/distilgpt2	distilbert/distilgpt2	False	0.0013484134105965495	9.534521102905273
Ġbecause	435	 because	3	distilbert/distilgpt2	distilbert/distilgpt2	False	0.0006589025142602623	10.567646980285645
Ġhe	435	 he	4	distilbert/distilgpt2	distilbert/distilgpt2	False	0.47100830078125	1.0861756801605225
Sarah	436	Sarah	0	distilbert/distilgpt2	distilbert/distilgpt2	False	1.0	0.0
Ġapproached	436	 approached	1	distilbert/distilgpt2	distilbert/distilgpt2	False	1.6370211142202606e-07	22.542423248291016
ĠDavid	436	 David	2	distilbert/distilgpt2	distilbert/distilgpt2	False	0.0013603313127532601	9.52182674407959
Ġbecause	436	 because	3	distilbert/distilgpt2	distilbert/distilgpt2	False	0.0007456346065737307	10.389243125915527
Ġhe	436	 he	4	distilbert/distilgpt2	distilbert/distilgpt2	False	0.47107139229774475	1.0859824419021606
David	437	David	0	distilbert/distilgpt2	distilbert/distilgpt2	False	1.0	0.0
Ġapproached	437	 approached	1	distilbert/distilgpt2	distilbert/distilgpt2	False	1.961692106533519e-07	22.28139877319336
ĠJohn	437	 John	2	distilbert/distilgpt2	distilbert/distilgpt2	False	0.0017218441935256124	9.181829452514648
Ġbecause	437	 because	3	distilbert/distilgpt2	distilbert/distilgpt2	False	0.0006926083588041365	10.495672225952148
Ġhe	437	 he	4	distilbert/distilgpt2	distilbert/distilgpt2	False	0.44752243161201477	1.1599681377410889
Mary	438	Mary	0	distilbert/distilgpt2	distilbert/distilgpt2	False	1.0	0.0
Ġapproached	438	 approached	1	distilbert/distilgpt2	distilbert/distilgpt2	False	1.9741273149520566e-07	22.272281646728516
ĠJohn	438	 John	2	distilbert/distilgpt2	distilbert/distilgpt2	False	0.001106785610318184	9.819408416748047
Ġbecause	438	 because	3	distilbert/distilgpt2	distilbert/distilgpt2	False	0.0011998957488685846	9.702875137329102
Ġhe	438	 he	4	distilbert/distilgpt2	distilbert/distilgpt2	False	0.4677235782146454	1.0962719917297363
David	439	David	0	distilbert/distilgpt2	distilbert/distilgpt2	False	1.0	0.0
Ġapproached	439	 approached	1	distilbert/distilgpt2	distilbert/distilgpt2	False	1.961692106533519e-07	22.28139877319336
ĠJohn	439	 John	2	distilbert/distilgpt2	distilbert/distilgpt2	False	0.0017218441935256124	9.181829452514648
Ġbecause	439	 because	3	distilbert/distilgpt2	distilbert/distilgpt2	False	0.0006926083588041365	10.495672225952148
Ġhe	439	 he	4	distilbert/distilgpt2	distilbert/distilgpt2	False	0.44752243161201477	1.1599681377410889
Sarah	440	Sarah	0	distilbert/distilgpt2	distilbert/distilgpt2	False	1.0	0.0
Ġapproached	440	 approached	1	distilbert/distilgpt2	distilbert/distilgpt2	False	1.6370211142202606e-07	22.542423248291016
ĠJohn	440	 John	2	distilbert/distilgpt2	distilbert/distilgpt2	False	0.0014769523404538631	9.40316104888916
Ġbecause	440	 because	3	distilbert/distilgpt2	distilbert/distilgpt2	False	0.0017959164688363671	9.121064186096191
Ġhe	440	 he	4	distilbert/distilgpt2	distilbert/distilgpt2	False	0.4572925567626953	1.1288106441497803
Mary	441	Mary	0	distilbert/distilgpt2	distilbert/distilgpt2	False	1.0	0.0
Ġapproached	441	 approached	1	distilbert/distilgpt2	distilbert/distilgpt2	False	1.9741273149520566e-07	22.272281646728516
ĠSarah	441	 Sarah	2	distilbert/distilgpt2	distilbert/distilgpt2	False	0.0001666896278038621	12.550548553466797
Ġbecause	441	 because	3	distilbert/distilgpt2	distilbert/distilgpt2	False	0.002556131687015295	8.611822128295898
Ġshe	441	 she	4	distilbert/distilgpt2	distilbert/distilgpt2	False	0.4996424913406372	1.0010319948196411
John	442	John	0	distilbert/distilgpt2	distilbert/distilgpt2	False	1.0	0.0
Ġapproached	442	 approached	1	distilbert/distilgpt2	distilbert/distilgpt2	False	1.7225001158749365e-07	22.468992233276367
ĠSarah	442	 Sarah	2	distilbert/distilgpt2	distilbert/distilgpt2	False	0.00016879434406291693	12.532445907592773
Ġbecause	442	 because	3	distilbert/distilgpt2	distilbert/distilgpt2	False	0.001852068118751049	9.07664680480957
Ġshe	442	 she	4	distilbert/distilgpt2	distilbert/distilgpt2	False	0.4748062789440155	1.0745891332626343
Mary	443	Mary	0	distilbert/distilgpt2	distilbert/distilgpt2	False	1.0	0.0
Ġapproached	443	 approached	1	distilbert/distilgpt2	distilbert/distilgpt2	False	1.9741273149520566e-07	22.272281646728516
ĠSarah	443	 Sarah	2	distilbert/distilgpt2	distilbert/distilgpt2	False	0.0001666896278038621	12.550548553466797
Ġbecause	443	 because	3	distilbert/distilgpt2	distilbert/distilgpt2	False	0.002556131687015295	8.611822128295898
Ġshe	443	 she	4	distilbert/distilgpt2	distilbert/distilgpt2	False	0.4996424913406372	1.0010319948196411
David	444	David	0	distilbert/distilgpt2	distilbert/distilgpt2	False	1.0	0.0
Ġapproached	444	 approached	1	distilbert/distilgpt2	distilbert/distilgpt2	False	1.961692106533519e-07	22.28139877319336
ĠSarah	444	 Sarah	2	distilbert/distilgpt2	distilbert/distilgpt2	False	0.0001479884231230244	12.722228050231934
Ġbecause	444	 because	3	distilbert/distilgpt2	distilbert/distilgpt2	False	0.0010173614136874676	9.94095230102539
Ġshe	444	 she	4	distilbert/distilgpt2	distilbert/distilgpt2	False	0.46950381994247437	1.0907912254333496
Sarah	445	Sarah	0	distilbert/distilgpt2	distilbert/distilgpt2	False	1.0	0.0
Ġapproached	445	 approached	1	distilbert/distilgpt2	distilbert/distilgpt2	False	1.6370211142202606e-07	22.542423248291016
ĠMary	445	 Mary	2	distilbert/distilgpt2	distilbert/distilgpt2	False	0.0005664305062964559	10.785813331604004
Ġbecause	445	 because	3	distilbert/distilgpt2	distilbert/distilgpt2	False	0.0008577137487009168	10.187215805053711
Ġshe	445	 she	4	distilbert/distilgpt2	distilbert/distilgpt2	False	0.45745590329170227	1.1282954216003418
John	446	John	0	distilbert/distilgpt2	distilbert/distilgpt2	False	1.0	0.0
Ġapproached	446	 approached	1	distilbert/distilgpt2	distilbert/distilgpt2	False	1.7225001158749365e-07	22.468992233276367
ĠMary	446	 Mary	2	distilbert/distilgpt2	distilbert/distilgpt2	False	0.00038037810008972883	11.360278129577637
Ġbecause	446	 because	3	distilbert/distilgpt2	distilbert/distilgpt2	False	0.0008364193490706384	10.223485946655273
Ġshe	446	 she	4	distilbert/distilgpt2	distilbert/distilgpt2	False	0.4471569359302521	1.161146879196167
Sarah	447	Sarah	0	distilbert/distilgpt2	distilbert/distilgpt2	False	1.0	0.0
Ġapproached	447	 approached	1	distilbert/distilgpt2	distilbert/distilgpt2	False	1.6370211142202606e-07	22.542423248291016
ĠMary	447	 Mary	2	distilbert/distilgpt2	distilbert/distilgpt2	False	0.0005664305062964559	10.785813331604004
Ġbecause	447	 because	3	distilbert/distilgpt2	distilbert/distilgpt2	False	0.0008577137487009168	10.187215805053711
Ġshe	447	 she	4	distilbert/distilgpt2	distilbert/distilgpt2	False	0.45745590329170227	1.1282954216003418
David	448	David	0	distilbert/distilgpt2	distilbert/distilgpt2	False	1.0	0.0
Ġapproached	448	 approached	1	distilbert/distilgpt2	distilbert/distilgpt2	False	1.961692106533519e-07	22.28139877319336
ĠMary	448	 Mary	2	distilbert/distilgpt2	distilbert/distilgpt2	False	0.00032336468575522304	11.594550132751465
Ġbecause	448	 because	3	distilbert/distilgpt2	distilbert/distilgpt2	False	0.0003341057163197547	11.547408103942871
Ġshe	448	 she	4	distilbert/distilgpt2	distilbert/distilgpt2	False	0.44864439964294434	1.1563557386398315
John	449	John	0	distilbert/distilgpt2	distilbert/distilgpt2	False	1.0	0.0
Ġastonished	449	 astonished	1	distilbert/distilgpt2	distilbert/distilgpt2	False	1.4111593671373157e-08	26.07854461669922
ĠDavid	449	 David	2	distilbert/distilgpt2	distilbert/distilgpt2	False	0.00022599243675358593	12.111437797546387
Ġbecause	449	 because	3	distilbert/distilgpt2	distilbert/distilgpt2	False	0.0007139575318433344	10.451873779296875
Ġhe	449	 he	4	distilbert/distilgpt2	distilbert/distilgpt2	False	0.40665897727012634	1.298108696937561
Mary	450	Mary	0	distilbert/distilgpt2	distilbert/distilgpt2	False	1.0	0.0
Ġastonished	450	 astonished	1	distilbert/distilgpt2	distilbert/distilgpt2	False	1.7414494735135122e-08	25.775136947631836
ĠDavid	450	 David	2	distilbert/distilgpt2	distilbert/distilgpt2	False	0.0001285713806282729	12.925143241882324
Ġbecause	450	 because	3	distilbert/distilgpt2	distilbert/distilgpt2	False	0.001310387859120965	9.575790405273438
Ġhe	450	 he	4	distilbert/distilgpt2	distilbert/distilgpt2	False	0.4004359543323517	1.3203566074371338
John	451	John	0	distilbert/distilgpt2	distilbert/distilgpt2	False	1.0	0.0
Ġastonished	451	 astonished	1	distilbert/distilgpt2	distilbert/distilgpt2	False	1.4111593671373157e-08	26.07854461669922
ĠDavid	451	 David	2	distilbert/distilgpt2	distilbert/distilgpt2	False	0.00022599243675358593	12.111437797546387
Ġbecause	451	 because	3	distilbert/distilgpt2	distilbert/distilgpt2	False	0.0007139575318433344	10.451873779296875
Ġhe	451	 he	4	distilbert/distilgpt2	distilbert/distilgpt2	False	0.40665897727012634	1.298108696937561
Sarah	452	Sarah	0	distilbert/distilgpt2	distilbert/distilgpt2	False	1.0	0.0
Ġastonished	452	 astonished	1	distilbert/distilgpt2	distilbert/distilgpt2	False	1.2987346309500936e-08	26.198318481445312
ĠDavid	452	 David	2	distilbert/distilgpt2	distilbert/distilgpt2	False	0.00022524646192323416	12.11620807647705
Ġbecause	452	 because	3	distilbert/distilgpt2	distilbert/distilgpt2	False	0.0005383766256272793	10.85909652709961
Ġhe	452	 he	4	distilbert/distilgpt2	distilbert/distilgpt2	False	0.40918248891830444	1.2891837358474731
David	453	David	0	distilbert/distilgpt2	distilbert/distilgpt2	False	1.0	0.0
Ġastonished	453	 astonished	1	distilbert/distilgpt2	distilbert/distilgpt2	False	1.711970654127981e-08	25.799766540527344
ĠJohn	453	 John	2	distilbert/distilgpt2	distilbert/distilgpt2	False	0.00022449179959949106	12.121049880981445
Ġbecause	453	 because	3	distilbert/distilgpt2	distilbert/distilgpt2	False	0.0010401145555078983	9.909041404724121
Ġhe	453	 he	4	distilbert/distilgpt2	distilbert/distilgpt2	False	0.4317663908004761	1.2116771936416626
Mary	454	Mary	0	distilbert/distilgpt2	distilbert/distilgpt2	False	1.0	0.0
Ġastonished	454	 astonished	1	distilbert/distilgpt2	distilbert/distilgpt2	False	1.7414494735135122e-08	25.775136947631836
ĠJohn	454	 John	2	distilbert/distilgpt2	distilbert/distilgpt2	False	0.0001415359292877838	12.786543846130371
Ġbecause	454	 because	3	distilbert/distilgpt2	distilbert/distilgpt2	False	0.0018150614341720939	9.105766296386719
Ġhe	454	 he	4	distilbert/distilgpt2	distilbert/distilgpt2	False	0.4293985068798065	1.2196109294891357
David	455	David	0	distilbert/distilgpt2	distilbert/distilgpt2	False	1.0	0.0
Ġastonished	455	 astonished	1	distilbert/distilgpt2	distilbert/distilgpt2	False	1.711970654127981e-08	25.799766540527344
ĠJohn	455	 John	2	distilbert/distilgpt2	distilbert/distilgpt2	False	0.00022449179959949106	12.121049880981445
Ġbecause	455	 because	3	distilbert/distilgpt2	distilbert/distilgpt2	False	0.0010401145555078983	9.909041404724121
Ġhe	455	 he	4	distilbert/distilgpt2	distilbert/distilgpt2	False	0.4317663908004761	1.2116771936416626
Sarah	456	Sarah	0	distilbert/distilgpt2	distilbert/distilgpt2	False	1.0	0.0
Ġastonished	456	 astonished	1	distilbert/distilgpt2	distilbert/distilgpt2	False	1.2987346309500936e-08	26.198318481445312
ĠJohn	456	 John	2	distilbert/distilgpt2	distilbert/distilgpt2	False	0.00019415680435486138	12.330490112304688
Ġbecause	456	 because	3	distilbert/distilgpt2	distilbert/distilgpt2	False	0.002006485825404525	8.961112976074219
Ġhe	456	 he	4	distilbert/distilgpt2	distilbert/distilgpt2	False	0.4169958233833313	1.2618951797485352
Mary	457	Mary	0	distilbert/distilgpt2	distilbert/distilgpt2	False	1.0	0.0
Ġastonished	457	 astonished	1	distilbert/distilgpt2	distilbert/distilgpt2	False	1.7414494735135122e-08	25.775136947631836
ĠSarah	457	 Sarah	2	distilbert/distilgpt2	distilbert/distilgpt2	False	3.963343260693364e-05	14.622922897338867
Ġbecause	457	 because	3	distilbert/distilgpt2	distilbert/distilgpt2	False	0.0030138748697936535	8.374164581298828
Ġshe	457	 she	4	distilbert/distilgpt2	distilbert/distilgpt2	False	0.4927021861076355	1.0212122201919556
John	458	John	0	distilbert/distilgpt2	distilbert/distilgpt2	False	1.0	0.0
Ġastonished	458	 astonished	1	distilbert/distilgpt2	distilbert/distilgpt2	False	1.4111593671373157e-08	26.07854461669922
ĠSarah	458	 Sarah	2	distilbert/distilgpt2	distilbert/distilgpt2	False	5.14348030264955e-05	14.246895790100098
Ġbecause	458	 because	3	distilbert/distilgpt2	distilbert/distilgpt2	False	0.00182366743683815	9.098941802978516
Ġshe	458	 she	4	distilbert/distilgpt2	distilbert/distilgpt2	False	0.4677949845790863	1.0960516929626465
Mary	459	Mary	0	distilbert/distilgpt2	distilbert/distilgpt2	False	1.0	0.0
Ġastonished	459	 astonished	1	distilbert/distilgpt2	distilbert/distilgpt2	False	1.7414494735135122e-08	25.775136947631836
ĠSarah	459	 Sarah	2	distilbert/distilgpt2	distilbert/distilgpt2	False	3.963343260693364e-05	14.622922897338867
Ġbecause	459	 because	3	distilbert/distilgpt2	distilbert/distilgpt2	False	0.0030138748697936535	8.374164581298828
Ġshe	459	 she	4	distilbert/distilgpt2	distilbert/distilgpt2	False	0.4927021861076355	1.0212122201919556
David	460	David	0	distilbert/distilgpt2	distilbert/distilgpt2	False	1.0	0.0
Ġastonished	460	 astonished	1	distilbert/distilgpt2	distilbert/distilgpt2	False	1.711970654127981e-08	25.799766540527344
ĠSarah	460	 Sarah	2	distilbert/distilgpt2	distilbert/distilgpt2	False	4.847776290262118e-05	14.332317352294922
Ġbecause	460	 because	3	distilbert/distilgpt2	distilbert/distilgpt2	False	0.0010707688052207232	9.86713695526123
Ġshe	460	 she	4	distilbert/distilgpt2	distilbert/distilgpt2	False	0.4521167278289795	1.1452327966690063
Sarah	461	Sarah	0	distilbert/distilgpt2	distilbert/distilgpt2	False	1.0	0.0
Ġastonished	461	 astonished	1	distilbert/distilgpt2	distilbert/distilgpt2	False	1.2987346309500936e-08	26.198318481445312
ĠMary	461	 Mary	2	distilbert/distilgpt2	distilbert/distilgpt2	False	0.00018816169176716357	12.375739097595215
Ġbecause	461	 because	3	distilbert/distilgpt2	distilbert/distilgpt2	False	0.0011140723945572972	9.809941291809082
Ġshe	461	 she	4	distilbert/distilgpt2	distilbert/distilgpt2	False	0.41962096095085144	1.2528413534164429
John	462	John	0	distilbert/distilgpt2	distilbert/distilgpt2	False	1.0	0.0
Ġastonished	462	 astonished	1	distilbert/distilgpt2	distilbert/distilgpt2	False	1.4111593671373157e-08	26.07854461669922
ĠMary	462	 Mary	2	distilbert/distilgpt2	distilbert/distilgpt2	False	0.00013704728917218745	12.833038330078125
Ġbecause	462	 because	3	distilbert/distilgpt2	distilbert/distilgpt2	False	0.0014982542488723993	9.382501602172852
Ġshe	462	 she	4	distilbert/distilgpt2	distilbert/distilgpt2	False	0.4271797239780426	1.227084994316101
Sarah	463	Sarah	0	distilbert/distilgpt2	distilbert/distilgpt2	False	1.0	0.0
Ġastonished	463	 astonished	1	distilbert/distilgpt2	distilbert/distilgpt2	False	1.2987346309500936e-08	26.198318481445312
ĠMary	463	 Mary	2	distilbert/distilgpt2	distilbert/distilgpt2	False	0.00018816169176716357	12.375739097595215
Ġbecause	463	 because	3	distilbert/distilgpt2	distilbert/distilgpt2	False	0.0011140723945572972	9.809941291809082
Ġshe	463	 she	4	distilbert/distilgpt2	distilbert/distilgpt2	False	0.41962096095085144	1.2528413534164429
David	464	David	0	distilbert/distilgpt2	distilbert/distilgpt2	False	1.0	0.0
Ġastonished	464	 astonished	1	distilbert/distilgpt2	distilbert/distilgpt2	False	1.711970654127981e-08	25.799766540527344
ĠMary	464	 Mary	2	distilbert/distilgpt2	distilbert/distilgpt2	False	0.00012264119868632406	12.993268966674805
Ġbecause	464	 because	3	distilbert/distilgpt2	distilbert/distilgpt2	False	0.0008236297289840877	10.245716094970703
Ġshe	464	 she	4	distilbert/distilgpt2	distilbert/distilgpt2	False	0.4049014151096344	1.3043574094772339
John	465	John	0	distilbert/distilgpt2	distilbert/distilgpt2	False	1.0	0.0
Ġast	465	 astounded	1	distilbert/distilgpt2	distilbert/distilgpt2	False	3.631429592587665e-07	21.392959594726562
ounded	465	 astounded	1	distilbert/distilgpt2	distilbert/distilgpt2	False	0.036006487905979156	4.795599460601807
ĠDavid	465	 David	2	distilbert/distilgpt2	distilbert/distilgpt2	False	0.0003139602777082473	11.637130737304688
Ġbecause	465	 because	3	distilbert/distilgpt2	distilbert/distilgpt2	False	0.0011857644421979785	9.719966888427734
Ġhe	465	 he	4	distilbert/distilgpt2	distilbert/distilgpt2	False	0.42293858528137207	1.2414799928665161
Mary	466	Mary	0	distilbert/distilgpt2	distilbert/distilgpt2	False	1.0	0.0
Ġast	466	 astounded	1	distilbert/distilgpt2	distilbert/distilgpt2	False	3.5480280757838045e-07	21.42647933959961
ounded	466	 astounded	1	distilbert/distilgpt2	distilbert/distilgpt2	False	0.04360661655664444	4.519309043884277
ĠDavid	466	 David	2	distilbert/distilgpt2	distilbert/distilgpt2	False	0.00032123891287483275	11.604065895080566
Ġbecause	466	 because	3	distilbert/distilgpt2	distilbert/distilgpt2	False	0.0019076816970482469	9.033964157104492
Ġhe	466	 he	4	distilbert/distilgpt2	distilbert/distilgpt2	False	0.44299501180648804	1.1746376752853394
John	467	John	0	distilbert/distilgpt2	distilbert/distilgpt2	False	1.0	0.0
Ġast	467	 astounded	1	distilbert/distilgpt2	distilbert/distilgpt2	False	3.631429592587665e-07	21.392959594726562
ounded	467	 astounded	1	distilbert/distilgpt2	distilbert/distilgpt2	False	0.036006487905979156	4.795599460601807
ĠDavid	467	 David	2	distilbert/distilgpt2	distilbert/distilgpt2	False	0.0003139602777082473	11.637130737304688
Ġbecause	467	 because	3	distilbert/distilgpt2	distilbert/distilgpt2	False	0.0011857644421979785	9.719966888427734
Ġhe	467	 he	4	distilbert/distilgpt2	distilbert/distilgpt2	False	0.42293858528137207	1.2414799928665161
Sarah	468	Sarah	0	distilbert/distilgpt2	distilbert/distilgpt2	False	1.0	0.0
Ġast	468	 astounded	1	distilbert/distilgpt2	distilbert/distilgpt2	False	3.0879235168868036e-07	21.626859664916992
ounded	468	 astounded	1	distilbert/distilgpt2	distilbert/distilgpt2	False	0.05381261184811592	4.215911865234375
ĠDavid	468	 David	2	distilbert/distilgpt2	distilbert/distilgpt2	False	0.0003041022864636034	11.68315601348877
Ġbecause	468	 because	3	distilbert/distilgpt2	distilbert/distilgpt2	False	0.0010722515871748328	9.865140914916992
Ġhe	468	 he	4	distilbert/distilgpt2	distilbert/distilgpt2	False	0.4009803831577301	1.3183964490890503
David	469	David	0	distilbert/distilgpt2	distilbert/distilgpt2	False	1.0	0.0
Ġast	469	 astounded	1	distilbert/distilgpt2	distilbert/distilgpt2	False	4.5642386226063536e-07	21.063121795654297
ounded	469	 astounded	1	distilbert/distilgpt2	distilbert/distilgpt2	False	0.04596364498138428	4.443363189697266
ĠJohn	469	 John	2	distilbert/distilgpt2	distilbert/distilgpt2	False	0.0005565559258684516	10.811185836791992
Ġbecause	469	 because	3	distilbert/distilgpt2	distilbert/distilgpt2	False	0.0005351011641323566	10.867900848388672
Ġhe	469	 he	4	distilbert/distilgpt2	distilbert/distilgpt2	False	0.4142339825630188	1.271482229232788
Mary	470	Mary	0	distilbert/distilgpt2	distilbert/distilgpt2	False	1.0	0.0
Ġast	470	 astounded	1	distilbert/distilgpt2	distilbert/distilgpt2	False	3.5480280757838045e-07	21.42647933959961
ounded	470	 astounded	1	distilbert/distilgpt2	distilbert/distilgpt2	False	0.04360661655664444	4.519309043884277
ĠJohn	470	 John	2	distilbert/distilgpt2	distilbert/distilgpt2	False	0.0005847205757163465	10.739965438842773
Ġbecause	470	 because	3	distilbert/distilgpt2	distilbert/distilgpt2	False	0.0008918981766328216	10.130833625793457
Ġhe	470	 he	4	distilbert/distilgpt2	distilbert/distilgpt2	False	0.4590947926044464	1.123136043548584
David	471	David	0	distilbert/distilgpt2	distilbert/distilgpt2	False	1.0	0.0
Ġast	471	 astounded	1	distilbert/distilgpt2	distilbert/distilgpt2	False	4.5642386226063536e-07	21.063121795654297
ounded	471	 astounded	1	distilbert/distilgpt2	distilbert/distilgpt2	False	0.04596364498138428	4.443363189697266
ĠJohn	471	 John	2	distilbert/distilgpt2	distilbert/distilgpt2	False	0.0005565559258684516	10.811185836791992
Ġbecause	471	 because	3	distilbert/distilgpt2	distilbert/distilgpt2	False	0.0005351011641323566	10.867900848388672
Ġhe	471	 he	4	distilbert/distilgpt2	distilbert/distilgpt2	False	0.4142339825630188	1.271482229232788
Sarah	472	Sarah	0	distilbert/distilgpt2	distilbert/distilgpt2	False	1.0	0.0
Ġast	472	 astounded	1	distilbert/distilgpt2	distilbert/distilgpt2	False	3.0879235168868036e-07	21.626859664916992
ounded	472	 astounded	1	distilbert/distilgpt2	distilbert/distilgpt2	False	0.05381261184811592	4.215911865234375
ĠJohn	472	 John	2	distilbert/distilgpt2	distilbert/distilgpt2	False	0.0003597472095862031	11.440729141235352
Ġbecause	472	 because	3	distilbert/distilgpt2	distilbert/distilgpt2	False	0.0011673631379380822	9.742530822753906
Ġhe	472	 he	4	distilbert/distilgpt2	distilbert/distilgpt2	False	0.4127998948097229	1.276485562324524
Mary	473	Mary	0	distilbert/distilgpt2	distilbert/distilgpt2	False	1.0	0.0
Ġast	473	 astounded	1	distilbert/distilgpt2	distilbert/distilgpt2	False	3.5480280757838045e-07	21.42647933959961
ounded	473	 astounded	1	distilbert/distilgpt2	distilbert/distilgpt2	False	0.04360661655664444	4.519309043884277
ĠSarah	473	 Sarah	2	distilbert/distilgpt2	distilbert/distilgpt2	False	5.646331192110665e-05	14.112326622009277
Ġbecause	473	 because	3	distilbert/distilgpt2	distilbert/distilgpt2	False	0.003353367792442441	8.220173835754395
Ġshe	473	 she	4	distilbert/distilgpt2	distilbert/distilgpt2	False	0.47665077447891235	1.068995475769043
John	474	John	0	distilbert/distilgpt2	distilbert/distilgpt2	False	1.0	0.0
Ġast	474	 astounded	1	distilbert/distilgpt2	distilbert/distilgpt2	False	3.631429592587665e-07	21.392959594726562
ounded	474	 astounded	1	distilbert/distilgpt2	distilbert/distilgpt2	False	0.036006487905979156	4.795599460601807
ĠSarah	474	 Sarah	2	distilbert/distilgpt2	distilbert/distilgpt2	False	5.0838043534895405e-05	14.263731956481934
Ġbecause	474	 because	3	distilbert/distilgpt2	distilbert/distilgpt2	False	0.0018470127834007144	9.08059024810791
Ġshe	474	 she	4	distilbert/distilgpt2	distilbert/distilgpt2	False	0.4244343042373657	1.2363868951797485
Mary	475	Mary	0	distilbert/distilgpt2	distilbert/distilgpt2	False	1.0	0.0
Ġast	475	 astounded	1	distilbert/distilgpt2	distilbert/distilgpt2	False	3.5480280757838045e-07	21.42647933959961
ounded	475	 astounded	1	distilbert/distilgpt2	distilbert/distilgpt2	False	0.04360661655664444	4.519309043884277
ĠSarah	475	 Sarah	2	distilbert/distilgpt2	distilbert/distilgpt2	False	5.646331192110665e-05	14.112326622009277
Ġbecause	475	 because	3	distilbert/distilgpt2	distilbert/distilgpt2	False	0.003353367792442441	8.220173835754395
Ġshe	475	 she	4	distilbert/distilgpt2	distilbert/distilgpt2	False	0.47665077447891235	1.068995475769043
David	476	David	0	distilbert/distilgpt2	distilbert/distilgpt2	False	1.0	0.0
Ġast	476	 astounded	1	distilbert/distilgpt2	distilbert/distilgpt2	False	4.5642386226063536e-07	21.063121795654297
ounded	476	 astounded	1	distilbert/distilgpt2	distilbert/distilgpt2	False	0.04596364498138428	4.443363189697266
ĠSarah	476	 Sarah	2	distilbert/distilgpt2	distilbert/distilgpt2	False	5.967713877907954e-05	14.032462120056152
Ġbecause	476	 because	3	distilbert/distilgpt2	distilbert/distilgpt2	False	0.0011237969156354666	9.797403335571289
Ġshe	476	 she	4	distilbert/distilgpt2	distilbert/distilgpt2	False	0.3743807077407837	1.4174220561981201
Sarah	477	Sarah	0	distilbert/distilgpt2	distilbert/distilgpt2	False	1.0	0.0
Ġast	477	 astounded	1	distilbert/distilgpt2	distilbert/distilgpt2	False	3.0879235168868036e-07	21.626859664916992
ounded	477	 astounded	1	distilbert/distilgpt2	distilbert/distilgpt2	False	0.05381261184811592	4.215911865234375
ĠMary	477	 Mary	2	distilbert/distilgpt2	distilbert/distilgpt2	False	0.0001143051267717965	13.09482192993164
Ġbecause	477	 because	3	distilbert/distilgpt2	distilbert/distilgpt2	False	0.0017413393361493945	9.165587425231934
Ġshe	477	 she	4	distilbert/distilgpt2	distilbert/distilgpt2	False	0.38733360171318054	1.3683514595031738
John	478	John	0	distilbert/distilgpt2	distilbert/distilgpt2	False	1.0	0.0
Ġast	478	 astounded	1	distilbert/distilgpt2	distilbert/distilgpt2	False	3.631429592587665e-07	21.392959594726562
ounded	478	 astounded	1	distilbert/distilgpt2	distilbert/distilgpt2	False	0.036006487905979156	4.795599460601807
ĠMary	478	 Mary	2	distilbert/distilgpt2	distilbert/distilgpt2	False	9.878407581709325e-05	13.3053617477417
Ġbecause	478	 because	3	distilbert/distilgpt2	distilbert/distilgpt2	False	0.0026937718503177166	8.53615665435791
Ġshe	478	 she	4	distilbert/distilgpt2	distilbert/distilgpt2	False	0.41116029024124146	1.2822271585464478
Sarah	479	Sarah	0	distilbert/distilgpt2	distilbert/distilgpt2	False	1.0	0.0
Ġast	479	 astounded	1	distilbert/distilgpt2	distilbert/distilgpt2	False	3.0879235168868036e-07	21.626859664916992
ounded	479	 astounded	1	distilbert/distilgpt2	distilbert/distilgpt2	False	0.05381261184811592	4.215911865234375
ĠMary	479	 Mary	2	distilbert/distilgpt2	distilbert/distilgpt2	False	0.0001143051267717965	13.09482192993164
Ġbecause	479	 because	3	distilbert/distilgpt2	distilbert/distilgpt2	False	0.0017413393361493945	9.165587425231934
Ġshe	479	 she	4	distilbert/distilgpt2	distilbert/distilgpt2	False	0.38733360171318054	1.3683514595031738
David	480	David	0	distilbert/distilgpt2	distilbert/distilgpt2	False	1.0	0.0
Ġast	480	 astounded	1	distilbert/distilgpt2	distilbert/distilgpt2	False	4.5642386226063536e-07	21.063121795654297
ounded	480	 astounded	1	distilbert/distilgpt2	distilbert/distilgpt2	False	0.04596364498138428	4.443363189697266
ĠMary	480	 Mary	2	distilbert/distilgpt2	distilbert/distilgpt2	False	8.992564835352823e-05	13.44090747833252
Ġbecause	480	 because	3	distilbert/distilgpt2	distilbert/distilgpt2	False	0.0013703174190595746	9.511274337768555
Ġshe	480	 she	4	distilbert/distilgpt2	distilbert/distilgpt2	False	0.35846415162086487	1.4800993204116821
John	481	John	0	distilbert/distilgpt2	distilbert/distilgpt2	False	1.0	0.0
Ġattracted	481	 attracted	1	distilbert/distilgpt2	distilbert/distilgpt2	False	5.908340838800541e-08	24.012672424316406
ĠDavid	481	 David	2	distilbert/distilgpt2	distilbert/distilgpt2	False	3.167383329127915e-05	14.946349143981934
Ġbecause	481	 because	3	distilbert/distilgpt2	distilbert/distilgpt2	False	0.00015546430950053036	12.651128768920898
Ġhe	481	 he	4	distilbert/distilgpt2	distilbert/distilgpt2	False	0.48599773645401	1.0409785509109497
Mary	482	Mary	0	distilbert/distilgpt2	distilbert/distilgpt2	False	1.0	0.0
Ġattracted	482	 attracted	1	distilbert/distilgpt2	distilbert/distilgpt2	False	6.009275921314838e-08	23.98823356628418
ĠDavid	482	 David	2	distilbert/distilgpt2	distilbert/distilgpt2	False	2.7090438379673287e-05	15.171856880187988
Ġbecause	482	 because	3	distilbert/distilgpt2	distilbert/distilgpt2	False	0.00033145322231575847	11.558907508850098
Ġhe	482	 he	4	distilbert/distilgpt2	distilbert/distilgpt2	False	0.47564786672592163	1.072034239768982
John	483	John	0	distilbert/distilgpt2	distilbert/distilgpt2	False	1.0	0.0
Ġattracted	483	 attracted	1	distilbert/distilgpt2	distilbert/distilgpt2	False	5.908340838800541e-08	24.012672424316406
ĠDavid	483	 David	2	distilbert/distilgpt2	distilbert/distilgpt2	False	3.167383329127915e-05	14.946349143981934
Ġbecause	483	 because	3	distilbert/distilgpt2	distilbert/distilgpt2	False	0.00015546430950053036	12.651128768920898
Ġhe	483	 he	4	distilbert/distilgpt2	distilbert/distilgpt2	False	0.48599773645401	1.0409785509109497
Sarah	484	Sarah	0	distilbert/distilgpt2	distilbert/distilgpt2	False	1.0	0.0
Ġattracted	484	 attracted	1	distilbert/distilgpt2	distilbert/distilgpt2	False	5.754425913551131e-08	24.050752639770508
ĠDavid	484	 David	2	distilbert/distilgpt2	distilbert/distilgpt2	False	3.4746317396638915e-05	14.812780380249023
Ġbecause	484	 because	3	distilbert/distilgpt2	distilbert/distilgpt2	False	0.00012310677266214043	12.987802505493164
Ġhe	484	 he	4	distilbert/distilgpt2	distilbert/distilgpt2	False	0.4809906482696533	1.0559191703796387
David	485	David	0	distilbert/distilgpt2	distilbert/distilgpt2	False	1.0	0.0
Ġattracted	485	 attracted	1	distilbert/distilgpt2	distilbert/distilgpt2	False	7.056456752252416e-08	23.756481170654297
ĠJohn	485	 John	2	distilbert/distilgpt2	distilbert/distilgpt2	False	3.0884009902365506e-05	14.982780456542969
Ġbecause	485	 because	3	distilbert/distilgpt2	distilbert/distilgpt2	False	0.000326270645018667	11.581643104553223
Ġhe	485	 he	4	distilbert/distilgpt2	distilbert/distilgpt2	False	0.4914223253726959	1.024964690208435
Mary	486	Mary	0	distilbert/distilgpt2	distilbert/distilgpt2	False	1.0	0.0
Ġattracted	486	 attracted	1	distilbert/distilgpt2	distilbert/distilgpt2	False	6.009275921314838e-08	23.98823356628418
ĠJohn	486	 John	2	distilbert/distilgpt2	distilbert/distilgpt2	False	3.11480944219511e-05	14.970497131347656
Ġbecause	486	 because	3	distilbert/distilgpt2	distilbert/distilgpt2	False	0.0008662415784783661	10.172943115234375
Ġhe	486	 he	4	distilbert/distilgpt2	distilbert/distilgpt2	False	0.5104625821113586	0.9701229333877563
David	487	David	0	distilbert/distilgpt2	distilbert/distilgpt2	False	1.0	0.0
Ġattracted	487	 attracted	1	distilbert/distilgpt2	distilbert/distilgpt2	False	7.056456752252416e-08	23.756481170654297
ĠJohn	487	 John	2	distilbert/distilgpt2	distilbert/distilgpt2	False	3.0884009902365506e-05	14.982780456542969
Ġbecause	487	 because	3	distilbert/distilgpt2	distilbert/distilgpt2	False	0.000326270645018667	11.581643104553223
Ġhe	487	 he	4	distilbert/distilgpt2	distilbert/distilgpt2	False	0.4914223253726959	1.024964690208435
Sarah	488	Sarah	0	distilbert/distilgpt2	distilbert/distilgpt2	False	1.0	0.0
Ġattracted	488	 attracted	1	distilbert/distilgpt2	distilbert/distilgpt2	False	5.754425913551131e-08	24.050752639770508
ĠJohn	488	 John	2	distilbert/distilgpt2	distilbert/distilgpt2	False	2.6980062102666125e-05	15.177746772766113
Ġbecause	488	 because	3	distilbert/distilgpt2	distilbert/distilgpt2	False	0.0008974527008831501	10.12187671661377
Ġhe	488	 he	4	distilbert/distilgpt2	distilbert/distilgpt2	False	0.4984079599380493	1.004601001739502
Mary	489	Mary	0	distilbert/distilgpt2	distilbert/distilgpt2	False	1.0	0.0
Ġattracted	489	 attracted	1	distilbert/distilgpt2	distilbert/distilgpt2	False	6.009275921314838e-08	23.98823356628418
ĠSarah	489	 Sarah	2	distilbert/distilgpt2	distilbert/distilgpt2	False	9.103560842049774e-06	16.74513816833496
Ġbecause	489	 because	3	distilbert/distilgpt2	distilbert/distilgpt2	False	0.001400232664309442	9.480117797851562
Ġshe	489	 she	4	distilbert/distilgpt2	distilbert/distilgpt2	False	0.5464295148849487	0.8718926310539246
John	490	John	0	distilbert/distilgpt2	distilbert/distilgpt2	False	1.0	0.0
Ġattracted	490	 attracted	1	distilbert/distilgpt2	distilbert/distilgpt2	False	5.908340838800541e-08	24.012672424316406
ĠSarah	490	 Sarah	2	distilbert/distilgpt2	distilbert/distilgpt2	False	6.566554930031998e-06	17.216432571411133
Ġbecause	490	 because	3	distilbert/distilgpt2	distilbert/distilgpt2	False	0.0005190400988794863	10.911866188049316
Ġshe	490	 she	4	distilbert/distilgpt2	distilbert/distilgpt2	False	0.5364819765090942	0.8983985185623169
Mary	491	Mary	0	distilbert/distilgpt2	distilbert/distilgpt2	False	1.0	0.0
Ġattracted	491	 attracted	1	distilbert/distilgpt2	distilbert/distilgpt2	False	6.009275921314838e-08	23.98823356628418
ĠSarah	491	 Sarah	2	distilbert/distilgpt2	distilbert/distilgpt2	False	9.103560842049774e-06	16.74513816833496
Ġbecause	491	 because	3	distilbert/distilgpt2	distilbert/distilgpt2	False	0.001400232664309442	9.480117797851562
Ġshe	491	 she	4	distilbert/distilgpt2	distilbert/distilgpt2	False	0.5464295148849487	0.8718926310539246
David	492	David	0	distilbert/distilgpt2	distilbert/distilgpt2	False	1.0	0.0
Ġattracted	492	 attracted	1	distilbert/distilgpt2	distilbert/distilgpt2	False	7.056456752252416e-08	23.756481170654297
ĠSarah	492	 Sarah	2	distilbert/distilgpt2	distilbert/distilgpt2	False	6.99401516612852e-06	17.12544822692871
Ġbecause	492	 because	3	distilbert/distilgpt2	distilbert/distilgpt2	False	0.00022255176736507565	12.13357162475586
Ġshe	492	 she	4	distilbert/distilgpt2	distilbert/distilgpt2	False	0.5428581833839417	0.8813527822494507
Sarah	493	Sarah	0	distilbert/distilgpt2	distilbert/distilgpt2	False	1.0	0.0
Ġattracted	493	 attracted	1	distilbert/distilgpt2	distilbert/distilgpt2	False	5.754425913551131e-08	24.050752639770508
ĠMary	493	 Mary	2	distilbert/distilgpt2	distilbert/distilgpt2	False	2.864725138351787e-05	15.091243743896484
Ġbecause	493	 because	3	distilbert/distilgpt2	distilbert/distilgpt2	False	0.0005066513549536467	10.9467191696167
Ġshe	493	 she	4	distilbert/distilgpt2	distilbert/distilgpt2	False	0.46945521235466003	1.0909405946731567
John	494	John	0	distilbert/distilgpt2	distilbert/distilgpt2	False	1.0	0.0
Ġattracted	494	 attracted	1	distilbert/distilgpt2	distilbert/distilgpt2	False	5.908340838800541e-08	24.012672424316406
ĠMary	494	 Mary	2	distilbert/distilgpt2	distilbert/distilgpt2	False	1.6251882698270492e-05	15.90903377532959
Ġbecause	494	 because	3	distilbert/distilgpt2	distilbert/distilgpt2	False	0.0006261224043555558	10.641267776489258
Ġshe	494	 she	4	distilbert/distilgpt2	distilbert/distilgpt2	False	0.4760558009147644	1.0707974433898926
Sarah	495	Sarah	0	distilbert/distilgpt2	distilbert/distilgpt2	False	1.0	0.0
Ġattracted	495	 attracted	1	distilbert/distilgpt2	distilbert/distilgpt2	False	5.754425913551131e-08	24.050752639770508
ĠMary	495	 Mary	2	distilbert/distilgpt2	distilbert/distilgpt2	False	2.864725138351787e-05	15.091243743896484
Ġbecause	495	 because	3	distilbert/distilgpt2	distilbert/distilgpt2	False	0.0005066513549536467	10.9467191696167
Ġshe	495	 she	4	distilbert/distilgpt2	distilbert/distilgpt2	False	0.46945521235466003	1.0909405946731567
David	496	David	0	distilbert/distilgpt2	distilbert/distilgpt2	False	1.0	0.0
Ġattracted	496	 attracted	1	distilbert/distilgpt2	distilbert/distilgpt2	False	7.056456752252416e-08	23.756481170654297
ĠMary	496	 Mary	2	distilbert/distilgpt2	distilbert/distilgpt2	False	1.6030728147597983e-05	15.928800582885742
Ġbecause	496	 because	3	distilbert/distilgpt2	distilbert/distilgpt2	False	0.000240460125496611	12.0219144821167
Ġshe	496	 she	4	distilbert/distilgpt2	distilbert/distilgpt2	False	0.48161378502845764	1.054051399230957
John	497	John	0	distilbert/distilgpt2	distilbert/distilgpt2	False	1.0	0.0
Ġavoided	497	 avoided	1	distilbert/distilgpt2	distilbert/distilgpt2	False	8.686379970868074e-08	23.456668853759766
ĠDavid	497	 David	2	distilbert/distilgpt2	distilbert/distilgpt2	False	4.466176687856205e-05	14.450599670410156
Ġbecause	497	 because	3	distilbert/distilgpt2	distilbert/distilgpt2	False	0.0003356184752192348	11.54089069366455
Ġhe	497	 he	4	distilbert/distilgpt2	distilbert/distilgpt2	False	0.4299909472465515	1.2176218032836914
Mary	498	Mary	0	distilbert/distilgpt2	distilbert/distilgpt2	False	1.0	0.0
Ġavoided	498	 avoided	1	distilbert/distilgpt2	distilbert/distilgpt2	False	9.46214413488633e-08	23.3332576751709
ĠDavid	498	 David	2	distilbert/distilgpt2	distilbert/distilgpt2	False	3.040018054889515e-05	15.005560874938965
Ġbecause	498	 because	3	distilbert/distilgpt2	distilbert/distilgpt2	False	0.0005507867899723351	10.826218605041504
Ġhe	498	 he	4	distilbert/distilgpt2	distilbert/distilgpt2	False	0.41638538241386414	1.2640087604522705
John	499	John	0	distilbert/distilgpt2	distilbert/distilgpt2	False	1.0	0.0
Ġavoided	499	 avoided	1	distilbert/distilgpt2	distilbert/distilgpt2	False	8.686379970868074e-08	23.456668853759766
ĠDavid	499	 David	2	distilbert/distilgpt2	distilbert/distilgpt2	False	4.466176687856205e-05	14.450599670410156
Ġbecause	499	 because	3	distilbert/distilgpt2	distilbert/distilgpt2	False	0.0003356184752192348	11.54089069366455
Ġhe	499	 he	4	distilbert/distilgpt2	distilbert/distilgpt2	False	0.4299909472465515	1.2176218032836914
Sarah	500	Sarah	0	distilbert/distilgpt2	distilbert/distilgpt2	False	1.0	0.0
Ġavoided	500	 avoided	1	distilbert/distilgpt2	distilbert/distilgpt2	False	1.0295813268612619e-07	23.21143913269043
ĠDavid	500	 David	2	distilbert/distilgpt2	distilbert/distilgpt2	False	4.5846336433896795e-05	14.412834167480469
Ġbecause	500	 because	3	distilbert/distilgpt2	distilbert/distilgpt2	False	0.0002641618193592876	11.886290550231934
Ġhe	500	 he	4	distilbert/distilgpt2	distilbert/distilgpt2	False	0.4373309910297394	1.1932024955749512
David	501	David	0	distilbert/distilgpt2	distilbert/distilgpt2	False	1.0	0.0
Ġavoided	501	 avoided	1	distilbert/distilgpt2	distilbert/distilgpt2	False	1.0915379533571468e-07	23.127134323120117
ĠJohn	501	 John	2	distilbert/distilgpt2	distilbert/distilgpt2	False	2.3652079107705504e-05	15.367673873901367
Ġbecause	501	 because	3	distilbert/distilgpt2	distilbert/distilgpt2	False	0.00018697002087719738	12.384905815124512
Ġhe	501	 he	4	distilbert/distilgpt2	distilbert/distilgpt2	False	0.4160901606082916	1.2650319337844849
Mary	502	Mary	0	distilbert/distilgpt2	distilbert/distilgpt2	False	1.0	0.0
Ġavoided	502	 avoided	1	distilbert/distilgpt2	distilbert/distilgpt2	False	9.46214413488633e-08	23.3332576751709
ĠJohn	502	 John	2	distilbert/distilgpt2	distilbert/distilgpt2	False	2.9550301405834034e-05	15.046467781066895
Ġbecause	502	 because	3	distilbert/distilgpt2	distilbert/distilgpt2	False	0.0006982433260418475	10.483983039855957
Ġhe	502	 he	4	distilbert/distilgpt2	distilbert/distilgpt2	False	0.4198402762413025	1.2520875930786133
David	503	David	0	distilbert/distilgpt2	distilbert/distilgpt2	False	1.0	0.0
Ġavoided	503	 avoided	1	distilbert/distilgpt2	distilbert/distilgpt2	False	1.0915379533571468e-07	23.127134323120117
ĠJohn	503	 John	2	distilbert/distilgpt2	distilbert/distilgpt2	False	2.3652079107705504e-05	15.367673873901367
Ġbecause	503	 because	3	distilbert/distilgpt2	distilbert/distilgpt2	False	0.00018697002087719738	12.384905815124512
Ġhe	503	 he	4	distilbert/distilgpt2	distilbert/distilgpt2	False	0.4160901606082916	1.2650319337844849
Sarah	504	Sarah	0	distilbert/distilgpt2	distilbert/distilgpt2	False	1.0	0.0
Ġavoided	504	 avoided	1	distilbert/distilgpt2	distilbert/distilgpt2	False	1.0295813268612619e-07	23.21143913269043
ĠJohn	504	 John	2	distilbert/distilgpt2	distilbert/distilgpt2	False	3.508756708470173e-05	14.798680305480957
Ġbecause	504	 because	3	distilbert/distilgpt2	distilbert/distilgpt2	False	0.0004572159086819738	11.094837188720703
Ġhe	504	 he	4	distilbert/distilgpt2	distilbert/distilgpt2	False	0.4186902344226837	1.256044864654541
Mary	505	Mary	0	distilbert/distilgpt2	distilbert/distilgpt2	False	1.0	0.0
Ġavoided	505	 avoided	1	distilbert/distilgpt2	distilbert/distilgpt2	False	9.46214413488633e-08	23.3332576751709
ĠSarah	505	 Sarah	2	distilbert/distilgpt2	distilbert/distilgpt2	False	9.016562216856983e-06	16.758991241455078
Ġbecause	505	 because	3	distilbert/distilgpt2	distilbert/distilgpt2	False	0.002602878026664257	8.585676193237305
Ġshe	505	 she	4	distilbert/distilgpt2	distilbert/distilgpt2	False	0.46100562810897827	1.1171437501907349
John	506	John	0	distilbert/distilgpt2	distilbert/distilgpt2	False	1.0	0.0
Ġavoided	506	 avoided	1	distilbert/distilgpt2	distilbert/distilgpt2	False	8.686379970868074e-08	23.456668853759766
ĠSarah	506	 Sarah	2	distilbert/distilgpt2	distilbert/distilgpt2	False	7.617707524332218e-06	17.002212524414062
Ġbecause	506	 because	3	distilbert/distilgpt2	distilbert/distilgpt2	False	0.0011743480572476983	9.73392391204834
Ġshe	506	 she	4	distilbert/distilgpt2	distilbert/distilgpt2	False	0.4559341371059418	1.1331026554107666
Mary	507	Mary	0	distilbert/distilgpt2	distilbert/distilgpt2	False	1.0	0.0
Ġavoided	507	 avoided	1	distilbert/distilgpt2	distilbert/distilgpt2	False	9.46214413488633e-08	23.3332576751709
ĠSarah	507	 Sarah	2	distilbert/distilgpt2	distilbert/distilgpt2	False	9.016562216856983e-06	16.758991241455078
Ġbecause	507	 because	3	distilbert/distilgpt2	distilbert/distilgpt2	False	0.002602878026664257	8.585676193237305
Ġshe	507	 she	4	distilbert/distilgpt2	distilbert/distilgpt2	False	0.46100562810897827	1.1171437501907349
David	508	David	0	distilbert/distilgpt2	distilbert/distilgpt2	False	1.0	0.0
Ġavoided	508	 avoided	1	distilbert/distilgpt2	distilbert/distilgpt2	False	1.0915379533571468e-07	23.127134323120117
ĠSarah	508	 Sarah	2	distilbert/distilgpt2	distilbert/distilgpt2	False	5.778706054115901e-06	17.400821685791016
Ġbecause	508	 because	3	distilbert/distilgpt2	distilbert/distilgpt2	False	0.0003870231448672712	11.33529281616211
Ġshe	508	 she	4	distilbert/distilgpt2	distilbert/distilgpt2	False	0.47213947772979736	1.0827150344848633
Sarah	509	Sarah	0	distilbert/distilgpt2	distilbert/distilgpt2	False	1.0	0.0
Ġavoided	509	 avoided	1	distilbert/distilgpt2	distilbert/distilgpt2	False	1.0295813268612619e-07	23.21143913269043
ĠMary	509	 Mary	2	distilbert/distilgpt2	distilbert/distilgpt2	False	1.2567443263833411e-05	16.279949188232422
Ġbecause	509	 because	3	distilbert/distilgpt2	distilbert/distilgpt2	False	0.0021577917505055666	8.856228828430176
Ġshe	509	 she	4	distilbert/distilgpt2	distilbert/distilgpt2	False	0.405581533908844	1.301936149597168
John	510	John	0	distilbert/distilgpt2	distilbert/distilgpt2	False	1.0	0.0
Ġavoided	510	 avoided	1	distilbert/distilgpt2	distilbert/distilgpt2	False	8.686379970868074e-08	23.456668853759766
ĠMary	510	 Mary	2	distilbert/distilgpt2	distilbert/distilgpt2	False	8.267144949059002e-06	16.884180068969727
Ġbecause	510	 because	3	distilbert/distilgpt2	distilbert/distilgpt2	False	0.003918809350579977	7.995368957519531
Ġshe	510	 she	4	distilbert/distilgpt2	distilbert/distilgpt2	False	0.4024623930454254	1.3130741119384766
Sarah	511	Sarah	0	distilbert/distilgpt2	distilbert/distilgpt2	False	1.0	0.0
Ġavoided	511	 avoided	1	distilbert/distilgpt2	distilbert/distilgpt2	False	1.0295813268612619e-07	23.21143913269043
ĠMary	511	 Mary	2	distilbert/distilgpt2	distilbert/distilgpt2	False	1.2567443263833411e-05	16.279949188232422
Ġbecause	511	 because	3	distilbert/distilgpt2	distilbert/distilgpt2	False	0.0021577917505055666	8.856228828430176
Ġshe	511	 she	4	distilbert/distilgpt2	distilbert/distilgpt2	False	0.405581533908844	1.301936149597168
David	512	David	0	distilbert/distilgpt2	distilbert/distilgpt2	False	1.0	0.0
Ġavoided	512	 avoided	1	distilbert/distilgpt2	distilbert/distilgpt2	False	1.0915379533571468e-07	23.127134323120117
ĠMary	512	 Mary	2	distilbert/distilgpt2	distilbert/distilgpt2	False	5.486216650751885e-06	17.475757598876953
Ġbecause	512	 because	3	distilbert/distilgpt2	distilbert/distilgpt2	False	0.0010943303350359201	9.835736274719238
Ġshe	512	 she	4	distilbert/distilgpt2	distilbert/distilgpt2	False	0.41383400559425354	1.2728759050369263
John	513	John	0	distilbert/distilgpt2	distilbert/distilgpt2	False	1.0	0.0
Ġbaffled	513	 baffled	1	distilbert/distilgpt2	distilbert/distilgpt2	False	9.87729364965162e-09	26.593236923217773
ĠDavid	513	 David	2	distilbert/distilgpt2	distilbert/distilgpt2	False	0.0002550043573137373	11.937191009521484
Ġbecause	513	 because	3	distilbert/distilgpt2	distilbert/distilgpt2	False	0.0007646508747711778	10.352910995483398
Ġhe	513	 he	4	distilbert/distilgpt2	distilbert/distilgpt2	False	0.42536047101020813	1.233242154121399
Mary	514	Mary	0	distilbert/distilgpt2	distilbert/distilgpt2	False	1.0	0.0
Ġbaffled	514	 baffled	1	distilbert/distilgpt2	distilbert/distilgpt2	False	1.154092288402353e-08	26.36866569519043
ĠDavid	514	 David	2	distilbert/distilgpt2	distilbert/distilgpt2	False	0.00015446660108864307	12.660417556762695
Ġbecause	514	 because	3	distilbert/distilgpt2	distilbert/distilgpt2	False	0.0012668839190155268	9.624500274658203
Ġhe	514	 he	4	distilbert/distilgpt2	distilbert/distilgpt2	False	0.4231824278831482	1.2406483888626099
John	515	John	0	distilbert/distilgpt2	distilbert/distilgpt2	False	1.0	0.0
Ġbaffled	515	 baffled	1	distilbert/distilgpt2	distilbert/distilgpt2	False	9.87729364965162e-09	26.593236923217773
ĠDavid	515	 David	2	distilbert/distilgpt2	distilbert/distilgpt2	False	0.0002550043573137373	11.937191009521484
Ġbecause	515	 because	3	distilbert/distilgpt2	distilbert/distilgpt2	False	0.0007646508747711778	10.352910995483398
Ġhe	515	 he	4	distilbert/distilgpt2	distilbert/distilgpt2	False	0.42536047101020813	1.233242154121399
Sarah	516	Sarah	0	distilbert/distilgpt2	distilbert/distilgpt2	False	1.0	0.0
Ġbaffled	516	 baffled	1	distilbert/distilgpt2	distilbert/distilgpt2	False	9.213764862181506e-09	26.693561553955078
ĠDavid	516	 David	2	distilbert/distilgpt2	distilbert/distilgpt2	False	0.0002455291978549212	11.991817474365234
Ġbecause	516	 because	3	distilbert/distilgpt2	distilbert/distilgpt2	False	0.0007188853924162686	10.441950798034668
Ġhe	516	 he	4	distilbert/distilgpt2	distilbert/distilgpt2	False	0.4202149212360382	1.2508007287979126
David	517	David	0	distilbert/distilgpt2	distilbert/distilgpt2	False	1.0	0.0
Ġbaffled	517	 baffled	1	distilbert/distilgpt2	distilbert/distilgpt2	False	1.0771550762456172e-08	26.468198776245117
ĠJohn	517	 John	2	distilbert/distilgpt2	distilbert/distilgpt2	False	0.0003470857918728143	11.492420196533203
Ġbecause	517	 because	3	distilbert/distilgpt2	distilbert/distilgpt2	False	0.0009525772766210139	10.035876274108887
Ġhe	517	 he	4	distilbert/distilgpt2	distilbert/distilgpt2	False	0.4202691316604614	1.2506146430969238
Mary	518	Mary	0	distilbert/distilgpt2	distilbert/distilgpt2	False	1.0	0.0
Ġbaffled	518	 baffled	1	distilbert/distilgpt2	distilbert/distilgpt2	False	1.154092288402353e-08	26.36866569519043
ĠJohn	518	 John	2	distilbert/distilgpt2	distilbert/distilgpt2	False	0.00020022736862301826	12.286072731018066
Ġbecause	518	 because	3	distilbert/distilgpt2	distilbert/distilgpt2	False	0.0019310268107801676	9.016416549682617
Ġhe	518	 he	4	distilbert/distilgpt2	distilbert/distilgpt2	False	0.4268434941768646	1.2282209396362305
David	519	David	0	distilbert/distilgpt2	distilbert/distilgpt2	False	1.0	0.0
Ġbaffled	519	 baffled	1	distilbert/distilgpt2	distilbert/distilgpt2	False	1.0771550762456172e-08	26.468198776245117
ĠJohn	519	 John	2	distilbert/distilgpt2	distilbert/distilgpt2	False	0.0003470857918728143	11.492420196533203
Ġbecause	519	 because	3	distilbert/distilgpt2	distilbert/distilgpt2	False	0.0009525772766210139	10.035876274108887
Ġhe	519	 he	4	distilbert/distilgpt2	distilbert/distilgpt2	False	0.4202691316604614	1.2506146430969238
Sarah	520	Sarah	0	distilbert/distilgpt2	distilbert/distilgpt2	False	1.0	0.0
Ġbaffled	520	 baffled	1	distilbert/distilgpt2	distilbert/distilgpt2	False	9.213764862181506e-09	26.693561553955078
ĠJohn	520	 John	2	distilbert/distilgpt2	distilbert/distilgpt2	False	0.0002744420780800283	11.83121109008789
Ġbecause	520	 because	3	distilbert/distilgpt2	distilbert/distilgpt2	False	0.0022371653467416763	8.804112434387207
Ġhe	520	 he	4	distilbert/distilgpt2	distilbert/distilgpt2	False	0.4109213948249817	1.283065676689148
Mary	521	Mary	0	distilbert/distilgpt2	distilbert/distilgpt2	False	1.0	0.0
Ġbaffled	521	 baffled	1	distilbert/distilgpt2	distilbert/distilgpt2	False	1.154092288402353e-08	26.36866569519043
ĠSarah	521	 Sarah	2	distilbert/distilgpt2	distilbert/distilgpt2	False	4.979492223355919e-05	14.293642044067383
Ġbecause	521	 because	3	distilbert/distilgpt2	distilbert/distilgpt2	False	0.0032015731558203697	8.287003517150879
Ġshe	521	 she	4	distilbert/distilgpt2	distilbert/distilgpt2	False	0.47569212317466736	1.0719000101089478
John	522	John	0	distilbert/distilgpt2	distilbert/distilgpt2	False	1.0	0.0
Ġbaffled	522	 baffled	1	distilbert/distilgpt2	distilbert/distilgpt2	False	9.87729364965162e-09	26.593236923217773
ĠSarah	522	 Sarah	2	distilbert/distilgpt2	distilbert/distilgpt2	False	7.286514301085845e-05	13.74441146850586
Ġbecause	522	 because	3	distilbert/distilgpt2	distilbert/distilgpt2	False	0.0020998232066631317	8.895516395568848
Ġshe	522	 she	4	distilbert/distilgpt2	distilbert/distilgpt2	False	0.4503306746482849	1.150943398475647
Mary	523	Mary	0	distilbert/distilgpt2	distilbert/distilgpt2	False	1.0	0.0
Ġbaffled	523	 baffled	1	distilbert/distilgpt2	distilbert/distilgpt2	False	1.154092288402353e-08	26.36866569519043
ĠSarah	523	 Sarah	2	distilbert/distilgpt2	distilbert/distilgpt2	False	4.979492223355919e-05	14.293642044067383
Ġbecause	523	 because	3	distilbert/distilgpt2	distilbert/distilgpt2	False	0.0032015731558203697	8.287003517150879
Ġshe	523	 she	4	distilbert/distilgpt2	distilbert/distilgpt2	False	0.47569212317466736	1.0719000101089478
David	524	David	0	distilbert/distilgpt2	distilbert/distilgpt2	False	1.0	0.0
Ġbaffled	524	 baffled	1	distilbert/distilgpt2	distilbert/distilgpt2	False	1.0771550762456172e-08	26.468198776245117
ĠSarah	524	 Sarah	2	distilbert/distilgpt2	distilbert/distilgpt2	False	7.116276537999511e-05	13.778517723083496
Ġbecause	524	 because	3	distilbert/distilgpt2	distilbert/distilgpt2	False	0.0011242530308663845	9.796817779541016
Ġshe	524	 she	4	distilbert/distilgpt2	distilbert/distilgpt2	False	0.43167465925216675	1.2119836807250977
Sarah	525	Sarah	0	distilbert/distilgpt2	distilbert/distilgpt2	False	1.0	0.0
Ġbaffled	525	 baffled	1	distilbert/distilgpt2	distilbert/distilgpt2	False	9.213764862181506e-09	26.693561553955078
ĠMary	525	 Mary	2	distilbert/distilgpt2	distilbert/distilgpt2	False	0.00018169153190683573	12.426220893859863
Ġbecause	525	 because	3	distilbert/distilgpt2	distilbert/distilgpt2	False	0.0015478194691240788	9.33554744720459
Ġshe	525	 she	4	distilbert/distilgpt2	distilbert/distilgpt2	False	0.41371265053749084	1.2732990980148315
John	526	John	0	distilbert/distilgpt2	distilbert/distilgpt2	False	1.0	0.0
Ġbaffled	526	 baffled	1	distilbert/distilgpt2	distilbert/distilgpt2	False	9.87729364965162e-09	26.593236923217773
ĠMary	526	 Mary	2	distilbert/distilgpt2	distilbert/distilgpt2	False	0.0001306121557718143	12.902422904968262
Ġbecause	526	 because	3	distilbert/distilgpt2	distilbert/distilgpt2	False	0.002287756884470582	8.7718505859375
Ġshe	526	 she	4	distilbert/distilgpt2	distilbert/distilgpt2	False	0.42608532309532166	1.2307857275009155
Sarah	527	Sarah	0	distilbert/distilgpt2	distilbert/distilgpt2	False	1.0	0.0
Ġbaffled	527	 baffled	1	distilbert/distilgpt2	distilbert/distilgpt2	False	9.213764862181506e-09	26.693561553955078
ĠMary	527	 Mary	2	distilbert/distilgpt2	distilbert/distilgpt2	False	0.00018169153190683573	12.426220893859863
Ġbecause	527	 because	3	distilbert/distilgpt2	distilbert/distilgpt2	False	0.0015478194691240788	9.33554744720459
Ġshe	527	 she	4	distilbert/distilgpt2	distilbert/distilgpt2	False	0.41371265053749084	1.2732990980148315
David	528	David	0	distilbert/distilgpt2	distilbert/distilgpt2	False	1.0	0.0
Ġbaffled	528	 baffled	1	distilbert/distilgpt2	distilbert/distilgpt2	False	1.0771550762456172e-08	26.468198776245117
ĠMary	528	 Mary	2	distilbert/distilgpt2	distilbert/distilgpt2	False	0.0001257574767805636	12.95706844329834
Ġbecause	528	 because	3	distilbert/distilgpt2	distilbert/distilgpt2	False	0.0010120226070284843	9.948542594909668
Ġshe	528	 she	4	distilbert/distilgpt2	distilbert/distilgpt2	False	0.4020983874797821	1.3143795728683472
John	529	John	0	distilbert/distilgpt2	distilbert/distilgpt2	False	1.0	0.0
Ġbanished	529	 banished	1	distilbert/distilgpt2	distilbert/distilgpt2	False	2.5183904739378704e-08	25.242921829223633
ĠDavid	529	 David	2	distilbert/distilgpt2	distilbert/distilgpt2	False	0.0002162646414944902	12.174914360046387
Ġbecause	529	 because	3	distilbert/distilgpt2	distilbert/distilgpt2	False	0.0004652847128454596	11.069598197937012
Ġhe	529	 he	4	distilbert/distilgpt2	distilbert/distilgpt2	False	0.45154520869255066	1.1470576524734497
Mary	530	Mary	0	distilbert/distilgpt2	distilbert/distilgpt2	False	1.0	0.0
Ġbanished	530	 banished	1	distilbert/distilgpt2	distilbert/distilgpt2	False	3.16376791431594e-08	24.913780212402344
ĠDavid	530	 David	2	distilbert/distilgpt2	distilbert/distilgpt2	False	0.0001467956171836704	12.733903884887695
Ġbecause	530	 because	3	distilbert/distilgpt2	distilbert/distilgpt2	False	0.0008050078176893294	10.278709411621094
Ġhe	530	 he	4	distilbert/distilgpt2	distilbert/distilgpt2	False	0.4381555914878845	1.190484881401062
John	531	John	0	distilbert/distilgpt2	distilbert/distilgpt2	False	1.0	0.0
Ġbanished	531	 banished	1	distilbert/distilgpt2	distilbert/distilgpt2	False	2.5183904739378704e-08	25.242921829223633
ĠDavid	531	 David	2	distilbert/distilgpt2	distilbert/distilgpt2	False	0.0002162646414944902	12.174914360046387
Ġbecause	531	 because	3	distilbert/distilgpt2	distilbert/distilgpt2	False	0.0004652847128454596	11.069598197937012
Ġhe	531	 he	4	distilbert/distilgpt2	distilbert/distilgpt2	False	0.45154520869255066	1.1470576524734497
Sarah	532	Sarah	0	distilbert/distilgpt2	distilbert/distilgpt2	False	1.0	0.0
Ġbanished	532	 banished	1	distilbert/distilgpt2	distilbert/distilgpt2	False	2.5315042506690588e-08	25.235429763793945
ĠDavid	532	 David	2	distilbert/distilgpt2	distilbert/distilgpt2	False	0.0002543733280617744	11.940765380859375
Ġbecause	532	 because	3	distilbert/distilgpt2	distilbert/distilgpt2	False	0.0004026803362648934	11.278077125549316
Ġhe	532	 he	4	distilbert/distilgpt2	distilbert/distilgpt2	False	0.453731894493103	1.1400880813598633
David	533	David	0	distilbert/distilgpt2	distilbert/distilgpt2	False	1.0	0.0
Ġbanished	533	 banished	1	distilbert/distilgpt2	distilbert/distilgpt2	False	2.6342013015323573e-08	25.178058624267578
ĠJohn	533	 John	2	distilbert/distilgpt2	distilbert/distilgpt2	False	0.00033429183531552553	11.54660415649414
Ġbecause	533	 because	3	distilbert/distilgpt2	distilbert/distilgpt2	False	0.0005248411325737834	10.895831108093262
Ġhe	533	 he	4	distilbert/distilgpt2	distilbert/distilgpt2	False	0.4476146697998047	1.1596708297729492
Mary	534	Mary	0	distilbert/distilgpt2	distilbert/distilgpt2	False	1.0	0.0
Ġbanished	534	 banished	1	distilbert/distilgpt2	distilbert/distilgpt2	False	3.16376791431594e-08	24.913780212402344
ĠJohn	534	 John	2	distilbert/distilgpt2	distilbert/distilgpt2	False	0.0002201755705755204	12.14905834197998
Ġbecause	534	 because	3	distilbert/distilgpt2	distilbert/distilgpt2	False	0.0012543975608423352	9.638790130615234
Ġhe	534	 he	4	distilbert/distilgpt2	distilbert/distilgpt2	False	0.4644591510295868	1.1063764095306396
David	535	David	0	distilbert/distilgpt2	distilbert/distilgpt2	False	1.0	0.0
Ġbanished	535	 banished	1	distilbert/distilgpt2	distilbert/distilgpt2	False	2.6342013015323573e-08	25.178058624267578
ĠJohn	535	 John	2	distilbert/distilgpt2	distilbert/distilgpt2	False	0.00033429183531552553	11.54660415649414
Ġbecause	535	 because	3	distilbert/distilgpt2	distilbert/distilgpt2	False	0.0005248411325737834	10.895831108093262
Ġhe	535	 he	4	distilbert/distilgpt2	distilbert/distilgpt2	False	0.4476146697998047	1.1596708297729492
Sarah	536	Sarah	0	distilbert/distilgpt2	distilbert/distilgpt2	False	1.0	0.0
Ġbanished	536	 banished	1	distilbert/distilgpt2	distilbert/distilgpt2	False	2.5315042506690588e-08	25.235429763793945
ĠJohn	536	 John	2	distilbert/distilgpt2	distilbert/distilgpt2	False	0.0003421609289944172	11.51303768157959
Ġbecause	536	 because	3	distilbert/distilgpt2	distilbert/distilgpt2	False	0.0016105424147099257	9.278237342834473
Ġhe	536	 he	4	distilbert/distilgpt2	distilbert/distilgpt2	False	0.43955352902412415	1.1858892440795898
Mary	537	Mary	0	distilbert/distilgpt2	distilbert/distilgpt2	False	1.0	0.0
Ġbanished	537	 banished	1	distilbert/distilgpt2	distilbert/distilgpt2	False	3.16376791431594e-08	24.913780212402344
ĠSarah	537	 Sarah	2	distilbert/distilgpt2	distilbert/distilgpt2	False	4.815848296857439e-05	14.341850280761719
Ġbecause	537	 because	3	distilbert/distilgpt2	distilbert/distilgpt2	False	0.0030869157053530216	8.339618682861328
Ġshe	537	 she	4	distilbert/distilgpt2	distilbert/distilgpt2	False	0.47850334644317627	1.063399076461792
John	538	John	0	distilbert/distilgpt2	distilbert/distilgpt2	False	1.0	0.0
Ġbanished	538	 banished	1	distilbert/distilgpt2	distilbert/distilgpt2	False	2.5183904739378704e-08	25.242921829223633
ĠSarah	538	 Sarah	2	distilbert/distilgpt2	distilbert/distilgpt2	False	6.071052484912798e-05	14.007694244384766
Ġbecause	538	 because	3	distilbert/distilgpt2	distilbert/distilgpt2	False	0.0021352788899093866	8.871359825134277
Ġshe	538	 she	4	distilbert/distilgpt2	distilbert/distilgpt2	False	0.46310850977897644	1.1105778217315674
Mary	539	Mary	0	distilbert/distilgpt2	distilbert/distilgpt2	False	1.0	0.0
Ġbanished	539	 banished	1	distilbert/distilgpt2	distilbert/distilgpt2	False	3.16376791431594e-08	24.913780212402344
ĠSarah	539	 Sarah	2	distilbert/distilgpt2	distilbert/distilgpt2	False	4.815848296857439e-05	14.341850280761719
Ġbecause	539	 because	3	distilbert/distilgpt2	distilbert/distilgpt2	False	0.0030869157053530216	8.339618682861328
Ġshe	539	 she	4	distilbert/distilgpt2	distilbert/distilgpt2	False	0.47850334644317627	1.063399076461792
David	540	David	0	distilbert/distilgpt2	distilbert/distilgpt2	False	1.0	0.0
Ġbanished	540	 banished	1	distilbert/distilgpt2	distilbert/distilgpt2	False	2.6342013015323573e-08	25.178058624267578
ĠSarah	540	 Sarah	2	distilbert/distilgpt2	distilbert/distilgpt2	False	6.505857891170308e-05	13.9079008102417
Ġbecause	540	 because	3	distilbert/distilgpt2	distilbert/distilgpt2	False	0.0010501709766685963	9.895159721374512
Ġshe	540	 she	4	distilbert/distilgpt2	distilbert/distilgpt2	False	0.46249523758888245	1.1124895811080933
Sarah	541	Sarah	0	distilbert/distilgpt2	distilbert/distilgpt2	False	1.0	0.0
Ġbanished	541	 banished	1	distilbert/distilgpt2	distilbert/distilgpt2	False	2.5315042506690588e-08	25.235429763793945
ĠMary	541	 Mary	2	distilbert/distilgpt2	distilbert/distilgpt2	False	0.00012985577632207423	12.910801887512207
Ġbecause	541	 because	3	distilbert/distilgpt2	distilbert/distilgpt2	False	0.002313175005838275	8.75590991973877
Ġshe	541	 she	4	distilbert/distilgpt2	distilbert/distilgpt2	False	0.4163375198841095	1.2641745805740356
John	542	John	0	distilbert/distilgpt2	distilbert/distilgpt2	False	1.0	0.0
Ġbanished	542	 banished	1	distilbert/distilgpt2	distilbert/distilgpt2	False	2.5183904739378704e-08	25.242921829223633
ĠMary	542	 Mary	2	distilbert/distilgpt2	distilbert/distilgpt2	False	0.00010456039308337495	13.223376274108887
Ġbecause	542	 because	3	distilbert/distilgpt2	distilbert/distilgpt2	False	0.0026353613939136267	8.56778335571289
Ġshe	542	 she	4	distilbert/distilgpt2	distilbert/distilgpt2	False	0.4257161617279053	1.2320362329483032
Sarah	543	Sarah	0	distilbert/distilgpt2	distilbert/distilgpt2	False	1.0	0.0
Ġbanished	543	 banished	1	distilbert/distilgpt2	distilbert/distilgpt2	False	2.5315042506690588e-08	25.235429763793945
ĠMary	543	 Mary	2	distilbert/distilgpt2	distilbert/distilgpt2	False	0.00012985577632207423	12.910801887512207
Ġbecause	543	 because	3	distilbert/distilgpt2	distilbert/distilgpt2	False	0.002313175005838275	8.75590991973877
Ġshe	543	 she	4	distilbert/distilgpt2	distilbert/distilgpt2	False	0.4163375198841095	1.2641745805740356
David	544	David	0	distilbert/distilgpt2	distilbert/distilgpt2	False	1.0	0.0
Ġbanished	544	 banished	1	distilbert/distilgpt2	distilbert/distilgpt2	False	2.6342013015323573e-08	25.178058624267578
ĠMary	544	 Mary	2	distilbert/distilgpt2	distilbert/distilgpt2	False	8.864307892508805e-05	13.46163272857666
Ġbecause	544	 because	3	distilbert/distilgpt2	distilbert/distilgpt2	False	0.0013489522971212864	9.533945083618164
Ġshe	544	 she	4	distilbert/distilgpt2	distilbert/distilgpt2	False	0.4195670783519745	1.2530266046524048
John	545	John	0	distilbert/distilgpt2	distilbert/distilgpt2	False	1.0	0.0
Ġbattled	545	 battled	1	distilbert/distilgpt2	distilbert/distilgpt2	False	6.037296174099538e-08	23.981521606445312
ĠDavid	545	 David	2	distilbert/distilgpt2	distilbert/distilgpt2	False	8.141929720295593e-05	13.584269523620605
Ġbecause	545	 because	3	distilbert/distilgpt2	distilbert/distilgpt2	False	0.0002188416401622817	12.157825469970703
Ġhe	545	 he	4	distilbert/distilgpt2	distilbert/distilgpt2	False	0.3766995370388031	1.4085139036178589
Mary	546	Mary	0	distilbert/distilgpt2	distilbert/distilgpt2	False	1.0	0.0
Ġbattled	546	 battled	1	distilbert/distilgpt2	distilbert/distilgpt2	False	6.421632292585855e-08	23.892484664916992
ĠDavid	546	 David	2	distilbert/distilgpt2	distilbert/distilgpt2	False	5.893313209526241e-05	14.050561904907227
Ġbecause	546	 because	3	distilbert/distilgpt2	distilbert/distilgpt2	False	0.0003325877187307924	11.553977012634277
Ġhe	546	 he	4	distilbert/distilgpt2	distilbert/distilgpt2	False	0.37115412950515747	1.4299097061157227
John	547	John	0	distilbert/distilgpt2	distilbert/distilgpt2	False	1.0	0.0
Ġbattled	547	 battled	1	distilbert/distilgpt2	distilbert/distilgpt2	False	6.037296174099538e-08	23.981521606445312
ĠDavid	547	 David	2	distilbert/distilgpt2	distilbert/distilgpt2	False	8.141929720295593e-05	13.584269523620605
Ġbecause	547	 because	3	distilbert/distilgpt2	distilbert/distilgpt2	False	0.0002188416401622817	12.157825469970703
Ġhe	547	 he	4	distilbert/distilgpt2	distilbert/distilgpt2	False	0.3766995370388031	1.4085139036178589
Sarah	548	Sarah	0	distilbert/distilgpt2	distilbert/distilgpt2	False	1.0	0.0
Ġbattled	548	 battled	1	distilbert/distilgpt2	distilbert/distilgpt2	False	5.262278790496566e-08	24.179737091064453
ĠDavid	548	 David	2	distilbert/distilgpt2	distilbert/distilgpt2	False	5.275924922898412e-05	14.210216522216797
Ġbecause	548	 because	3	distilbert/distilgpt2	distilbert/distilgpt2	False	0.00017941967234946787	12.444374084472656
Ġhe	548	 he	4	distilbert/distilgpt2	distilbert/distilgpt2	False	0.3904077410697937	1.3569464683532715
David	549	David	0	distilbert/distilgpt2	distilbert/distilgpt2	False	1.0	0.0
Ġbattled	549	 battled	1	distilbert/distilgpt2	distilbert/distilgpt2	False	4.741186998558078e-08	24.330177307128906
ĠJohn	549	 John	2	distilbert/distilgpt2	distilbert/distilgpt2	False	0.00010398541780887172	13.231330871582031
Ġbecause	549	 because	3	distilbert/distilgpt2	distilbert/distilgpt2	False	0.00014496697986032814	12.751988410949707
Ġhe	549	 he	4	distilbert/distilgpt2	distilbert/distilgpt2	False	0.3787696063518524	1.4006075859069824
Mary	550	Mary	0	distilbert/distilgpt2	distilbert/distilgpt2	False	1.0	0.0
Ġbattled	550	 battled	1	distilbert/distilgpt2	distilbert/distilgpt2	False	6.421632292585855e-08	23.892484664916992
ĠJohn	550	 John	2	distilbert/distilgpt2	distilbert/distilgpt2	False	0.0001136642022174783	13.102934837341309
Ġbecause	550	 because	3	distilbert/distilgpt2	distilbert/distilgpt2	False	0.0004689024353865534	11.058424949645996
Ġhe	550	 he	4	distilbert/distilgpt2	distilbert/distilgpt2	False	0.3822247087955475	1.3875070810317993
David	551	David	0	distilbert/distilgpt2	distilbert/distilgpt2	False	1.0	0.0
Ġbattled	551	 battled	1	distilbert/distilgpt2	distilbert/distilgpt2	False	4.741186998558078e-08	24.330177307128906
ĠJohn	551	 John	2	distilbert/distilgpt2	distilbert/distilgpt2	False	0.00010398541780887172	13.231330871582031
Ġbecause	551	 because	3	distilbert/distilgpt2	distilbert/distilgpt2	False	0.00014496697986032814	12.751988410949707
Ġhe	551	 he	4	distilbert/distilgpt2	distilbert/distilgpt2	False	0.3787696063518524	1.4006075859069824
Sarah	552	Sarah	0	distilbert/distilgpt2	distilbert/distilgpt2	False	1.0	0.0
Ġbattled	552	 battled	1	distilbert/distilgpt2	distilbert/distilgpt2	False	5.262278790496566e-08	24.179737091064453
ĠJohn	552	 John	2	distilbert/distilgpt2	distilbert/distilgpt2	False	6.88674917910248e-05	13.825817108154297
Ġbecause	552	 because	3	distilbert/distilgpt2	distilbert/distilgpt2	False	0.00041185630834661424	11.24557113647461
Ġhe	552	 he	4	distilbert/distilgpt2	distilbert/distilgpt2	False	0.38662680983543396	1.3709864616394043
Mary	553	Mary	0	distilbert/distilgpt2	distilbert/distilgpt2	False	1.0	0.0
Ġbattled	553	 battled	1	distilbert/distilgpt2	distilbert/distilgpt2	False	6.421632292585855e-08	23.892484664916992
ĠSarah	553	 Sarah	2	distilbert/distilgpt2	distilbert/distilgpt2	False	1.4264565834309906e-05	16.097204208374023
Ġbecause	553	 because	3	distilbert/distilgpt2	distilbert/distilgpt2	False	0.001280809985473752	9.60872745513916
Ġshe	553	 she	4	distilbert/distilgpt2	distilbert/distilgpt2	False	0.39496663212776184	1.3401973247528076
John	554	John	0	distilbert/distilgpt2	distilbert/distilgpt2	False	1.0	0.0
Ġbattled	554	 battled	1	distilbert/distilgpt2	distilbert/distilgpt2	False	6.037296174099538e-08	23.981521606445312
ĠSarah	554	 Sarah	2	distilbert/distilgpt2	distilbert/distilgpt2	False	1.2470914953155443e-05	16.291072845458984
Ġbecause	554	 because	3	distilbert/distilgpt2	distilbert/distilgpt2	False	0.0006805633311159909	10.52098274230957
Ġshe	554	 she	4	distilbert/distilgpt2	distilbert/distilgpt2	False	0.37040141224861145	1.4328385591506958
Mary	555	Mary	0	distilbert/distilgpt2	distilbert/distilgpt2	False	1.0	0.0
Ġbattled	555	 battled	1	distilbert/distilgpt2	distilbert/distilgpt2	False	6.421632292585855e-08	23.892484664916992
ĠSarah	555	 Sarah	2	distilbert/distilgpt2	distilbert/distilgpt2	False	1.4264565834309906e-05	16.097204208374023
Ġbecause	555	 because	3	distilbert/distilgpt2	distilbert/distilgpt2	False	0.001280809985473752	9.60872745513916
Ġshe	555	 she	4	distilbert/distilgpt2	distilbert/distilgpt2	False	0.39496663212776184	1.3401973247528076
David	556	David	0	distilbert/distilgpt2	distilbert/distilgpt2	False	1.0	0.0
Ġbattled	556	 battled	1	distilbert/distilgpt2	distilbert/distilgpt2	False	4.741186998558078e-08	24.330177307128906
ĠSarah	556	 Sarah	2	distilbert/distilgpt2	distilbert/distilgpt2	False	9.210343705490232e-06	16.728313446044922
Ġbecause	556	 because	3	distilbert/distilgpt2	distilbert/distilgpt2	False	0.00015038542915135622	12.699047088623047
Ġshe	556	 she	4	distilbert/distilgpt2	distilbert/distilgpt2	False	0.3873181939125061	1.3684089183807373
Sarah	557	Sarah	0	distilbert/distilgpt2	distilbert/distilgpt2	False	1.0	0.0
Ġbattled	557	 battled	1	distilbert/distilgpt2	distilbert/distilgpt2	False	5.262278790496566e-08	24.179737091064453
ĠMary	557	 Mary	2	distilbert/distilgpt2	distilbert/distilgpt2	False	2.3626558686373755e-05	15.369231224060059
Ġbecause	557	 because	3	distilbert/distilgpt2	distilbert/distilgpt2	False	0.000690867134835571	10.499303817749023
Ġshe	557	 she	4	distilbert/distilgpt2	distilbert/distilgpt2	False	0.3647408187389374	1.4550564289093018
John	558	John	0	distilbert/distilgpt2	distilbert/distilgpt2	False	1.0	0.0
Ġbattled	558	 battled	1	distilbert/distilgpt2	distilbert/distilgpt2	False	6.037296174099538e-08	23.981521606445312
ĠMary	558	 Mary	2	distilbert/distilgpt2	distilbert/distilgpt2	False	2.7150390451424755e-05	15.168667793273926
Ġbecause	558	 because	3	distilbert/distilgpt2	distilbert/distilgpt2	False	0.0010949128773063421	9.834968566894531
Ġshe	558	 she	4	distilbert/distilgpt2	distilbert/distilgpt2	False	0.3492121696472168	1.5178242921829224
Sarah	559	Sarah	0	distilbert/distilgpt2	distilbert/distilgpt2	False	1.0	0.0
Ġbattled	559	 battled	1	distilbert/distilgpt2	distilbert/distilgpt2	False	5.262278790496566e-08	24.179737091064453
ĠMary	559	 Mary	2	distilbert/distilgpt2	distilbert/distilgpt2	False	2.3626558686373755e-05	15.369231224060059
Ġbecause	559	 because	3	distilbert/distilgpt2	distilbert/distilgpt2	False	0.000690867134835571	10.499303817749023
Ġshe	559	 she	4	distilbert/distilgpt2	distilbert/distilgpt2	False	0.3647408187389374	1.4550564289093018
David	560	David	0	distilbert/distilgpt2	distilbert/distilgpt2	False	1.0	0.0
Ġbattled	560	 battled	1	distilbert/distilgpt2	distilbert/distilgpt2	False	4.741186998558078e-08	24.330177307128906
ĠMary	560	 Mary	2	distilbert/distilgpt2	distilbert/distilgpt2	False	2.0126375602558255e-05	15.600553512573242
Ġbecause	560	 because	3	distilbert/distilgpt2	distilbert/distilgpt2	False	0.00028118136106058955	11.796211242675781
Ġshe	560	 she	4	distilbert/distilgpt2	distilbert/distilgpt2	False	0.3683215081691742	1.4409624338150024
John	561	John	0	distilbert/distilgpt2	distilbert/distilgpt2	False	1.0	0.0
Ġbeg	561	 beguiled	1	distilbert/distilgpt2	distilbert/distilgpt2	False	1.3112490648836683e-07	22.8625545501709
u	561	 beguiled	1	distilbert/distilgpt2	distilbert/distilgpt2	False	0.2700654864311218	1.88861882686615
iled	561	 beguiled	1	distilbert/distilgpt2	distilbert/distilgpt2	False	0.10133790969848633	3.3027541637420654
ĠDavid	561	 David	2	distilbert/distilgpt2	distilbert/distilgpt2	False	0.00026423385133966804	11.885896682739258
Ġbecause	561	 because	3	distilbert/distilgpt2	distilbert/distilgpt2	False	0.0005015688366256654	10.961264610290527
Ġhe	561	 he	4	distilbert/distilgpt2	distilbert/distilgpt2	False	0.3592235743999481	1.4770461320877075
Mary	562	Mary	0	distilbert/distilgpt2	distilbert/distilgpt2	False	1.0	0.0
Ġbeg	562	 beguiled	1	distilbert/distilgpt2	distilbert/distilgpt2	False	1.4515823920646653e-07	22.715869903564453
u	562	 beguiled	1	distilbert/distilgpt2	distilbert/distilgpt2	False	0.24396874010562897	2.035231828689575
iled	562	 beguiled	1	distilbert/distilgpt2	distilbert/distilgpt2	False	0.06681569665670395	3.9036691188812256
ĠDavid	562	 David	2	distilbert/distilgpt2	distilbert/distilgpt2	False	0.00018302838725503534	12.415644645690918
Ġbecause	562	 because	3	distilbert/distilgpt2	distilbert/distilgpt2	False	0.0005386634147725999	10.858327865600586
Ġhe	562	 he	4	distilbert/distilgpt2	distilbert/distilgpt2	False	0.3701331615447998	1.433883786201477
John	563	John	0	distilbert/distilgpt2	distilbert/distilgpt2	False	1.0	0.0
Ġbeg	563	 beguiled	1	distilbert/distilgpt2	distilbert/distilgpt2	False	1.3112490648836683e-07	22.8625545501709
u	563	 beguiled	1	distilbert/distilgpt2	distilbert/distilgpt2	False	0.2700654864311218	1.88861882686615
iled	563	 beguiled	1	distilbert/distilgpt2	distilbert/distilgpt2	False	0.10133790969848633	3.3027541637420654
ĠDavid	563	 David	2	distilbert/distilgpt2	distilbert/distilgpt2	False	0.00026423385133966804	11.885896682739258
Ġbecause	563	 because	3	distilbert/distilgpt2	distilbert/distilgpt2	False	0.0005015688366256654	10.961264610290527
Ġhe	563	 he	4	distilbert/distilgpt2	distilbert/distilgpt2	False	0.3592235743999481	1.4770461320877075
Sarah	564	Sarah	0	distilbert/distilgpt2	distilbert/distilgpt2	False	1.0	0.0
Ġbeg	564	 beguiled	1	distilbert/distilgpt2	distilbert/distilgpt2	False	1.2443400976280827e-07	22.9381160736084
u	564	 beguiled	1	distilbert/distilgpt2	distilbert/distilgpt2	False	0.15151843428611755	2.7224347591400146
iled	564	 beguiled	1	distilbert/distilgpt2	distilbert/distilgpt2	False	0.05249558389186859	4.251660346984863
ĠDavid	564	 David	2	distilbert/distilgpt2	distilbert/distilgpt2	False	0.00019386927306186408	12.33262825012207
Ġbecause	564	 because	3	distilbert/distilgpt2	distilbert/distilgpt2	False	0.00026771085686050355	11.867036819458008
Ġhe	564	 he	4	distilbert/distilgpt2	distilbert/distilgpt2	False	0.36435839533805847	1.4565699100494385
David	565	David	0	distilbert/distilgpt2	distilbert/distilgpt2	False	1.0	0.0
Ġbeg	565	 beguiled	1	distilbert/distilgpt2	distilbert/distilgpt2	False	1.2008703720312042e-07	22.989416122436523
u	565	 beguiled	1	distilbert/distilgpt2	distilbert/distilgpt2	False	0.21186743676662445	2.2387661933898926
iled	565	 beguiled	1	distilbert/distilgpt2	distilbert/distilgpt2	False	0.10147054493427277	3.3008670806884766
ĠJohn	565	 John	2	distilbert/distilgpt2	distilbert/distilgpt2	False	0.0005365613615140319	10.863968849182129
Ġbecause	565	 because	3	distilbert/distilgpt2	distilbert/distilgpt2	False	0.0003284096601419151	11.572216033935547
Ġhe	565	 he	4	distilbert/distilgpt2	distilbert/distilgpt2	False	0.35756468772888184	1.4837238788604736
Mary	566	Mary	0	distilbert/distilgpt2	distilbert/distilgpt2	False	1.0	0.0
Ġbeg	566	 beguiled	1	distilbert/distilgpt2	distilbert/distilgpt2	False	1.4515823920646653e-07	22.715869903564453
u	566	 beguiled	1	distilbert/distilgpt2	distilbert/distilgpt2	False	0.24396874010562897	2.035231828689575
iled	566	 beguiled	1	distilbert/distilgpt2	distilbert/distilgpt2	False	0.06681569665670395	3.9036691188812256
ĠJohn	566	 John	2	distilbert/distilgpt2	distilbert/distilgpt2	False	0.0003554712457116693	11.457979202270508
Ġbecause	566	 because	3	distilbert/distilgpt2	distilbert/distilgpt2	False	0.00046962095075286925	11.056215286254883
Ġhe	566	 he	4	distilbert/distilgpt2	distilbert/distilgpt2	False	0.4181753098964691	1.2578202486038208
David	567	David	0	distilbert/distilgpt2	distilbert/distilgpt2	False	1.0	0.0
Ġbeg	567	 beguiled	1	distilbert/distilgpt2	distilbert/distilgpt2	False	1.2008703720312042e-07	22.989416122436523
u	567	 beguiled	1	distilbert/distilgpt2	distilbert/distilgpt2	False	0.21186743676662445	2.2387661933898926
iled	567	 beguiled	1	distilbert/distilgpt2	distilbert/distilgpt2	False	0.10147054493427277	3.3008670806884766
ĠJohn	567	 John	2	distilbert/distilgpt2	distilbert/distilgpt2	False	0.0005365613615140319	10.863968849182129
Ġbecause	567	 because	3	distilbert/distilgpt2	distilbert/distilgpt2	False	0.0003284096601419151	11.572216033935547
Ġhe	567	 he	4	distilbert/distilgpt2	distilbert/distilgpt2	False	0.35756468772888184	1.4837238788604736
Sarah	568	Sarah	0	distilbert/distilgpt2	distilbert/distilgpt2	False	1.0	0.0
Ġbeg	568	 beguiled	1	distilbert/distilgpt2	distilbert/distilgpt2	False	1.2443400976280827e-07	22.9381160736084
u	568	 beguiled	1	distilbert/distilgpt2	distilbert/distilgpt2	False	0.15151843428611755	2.7224347591400146
iled	568	 beguiled	1	distilbert/distilgpt2	distilbert/distilgpt2	False	0.05249558389186859	4.251660346984863
ĠJohn	568	 John	2	distilbert/distilgpt2	distilbert/distilgpt2	False	0.00027853561914525926	11.809850692749023
Ġbecause	568	 because	3	distilbert/distilgpt2	distilbert/distilgpt2	False	0.0004911867436021566	10.991440773010254
Ġhe	568	 he	4	distilbert/distilgpt2	distilbert/distilgpt2	False	0.3697451651096344	1.4353969097137451
Mary	569	Mary	0	distilbert/distilgpt2	distilbert/distilgpt2	False	1.0	0.0
Ġbeg	569	 beguiled	1	distilbert/distilgpt2	distilbert/distilgpt2	False	1.4515823920646653e-07	22.715869903564453
u	569	 beguiled	1	distilbert/distilgpt2	distilbert/distilgpt2	False	0.24396874010562897	2.035231828689575
iled	569	 beguiled	1	distilbert/distilgpt2	distilbert/distilgpt2	False	0.06681569665670395	3.9036691188812256
ĠSarah	569	 Sarah	2	distilbert/distilgpt2	distilbert/distilgpt2	False	6.173677684273571e-05	13.98351001739502
Ġbecause	569	 because	3	distilbert/distilgpt2	distilbert/distilgpt2	False	0.0009278050856664777	10.073890686035156
Ġshe	569	 she	4	distilbert/distilgpt2	distilbert/distilgpt2	False	0.44885310530662537	1.1556847095489502
John	570	John	0	distilbert/distilgpt2	distilbert/distilgpt2	False	1.0	0.0
Ġbeg	570	 beguiled	1	distilbert/distilgpt2	distilbert/distilgpt2	False	1.3112490648836683e-07	22.8625545501709
u	570	 beguiled	1	distilbert/distilgpt2	distilbert/distilgpt2	False	0.2700654864311218	1.88861882686615
iled	570	 beguiled	1	distilbert/distilgpt2	distilbert/distilgpt2	False	0.10133790969848633	3.3027541637420654
ĠSarah	570	 Sarah	2	distilbert/distilgpt2	distilbert/distilgpt2	False	5.8169935073237866e-05	14.069366455078125
Ġbecause	570	 because	3	distilbert/distilgpt2	distilbert/distilgpt2	False	0.0009480268345214427	10.042784690856934
Ġshe	570	 she	4	distilbert/distilgpt2	distilbert/distilgpt2	False	0.40129441022872925	1.3172670602798462
Mary	571	Mary	0	distilbert/distilgpt2	distilbert/distilgpt2	False	1.0	0.0
Ġbeg	571	 beguiled	1	distilbert/distilgpt2	distilbert/distilgpt2	False	1.4515823920646653e-07	22.715869903564453
u	571	 beguiled	1	distilbert/distilgpt2	distilbert/distilgpt2	False	0.24396874010562897	2.035231828689575
iled	571	 beguiled	1	distilbert/distilgpt2	distilbert/distilgpt2	False	0.06681569665670395	3.9036691188812256
ĠSarah	571	 Sarah	2	distilbert/distilgpt2	distilbert/distilgpt2	False	6.173677684273571e-05	13.98351001739502
Ġbecause	571	 because	3	distilbert/distilgpt2	distilbert/distilgpt2	False	0.0009278050856664777	10.073890686035156
Ġshe	571	 she	4	distilbert/distilgpt2	distilbert/distilgpt2	False	0.44885310530662537	1.1556847095489502
David	572	David	0	distilbert/distilgpt2	distilbert/distilgpt2	False	1.0	0.0
Ġbeg	572	 beguiled	1	distilbert/distilgpt2	distilbert/distilgpt2	False	1.2008703720312042e-07	22.989416122436523
u	572	 beguiled	1	distilbert/distilgpt2	distilbert/distilgpt2	False	0.21186743676662445	2.2387661933898926
iled	572	 beguiled	1	distilbert/distilgpt2	distilbert/distilgpt2	False	0.10147054493427277	3.3008670806884766
ĠSarah	572	 Sarah	2	distilbert/distilgpt2	distilbert/distilgpt2	False	6.141597259556875e-05	13.991026878356934
Ġbecause	572	 because	3	distilbert/distilgpt2	distilbert/distilgpt2	False	0.0005137801053933799	10.92656135559082
Ġshe	572	 she	4	distilbert/distilgpt2	distilbert/distilgpt2	False	0.3775884211063385	1.4051135778427124
Sarah	573	Sarah	0	distilbert/distilgpt2	distilbert/distilgpt2	False	1.0	0.0
Ġbeg	573	 beguiled	1	distilbert/distilgpt2	distilbert/distilgpt2	False	1.2443400976280827e-07	22.9381160736084
u	573	 beguiled	1	distilbert/distilgpt2	distilbert/distilgpt2	False	0.15151843428611755	2.7224347591400146
iled	573	 beguiled	1	distilbert/distilgpt2	distilbert/distilgpt2	False	0.05249558389186859	4.251660346984863
ĠMary	573	 Mary	2	distilbert/distilgpt2	distilbert/distilgpt2	False	0.0002471221669111401	11.982487678527832
Ġbecause	573	 because	3	distilbert/distilgpt2	distilbert/distilgpt2	False	0.00040487409569323063	11.270238876342773
Ġshe	573	 she	4	distilbert/distilgpt2	distilbert/distilgpt2	False	0.3835476338863373	1.3825223445892334
John	574	John	0	distilbert/distilgpt2	distilbert/distilgpt2	False	1.0	0.0
Ġbeg	574	 beguiled	1	distilbert/distilgpt2	distilbert/distilgpt2	False	1.3112490648836683e-07	22.8625545501709
u	574	 beguiled	1	distilbert/distilgpt2	distilbert/distilgpt2	False	0.2700654864311218	1.88861882686615
iled	574	 beguiled	1	distilbert/distilgpt2	distilbert/distilgpt2	False	0.10133790969848633	3.3027541637420654
ĠMary	574	 Mary	2	distilbert/distilgpt2	distilbert/distilgpt2	False	0.0002716229355428368	11.846107482910156
Ġbecause	574	 because	3	distilbert/distilgpt2	distilbert/distilgpt2	False	0.0006931677344255149	10.494507789611816
Ġshe	574	 she	4	distilbert/distilgpt2	distilbert/distilgpt2	False	0.38980406522750854	1.3591790199279785
Sarah	575	Sarah	0	distilbert/distilgpt2	distilbert/distilgpt2	False	1.0	0.0
Ġbeg	575	 beguiled	1	distilbert/distilgpt2	distilbert/distilgpt2	False	1.2443400976280827e-07	22.9381160736084
u	575	 beguiled	1	distilbert/distilgpt2	distilbert/distilgpt2	False	0.15151843428611755	2.7224347591400146
iled	575	 beguiled	1	distilbert/distilgpt2	distilbert/distilgpt2	False	0.05249558389186859	4.251660346984863
ĠMary	575	 Mary	2	distilbert/distilgpt2	distilbert/distilgpt2	False	0.0002471221669111401	11.982487678527832
Ġbecause	575	 because	3	distilbert/distilgpt2	distilbert/distilgpt2	False	0.00040487409569323063	11.270238876342773
Ġshe	575	 she	4	distilbert/distilgpt2	distilbert/distilgpt2	False	0.3835476338863373	1.3825223445892334
David	576	David	0	distilbert/distilgpt2	distilbert/distilgpt2	False	1.0	0.0
Ġbeg	576	 beguiled	1	distilbert/distilgpt2	distilbert/distilgpt2	False	1.2008703720312042e-07	22.989416122436523
u	576	 beguiled	1	distilbert/distilgpt2	distilbert/distilgpt2	False	0.21186743676662445	2.2387661933898926
iled	576	 beguiled	1	distilbert/distilgpt2	distilbert/distilgpt2	False	0.10147054493427277	3.3008670806884766
ĠMary	576	 Mary	2	distilbert/distilgpt2	distilbert/distilgpt2	False	0.000285980524495244	11.771795272827148
Ġbecause	576	 because	3	distilbert/distilgpt2	distilbert/distilgpt2	False	0.0003197592741344124	11.610726356506348
Ġshe	576	 she	4	distilbert/distilgpt2	distilbert/distilgpt2	False	0.37482598423957825	1.4157071113586426
John	577	John	0	distilbert/distilgpt2	distilbert/distilgpt2	False	1.0	0.0
Ġbelieved	577	 believed	1	distilbert/distilgpt2	distilbert/distilgpt2	False	1.3074237585897208e-06	19.544841766357422
ĠDavid	577	 David	2	distilbert/distilgpt2	distilbert/distilgpt2	False	0.0001676349638728425	12.542388916015625
Ġbecause	577	 because	3	distilbert/distilgpt2	distilbert/distilgpt2	False	3.568266401998699e-05	14.77441692352295
Ġhe	577	 he	4	distilbert/distilgpt2	distilbert/distilgpt2	False	0.42617735266685486	1.2304742336273193
Mary	578	Mary	0	distilbert/distilgpt2	distilbert/distilgpt2	False	1.0	0.0
Ġbelieved	578	 believed	1	distilbert/distilgpt2	distilbert/distilgpt2	False	1.2594794043252477e-06	19.59874153137207
ĠDavid	578	 David	2	distilbert/distilgpt2	distilbert/distilgpt2	False	9.038253483595327e-05	13.43359661102295
Ġbecause	578	 because	3	distilbert/distilgpt2	distilbert/distilgpt2	False	4.82148643641267e-05	14.34016227722168
Ġhe	578	 he	4	distilbert/distilgpt2	distilbert/distilgpt2	False	0.42533552646636963	1.23332679271698
John	579	John	0	distilbert/distilgpt2	distilbert/distilgpt2	False	1.0	0.0
Ġbelieved	579	 believed	1	distilbert/distilgpt2	distilbert/distilgpt2	False	1.3074237585897208e-06	19.544841766357422
ĠDavid	579	 David	2	distilbert/distilgpt2	distilbert/distilgpt2	False	0.0001676349638728425	12.542388916015625
Ġbecause	579	 because	3	distilbert/distilgpt2	distilbert/distilgpt2	False	3.568266401998699e-05	14.77441692352295
Ġhe	579	 he	4	distilbert/distilgpt2	distilbert/distilgpt2	False	0.42617735266685486	1.2304742336273193
Sarah	580	Sarah	0	distilbert/distilgpt2	distilbert/distilgpt2	False	1.0	0.0
Ġbelieved	580	 believed	1	distilbert/distilgpt2	distilbert/distilgpt2	False	1.1980866929661715e-06	19.670835494995117
ĠDavid	580	 David	2	distilbert/distilgpt2	distilbert/distilgpt2	False	0.0002098294789902866	12.21849536895752
Ġbecause	580	 because	3	distilbert/distilgpt2	distilbert/distilgpt2	False	2.1117561118444428e-05	15.531197547912598
Ġhe	580	 he	4	distilbert/distilgpt2	distilbert/distilgpt2	False	0.4384883642196655	1.1893895864486694
David	581	David	0	distilbert/distilgpt2	distilbert/distilgpt2	False	1.0	0.0
Ġbelieved	581	 believed	1	distilbert/distilgpt2	distilbert/distilgpt2	False	1.3931676221545786e-06	19.45319938659668
ĠJohn	581	 John	2	distilbert/distilgpt2	distilbert/distilgpt2	False	0.000356905598891899	11.452170372009277
Ġbecause	581	 because	3	distilbert/distilgpt2	distilbert/distilgpt2	False	3.0043716833461076e-05	15.022577285766602
Ġhe	581	 he	4	distilbert/distilgpt2	distilbert/distilgpt2	False	0.41748955845832825	1.2601879835128784
Mary	582	Mary	0	distilbert/distilgpt2	distilbert/distilgpt2	False	1.0	0.0
Ġbelieved	582	 believed	1	distilbert/distilgpt2	distilbert/distilgpt2	False	1.2594794043252477e-06	19.59874153137207
ĠJohn	582	 John	2	distilbert/distilgpt2	distilbert/distilgpt2	False	0.0002691343834158033	11.85938549041748
Ġbecause	582	 because	3	distilbert/distilgpt2	distilbert/distilgpt2	False	4.897895269095898e-05	14.31747817993164
Ġhe	582	 he	4	distilbert/distilgpt2	distilbert/distilgpt2	False	0.4572974741458893	1.1287951469421387
David	583	David	0	distilbert/distilgpt2	distilbert/distilgpt2	False	1.0	0.0
Ġbelieved	583	 believed	1	distilbert/distilgpt2	distilbert/distilgpt2	False	1.3931676221545786e-06	19.45319938659668
ĠJohn	583	 John	2	distilbert/distilgpt2	distilbert/distilgpt2	False	0.000356905598891899	11.452170372009277
Ġbecause	583	 because	3	distilbert/distilgpt2	distilbert/distilgpt2	False	3.0043716833461076e-05	15.022577285766602
Ġhe	583	 he	4	distilbert/distilgpt2	distilbert/distilgpt2	False	0.41748955845832825	1.2601879835128784
Sarah	584	Sarah	0	distilbert/distilgpt2	distilbert/distilgpt2	False	1.0	0.0
Ġbelieved	584	 believed	1	distilbert/distilgpt2	distilbert/distilgpt2	False	1.1980866929661715e-06	19.670835494995117
ĠJohn	584	 John	2	distilbert/distilgpt2	distilbert/distilgpt2	False	0.0003745696449186653	11.382478713989258
Ġbecause	584	 because	3	distilbert/distilgpt2	distilbert/distilgpt2	False	4.321486994740553e-05	14.498112678527832
Ġhe	584	 he	4	distilbert/distilgpt2	distilbert/distilgpt2	False	0.43582576513290405	1.198176622390747
Mary	585	Mary	0	distilbert/distilgpt2	distilbert/distilgpt2	False	1.0	0.0
Ġbelieved	585	 believed	1	distilbert/distilgpt2	distilbert/distilgpt2	False	1.2594794043252477e-06	19.59874153137207
ĠSarah	585	 Sarah	2	distilbert/distilgpt2	distilbert/distilgpt2	False	5.616069756797515e-05	14.12007999420166
Ġbecause	585	 because	3	distilbert/distilgpt2	distilbert/distilgpt2	False	5.8046796766575426e-05	14.072423934936523
Ġshe	585	 she	4	distilbert/distilgpt2	distilbert/distilgpt2	False	0.46090975403785706	1.1174437999725342
John	586	John	0	distilbert/distilgpt2	distilbert/distilgpt2	False	1.0	0.0
Ġbelieved	586	 believed	1	distilbert/distilgpt2	distilbert/distilgpt2	False	1.3074237585897208e-06	19.544841766357422
ĠSarah	586	 Sarah	2	distilbert/distilgpt2	distilbert/distilgpt2	False	5.534302181331441e-05	14.141239166259766
Ġbecause	586	 because	3	distilbert/distilgpt2	distilbert/distilgpt2	False	3.332060077809729e-05	14.873226165771484
Ġshe	586	 she	4	distilbert/distilgpt2	distilbert/distilgpt2	False	0.43609634041786194	1.1972812414169312
Mary	587	Mary	0	distilbert/distilgpt2	distilbert/distilgpt2	False	1.0	0.0
Ġbelieved	587	 believed	1	distilbert/distilgpt2	distilbert/distilgpt2	False	1.2594794043252477e-06	19.59874153137207
ĠSarah	587	 Sarah	2	distilbert/distilgpt2	distilbert/distilgpt2	False	5.616069756797515e-05	14.12007999420166
Ġbecause	587	 because	3	distilbert/distilgpt2	distilbert/distilgpt2	False	5.8046796766575426e-05	14.072423934936523
Ġshe	587	 she	4	distilbert/distilgpt2	distilbert/distilgpt2	False	0.46090975403785706	1.1174437999725342
David	588	David	0	distilbert/distilgpt2	distilbert/distilgpt2	False	1.0	0.0
Ġbelieved	588	 believed	1	distilbert/distilgpt2	distilbert/distilgpt2	False	1.3931676221545786e-06	19.45319938659668
ĠSarah	588	 Sarah	2	distilbert/distilgpt2	distilbert/distilgpt2	False	5.969592530163936e-05	14.032008171081543
Ġbecause	588	 because	3	distilbert/distilgpt2	distilbert/distilgpt2	False	1.0366959941165987e-05	16.557647705078125
Ġshe	588	 she	4	distilbert/distilgpt2	distilbert/distilgpt2	False	0.4314890205860138	1.212604284286499
Sarah	589	Sarah	0	distilbert/distilgpt2	distilbert/distilgpt2	False	1.0	0.0
Ġbelieved	589	 believed	1	distilbert/distilgpt2	distilbert/distilgpt2	False	1.1980866929661715e-06	19.670835494995117
ĠMary	589	 Mary	2	distilbert/distilgpt2	distilbert/distilgpt2	False	0.00024606718216091394	11.988659858703613
Ġbecause	589	 because	3	distilbert/distilgpt2	distilbert/distilgpt2	False	4.4686777982860804e-05	14.449792861938477
Ġshe	589	 she	4	distilbert/distilgpt2	distilbert/distilgpt2	False	0.37774497270584106	1.4045156240463257
John	590	John	0	distilbert/distilgpt2	distilbert/distilgpt2	False	1.0	0.0
Ġbelieved	590	 believed	1	distilbert/distilgpt2	distilbert/distilgpt2	False	1.3074237585897208e-06	19.544841766357422
ĠMary	590	 Mary	2	distilbert/distilgpt2	distilbert/distilgpt2	False	0.00015345070278272033	12.669937133789062
Ġbecause	590	 because	3	distilbert/distilgpt2	distilbert/distilgpt2	False	5.9912254073424265e-05	14.026789665222168
Ġshe	590	 she	4	distilbert/distilgpt2	distilbert/distilgpt2	False	0.3741866946220398	1.4181698560714722
Sarah	591	Sarah	0	distilbert/distilgpt2	distilbert/distilgpt2	False	1.0	0.0
Ġbelieved	591	 believed	1	distilbert/distilgpt2	distilbert/distilgpt2	False	1.1980866929661715e-06	19.670835494995117
ĠMary	591	 Mary	2	distilbert/distilgpt2	distilbert/distilgpt2	False	0.00024606718216091394	11.988659858703613
Ġbecause	591	 because	3	distilbert/distilgpt2	distilbert/distilgpt2	False	4.4686777982860804e-05	14.449792861938477
Ġshe	591	 she	4	distilbert/distilgpt2	distilbert/distilgpt2	False	0.37774497270584106	1.4045156240463257
David	592	David	0	distilbert/distilgpt2	distilbert/distilgpt2	False	1.0	0.0
Ġbelieved	592	 believed	1	distilbert/distilgpt2	distilbert/distilgpt2	False	1.3931676221545786e-06	19.45319938659668
ĠMary	592	 Mary	2	distilbert/distilgpt2	distilbert/distilgpt2	False	0.00013005010259803385	12.908644676208496
Ġbecause	592	 because	3	distilbert/distilgpt2	distilbert/distilgpt2	False	3.483204636722803e-05	14.809225082397461
Ġshe	592	 she	4	distilbert/distilgpt2	distilbert/distilgpt2	False	0.34896111488342285	1.5188618898391724
John	593	John	0	distilbert/distilgpt2	distilbert/distilgpt2	False	1.0	0.0
Ġbetrayed	593	 betrayed	1	distilbert/distilgpt2	distilbert/distilgpt2	False	2.5021021698989898e-08	25.25228500366211
ĠDavid	593	 David	2	distilbert/distilgpt2	distilbert/distilgpt2	False	0.00026036662166006863	11.907167434692383
Ġbecause	593	 because	3	distilbert/distilgpt2	distilbert/distilgpt2	False	0.0019429008243605494	9.007572174072266
Ġhe	593	 he	4	distilbert/distilgpt2	distilbert/distilgpt2	False	0.43358561396598816	1.205611228942871
Mary	594	Mary	0	distilbert/distilgpt2	distilbert/distilgpt2	False	1.0	0.0
Ġbetrayed	594	 betrayed	1	distilbert/distilgpt2	distilbert/distilgpt2	False	2.9321636674239926e-08	25.02345848083496
ĠDavid	594	 David	2	distilbert/distilgpt2	distilbert/distilgpt2	False	0.00021021784050390124	12.215826988220215
Ġbecause	594	 because	3	distilbert/distilgpt2	distilbert/distilgpt2	False	0.003130589844658971	8.319350242614746
Ġhe	594	 he	4	distilbert/distilgpt2	distilbert/distilgpt2	False	0.4176313281059265	1.2596981525421143
John	595	John	0	distilbert/distilgpt2	distilbert/distilgpt2	False	1.0	0.0
Ġbetrayed	595	 betrayed	1	distilbert/distilgpt2	distilbert/distilgpt2	False	2.5021021698989898e-08	25.25228500366211
ĠDavid	595	 David	2	distilbert/distilgpt2	distilbert/distilgpt2	False	0.00026036662166006863	11.907167434692383
Ġbecause	595	 because	3	distilbert/distilgpt2	distilbert/distilgpt2	False	0.0019429008243605494	9.007572174072266
Ġhe	595	 he	4	distilbert/distilgpt2	distilbert/distilgpt2	False	0.43358561396598816	1.205611228942871
Sarah	596	Sarah	0	distilbert/distilgpt2	distilbert/distilgpt2	False	1.0	0.0
Ġbetrayed	596	 betrayed	1	distilbert/distilgpt2	distilbert/distilgpt2	False	2.6337541925158803e-08	25.17830467224121
ĠDavid	596	 David	2	distilbert/distilgpt2	distilbert/distilgpt2	False	0.00028308844775892794	11.786459922790527
Ġbecause	596	 because	3	distilbert/distilgpt2	distilbert/distilgpt2	False	0.001875274465419352	9.058682441711426
Ġhe	596	 he	4	distilbert/distilgpt2	distilbert/distilgpt2	False	0.4362069070339203	1.1969155073165894
David	597	David	0	distilbert/distilgpt2	distilbert/distilgpt2	False	1.0	0.0
Ġbetrayed	597	 betrayed	1	distilbert/distilgpt2	distilbert/distilgpt2	False	2.8959197706512896e-08	25.04140281677246
ĠJohn	597	 John	2	distilbert/distilgpt2	distilbert/distilgpt2	False	0.000612238422036171	10.673619270324707
Ġbecause	597	 because	3	distilbert/distilgpt2	distilbert/distilgpt2	False	0.0017122295685112476	9.189908027648926
Ġhe	597	 he	4	distilbert/distilgpt2	distilbert/distilgpt2	False	0.41715624928474426	1.2613402605056763
Mary	598	Mary	0	distilbert/distilgpt2	distilbert/distilgpt2	False	1.0	0.0
Ġbetrayed	598	 betrayed	1	distilbert/distilgpt2	distilbert/distilgpt2	False	2.9321636674239926e-08	25.02345848083496
ĠJohn	598	 John	2	distilbert/distilgpt2	distilbert/distilgpt2	False	0.0005755836609750986	10.762686729431152
Ġbecause	598	 because	3	distilbert/distilgpt2	distilbert/distilgpt2	False	0.006070051807910204	7.364075660705566
Ġhe	598	 he	4	distilbert/distilgpt2	distilbert/distilgpt2	False	0.4109806418418884	1.2828576564788818
David	599	David	0	distilbert/distilgpt2	distilbert/distilgpt2	False	1.0	0.0
Ġbetrayed	599	 betrayed	1	distilbert/distilgpt2	distilbert/distilgpt2	False	2.8959197706512896e-08	25.04140281677246
ĠJohn	599	 John	2	distilbert/distilgpt2	distilbert/distilgpt2	False	0.000612238422036171	10.673619270324707
Ġbecause	599	 because	3	distilbert/distilgpt2	distilbert/distilgpt2	False	0.0017122295685112476	9.189908027648926
Ġhe	599	 he	4	distilbert/distilgpt2	distilbert/distilgpt2	False	0.41715624928474426	1.2613402605056763
Sarah	600	Sarah	0	distilbert/distilgpt2	distilbert/distilgpt2	False	1.0	0.0
Ġbetrayed	600	 betrayed	1	distilbert/distilgpt2	distilbert/distilgpt2	False	2.6337541925158803e-08	25.17830467224121
ĠJohn	600	 John	2	distilbert/distilgpt2	distilbert/distilgpt2	False	0.0007033768342807889	10.473414421081543
Ġbecause	600	 because	3	distilbert/distilgpt2	distilbert/distilgpt2	False	0.007041248492896557	7.1499528884887695
Ġhe	600	 he	4	distilbert/distilgpt2	distilbert/distilgpt2	False	0.41570019721984863	1.2663847208023071
Mary	601	Mary	0	distilbert/distilgpt2	distilbert/distilgpt2	False	1.0	0.0
Ġbetrayed	601	 betrayed	1	distilbert/distilgpt2	distilbert/distilgpt2	False	2.9321636674239926e-08	25.02345848083496
ĠSarah	601	 Sarah	2	distilbert/distilgpt2	distilbert/distilgpt2	False	7.047542749205604e-05	13.792520523071289
Ġbecause	601	 because	3	distilbert/distilgpt2	distilbert/distilgpt2	False	0.005481021478772163	7.5113396644592285
Ġshe	601	 she	4	distilbert/distilgpt2	distilbert/distilgpt2	False	0.47161662578582764	1.0843135118484497
John	602	John	0	distilbert/distilgpt2	distilbert/distilgpt2	False	1.0	0.0
Ġbetrayed	602	 betrayed	1	distilbert/distilgpt2	distilbert/distilgpt2	False	2.5021021698989898e-08	25.25228500366211
ĠSarah	602	 Sarah	2	distilbert/distilgpt2	distilbert/distilgpt2	False	6.922754982952029e-05	13.818294525146484
Ġbecause	602	 because	3	distilbert/distilgpt2	distilbert/distilgpt2	False	0.00301094027236104	8.375570297241211
Ġshe	602	 she	4	distilbert/distilgpt2	distilbert/distilgpt2	False	0.45941758155822754	1.122122049331665
Mary	603	Mary	0	distilbert/distilgpt2	distilbert/distilgpt2	False	1.0	0.0
Ġbetrayed	603	 betrayed	1	distilbert/distilgpt2	distilbert/distilgpt2	False	2.9321636674239926e-08	25.02345848083496
ĠSarah	603	 Sarah	2	distilbert/distilgpt2	distilbert/distilgpt2	False	7.047542749205604e-05	13.792520523071289
Ġbecause	603	 because	3	distilbert/distilgpt2	distilbert/distilgpt2	False	0.005481021478772163	7.5113396644592285
Ġshe	603	 she	4	distilbert/distilgpt2	distilbert/distilgpt2	False	0.47161662578582764	1.0843135118484497
David	604	David	0	distilbert/distilgpt2	distilbert/distilgpt2	False	1.0	0.0
Ġbetrayed	604	 betrayed	1	distilbert/distilgpt2	distilbert/distilgpt2	False	2.8959197706512896e-08	25.04140281677246
ĠSarah	604	 Sarah	2	distilbert/distilgpt2	distilbert/distilgpt2	False	5.0016140448860824e-05	14.287246704101562
Ġbecause	604	 because	3	distilbert/distilgpt2	distilbert/distilgpt2	False	0.0010504759848117828	9.89474105834961
Ġshe	604	 she	4	distilbert/distilgpt2	distilbert/distilgpt2	False	0.4578409492969513	1.1270816326141357
Sarah	605	Sarah	0	distilbert/distilgpt2	distilbert/distilgpt2	False	1.0	0.0
Ġbetrayed	605	 betrayed	1	distilbert/distilgpt2	distilbert/distilgpt2	False	2.6337541925158803e-08	25.17830467224121
ĠMary	605	 Mary	2	distilbert/distilgpt2	distilbert/distilgpt2	False	0.0003264150582253933	11.581005096435547
Ġbecause	605	 because	3	distilbert/distilgpt2	distilbert/distilgpt2	False	0.004392838571220636	7.830630779266357
Ġshe	605	 she	4	distilbert/distilgpt2	distilbert/distilgpt2	False	0.4076216220855713	1.2946975231170654
John	606	John	0	distilbert/distilgpt2	distilbert/distilgpt2	False	1.0	0.0
Ġbetrayed	606	 betrayed	1	distilbert/distilgpt2	distilbert/distilgpt2	False	2.5021021698989898e-08	25.25228500366211
ĠMary	606	 Mary	2	distilbert/distilgpt2	distilbert/distilgpt2	False	0.00025202505639754236	11.954145431518555
Ġbecause	606	 because	3	distilbert/distilgpt2	distilbert/distilgpt2	False	0.004176722373813391	7.90341329574585
Ġshe	606	 she	4	distilbert/distilgpt2	distilbert/distilgpt2	False	0.4133632183074951	1.2745181322097778
Sarah	607	Sarah	0	distilbert/distilgpt2	distilbert/distilgpt2	False	1.0	0.0
Ġbetrayed	607	 betrayed	1	distilbert/distilgpt2	distilbert/distilgpt2	False	2.6337541925158803e-08	25.17830467224121
ĠMary	607	 Mary	2	distilbert/distilgpt2	distilbert/distilgpt2	False	0.0003264150582253933	11.581005096435547
Ġbecause	607	 because	3	distilbert/distilgpt2	distilbert/distilgpt2	False	0.004392838571220636	7.830630779266357
Ġshe	607	 she	4	distilbert/distilgpt2	distilbert/distilgpt2	False	0.4076216220855713	1.2946975231170654
David	608	David	0	distilbert/distilgpt2	distilbert/distilgpt2	False	1.0	0.0
Ġbetrayed	608	 betrayed	1	distilbert/distilgpt2	distilbert/distilgpt2	False	2.8959197706512896e-08	25.04140281677246
ĠMary	608	 Mary	2	distilbert/distilgpt2	distilbert/distilgpt2	False	0.00015280567458830774	12.676013946533203
Ġbecause	608	 because	3	distilbert/distilgpt2	distilbert/distilgpt2	False	0.0014440189115703106	9.435694694519043
Ġshe	608	 she	4	distilbert/distilgpt2	distilbert/distilgpt2	False	0.4162271320819855	1.264557123184204
John	609	John	0	distilbert/distilgpt2	distilbert/distilgpt2	False	1.0	0.0
Ġbewild	609	 bewildered	1	distilbert/distilgpt2	distilbert/distilgpt2	False	1.4096528389018204e-08	26.0800838470459
ered	609	 bewildered	1	distilbert/distilgpt2	distilbert/distilgpt2	False	0.6761234402656555	0.5646414160728455
ĠDavid	609	 David	2	distilbert/distilgpt2	distilbert/distilgpt2	False	0.00033174193231388927	11.557650566101074
Ġbecause	609	 because	3	distilbert/distilgpt2	distilbert/distilgpt2	False	0.0002763912489172071	11.821000099182129
Ġhe	609	 he	4	distilbert/distilgpt2	distilbert/distilgpt2	False	0.413563996553421	1.273817539215088
Mary	610	Mary	0	distilbert/distilgpt2	distilbert/distilgpt2	False	1.0	0.0
Ġbewild	610	 bewildered	1	distilbert/distilgpt2	distilbert/distilgpt2	False	1.5981292733613373e-08	25.89904022216797
ered	610	 bewildered	1	distilbert/distilgpt2	distilbert/distilgpt2	False	0.6753628849983215	0.5662651658058167
ĠDavid	610	 David	2	distilbert/distilgpt2	distilbert/distilgpt2	False	0.00020121876150369644	12.278947830200195
Ġbecause	610	 because	3	distilbert/distilgpt2	distilbert/distilgpt2	False	0.0007685043383389711	10.345659255981445
Ġhe	610	 he	4	distilbert/distilgpt2	distilbert/distilgpt2	False	0.433488667011261	1.2059338092803955
John	611	John	0	distilbert/distilgpt2	distilbert/distilgpt2	False	1.0	0.0
Ġbewild	611	 bewildered	1	distilbert/distilgpt2	distilbert/distilgpt2	False	1.4096528389018204e-08	26.0800838470459
ered	611	 bewildered	1	distilbert/distilgpt2	distilbert/distilgpt2	False	0.6761234402656555	0.5646414160728455
ĠDavid	611	 David	2	distilbert/distilgpt2	distilbert/distilgpt2	False	0.00033174193231388927	11.557650566101074
Ġbecause	611	 because	3	distilbert/distilgpt2	distilbert/distilgpt2	False	0.0002763912489172071	11.821000099182129
Ġhe	611	 he	4	distilbert/distilgpt2	distilbert/distilgpt2	False	0.413563996553421	1.273817539215088
Sarah	612	Sarah	0	distilbert/distilgpt2	distilbert/distilgpt2	False	1.0	0.0
Ġbewild	612	 bewildered	1	distilbert/distilgpt2	distilbert/distilgpt2	False	1.2024810480681936e-08	26.309410095214844
ered	612	 bewildered	1	distilbert/distilgpt2	distilbert/distilgpt2	False	0.6920530200004578	0.5310454964637756
ĠDavid	612	 David	2	distilbert/distilgpt2	distilbert/distilgpt2	False	0.0002523913572076708	11.95205020904541
Ġbecause	612	 because	3	distilbert/distilgpt2	distilbert/distilgpt2	False	0.00028019119054079056	11.801301002502441
Ġhe	612	 he	4	distilbert/distilgpt2	distilbert/distilgpt2	False	0.4214484989643097	1.2465717792510986
David	613	David	0	distilbert/distilgpt2	distilbert/distilgpt2	False	1.0	0.0
Ġbewild	613	 bewildered	1	distilbert/distilgpt2	distilbert/distilgpt2	False	1.625920731385122e-08	25.874168395996094
ered	613	 bewildered	1	distilbert/distilgpt2	distilbert/distilgpt2	False	0.809274435043335	0.30529916286468506
ĠJohn	613	 John	2	distilbert/distilgpt2	distilbert/distilgpt2	False	0.000269279204076156	11.858609199523926
Ġbecause	613	 because	3	distilbert/distilgpt2	distilbert/distilgpt2	False	0.0005946293822489679	10.71572208404541
Ġhe	613	 he	4	distilbert/distilgpt2	distilbert/distilgpt2	False	0.4233587682247162	1.2400473356246948
Mary	614	Mary	0	distilbert/distilgpt2	distilbert/distilgpt2	False	1.0	0.0
Ġbewild	614	 bewildered	1	distilbert/distilgpt2	distilbert/distilgpt2	False	1.5981292733613373e-08	25.89904022216797
ered	614	 bewildered	1	distilbert/distilgpt2	distilbert/distilgpt2	False	0.6753628849983215	0.5662651658058167
ĠJohn	614	 John	2	distilbert/distilgpt2	distilbert/distilgpt2	False	0.00017138298426289111	12.510488510131836
Ġbecause	614	 because	3	distilbert/distilgpt2	distilbert/distilgpt2	False	0.001114957733079791	9.808794975280762
Ġhe	614	 he	4	distilbert/distilgpt2	distilbert/distilgpt2	False	0.453706830739975	1.1401677131652832
David	615	David	0	distilbert/distilgpt2	distilbert/distilgpt2	False	1.0	0.0
Ġbewild	615	 bewildered	1	distilbert/distilgpt2	distilbert/distilgpt2	False	1.625920731385122e-08	25.874168395996094
ered	615	 bewildered	1	distilbert/distilgpt2	distilbert/distilgpt2	False	0.809274435043335	0.30529916286468506
ĠJohn	615	 John	2	distilbert/distilgpt2	distilbert/distilgpt2	False	0.000269279204076156	11.858609199523926
Ġbecause	615	 because	3	distilbert/distilgpt2	distilbert/distilgpt2	False	0.0005946293822489679	10.71572208404541
Ġhe	615	 he	4	distilbert/distilgpt2	distilbert/distilgpt2	False	0.4233587682247162	1.2400473356246948
Sarah	616	Sarah	0	distilbert/distilgpt2	distilbert/distilgpt2	False	1.0	0.0
Ġbewild	616	 bewildered	1	distilbert/distilgpt2	distilbert/distilgpt2	False	1.2024810480681936e-08	26.309410095214844
ered	616	 bewildered	1	distilbert/distilgpt2	distilbert/distilgpt2	False	0.6920530200004578	0.5310454964637756
ĠJohn	616	 John	2	distilbert/distilgpt2	distilbert/distilgpt2	False	0.00016262078133877367	12.586200714111328
Ġbecause	616	 because	3	distilbert/distilgpt2	distilbert/distilgpt2	False	0.0011712225386872888	9.73776912689209
Ġhe	616	 he	4	distilbert/distilgpt2	distilbert/distilgpt2	False	0.42572128772735596	1.2320189476013184
Mary	617	Mary	0	distilbert/distilgpt2	distilbert/distilgpt2	False	1.0	0.0
Ġbewild	617	 bewildered	1	distilbert/distilgpt2	distilbert/distilgpt2	False	1.5981292733613373e-08	25.89904022216797
ered	617	 bewildered	1	distilbert/distilgpt2	distilbert/distilgpt2	False	0.6753628849983215	0.5662651658058167
ĠSarah	617	 Sarah	2	distilbert/distilgpt2	distilbert/distilgpt2	False	3.549094617483206e-05	14.78218936920166
Ġbecause	617	 because	3	distilbert/distilgpt2	distilbert/distilgpt2	False	0.0018791233887895942	9.055724143981934
Ġshe	617	 she	4	distilbert/distilgpt2	distilbert/distilgpt2	False	0.5097691416740417	0.9720840454101562
John	618	John	0	distilbert/distilgpt2	distilbert/distilgpt2	False	1.0	0.0
Ġbewild	618	 bewildered	1	distilbert/distilgpt2	distilbert/distilgpt2	False	1.4096528389018204e-08	26.0800838470459
ered	618	 bewildered	1	distilbert/distilgpt2	distilbert/distilgpt2	False	0.6761234402656555	0.5646414160728455
ĠSarah	618	 Sarah	2	distilbert/distilgpt2	distilbert/distilgpt2	False	4.467190592549741e-05	14.450272560119629
Ġbecause	618	 because	3	distilbert/distilgpt2	distilbert/distilgpt2	False	0.0009662286611273885	10.015347480773926
Ġshe	618	 she	4	distilbert/distilgpt2	distilbert/distilgpt2	False	0.46999189257621765	1.089292287826538
Mary	619	Mary	0	distilbert/distilgpt2	distilbert/distilgpt2	False	1.0	0.0
Ġbewild	619	 bewildered	1	distilbert/distilgpt2	distilbert/distilgpt2	False	1.5981292733613373e-08	25.89904022216797
ered	619	 bewildered	1	distilbert/distilgpt2	distilbert/distilgpt2	False	0.6753628849983215	0.5662651658058167
ĠSarah	619	 Sarah	2	distilbert/distilgpt2	distilbert/distilgpt2	False	3.549094617483206e-05	14.78218936920166
Ġbecause	619	 because	3	distilbert/distilgpt2	distilbert/distilgpt2	False	0.0018791233887895942	9.055724143981934
Ġshe	619	 she	4	distilbert/distilgpt2	distilbert/distilgpt2	False	0.5097691416740417	0.9720840454101562
David	620	David	0	distilbert/distilgpt2	distilbert/distilgpt2	False	1.0	0.0
Ġbewild	620	 bewildered	1	distilbert/distilgpt2	distilbert/distilgpt2	False	1.625920731385122e-08	25.874168395996094
ered	620	 bewildered	1	distilbert/distilgpt2	distilbert/distilgpt2	False	0.809274435043335	0.30529916286468506
ĠSarah	620	 Sarah	2	distilbert/distilgpt2	distilbert/distilgpt2	False	4.5041942939860746e-05	14.438371658325195
Ġbecause	620	 because	3	distilbert/distilgpt2	distilbert/distilgpt2	False	0.000664357328787446	10.555752754211426
Ġshe	620	 she	4	distilbert/distilgpt2	distilbert/distilgpt2	False	0.4488932192325592	1.1555558443069458
Sarah	621	Sarah	0	distilbert/distilgpt2	distilbert/distilgpt2	False	1.0	0.0
Ġbewild	621	 bewildered	1	distilbert/distilgpt2	distilbert/distilgpt2	False	1.2024810480681936e-08	26.309410095214844
ered	621	 bewildered	1	distilbert/distilgpt2	distilbert/distilgpt2	False	0.6920530200004578	0.5310454964637756
ĠMary	621	 Mary	2	distilbert/distilgpt2	distilbert/distilgpt2	False	0.00010765319166239351	13.181321144104004
Ġbecause	621	 because	3	distilbert/distilgpt2	distilbert/distilgpt2	False	0.0005796076147817075	10.752635955810547
Ġshe	621	 she	4	distilbert/distilgpt2	distilbert/distilgpt2	False	0.4306429922580719	1.2154357433319092
John	622	John	0	distilbert/distilgpt2	distilbert/distilgpt2	False	1.0	0.0
Ġbewild	622	 bewildered	1	distilbert/distilgpt2	distilbert/distilgpt2	False	1.4096528389018204e-08	26.0800838470459
ered	622	 bewildered	1	distilbert/distilgpt2	distilbert/distilgpt2	False	0.6761234402656555	0.5646414160728455
ĠMary	622	 Mary	2	distilbert/distilgpt2	distilbert/distilgpt2	False	0.00012294098269194365	12.98974609375
Ġbecause	622	 because	3	distilbert/distilgpt2	distilbert/distilgpt2	False	0.0007700013229623437	10.342851638793945
Ġshe	622	 she	4	distilbert/distilgpt2	distilbert/distilgpt2	False	0.4339175522327423	1.2045072317123413
Sarah	623	Sarah	0	distilbert/distilgpt2	distilbert/distilgpt2	False	1.0	0.0
Ġbewild	623	 bewildered	1	distilbert/distilgpt2	distilbert/distilgpt2	False	1.2024810480681936e-08	26.309410095214844
ered	623	 bewildered	1	distilbert/distilgpt2	distilbert/distilgpt2	False	0.6920530200004578	0.5310454964637756
ĠMary	623	 Mary	2	distilbert/distilgpt2	distilbert/distilgpt2	False	0.00010765319166239351	13.181321144104004
Ġbecause	623	 because	3	distilbert/distilgpt2	distilbert/distilgpt2	False	0.0005796076147817075	10.752635955810547
Ġshe	623	 she	4	distilbert/distilgpt2	distilbert/distilgpt2	False	0.4306429922580719	1.2154357433319092
David	624	David	0	distilbert/distilgpt2	distilbert/distilgpt2	False	1.0	0.0
Ġbewild	624	 bewildered	1	distilbert/distilgpt2	distilbert/distilgpt2	False	1.625920731385122e-08	25.874168395996094
ered	624	 bewildered	1	distilbert/distilgpt2	distilbert/distilgpt2	False	0.809274435043335	0.30529916286468506
ĠMary	624	 Mary	2	distilbert/distilgpt2	distilbert/distilgpt2	False	0.00011616331175900996	13.071557998657227
Ġbecause	624	 because	3	distilbert/distilgpt2	distilbert/distilgpt2	False	0.0004384553467389196	11.155282020568848
Ġshe	624	 she	4	distilbert/distilgpt2	distilbert/distilgpt2	False	0.40326377749443054	1.310204267501831
John	625	John	0	distilbert/distilgpt2	distilbert/distilgpt2	False	1.0	0.0
Ġblamed	625	 blamed	1	distilbert/distilgpt2	distilbert/distilgpt2	False	1.0234666092401312e-07	23.22003173828125
ĠDavid	625	 David	2	distilbert/distilgpt2	distilbert/distilgpt2	False	0.0004588384472299367	11.089726448059082
Ġbecause	625	 because	3	distilbert/distilgpt2	distilbert/distilgpt2	False	0.00010539404320297763	13.211918830871582
Ġhe	625	 he	4	distilbert/distilgpt2	distilbert/distilgpt2	False	0.37009397149086	1.4340364933013916
Mary	626	Mary	0	distilbert/distilgpt2	distilbert/distilgpt2	False	1.0	0.0
Ġblamed	626	 blamed	1	distilbert/distilgpt2	distilbert/distilgpt2	False	1.1451291470621072e-07	23.057987213134766
ĠDavid	626	 David	2	distilbert/distilgpt2	distilbert/distilgpt2	False	0.00030550191877409816	11.676530838012695
Ġbecause	626	 because	3	distilbert/distilgpt2	distilbert/distilgpt2	False	0.00013022622442804277	12.906692504882812
Ġhe	626	 he	4	distilbert/distilgpt2	distilbert/distilgpt2	False	0.37690746784210205	1.4077177047729492
John	627	John	0	distilbert/distilgpt2	distilbert/distilgpt2	False	1.0	0.0
Ġblamed	627	 blamed	1	distilbert/distilgpt2	distilbert/distilgpt2	False	1.0234666092401312e-07	23.22003173828125
ĠDavid	627	 David	2	distilbert/distilgpt2	distilbert/distilgpt2	False	0.0004588384472299367	11.089726448059082
Ġbecause	627	 because	3	distilbert/distilgpt2	distilbert/distilgpt2	False	0.00010539404320297763	13.211918830871582
Ġhe	627	 he	4	distilbert/distilgpt2	distilbert/distilgpt2	False	0.37009397149086	1.4340364933013916
Sarah	628	Sarah	0	distilbert/distilgpt2	distilbert/distilgpt2	False	1.0	0.0
Ġblamed	628	 blamed	1	distilbert/distilgpt2	distilbert/distilgpt2	False	1.0712201969909074e-07	23.15424156188965
ĠDavid	628	 David	2	distilbert/distilgpt2	distilbert/distilgpt2	False	0.0005531181232072413	10.820124626159668
Ġbecause	628	 because	3	distilbert/distilgpt2	distilbert/distilgpt2	False	5.547184991883114e-05	14.137885093688965
Ġhe	628	 he	4	distilbert/distilgpt2	distilbert/distilgpt2	False	0.3889022767543793	1.362520456314087
David	629	David	0	distilbert/distilgpt2	distilbert/distilgpt2	False	1.0	0.0
Ġblamed	629	 blamed	1	distilbert/distilgpt2	distilbert/distilgpt2	False	1.1674720212795364e-07	23.030109405517578
ĠJohn	629	 John	2	distilbert/distilgpt2	distilbert/distilgpt2	False	0.0006687804125249386	10.54617977142334
Ġbecause	629	 because	3	distilbert/distilgpt2	distilbert/distilgpt2	False	5.3384112106869e-05	14.193229675292969
Ġhe	629	 he	4	distilbert/distilgpt2	distilbert/distilgpt2	False	0.3767012655735016	1.408507227897644
Mary	630	Mary	0	distilbert/distilgpt2	distilbert/distilgpt2	False	1.0	0.0
Ġblamed	630	 blamed	1	distilbert/distilgpt2	distilbert/distilgpt2	False	1.1451291470621072e-07	23.057987213134766
ĠJohn	630	 John	2	distilbert/distilgpt2	distilbert/distilgpt2	False	0.000541080953553319	10.85186767578125
Ġbecause	630	 because	3	distilbert/distilgpt2	distilbert/distilgpt2	False	0.00013301904255058616	12.876079559326172
Ġhe	630	 he	4	distilbert/distilgpt2	distilbert/distilgpt2	False	0.3848590850830078	1.3775978088378906
David	631	David	0	distilbert/distilgpt2	distilbert/distilgpt2	False	1.0	0.0
Ġblamed	631	 blamed	1	distilbert/distilgpt2	distilbert/distilgpt2	False	1.1674720212795364e-07	23.030109405517578
ĠJohn	631	 John	2	distilbert/distilgpt2	distilbert/distilgpt2	False	0.0006687804125249386	10.54617977142334
Ġbecause	631	 because	3	distilbert/distilgpt2	distilbert/distilgpt2	False	5.3384112106869e-05	14.193229675292969
Ġhe	631	 he	4	distilbert/distilgpt2	distilbert/distilgpt2	False	0.3767012655735016	1.408507227897644
Sarah	632	Sarah	0	distilbert/distilgpt2	distilbert/distilgpt2	False	1.0	0.0
Ġblamed	632	 blamed	1	distilbert/distilgpt2	distilbert/distilgpt2	False	1.0712201969909074e-07	23.15424156188965
ĠJohn	632	 John	2	distilbert/distilgpt2	distilbert/distilgpt2	False	0.0008397190249525011	10.217805862426758
Ġbecause	632	 because	3	distilbert/distilgpt2	distilbert/distilgpt2	False	0.00010390106763225049	13.232501983642578
Ġhe	632	 he	4	distilbert/distilgpt2	distilbert/distilgpt2	False	0.3799647390842438	1.3960626125335693
Mary	633	Mary	0	distilbert/distilgpt2	distilbert/distilgpt2	False	1.0	0.0
Ġblamed	633	 blamed	1	distilbert/distilgpt2	distilbert/distilgpt2	False	1.1451291470621072e-07	23.057987213134766
ĠSarah	633	 Sarah	2	distilbert/distilgpt2	distilbert/distilgpt2	False	0.000180190967512317	12.438185691833496
Ġbecause	633	 because	3	distilbert/distilgpt2	distilbert/distilgpt2	False	0.00047275610268116	11.046616554260254
Ġshe	633	 she	4	distilbert/distilgpt2	distilbert/distilgpt2	False	0.38301101326942444	1.3845422267913818
John	634	John	0	distilbert/distilgpt2	distilbert/distilgpt2	False	1.0	0.0
Ġblamed	634	 blamed	1	distilbert/distilgpt2	distilbert/distilgpt2	False	1.0234666092401312e-07	23.22003173828125
ĠSarah	634	 Sarah	2	distilbert/distilgpt2	distilbert/distilgpt2	False	0.00020855288312304765	12.227298736572266
Ġbecause	634	 because	3	distilbert/distilgpt2	distilbert/distilgpt2	False	0.00020230744848959148	12.271162986755371
Ġshe	634	 she	4	distilbert/distilgpt2	distilbert/distilgpt2	False	0.3623473048210144	1.464555025100708
Mary	635	Mary	0	distilbert/distilgpt2	distilbert/distilgpt2	False	1.0	0.0
Ġblamed	635	 blamed	1	distilbert/distilgpt2	distilbert/distilgpt2	False	1.1451291470621072e-07	23.057987213134766
ĠSarah	635	 Sarah	2	distilbert/distilgpt2	distilbert/distilgpt2	False	0.000180190967512317	12.438185691833496
Ġbecause	635	 because	3	distilbert/distilgpt2	distilbert/distilgpt2	False	0.00047275610268116	11.046616554260254
Ġshe	635	 she	4	distilbert/distilgpt2	distilbert/distilgpt2	False	0.38301101326942444	1.3845422267913818
David	636	David	0	distilbert/distilgpt2	distilbert/distilgpt2	False	1.0	0.0
Ġblamed	636	 blamed	1	distilbert/distilgpt2	distilbert/distilgpt2	False	1.1674720212795364e-07	23.030109405517578
ĠSarah	636	 Sarah	2	distilbert/distilgpt2	distilbert/distilgpt2	False	0.0001777175784809515	12.458126068115234
Ġbecause	636	 because	3	distilbert/distilgpt2	distilbert/distilgpt2	False	7.85493029979989e-05	13.636041641235352
Ġshe	636	 she	4	distilbert/distilgpt2	distilbert/distilgpt2	False	0.3657974302768707	1.450883150100708
Sarah	637	Sarah	0	distilbert/distilgpt2	distilbert/distilgpt2	False	1.0	0.0
Ġblamed	637	 blamed	1	distilbert/distilgpt2	distilbert/distilgpt2	False	1.0712201969909074e-07	23.15424156188965
ĠMary	637	 Mary	2	distilbert/distilgpt2	distilbert/distilgpt2	False	0.00014792436559218913	12.72285270690918
Ġbecause	637	 because	3	distilbert/distilgpt2	distilbert/distilgpt2	False	0.0005516078672371805	10.824069023132324
Ġshe	637	 she	4	distilbert/distilgpt2	distilbert/distilgpt2	False	0.3358584940433502	1.574074625968933
John	638	John	0	distilbert/distilgpt2	distilbert/distilgpt2	False	1.0	0.0
Ġblamed	638	 blamed	1	distilbert/distilgpt2	distilbert/distilgpt2	False	1.0234666092401312e-07	23.22003173828125
ĠMary	638	 Mary	2	distilbert/distilgpt2	distilbert/distilgpt2	False	0.00012631434947252274	12.95069408416748
Ġbecause	638	 because	3	distilbert/distilgpt2	distilbert/distilgpt2	False	0.0011362037621438503	9.781562805175781
Ġshe	638	 she	4	distilbert/distilgpt2	distilbert/distilgpt2	False	0.3442878723144531	1.5383127927780151
Sarah	639	Sarah	0	distilbert/distilgpt2	distilbert/distilgpt2	False	1.0	0.0
Ġblamed	639	 blamed	1	distilbert/distilgpt2	distilbert/distilgpt2	False	1.0712201969909074e-07	23.15424156188965
ĠMary	639	 Mary	2	distilbert/distilgpt2	distilbert/distilgpt2	False	0.00014792436559218913	12.72285270690918
Ġbecause	639	 because	3	distilbert/distilgpt2	distilbert/distilgpt2	False	0.0005516078672371805	10.824069023132324
Ġshe	639	 she	4	distilbert/distilgpt2	distilbert/distilgpt2	False	0.3358584940433502	1.574074625968933
David	640	David	0	distilbert/distilgpt2	distilbert/distilgpt2	False	1.0	0.0
Ġblamed	640	 blamed	1	distilbert/distilgpt2	distilbert/distilgpt2	False	1.1674720212795364e-07	23.030109405517578
ĠMary	640	 Mary	2	distilbert/distilgpt2	distilbert/distilgpt2	False	0.000108259693661239	13.173215866088867
Ġbecause	640	 because	3	distilbert/distilgpt2	distilbert/distilgpt2	False	0.00022058286413084716	12.146391868591309
Ġshe	640	 she	4	distilbert/distilgpt2	distilbert/distilgpt2	False	0.33927834033966064	1.55945885181427
John	641	John	0	distilbert/distilgpt2	distilbert/distilgpt2	False	1.0	0.0
Ġblessed	641	 blessed	1	distilbert/distilgpt2	distilbert/distilgpt2	False	4.152494454956468e-07	21.19951820373535
ĠDavid	641	 David	2	distilbert/distilgpt2	distilbert/distilgpt2	False	0.00041993861668743193	11.217534065246582
Ġbecause	641	 because	3	distilbert/distilgpt2	distilbert/distilgpt2	False	0.0012063952162861824	9.69508171081543
Ġhe	641	 he	4	distilbert/distilgpt2	distilbert/distilgpt2	False	0.3271280825138092	1.612072467803955
Mary	642	Mary	0	distilbert/distilgpt2	distilbert/distilgpt2	False	1.0	0.0
Ġblessed	642	 blessed	1	distilbert/distilgpt2	distilbert/distilgpt2	False	4.47050638285873e-07	21.09305763244629
ĠDavid	642	 David	2	distilbert/distilgpt2	distilbert/distilgpt2	False	0.00031271090847440064	11.64288330078125
Ġbecause	642	 because	3	distilbert/distilgpt2	distilbert/distilgpt2	False	0.0011021816171705723	9.825422286987305
Ġhe	642	 he	4	distilbert/distilgpt2	distilbert/distilgpt2	False	0.31902772188186646	1.6482462882995605
John	643	John	0	distilbert/distilgpt2	distilbert/distilgpt2	False	1.0	0.0
Ġblessed	643	 blessed	1	distilbert/distilgpt2	distilbert/distilgpt2	False	4.152494454956468e-07	21.19951820373535
ĠDavid	643	 David	2	distilbert/distilgpt2	distilbert/distilgpt2	False	0.00041993861668743193	11.217534065246582
Ġbecause	643	 because	3	distilbert/distilgpt2	distilbert/distilgpt2	False	0.0012063952162861824	9.69508171081543
Ġhe	643	 he	4	distilbert/distilgpt2	distilbert/distilgpt2	False	0.3271280825138092	1.612072467803955
Sarah	644	Sarah	0	distilbert/distilgpt2	distilbert/distilgpt2	False	1.0	0.0
Ġblessed	644	 blessed	1	distilbert/distilgpt2	distilbert/distilgpt2	False	4.034762071114528e-07	21.241012573242188
ĠDavid	644	 David	2	distilbert/distilgpt2	distilbert/distilgpt2	False	0.00038829786353744566	11.330548286437988
Ġbecause	644	 because	3	distilbert/distilgpt2	distilbert/distilgpt2	False	0.001342112896963954	9.541277885437012
Ġhe	644	 he	4	distilbert/distilgpt2	distilbert/distilgpt2	False	0.38524165749549866	1.376164436340332
David	645	David	0	distilbert/distilgpt2	distilbert/distilgpt2	False	1.0	0.0
Ġblessed	645	 blessed	1	distilbert/distilgpt2	distilbert/distilgpt2	False	4.6583096491303877e-07	21.033689498901367
ĠJohn	645	 John	2	distilbert/distilgpt2	distilbert/distilgpt2	False	0.0006563324714079499	10.573286056518555
Ġbecause	645	 because	3	distilbert/distilgpt2	distilbert/distilgpt2	False	0.0009174559963867068	10.090073585510254
Ġhe	645	 he	4	distilbert/distilgpt2	distilbert/distilgpt2	False	0.4039813280105591	1.307639479637146
Mary	646	Mary	0	distilbert/distilgpt2	distilbert/distilgpt2	False	1.0	0.0
Ġblessed	646	 blessed	1	distilbert/distilgpt2	distilbert/distilgpt2	False	4.47050638285873e-07	21.09305763244629
ĠJohn	646	 John	2	distilbert/distilgpt2	distilbert/distilgpt2	False	0.000532201025635004	10.875741004943848
Ġbecause	646	 because	3	distilbert/distilgpt2	distilbert/distilgpt2	False	0.0010145418345928192	9.944955825805664
Ġhe	646	 he	4	distilbert/distilgpt2	distilbert/distilgpt2	False	0.3732273578643799	1.4218734502792358
David	647	David	0	distilbert/distilgpt2	distilbert/distilgpt2	False	1.0	0.0
Ġblessed	647	 blessed	1	distilbert/distilgpt2	distilbert/distilgpt2	False	4.6583096491303877e-07	21.033689498901367
ĠJohn	647	 John	2	distilbert/distilgpt2	distilbert/distilgpt2	False	0.0006563324714079499	10.573286056518555
Ġbecause	647	 because	3	distilbert/distilgpt2	distilbert/distilgpt2	False	0.0009174559963867068	10.090073585510254
Ġhe	647	 he	4	distilbert/distilgpt2	distilbert/distilgpt2	False	0.4039813280105591	1.307639479637146
Sarah	648	Sarah	0	distilbert/distilgpt2	distilbert/distilgpt2	False	1.0	0.0
Ġblessed	648	 blessed	1	distilbert/distilgpt2	distilbert/distilgpt2	False	4.034762071114528e-07	21.241012573242188
ĠJohn	648	 John	2	distilbert/distilgpt2	distilbert/distilgpt2	False	0.0005576982512138784	10.8082275390625
Ġbecause	648	 because	3	distilbert/distilgpt2	distilbert/distilgpt2	False	0.0015943199396133423	9.292842864990234
Ġhe	648	 he	4	distilbert/distilgpt2	distilbert/distilgpt2	False	0.4129244089126587	1.2760504484176636
Mary	649	Mary	0	distilbert/distilgpt2	distilbert/distilgpt2	False	1.0	0.0
Ġblessed	649	 blessed	1	distilbert/distilgpt2	distilbert/distilgpt2	False	4.47050638285873e-07	21.09305763244629
ĠSarah	649	 Sarah	2	distilbert/distilgpt2	distilbert/distilgpt2	False	0.0001154514029622078	13.080426216125488
Ġbecause	649	 because	3	distilbert/distilgpt2	distilbert/distilgpt2	False	0.001794393640011549	9.12228775024414
Ġshe	649	 she	4	distilbert/distilgpt2	distilbert/distilgpt2	False	0.46624165773391724	1.100850224494934
John	650	John	0	distilbert/distilgpt2	distilbert/distilgpt2	False	1.0	0.0
Ġblessed	650	 blessed	1	distilbert/distilgpt2	distilbert/distilgpt2	False	4.152494454956468e-07	21.19951820373535
ĠSarah	650	 Sarah	2	distilbert/distilgpt2	distilbert/distilgpt2	False	0.00010387510701548308	13.23286247253418
Ġbecause	650	 because	3	distilbert/distilgpt2	distilbert/distilgpt2	False	0.001888564438559115	9.048494338989258
Ġshe	650	 she	4	distilbert/distilgpt2	distilbert/distilgpt2	False	0.4358241856098175	1.1981818675994873
Mary	651	Mary	0	distilbert/distilgpt2	distilbert/distilgpt2	False	1.0	0.0
Ġblessed	651	 blessed	1	distilbert/distilgpt2	distilbert/distilgpt2	False	4.47050638285873e-07	21.09305763244629
ĠSarah	651	 Sarah	2	distilbert/distilgpt2	distilbert/distilgpt2	False	0.0001154514029622078	13.080426216125488
Ġbecause	651	 because	3	distilbert/distilgpt2	distilbert/distilgpt2	False	0.001794393640011549	9.12228775024414
Ġshe	651	 she	4	distilbert/distilgpt2	distilbert/distilgpt2	False	0.46624165773391724	1.100850224494934
David	652	David	0	distilbert/distilgpt2	distilbert/distilgpt2	False	1.0	0.0
Ġblessed	652	 blessed	1	distilbert/distilgpt2	distilbert/distilgpt2	False	4.6583096491303877e-07	21.033689498901367
ĠSarah	652	 Sarah	2	distilbert/distilgpt2	distilbert/distilgpt2	False	0.00011171444202773273	13.127896308898926
Ġbecause	652	 because	3	distilbert/distilgpt2	distilbert/distilgpt2	False	0.0015811059856787324	9.304850578308105
Ġshe	652	 she	4	distilbert/distilgpt2	distilbert/distilgpt2	False	0.4463843107223511	1.1636418104171753
Sarah	653	Sarah	0	distilbert/distilgpt2	distilbert/distilgpt2	False	1.0	0.0
Ġblessed	653	 blessed	1	distilbert/distilgpt2	distilbert/distilgpt2	False	4.034762071114528e-07	21.241012573242188
ĠMary	653	 Mary	2	distilbert/distilgpt2	distilbert/distilgpt2	False	0.00047931927838362753	11.026725769042969
Ġbecause	653	 because	3	distilbert/distilgpt2	distilbert/distilgpt2	False	0.0010227564489468932	9.933321952819824
Ġshe	653	 she	4	distilbert/distilgpt2	distilbert/distilgpt2	False	0.41555410623550415	1.2668918371200562
John	654	John	0	distilbert/distilgpt2	distilbert/distilgpt2	False	1.0	0.0
Ġblessed	654	 blessed	1	distilbert/distilgpt2	distilbert/distilgpt2	False	4.152494454956468e-07	21.19951820373535
ĠMary	654	 Mary	2	distilbert/distilgpt2	distilbert/distilgpt2	False	0.0004194070934318006	11.219361305236816
Ġbecause	654	 because	3	distilbert/distilgpt2	distilbert/distilgpt2	False	0.0009959921007975936	9.971578598022461
Ġshe	654	 she	4	distilbert/distilgpt2	distilbert/distilgpt2	False	0.37765273451805115	1.4048678874969482
Sarah	655	Sarah	0	distilbert/distilgpt2	distilbert/distilgpt2	False	1.0	0.0
Ġblessed	655	 blessed	1	distilbert/distilgpt2	distilbert/distilgpt2	False	4.034762071114528e-07	21.241012573242188
ĠMary	655	 Mary	2	distilbert/distilgpt2	distilbert/distilgpt2	False	0.00047931927838362753	11.026725769042969
Ġbecause	655	 because	3	distilbert/distilgpt2	distilbert/distilgpt2	False	0.0010227564489468932	9.933321952819824
Ġshe	655	 she	4	distilbert/distilgpt2	distilbert/distilgpt2	False	0.41555410623550415	1.2668918371200562
David	656	David	0	distilbert/distilgpt2	distilbert/distilgpt2	False	1.0	0.0
Ġblessed	656	 blessed	1	distilbert/distilgpt2	distilbert/distilgpt2	False	4.6583096491303877e-07	21.033689498901367
ĠMary	656	 Mary	2	distilbert/distilgpt2	distilbert/distilgpt2	False	0.00032530497992411256	11.585919380187988
Ġbecause	656	 because	3	distilbert/distilgpt2	distilbert/distilgpt2	False	0.00079681834904477	10.293461799621582
Ġshe	656	 she	4	distilbert/distilgpt2	distilbert/distilgpt2	False	0.3969112038612366	1.3331118822097778
John	657	John	0	distilbert/distilgpt2	distilbert/distilgpt2	False	1.0	0.0
Ġbored	657	 bored	1	distilbert/distilgpt2	distilbert/distilgpt2	False	2.6571107980544184e-08	25.165565490722656
ĠDavid	657	 David	2	distilbert/distilgpt2	distilbert/distilgpt2	False	6.918056169524789e-05	13.819273948669434
Ġbecause	657	 because	3	distilbert/distilgpt2	distilbert/distilgpt2	False	0.001716711325570941	9.186137199401855
Ġhe	657	 he	4	distilbert/distilgpt2	distilbert/distilgpt2	False	0.42777907848358154	1.2250622510910034
Mary	658	Mary	0	distilbert/distilgpt2	distilbert/distilgpt2	False	1.0	0.0
Ġbored	658	 bored	1	distilbert/distilgpt2	distilbert/distilgpt2	False	3.18721973258107e-08	24.903125762939453
ĠDavid	658	 David	2	distilbert/distilgpt2	distilbert/distilgpt2	False	4.182549309916794e-05	14.545257568359375
Ġbecause	658	 because	3	distilbert/distilgpt2	distilbert/distilgpt2	False	0.001202862593345344	9.699312210083008
Ġhe	658	 he	4	distilbert/distilgpt2	distilbert/distilgpt2	False	0.41911253333091736	1.2545905113220215
John	659	John	0	distilbert/distilgpt2	distilbert/distilgpt2	False	1.0	0.0
Ġbored	659	 bored	1	distilbert/distilgpt2	distilbert/distilgpt2	False	2.6571107980544184e-08	25.165565490722656
ĠDavid	659	 David	2	distilbert/distilgpt2	distilbert/distilgpt2	False	6.918056169524789e-05	13.819273948669434
Ġbecause	659	 because	3	distilbert/distilgpt2	distilbert/distilgpt2	False	0.001716711325570941	9.186137199401855
Ġhe	659	 he	4	distilbert/distilgpt2	distilbert/distilgpt2	False	0.42777907848358154	1.2250622510910034
Sarah	660	Sarah	0	distilbert/distilgpt2	distilbert/distilgpt2	False	1.0	0.0
Ġbored	660	 bored	1	distilbert/distilgpt2	distilbert/distilgpt2	False	2.7822444792491297e-08	25.09917640686035
ĠDavid	660	 David	2	distilbert/distilgpt2	distilbert/distilgpt2	False	5.1989762141602114e-05	14.231412887573242
Ġbecause	660	 because	3	distilbert/distilgpt2	distilbert/distilgpt2	False	0.0017472347244620323	9.160711288452148
Ġhe	660	 he	4	distilbert/distilgpt2	distilbert/distilgpt2	False	0.43027567863464355	1.2166668176651
David	661	David	0	distilbert/distilgpt2	distilbert/distilgpt2	False	1.0	0.0
Ġbored	661	 bored	1	distilbert/distilgpt2	distilbert/distilgpt2	False	2.9923516109420234e-08	24.994144439697266
ĠJohn	661	 John	2	distilbert/distilgpt2	distilbert/distilgpt2	False	0.0001715026592137292	12.509481430053711
Ġbecause	661	 because	3	distilbert/distilgpt2	distilbert/distilgpt2	False	0.004196589812636375	7.896566867828369
Ġhe	661	 he	4	distilbert/distilgpt2	distilbert/distilgpt2	False	0.3907672166824341	1.3556187152862549
Mary	662	Mary	0	distilbert/distilgpt2	distilbert/distilgpt2	False	1.0	0.0
Ġbored	662	 bored	1	distilbert/distilgpt2	distilbert/distilgpt2	False	3.18721973258107e-08	24.903125762939453
ĠJohn	662	 John	2	distilbert/distilgpt2	distilbert/distilgpt2	False	0.00013755232794210315	12.82773208618164
Ġbecause	662	 because	3	distilbert/distilgpt2	distilbert/distilgpt2	False	0.0024553705006837845	8.669843673706055
Ġhe	662	 he	4	distilbert/distilgpt2	distilbert/distilgpt2	False	0.41042083501815796	1.2848241329193115
David	663	David	0	distilbert/distilgpt2	distilbert/distilgpt2	False	1.0	0.0
Ġbored	663	 bored	1	distilbert/distilgpt2	distilbert/distilgpt2	False	2.9923516109420234e-08	24.994144439697266
ĠJohn	663	 John	2	distilbert/distilgpt2	distilbert/distilgpt2	False	0.0001715026592137292	12.509481430053711
Ġbecause	663	 because	3	distilbert/distilgpt2	distilbert/distilgpt2	False	0.004196589812636375	7.896566867828369
Ġhe	663	 he	4	distilbert/distilgpt2	distilbert/distilgpt2	False	0.3907672166824341	1.3556187152862549
Sarah	664	Sarah	0	distilbert/distilgpt2	distilbert/distilgpt2	False	1.0	0.0
Ġbored	664	 bored	1	distilbert/distilgpt2	distilbert/distilgpt2	False	2.7822444792491297e-08	25.09917640686035
ĠJohn	664	 John	2	distilbert/distilgpt2	distilbert/distilgpt2	False	0.00015434127999469638	12.661588668823242
Ġbecause	664	 because	3	distilbert/distilgpt2	distilbert/distilgpt2	False	0.004929220769554377	7.664424896240234
Ġhe	664	 he	4	distilbert/distilgpt2	distilbert/distilgpt2	False	0.400183767080307	1.321265459060669
Mary	665	Mary	0	distilbert/distilgpt2	distilbert/distilgpt2	False	1.0	0.0
Ġbored	665	 bored	1	distilbert/distilgpt2	distilbert/distilgpt2	False	3.18721973258107e-08	24.903125762939453
ĠSarah	665	 Sarah	2	distilbert/distilgpt2	distilbert/distilgpt2	False	3.394064333406277e-05	14.846626281738281
Ġbecause	665	 because	3	distilbert/distilgpt2	distilbert/distilgpt2	False	0.001909509184770286	9.03258228302002
Ġshe	665	 she	4	distilbert/distilgpt2	distilbert/distilgpt2	False	0.4544198215007782	1.1379023790359497
John	666	John	0	distilbert/distilgpt2	distilbert/distilgpt2	False	1.0	0.0
Ġbored	666	 bored	1	distilbert/distilgpt2	distilbert/distilgpt2	False	2.6571107980544184e-08	25.165565490722656
ĠSarah	666	 Sarah	2	distilbert/distilgpt2	distilbert/distilgpt2	False	3.7878184230066836e-05	14.688273429870605
Ġbecause	666	 because	3	distilbert/distilgpt2	distilbert/distilgpt2	False	0.002854829654097557	8.452380180358887
Ġshe	666	 she	4	distilbert/distilgpt2	distilbert/distilgpt2	False	0.42369163036346436	1.2389135360717773
Mary	667	Mary	0	distilbert/distilgpt2	distilbert/distilgpt2	False	1.0	0.0
Ġbored	667	 bored	1	distilbert/distilgpt2	distilbert/distilgpt2	False	3.18721973258107e-08	24.903125762939453
ĠSarah	667	 Sarah	2	distilbert/distilgpt2	distilbert/distilgpt2	False	3.394064333406277e-05	14.846626281738281
Ġbecause	667	 because	3	distilbert/distilgpt2	distilbert/distilgpt2	False	0.001909509184770286	9.03258228302002
Ġshe	667	 she	4	distilbert/distilgpt2	distilbert/distilgpt2	False	0.4544198215007782	1.1379023790359497
David	668	David	0	distilbert/distilgpt2	distilbert/distilgpt2	False	1.0	0.0
Ġbored	668	 bored	1	distilbert/distilgpt2	distilbert/distilgpt2	False	2.9923516109420234e-08	24.994144439697266
ĠSarah	668	 Sarah	2	distilbert/distilgpt2	distilbert/distilgpt2	False	3.571054185158573e-05	14.773290634155273
Ġbecause	668	 because	3	distilbert/distilgpt2	distilbert/distilgpt2	False	0.002663547871634364	8.552434921264648
Ġshe	668	 she	4	distilbert/distilgpt2	distilbert/distilgpt2	False	0.42956551909446716	1.2190499305725098
Sarah	669	Sarah	0	distilbert/distilgpt2	distilbert/distilgpt2	False	1.0	0.0
Ġbored	669	 bored	1	distilbert/distilgpt2	distilbert/distilgpt2	False	2.7822444792491297e-08	25.09917640686035
ĠMary	669	 Mary	2	distilbert/distilgpt2	distilbert/distilgpt2	False	5.487318048835732e-05	14.153539657592773
Ġbecause	669	 because	3	distilbert/distilgpt2	distilbert/distilgpt2	False	0.0013220125110819936	9.563048362731934
Ġshe	669	 she	4	distilbert/distilgpt2	distilbert/distilgpt2	False	0.4063303470611572	1.2992750406265259
John	670	John	0	distilbert/distilgpt2	distilbert/distilgpt2	False	1.0	0.0
Ġbored	670	 bored	1	distilbert/distilgpt2	distilbert/distilgpt2	False	2.6571107980544184e-08	25.165565490722656
ĠMary	670	 Mary	2	distilbert/distilgpt2	distilbert/distilgpt2	False	4.560031447908841e-05	14.420597076416016
Ġbecause	670	 because	3	distilbert/distilgpt2	distilbert/distilgpt2	False	0.001544718281365931	9.338440895080566
Ġshe	670	 she	4	distilbert/distilgpt2	distilbert/distilgpt2	False	0.40418004989624023	1.3069300651550293
Sarah	671	Sarah	0	distilbert/distilgpt2	distilbert/distilgpt2	False	1.0	0.0
Ġbored	671	 bored	1	distilbert/distilgpt2	distilbert/distilgpt2	False	2.7822444792491297e-08	25.09917640686035
ĠMary	671	 Mary	2	distilbert/distilgpt2	distilbert/distilgpt2	False	5.487318048835732e-05	14.153539657592773
Ġbecause	671	 because	3	distilbert/distilgpt2	distilbert/distilgpt2	False	0.0013220125110819936	9.563048362731934
Ġshe	671	 she	4	distilbert/distilgpt2	distilbert/distilgpt2	False	0.4063303470611572	1.2992750406265259
David	672	David	0	distilbert/distilgpt2	distilbert/distilgpt2	False	1.0	0.0
Ġbored	672	 bored	1	distilbert/distilgpt2	distilbert/distilgpt2	False	2.9923516109420234e-08	24.994144439697266
ĠMary	672	 Mary	2	distilbert/distilgpt2	distilbert/distilgpt2	False	4.365477434475906e-05	14.483501434326172
Ġbecause	672	 because	3	distilbert/distilgpt2	distilbert/distilgpt2	False	0.0012461435981094837	9.648314476013184
Ġshe	672	 she	4	distilbert/distilgpt2	distilbert/distilgpt2	False	0.3958809971809387	1.3368613719940186
John	673	John	0	distilbert/distilgpt2	distilbert/distilgpt2	False	1.0	0.0
Ġbothered	673	 bothered	1	distilbert/distilgpt2	distilbert/distilgpt2	False	4.44839756141846e-08	24.422138214111328
ĠDavid	673	 David	2	distilbert/distilgpt2	distilbert/distilgpt2	False	0.0001459996565245092	12.741747856140137
Ġbecause	673	 because	3	distilbert/distilgpt2	distilbert/distilgpt2	False	0.0016931421123445034	9.20608139038086
Ġhe	673	 he	4	distilbert/distilgpt2	distilbert/distilgpt2	False	0.43837183713912964	1.1897729635238647
Mary	674	Mary	0	distilbert/distilgpt2	distilbert/distilgpt2	False	1.0	0.0
Ġbothered	674	 bothered	1	distilbert/distilgpt2	distilbert/distilgpt2	False	4.027301869768962e-08	24.565610885620117
ĠDavid	674	 David	2	distilbert/distilgpt2	distilbert/distilgpt2	False	8.233678090618923e-05	13.568103790283203
Ġbecause	674	 because	3	distilbert/distilgpt2	distilbert/distilgpt2	False	0.002531650708988309	8.62570571899414
Ġhe	674	 he	4	distilbert/distilgpt2	distilbert/distilgpt2	False	0.4511822462081909	1.148217797279358
John	675	John	0	distilbert/distilgpt2	distilbert/distilgpt2	False	1.0	0.0
Ġbothered	675	 bothered	1	distilbert/distilgpt2	distilbert/distilgpt2	False	4.44839756141846e-08	24.422138214111328
ĠDavid	675	 David	2	distilbert/distilgpt2	distilbert/distilgpt2	False	0.0001459996565245092	12.741747856140137
Ġbecause	675	 because	3	distilbert/distilgpt2	distilbert/distilgpt2	False	0.0016931421123445034	9.20608139038086
Ġhe	675	 he	4	distilbert/distilgpt2	distilbert/distilgpt2	False	0.43837183713912964	1.1897729635238647
Sarah	676	Sarah	0	distilbert/distilgpt2	distilbert/distilgpt2	False	1.0	0.0
Ġbothered	676	 bothered	1	distilbert/distilgpt2	distilbert/distilgpt2	False	4.0553292279810194e-08	24.555604934692383
ĠDavid	676	 David	2	distilbert/distilgpt2	distilbert/distilgpt2	False	0.0001209593829116784	13.013189315795898
Ġbecause	676	 because	3	distilbert/distilgpt2	distilbert/distilgpt2	False	0.0032660982105880976	8.25821590423584
Ġhe	676	 he	4	distilbert/distilgpt2	distilbert/distilgpt2	False	0.4398989975452423	1.184755802154541
David	677	David	0	distilbert/distilgpt2	distilbert/distilgpt2	False	1.0	0.0
Ġbothered	677	 bothered	1	distilbert/distilgpt2	distilbert/distilgpt2	False	4.116104790341524e-08	24.53414535522461
ĠJohn	677	 John	2	distilbert/distilgpt2	distilbert/distilgpt2	False	0.0006086697103455663	10.682052612304688
Ġbecause	677	 because	3	distilbert/distilgpt2	distilbert/distilgpt2	False	0.0019025264773517847	9.037867546081543
Ġhe	677	 he	4	distilbert/distilgpt2	distilbert/distilgpt2	False	0.406497061252594	1.2986831665039062
Mary	678	Mary	0	distilbert/distilgpt2	distilbert/distilgpt2	False	1.0	0.0
Ġbothered	678	 bothered	1	distilbert/distilgpt2	distilbert/distilgpt2	False	4.027301869768962e-08	24.565610885620117
ĠJohn	678	 John	2	distilbert/distilgpt2	distilbert/distilgpt2	False	0.00037930370308458805	11.364358901977539
Ġbecause	678	 because	3	distilbert/distilgpt2	distilbert/distilgpt2	False	0.0036707024555653334	8.089728355407715
Ġhe	678	 he	4	distilbert/distilgpt2	distilbert/distilgpt2	False	0.4310421645641327	1.2140991687774658
David	679	David	0	distilbert/distilgpt2	distilbert/distilgpt2	False	1.0	0.0
Ġbothered	679	 bothered	1	distilbert/distilgpt2	distilbert/distilgpt2	False	4.116104790341524e-08	24.53414535522461
ĠJohn	679	 John	2	distilbert/distilgpt2	distilbert/distilgpt2	False	0.0006086697103455663	10.682052612304688
Ġbecause	679	 because	3	distilbert/distilgpt2	distilbert/distilgpt2	False	0.0019025264773517847	9.037867546081543
Ġhe	679	 he	4	distilbert/distilgpt2	distilbert/distilgpt2	False	0.406497061252594	1.2986831665039062
Sarah	680	Sarah	0	distilbert/distilgpt2	distilbert/distilgpt2	False	1.0	0.0
Ġbothered	680	 bothered	1	distilbert/distilgpt2	distilbert/distilgpt2	False	4.0553292279810194e-08	24.555604934692383
ĠJohn	680	 John	2	distilbert/distilgpt2	distilbert/distilgpt2	False	0.0004561930545605719	11.098068237304688
Ġbecause	680	 because	3	distilbert/distilgpt2	distilbert/distilgpt2	False	0.006528450641781092	7.2590436935424805
Ġhe	680	 he	4	distilbert/distilgpt2	distilbert/distilgpt2	False	0.4006263017654419	1.3196710348129272
Mary	681	Mary	0	distilbert/distilgpt2	distilbert/distilgpt2	False	1.0	0.0
Ġbothered	681	 bothered	1	distilbert/distilgpt2	distilbert/distilgpt2	False	4.027301869768962e-08	24.565610885620117
ĠSarah	681	 Sarah	2	distilbert/distilgpt2	distilbert/distilgpt2	False	7.590864697704092e-05	13.685376167297363
Ġbecause	681	 because	3	distilbert/distilgpt2	distilbert/distilgpt2	False	0.007462674751877785	7.066091537475586
Ġshe	681	 she	4	distilbert/distilgpt2	distilbert/distilgpt2	False	0.4673216938972473	1.097512125968933
John	682	John	0	distilbert/distilgpt2	distilbert/distilgpt2	False	1.0	0.0
Ġbothered	682	 bothered	1	distilbert/distilgpt2	distilbert/distilgpt2	False	4.44839756141846e-08	24.422138214111328
ĠSarah	682	 Sarah	2	distilbert/distilgpt2	distilbert/distilgpt2	False	9.377597598358989e-05	13.380422592163086
Ġbecause	682	 because	3	distilbert/distilgpt2	distilbert/distilgpt2	False	0.005525053013116121	7.499795913696289
Ġshe	682	 she	4	distilbert/distilgpt2	distilbert/distilgpt2	False	0.4186916947364807	1.2560398578643799
Mary	683	Mary	0	distilbert/distilgpt2	distilbert/distilgpt2	False	1.0	0.0
Ġbothered	683	 bothered	1	distilbert/distilgpt2	distilbert/distilgpt2	False	4.027301869768962e-08	24.565610885620117
ĠSarah	683	 Sarah	2	distilbert/distilgpt2	distilbert/distilgpt2	False	7.590864697704092e-05	13.685376167297363
Ġbecause	683	 because	3	distilbert/distilgpt2	distilbert/distilgpt2	False	0.007462674751877785	7.066091537475586
Ġshe	683	 she	4	distilbert/distilgpt2	distilbert/distilgpt2	False	0.4673216938972473	1.097512125968933
David	684	David	0	distilbert/distilgpt2	distilbert/distilgpt2	False	1.0	0.0
Ġbothered	684	 bothered	1	distilbert/distilgpt2	distilbert/distilgpt2	False	4.116104790341524e-08	24.53414535522461
ĠSarah	684	 Sarah	2	distilbert/distilgpt2	distilbert/distilgpt2	False	9.875647083390504e-05	13.305765151977539
Ġbecause	684	 because	3	distilbert/distilgpt2	distilbert/distilgpt2	False	0.002968717133626342	8.395944595336914
Ġshe	684	 she	4	distilbert/distilgpt2	distilbert/distilgpt2	False	0.41747280955314636	1.2602459192276
Sarah	685	Sarah	0	distilbert/distilgpt2	distilbert/distilgpt2	False	1.0	0.0
Ġbothered	685	 bothered	1	distilbert/distilgpt2	distilbert/distilgpt2	False	4.0553292279810194e-08	24.555604934692383
ĠMary	685	 Mary	2	distilbert/distilgpt2	distilbert/distilgpt2	False	0.00016256634262390435	12.58668327331543
Ġbecause	685	 because	3	distilbert/distilgpt2	distilbert/distilgpt2	False	0.006278115790337324	7.315452575683594
Ġshe	685	 she	4	distilbert/distilgpt2	distilbert/distilgpt2	False	0.41341233253479004	1.2743467092514038
John	686	John	0	distilbert/distilgpt2	distilbert/distilgpt2	False	1.0	0.0
Ġbothered	686	 bothered	1	distilbert/distilgpt2	distilbert/distilgpt2	False	4.44839756141846e-08	24.422138214111328
ĠMary	686	 Mary	2	distilbert/distilgpt2	distilbert/distilgpt2	False	0.00015869890921749175	12.621419906616211
Ġbecause	686	 because	3	distilbert/distilgpt2	distilbert/distilgpt2	False	0.006131987553089857	7.349429607391357
Ġshe	686	 she	4	distilbert/distilgpt2	distilbert/distilgpt2	False	0.40760865807533264	1.2947434186935425
Sarah	687	Sarah	0	distilbert/distilgpt2	distilbert/distilgpt2	False	1.0	0.0
Ġbothered	687	 bothered	1	distilbert/distilgpt2	distilbert/distilgpt2	False	4.0553292279810194e-08	24.555604934692383
ĠMary	687	 Mary	2	distilbert/distilgpt2	distilbert/distilgpt2	False	0.00016256634262390435	12.58668327331543
Ġbecause	687	 because	3	distilbert/distilgpt2	distilbert/distilgpt2	False	0.006278115790337324	7.315452575683594
Ġshe	687	 she	4	distilbert/distilgpt2	distilbert/distilgpt2	False	0.41341233253479004	1.2743467092514038
David	688	David	0	distilbert/distilgpt2	distilbert/distilgpt2	False	1.0	0.0
Ġbothered	688	 bothered	1	distilbert/distilgpt2	distilbert/distilgpt2	False	4.116104790341524e-08	24.53414535522461
ĠMary	688	 Mary	2	distilbert/distilgpt2	distilbert/distilgpt2	False	0.0001591496547916904	12.617328643798828
Ġbecause	688	 because	3	distilbert/distilgpt2	distilbert/distilgpt2	False	0.002370743080973625	8.720444679260254
Ġshe	688	 she	4	distilbert/distilgpt2	distilbert/distilgpt2	False	0.40160834789276123	1.3161388635635376
John	689	John	0	distilbert/distilgpt2	distilbert/distilgpt2	False	1.0	0.0
Ġbu	689	 bugged	1	distilbert/distilgpt2	distilbert/distilgpt2	False	1.735235315436512e-07	22.458364486694336
gged	689	 bugged	1	distilbert/distilgpt2	distilbert/distilgpt2	False	0.048709310591220856	4.359658718109131
ĠDavid	689	 David	2	distilbert/distilgpt2	distilbert/distilgpt2	False	0.0002983208396472037	11.710847854614258
Ġbecause	689	 because	3	distilbert/distilgpt2	distilbert/distilgpt2	False	0.0006601315108127892	10.564958572387695
Ġhe	689	 he	4	distilbert/distilgpt2	distilbert/distilgpt2	False	0.4560048282146454	1.1328790187835693
Mary	690	Mary	0	distilbert/distilgpt2	distilbert/distilgpt2	False	1.0	0.0
Ġbu	690	 bugged	1	distilbert/distilgpt2	distilbert/distilgpt2	False	1.9929834138565639e-07	22.258567810058594
gged	690	 bugged	1	distilbert/distilgpt2	distilbert/distilgpt2	False	0.016556572169065475	5.916452407836914
ĠDavid	690	 David	2	distilbert/distilgpt2	distilbert/distilgpt2	False	0.00020600605057552457	12.245025634765625
Ġbecause	690	 because	3	distilbert/distilgpt2	distilbert/distilgpt2	False	0.000868950504809618	10.168437957763672
Ġhe	690	 he	4	distilbert/distilgpt2	distilbert/distilgpt2	False	0.4494737386703491	1.153691291809082
John	691	John	0	distilbert/distilgpt2	distilbert/distilgpt2	False	1.0	0.0
Ġbu	691	 bugged	1	distilbert/distilgpt2	distilbert/distilgpt2	False	1.735235315436512e-07	22.458364486694336
gged	691	 bugged	1	distilbert/distilgpt2	distilbert/distilgpt2	False	0.048709310591220856	4.359658718109131
ĠDavid	691	 David	2	distilbert/distilgpt2	distilbert/distilgpt2	False	0.0002983208396472037	11.710847854614258
Ġbecause	691	 because	3	distilbert/distilgpt2	distilbert/distilgpt2	False	0.0006601315108127892	10.564958572387695
Ġhe	691	 he	4	distilbert/distilgpt2	distilbert/distilgpt2	False	0.4560048282146454	1.1328790187835693
Sarah	692	Sarah	0	distilbert/distilgpt2	distilbert/distilgpt2	False	1.0	0.0
Ġbu	692	 bugged	1	distilbert/distilgpt2	distilbert/distilgpt2	False	2.0768382569258392e-07	22.199108123779297
gged	692	 bugged	1	distilbert/distilgpt2	distilbert/distilgpt2	False	0.0432661809027195	4.530616283416748
ĠDavid	692	 David	2	distilbert/distilgpt2	distilbert/distilgpt2	False	0.00029358212486840785	11.733948707580566
Ġbecause	692	 because	3	distilbert/distilgpt2	distilbert/distilgpt2	False	0.001024332013912499	9.931100845336914
Ġhe	692	 he	4	distilbert/distilgpt2	distilbert/distilgpt2	False	0.46132805943489075	1.1161351203918457
David	693	David	0	distilbert/distilgpt2	distilbert/distilgpt2	False	1.0	0.0
Ġbu	693	 bugged	1	distilbert/distilgpt2	distilbert/distilgpt2	False	2.088003299149932e-07	22.19137191772461
gged	693	 bugged	1	distilbert/distilgpt2	distilbert/distilgpt2	False	0.11204033344984055	3.157910108566284
ĠJohn	693	 John	2	distilbert/distilgpt2	distilbert/distilgpt2	False	0.0008818759233690798	10.147136688232422
Ġbecause	693	 because	3	distilbert/distilgpt2	distilbert/distilgpt2	False	0.0005872499314136803	10.73373794555664
Ġhe	693	 he	4	distilbert/distilgpt2	distilbert/distilgpt2	False	0.4393037259578705	1.1867094039916992
Mary	694	Mary	0	distilbert/distilgpt2	distilbert/distilgpt2	False	1.0	0.0
Ġbu	694	 bugged	1	distilbert/distilgpt2	distilbert/distilgpt2	False	1.9929834138565639e-07	22.258567810058594
gged	694	 bugged	1	distilbert/distilgpt2	distilbert/distilgpt2	False	0.016556572169065475	5.916452407836914
ĠJohn	694	 John	2	distilbert/distilgpt2	distilbert/distilgpt2	False	0.0005469917668960989	10.836193084716797
Ġbecause	694	 because	3	distilbert/distilgpt2	distilbert/distilgpt2	False	0.0011495217913761735	9.764750480651855
Ġhe	694	 he	4	distilbert/distilgpt2	distilbert/distilgpt2	False	0.44494596123695374	1.1682980060577393
David	695	David	0	distilbert/distilgpt2	distilbert/distilgpt2	False	1.0	0.0
Ġbu	695	 bugged	1	distilbert/distilgpt2	distilbert/distilgpt2	False	2.088003299149932e-07	22.19137191772461
gged	695	 bugged	1	distilbert/distilgpt2	distilbert/distilgpt2	False	0.11204033344984055	3.157910108566284
ĠJohn	695	 John	2	distilbert/distilgpt2	distilbert/distilgpt2	False	0.0008818759233690798	10.147136688232422
Ġbecause	695	 because	3	distilbert/distilgpt2	distilbert/distilgpt2	False	0.0005872499314136803	10.73373794555664
Ġhe	695	 he	4	distilbert/distilgpt2	distilbert/distilgpt2	False	0.4393037259578705	1.1867094039916992
Sarah	696	Sarah	0	distilbert/distilgpt2	distilbert/distilgpt2	False	1.0	0.0
Ġbu	696	 bugged	1	distilbert/distilgpt2	distilbert/distilgpt2	False	2.0768382569258392e-07	22.199108123779297
gged	696	 bugged	1	distilbert/distilgpt2	distilbert/distilgpt2	False	0.0432661809027195	4.530616283416748
ĠJohn	696	 John	2	distilbert/distilgpt2	distilbert/distilgpt2	False	0.000709484564140439	10.460941314697266
Ġbecause	696	 because	3	distilbert/distilgpt2	distilbert/distilgpt2	False	0.0018648102413862944	9.066755294799805
Ġhe	696	 he	4	distilbert/distilgpt2	distilbert/distilgpt2	False	0.44397619366645813	1.1714458465576172
Mary	697	Mary	0	distilbert/distilgpt2	distilbert/distilgpt2	False	1.0	0.0
Ġbu	697	 bugged	1	distilbert/distilgpt2	distilbert/distilgpt2	False	1.9929834138565639e-07	22.258567810058594
gged	697	 bugged	1	distilbert/distilgpt2	distilbert/distilgpt2	False	0.016556572169065475	5.916452407836914
ĠSarah	697	 Sarah	2	distilbert/distilgpt2	distilbert/distilgpt2	False	5.963822331978008e-05	14.033403396606445
Ġbecause	697	 because	3	distilbert/distilgpt2	distilbert/distilgpt2	False	0.002935209544375539	8.412321090698242
Ġshe	697	 she	4	distilbert/distilgpt2	distilbert/distilgpt2	False	0.44804203510284424	1.1582940816879272
John	698	John	0	distilbert/distilgpt2	distilbert/distilgpt2	False	1.0	0.0
Ġbu	698	 bugged	1	distilbert/distilgpt2	distilbert/distilgpt2	False	1.735235315436512e-07	22.458364486694336
gged	698	 bugged	1	distilbert/distilgpt2	distilbert/distilgpt2	False	0.048709310591220856	4.359658718109131
ĠSarah	698	 Sarah	2	distilbert/distilgpt2	distilbert/distilgpt2	False	7.79577239882201e-05	13.64694881439209
Ġbecause	698	 because	3	distilbert/distilgpt2	distilbert/distilgpt2	False	0.0021677850745618343	8.849562644958496
Ġshe	698	 she	4	distilbert/distilgpt2	distilbert/distilgpt2	False	0.4327944219112396	1.2082462310791016
Mary	699	Mary	0	distilbert/distilgpt2	distilbert/distilgpt2	False	1.0	0.0
Ġbu	699	 bugged	1	distilbert/distilgpt2	distilbert/distilgpt2	False	1.9929834138565639e-07	22.258567810058594
gged	699	 bugged	1	distilbert/distilgpt2	distilbert/distilgpt2	False	0.016556572169065475	5.916452407836914
ĠSarah	699	 Sarah	2	distilbert/distilgpt2	distilbert/distilgpt2	False	5.963822331978008e-05	14.033403396606445
Ġbecause	699	 because	3	distilbert/distilgpt2	distilbert/distilgpt2	False	0.002935209544375539	8.412321090698242
Ġshe	699	 she	4	distilbert/distilgpt2	distilbert/distilgpt2	False	0.44804203510284424	1.1582940816879272
David	700	David	0	distilbert/distilgpt2	distilbert/distilgpt2	False	1.0	0.0
Ġbu	700	 bugged	1	distilbert/distilgpt2	distilbert/distilgpt2	False	2.088003299149932e-07	22.19137191772461
gged	700	 bugged	1	distilbert/distilgpt2	distilbert/distilgpt2	False	0.11204033344984055	3.157910108566284
ĠSarah	700	 Sarah	2	distilbert/distilgpt2	distilbert/distilgpt2	False	7.391518738586456e-05	13.723770141601562
Ġbecause	700	 because	3	distilbert/distilgpt2	distilbert/distilgpt2	False	0.0012800749391317368	9.609556198120117
Ġshe	700	 she	4	distilbert/distilgpt2	distilbert/distilgpt2	False	0.4411716163158417	1.1805881261825562
Sarah	701	Sarah	0	distilbert/distilgpt2	distilbert/distilgpt2	False	1.0	0.0
Ġbu	701	 bugged	1	distilbert/distilgpt2	distilbert/distilgpt2	False	2.0768382569258392e-07	22.199108123779297
gged	701	 bugged	1	distilbert/distilgpt2	distilbert/distilgpt2	False	0.0432661809027195	4.530616283416748
ĠMary	701	 Mary	2	distilbert/distilgpt2	distilbert/distilgpt2	False	9.383626456838101e-05	13.379494667053223
Ġbecause	701	 because	3	distilbert/distilgpt2	distilbert/distilgpt2	False	0.0012682729866355658	9.622919082641602
Ġshe	701	 she	4	distilbert/distilgpt2	distilbert/distilgpt2	False	0.4026728570461273	1.3123198747634888
John	702	John	0	distilbert/distilgpt2	distilbert/distilgpt2	False	1.0	0.0
Ġbu	702	 bugged	1	distilbert/distilgpt2	distilbert/distilgpt2	False	1.735235315436512e-07	22.458364486694336
gged	702	 bugged	1	distilbert/distilgpt2	distilbert/distilgpt2	False	0.048709310591220856	4.359658718109131
ĠMary	702	 Mary	2	distilbert/distilgpt2	distilbert/distilgpt2	False	7.898928015492857e-05	13.627984046936035
Ġbecause	702	 because	3	distilbert/distilgpt2	distilbert/distilgpt2	False	0.0012733684852719307	9.617134094238281
Ġshe	702	 she	4	distilbert/distilgpt2	distilbert/distilgpt2	False	0.3938336968421936	1.3443416357040405
Sarah	703	Sarah	0	distilbert/distilgpt2	distilbert/distilgpt2	False	1.0	0.0
Ġbu	703	 bugged	1	distilbert/distilgpt2	distilbert/distilgpt2	False	2.0768382569258392e-07	22.199108123779297
gged	703	 bugged	1	distilbert/distilgpt2	distilbert/distilgpt2	False	0.0432661809027195	4.530616283416748
ĠMary	703	 Mary	2	distilbert/distilgpt2	distilbert/distilgpt2	False	9.383626456838101e-05	13.379494667053223
Ġbecause	703	 because	3	distilbert/distilgpt2	distilbert/distilgpt2	False	0.0012682729866355658	9.622919082641602
Ġshe	703	 she	4	distilbert/distilgpt2	distilbert/distilgpt2	False	0.4026728570461273	1.3123198747634888
David	704	David	0	distilbert/distilgpt2	distilbert/distilgpt2	False	1.0	0.0
Ġbu	704	 bugged	1	distilbert/distilgpt2	distilbert/distilgpt2	False	2.088003299149932e-07	22.19137191772461
gged	704	 bugged	1	distilbert/distilgpt2	distilbert/distilgpt2	False	0.11204033344984055	3.157910108566284
ĠMary	704	 Mary	2	distilbert/distilgpt2	distilbert/distilgpt2	False	7.43779237382114e-05	13.714766502380371
Ġbecause	704	 because	3	distilbert/distilgpt2	distilbert/distilgpt2	False	0.0005412525497376919	10.851410865783691
Ġshe	704	 she	4	distilbert/distilgpt2	distilbert/distilgpt2	False	0.4058752655982971	1.3008917570114136
John	705	John	0	distilbert/distilgpt2	distilbert/distilgpt2	False	1.0	0.0
Ġcalled	705	 called	1	distilbert/distilgpt2	distilbert/distilgpt2	False	2.0000206859549507e-05	15.609625816345215
ĠDavid	705	 David	2	distilbert/distilgpt2	distilbert/distilgpt2	False	0.0006870533106848598	10.50728988647461
Ġbecause	705	 because	3	distilbert/distilgpt2	distilbert/distilgpt2	False	0.00036941736470907927	11.402461051940918
Ġhe	705	 he	4	distilbert/distilgpt2	distilbert/distilgpt2	False	0.4439941346645355	1.1713875532150269
Mary	706	Mary	0	distilbert/distilgpt2	distilbert/distilgpt2	False	1.0	0.0
Ġcalled	706	 called	1	distilbert/distilgpt2	distilbert/distilgpt2	False	1.9683393475133926e-05	15.632661819458008
ĠDavid	706	 David	2	distilbert/distilgpt2	distilbert/distilgpt2	False	0.0004621732805389911	11.079278945922852
Ġbecause	706	 because	3	distilbert/distilgpt2	distilbert/distilgpt2	False	0.0006704343832097948	10.54261589050293
Ġhe	706	 he	4	distilbert/distilgpt2	distilbert/distilgpt2	False	0.46698111295700073	1.0985639095306396
John	707	John	0	distilbert/distilgpt2	distilbert/distilgpt2	False	1.0	0.0
Ġcalled	707	 called	1	distilbert/distilgpt2	distilbert/distilgpt2	False	2.0000206859549507e-05	15.609625816345215
ĠDavid	707	 David	2	distilbert/distilgpt2	distilbert/distilgpt2	False	0.0006870533106848598	10.50728988647461
Ġbecause	707	 because	3	distilbert/distilgpt2	distilbert/distilgpt2	False	0.00036941736470907927	11.402461051940918
Ġhe	707	 he	4	distilbert/distilgpt2	distilbert/distilgpt2	False	0.4439941346645355	1.1713875532150269
Sarah	708	Sarah	0	distilbert/distilgpt2	distilbert/distilgpt2	False	1.0	0.0
Ġcalled	708	 called	1	distilbert/distilgpt2	distilbert/distilgpt2	False	2.383763057878241e-05	15.356399536132812
ĠDavid	708	 David	2	distilbert/distilgpt2	distilbert/distilgpt2	False	0.0007298830896615982	10.42004680633545
Ġbecause	708	 because	3	distilbert/distilgpt2	distilbert/distilgpt2	False	0.00047291349619627	11.046135902404785
Ġhe	708	 he	4	distilbert/distilgpt2	distilbert/distilgpt2	False	0.4643014073371887	1.106866478919983
David	709	David	0	distilbert/distilgpt2	distilbert/distilgpt2	False	1.0	0.0
Ġcalled	709	 called	1	distilbert/distilgpt2	distilbert/distilgpt2	False	2.187509926443454e-05	15.480351448059082
ĠJohn	709	 John	2	distilbert/distilgpt2	distilbert/distilgpt2	False	0.0009292679606005549	10.07161808013916
Ġbecause	709	 because	3	distilbert/distilgpt2	distilbert/distilgpt2	False	0.0005383789539337158	10.859090805053711
Ġhe	709	 he	4	distilbert/distilgpt2	distilbert/distilgpt2	False	0.4330589175224304	1.207364797592163
Mary	710	Mary	0	distilbert/distilgpt2	distilbert/distilgpt2	False	1.0	0.0
Ġcalled	710	 called	1	distilbert/distilgpt2	distilbert/distilgpt2	False	1.9683393475133926e-05	15.632661819458008
ĠJohn	710	 John	2	distilbert/distilgpt2	distilbert/distilgpt2	False	0.0008807656704448164	10.148954391479492
Ġbecause	710	 because	3	distilbert/distilgpt2	distilbert/distilgpt2	False	0.0009667116100899875	10.014626502990723
Ġhe	710	 he	4	distilbert/distilgpt2	distilbert/distilgpt2	False	0.4733726978302002	1.0789515972137451
David	711	David	0	distilbert/distilgpt2	distilbert/distilgpt2	False	1.0	0.0
Ġcalled	711	 called	1	distilbert/distilgpt2	distilbert/distilgpt2	False	2.187509926443454e-05	15.480351448059082
ĠJohn	711	 John	2	distilbert/distilgpt2	distilbert/distilgpt2	False	0.0009292679606005549	10.07161808013916
Ġbecause	711	 because	3	distilbert/distilgpt2	distilbert/distilgpt2	False	0.0005383789539337158	10.859090805053711
Ġhe	711	 he	4	distilbert/distilgpt2	distilbert/distilgpt2	False	0.4330589175224304	1.207364797592163
Sarah	712	Sarah	0	distilbert/distilgpt2	distilbert/distilgpt2	False	1.0	0.0
Ġcalled	712	 called	1	distilbert/distilgpt2	distilbert/distilgpt2	False	2.383763057878241e-05	15.356399536132812
ĠJohn	712	 John	2	distilbert/distilgpt2	distilbert/distilgpt2	False	0.0010577930370345712	9.884726524353027
Ġbecause	712	 because	3	distilbert/distilgpt2	distilbert/distilgpt2	False	0.0012353775091469288	9.660832405090332
Ġhe	712	 he	4	distilbert/distilgpt2	distilbert/distilgpt2	False	0.45627540349960327	1.1320232152938843
Mary	713	Mary	0	distilbert/distilgpt2	distilbert/distilgpt2	False	1.0	0.0
Ġcalled	713	 called	1	distilbert/distilgpt2	distilbert/distilgpt2	False	1.9683393475133926e-05	15.632661819458008
ĠSarah	713	 Sarah	2	distilbert/distilgpt2	distilbert/distilgpt2	False	0.00016256525123026222	12.58669376373291
Ġbecause	713	 because	3	distilbert/distilgpt2	distilbert/distilgpt2	False	0.0025913782883435488	8.59206485748291
Ġshe	713	 she	4	distilbert/distilgpt2	distilbert/distilgpt2	False	0.5057838559150696	0.9834071397781372
John	714	John	0	distilbert/distilgpt2	distilbert/distilgpt2	False	1.0	0.0
Ġcalled	714	 called	1	distilbert/distilgpt2	distilbert/distilgpt2	False	2.0000206859549507e-05	15.609625816345215
ĠSarah	714	 Sarah	2	distilbert/distilgpt2	distilbert/distilgpt2	False	0.00017572971410118043	12.47435474395752
Ġbecause	714	 because	3	distilbert/distilgpt2	distilbert/distilgpt2	False	0.0014936561929062009	9.38693618774414
Ġshe	714	 she	4	distilbert/distilgpt2	distilbert/distilgpt2	False	0.47863975167274475	1.0629879236221313
Mary	715	Mary	0	distilbert/distilgpt2	distilbert/distilgpt2	False	1.0	0.0
Ġcalled	715	 called	1	distilbert/distilgpt2	distilbert/distilgpt2	False	1.9683393475133926e-05	15.632661819458008
ĠSarah	715	 Sarah	2	distilbert/distilgpt2	distilbert/distilgpt2	False	0.00016256525123026222	12.58669376373291
Ġbecause	715	 because	3	distilbert/distilgpt2	distilbert/distilgpt2	False	0.0025913782883435488	8.59206485748291
Ġshe	715	 she	4	distilbert/distilgpt2	distilbert/distilgpt2	False	0.5057838559150696	0.9834071397781372
David	716	David	0	distilbert/distilgpt2	distilbert/distilgpt2	False	1.0	0.0
Ġcalled	716	 called	1	distilbert/distilgpt2	distilbert/distilgpt2	False	2.187509926443454e-05	15.480351448059082
ĠSarah	716	 Sarah	2	distilbert/distilgpt2	distilbert/distilgpt2	False	0.00013855767610948533	12.817225456237793
Ġbecause	716	 because	3	distilbert/distilgpt2	distilbert/distilgpt2	False	0.0008192150853574276	10.253470420837402
Ġshe	716	 she	4	distilbert/distilgpt2	distilbert/distilgpt2	False	0.4728657901287079	1.08049738407135
Sarah	717	Sarah	0	distilbert/distilgpt2	distilbert/distilgpt2	False	1.0	0.0
Ġcalled	717	 called	1	distilbert/distilgpt2	distilbert/distilgpt2	False	2.383763057878241e-05	15.356399536132812
ĠMary	717	 Mary	2	distilbert/distilgpt2	distilbert/distilgpt2	False	0.00020118766406085342	12.279170036315918
Ġbecause	717	 because	3	distilbert/distilgpt2	distilbert/distilgpt2	False	0.0007763546891510487	10.3309965133667
Ġshe	717	 she	4	distilbert/distilgpt2	distilbert/distilgpt2	False	0.4389412999153137	1.1879000663757324
John	718	John	0	distilbert/distilgpt2	distilbert/distilgpt2	False	1.0	0.0
Ġcalled	718	 called	1	distilbert/distilgpt2	distilbert/distilgpt2	False	2.0000206859549507e-05	15.609625816345215
ĠMary	718	 Mary	2	distilbert/distilgpt2	distilbert/distilgpt2	False	0.00014830927830189466	12.719103813171387
Ġbecause	718	 because	3	distilbert/distilgpt2	distilbert/distilgpt2	False	0.0009161339839920402	10.092153549194336
Ġshe	718	 she	4	distilbert/distilgpt2	distilbert/distilgpt2	False	0.42714357376098633	1.227207064628601
Sarah	719	Sarah	0	distilbert/distilgpt2	distilbert/distilgpt2	False	1.0	0.0
Ġcalled	719	 called	1	distilbert/distilgpt2	distilbert/distilgpt2	False	2.383763057878241e-05	15.356399536132812
ĠMary	719	 Mary	2	distilbert/distilgpt2	distilbert/distilgpt2	False	0.00020118766406085342	12.279170036315918
Ġbecause	719	 because	3	distilbert/distilgpt2	distilbert/distilgpt2	False	0.0007763546891510487	10.3309965133667
Ġshe	719	 she	4	distilbert/distilgpt2	distilbert/distilgpt2	False	0.4389412999153137	1.1879000663757324
David	720	David	0	distilbert/distilgpt2	distilbert/distilgpt2	False	1.0	0.0
Ġcalled	720	 called	1	distilbert/distilgpt2	distilbert/distilgpt2	False	2.187509926443454e-05	15.480351448059082
ĠMary	720	 Mary	2	distilbert/distilgpt2	distilbert/distilgpt2	False	0.00011314098082948476	13.109590530395508
Ġbecause	720	 because	3	distilbert/distilgpt2	distilbert/distilgpt2	False	0.0004579331143759191	11.092575073242188
Ġshe	720	 she	4	distilbert/distilgpt2	distilbert/distilgpt2	False	0.4122454524040222	1.2784245014190674
John	721	John	0	distilbert/distilgpt2	distilbert/distilgpt2	False	1.0	0.0
Ġcalmed	721	 calmed	1	distilbert/distilgpt2	distilbert/distilgpt2	False	2.424232548037253e-08	25.297897338867188
ĠDavid	721	 David	2	distilbert/distilgpt2	distilbert/distilgpt2	False	1.847791463660542e-05	15.723838806152344
Ġbecause	721	 because	3	distilbert/distilgpt2	distilbert/distilgpt2	False	0.0007820476312190294	10.320455551147461
Ġhe	721	 he	4	distilbert/distilgpt2	distilbert/distilgpt2	False	0.4163047969341278	1.2642879486083984
Mary	722	Mary	0	distilbert/distilgpt2	distilbert/distilgpt2	False	1.0	0.0
Ġcalmed	722	 calmed	1	distilbert/distilgpt2	distilbert/distilgpt2	False	2.7791047685354897e-08	25.100805282592773
ĠDavid	722	 David	2	distilbert/distilgpt2	distilbert/distilgpt2	False	1.8816535884980112e-05	15.697639465332031
Ġbecause	722	 because	3	distilbert/distilgpt2	distilbert/distilgpt2	False	0.0010815408313646913	9.852696418762207
Ġhe	722	 he	4	distilbert/distilgpt2	distilbert/distilgpt2	False	0.41498124599456787	1.2688820362091064
John	723	John	0	distilbert/distilgpt2	distilbert/distilgpt2	False	1.0	0.0
Ġcalmed	723	 calmed	1	distilbert/distilgpt2	distilbert/distilgpt2	False	2.424232548037253e-08	25.297897338867188
ĠDavid	723	 David	2	distilbert/distilgpt2	distilbert/distilgpt2	False	1.847791463660542e-05	15.723838806152344
Ġbecause	723	 because	3	distilbert/distilgpt2	distilbert/distilgpt2	False	0.0007820476312190294	10.320455551147461
Ġhe	723	 he	4	distilbert/distilgpt2	distilbert/distilgpt2	False	0.4163047969341278	1.2642879486083984
Sarah	724	Sarah	0	distilbert/distilgpt2	distilbert/distilgpt2	False	1.0	0.0
Ġcalmed	724	 calmed	1	distilbert/distilgpt2	distilbert/distilgpt2	False	2.7927182344456014e-08	25.093753814697266
ĠDavid	724	 David	2	distilbert/distilgpt2	distilbert/distilgpt2	False	1.989916381717194e-05	15.61693286895752
Ġbecause	724	 because	3	distilbert/distilgpt2	distilbert/distilgpt2	False	0.0009286859421990812	10.072521209716797
Ġhe	724	 he	4	distilbert/distilgpt2	distilbert/distilgpt2	False	0.4058963358402252	1.3008167743682861
David	725	David	0	distilbert/distilgpt2	distilbert/distilgpt2	False	1.0	0.0
Ġcalmed	725	 calmed	1	distilbert/distilgpt2	distilbert/distilgpt2	False	2.4791194874751454e-08	25.265596389770508
ĠJohn	725	 John	2	distilbert/distilgpt2	distilbert/distilgpt2	False	4.308738061808981e-05	14.502374649047852
Ġbecause	725	 because	3	distilbert/distilgpt2	distilbert/distilgpt2	False	0.001500238198786974	9.380592346191406
Ġhe	725	 he	4	distilbert/distilgpt2	distilbert/distilgpt2	False	0.3561561405658722	1.4894182682037354
Mary	726	Mary	0	distilbert/distilgpt2	distilbert/distilgpt2	False	1.0	0.0
Ġcalmed	726	 calmed	1	distilbert/distilgpt2	distilbert/distilgpt2	False	2.7791047685354897e-08	25.100805282592773
ĠJohn	726	 John	2	distilbert/distilgpt2	distilbert/distilgpt2	False	4.458338298718445e-05	14.453134536743164
Ġbecause	726	 because	3	distilbert/distilgpt2	distilbert/distilgpt2	False	0.003184748347848654	8.294605255126953
Ġhe	726	 he	4	distilbert/distilgpt2	distilbert/distilgpt2	False	0.39958471059799194	1.3234267234802246
David	727	David	0	distilbert/distilgpt2	distilbert/distilgpt2	False	1.0	0.0
Ġcalmed	727	 calmed	1	distilbert/distilgpt2	distilbert/distilgpt2	False	2.4791194874751454e-08	25.265596389770508
ĠJohn	727	 John	2	distilbert/distilgpt2	distilbert/distilgpt2	False	4.308738061808981e-05	14.502374649047852
Ġbecause	727	 because	3	distilbert/distilgpt2	distilbert/distilgpt2	False	0.001500238198786974	9.380592346191406
Ġhe	727	 he	4	distilbert/distilgpt2	distilbert/distilgpt2	False	0.3561561405658722	1.4894182682037354
Sarah	728	Sarah	0	distilbert/distilgpt2	distilbert/distilgpt2	False	1.0	0.0
Ġcalmed	728	 calmed	1	distilbert/distilgpt2	distilbert/distilgpt2	False	2.7927182344456014e-08	25.093753814697266
ĠJohn	728	 John	2	distilbert/distilgpt2	distilbert/distilgpt2	False	4.26924234488979e-05	14.515660285949707
Ġbecause	728	 because	3	distilbert/distilgpt2	distilbert/distilgpt2	False	0.003964837174862623	7.978522777557373
Ġhe	728	 he	4	distilbert/distilgpt2	distilbert/distilgpt2	False	0.38259634375572205	1.3861050605773926
Mary	729	Mary	0	distilbert/distilgpt2	distilbert/distilgpt2	False	1.0	0.0
Ġcalmed	729	 calmed	1	distilbert/distilgpt2	distilbert/distilgpt2	False	2.7791047685354897e-08	25.100805282592773
ĠSarah	729	 Sarah	2	distilbert/distilgpt2	distilbert/distilgpt2	False	1.0427852430439088e-05	16.549198150634766
Ġbecause	729	 because	3	distilbert/distilgpt2	distilbert/distilgpt2	False	0.002283446490764618	8.774571418762207
Ġshe	729	 she	4	distilbert/distilgpt2	distilbert/distilgpt2	False	0.4846184253692627	1.0450788736343384
John	730	John	0	distilbert/distilgpt2	distilbert/distilgpt2	False	1.0	0.0
Ġcalmed	730	 calmed	1	distilbert/distilgpt2	distilbert/distilgpt2	False	2.424232548037253e-08	25.297897338867188
ĠSarah	730	 Sarah	2	distilbert/distilgpt2	distilbert/distilgpt2	False	8.359013918379787e-06	16.868236541748047
Ġbecause	730	 because	3	distilbert/distilgpt2	distilbert/distilgpt2	False	0.0017304322682321072	9.174652099609375
Ġshe	730	 she	4	distilbert/distilgpt2	distilbert/distilgpt2	False	0.4538577198982239	1.1396880149841309
Mary	731	Mary	0	distilbert/distilgpt2	distilbert/distilgpt2	False	1.0	0.0
Ġcalmed	731	 calmed	1	distilbert/distilgpt2	distilbert/distilgpt2	False	2.7791047685354897e-08	25.100805282592773
ĠSarah	731	 Sarah	2	distilbert/distilgpt2	distilbert/distilgpt2	False	1.0427852430439088e-05	16.549198150634766
Ġbecause	731	 because	3	distilbert/distilgpt2	distilbert/distilgpt2	False	0.002283446490764618	8.774571418762207
Ġshe	731	 she	4	distilbert/distilgpt2	distilbert/distilgpt2	False	0.4846184253692627	1.0450788736343384
David	732	David	0	distilbert/distilgpt2	distilbert/distilgpt2	False	1.0	0.0
Ġcalmed	732	 calmed	1	distilbert/distilgpt2	distilbert/distilgpt2	False	2.4791194874751454e-08	25.265596389770508
ĠSarah	732	 Sarah	2	distilbert/distilgpt2	distilbert/distilgpt2	False	5.608835635939613e-06	17.443866729736328
Ġbecause	732	 because	3	distilbert/distilgpt2	distilbert/distilgpt2	False	0.0014652390964329243	9.414648056030273
Ġshe	732	 she	4	distilbert/distilgpt2	distilbert/distilgpt2	False	0.4241880774497986	1.2372241020202637
Sarah	733	Sarah	0	distilbert/distilgpt2	distilbert/distilgpt2	False	1.0	0.0
Ġcalmed	733	 calmed	1	distilbert/distilgpt2	distilbert/distilgpt2	False	2.7927182344456014e-08	25.093753814697266
ĠMary	733	 Mary	2	distilbert/distilgpt2	distilbert/distilgpt2	False	6.8330350586620625e-06	17.159042358398438
Ġbecause	733	 because	3	distilbert/distilgpt2	distilbert/distilgpt2	False	0.002047658897936344	8.931808471679688
Ġshe	733	 she	4	distilbert/distilgpt2	distilbert/distilgpt2	False	0.3956535756587982	1.3376903533935547
John	734	John	0	distilbert/distilgpt2	distilbert/distilgpt2	False	1.0	0.0
Ġcalmed	734	 calmed	1	distilbert/distilgpt2	distilbert/distilgpt2	False	2.424232548037253e-08	25.297897338867188
ĠMary	734	 Mary	2	distilbert/distilgpt2	distilbert/distilgpt2	False	4.825587438972434e-06	17.660863876342773
Ġbecause	734	 because	3	distilbert/distilgpt2	distilbert/distilgpt2	False	0.002225283533334732	8.811795234680176
Ġshe	734	 she	4	distilbert/distilgpt2	distilbert/distilgpt2	False	0.3965910077095032	1.3342761993408203
Sarah	735	Sarah	0	distilbert/distilgpt2	distilbert/distilgpt2	False	1.0	0.0
Ġcalmed	735	 calmed	1	distilbert/distilgpt2	distilbert/distilgpt2	False	2.7927182344456014e-08	25.093753814697266
ĠMary	735	 Mary	2	distilbert/distilgpt2	distilbert/distilgpt2	False	6.8330350586620625e-06	17.159042358398438
Ġbecause	735	 because	3	distilbert/distilgpt2	distilbert/distilgpt2	False	0.002047658897936344	8.931808471679688
Ġshe	735	 she	4	distilbert/distilgpt2	distilbert/distilgpt2	False	0.3956535756587982	1.3376903533935547
David	736	David	0	distilbert/distilgpt2	distilbert/distilgpt2	False	1.0	0.0
Ġcalmed	736	 calmed	1	distilbert/distilgpt2	distilbert/distilgpt2	False	2.4791194874751454e-08	25.265596389770508
ĠMary	736	 Mary	2	distilbert/distilgpt2	distilbert/distilgpt2	False	3.3402061490050983e-06	18.191631317138672
Ġbecause	736	 because	3	distilbert/distilgpt2	distilbert/distilgpt2	False	0.0016120068030431867	9.276926040649414
Ġshe	736	 she	4	distilbert/distilgpt2	distilbert/distilgpt2	False	0.36584681272506714	1.4506884813308716
John	737	John	0	distilbert/distilgpt2	distilbert/distilgpt2	False	1.0	0.0
Ġcalmed	737	 calmed	1	distilbert/distilgpt2	distilbert/distilgpt2	False	2.424232548037253e-08	25.297897338867188
Ġdown	737	 down	2	distilbert/distilgpt2	distilbert/distilgpt2	False	0.8324445486068726	0.264573872089386
ĠDavid	737	 David	3	distilbert/distilgpt2	distilbert/distilgpt2	False	4.351577808847651e-05	14.488101959228516
Ġbecause	737	 because	4	distilbert/distilgpt2	distilbert/distilgpt2	False	0.0009220491047017276	10.082868576049805
Ġhe	737	 he	5	distilbert/distilgpt2	distilbert/distilgpt2	False	0.4216504991054535	1.2458804845809937
Mary	738	Mary	0	distilbert/distilgpt2	distilbert/distilgpt2	False	1.0	0.0
Ġcalmed	738	 calmed	1	distilbert/distilgpt2	distilbert/distilgpt2	False	2.7791047685354897e-08	25.100805282592773
Ġdown	738	 down	2	distilbert/distilgpt2	distilbert/distilgpt2	False	0.7436057329177856	0.4273901581764221
ĠDavid	738	 David	3	distilbert/distilgpt2	distilbert/distilgpt2	False	2.837123793142382e-05	15.10521125793457
Ġbecause	738	 because	4	distilbert/distilgpt2	distilbert/distilgpt2	False	0.0011627504136413336	9.748242378234863
Ġhe	738	 he	5	distilbert/distilgpt2	distilbert/distilgpt2	False	0.4102252125740051	1.2855119705200195
John	739	John	0	distilbert/distilgpt2	distilbert/distilgpt2	False	1.0	0.0
Ġcalmed	739	 calmed	1	distilbert/distilgpt2	distilbert/distilgpt2	False	2.424232548037253e-08	25.297897338867188
Ġdown	739	 down	2	distilbert/distilgpt2	distilbert/distilgpt2	False	0.8324445486068726	0.264573872089386
ĠDavid	739	 David	3	distilbert/distilgpt2	distilbert/distilgpt2	False	4.351577808847651e-05	14.488101959228516
Ġbecause	739	 because	4	distilbert/distilgpt2	distilbert/distilgpt2	False	0.0009220491047017276	10.082868576049805
Ġhe	739	 he	5	distilbert/distilgpt2	distilbert/distilgpt2	False	0.4216504991054535	1.2458804845809937
Sarah	740	Sarah	0	distilbert/distilgpt2	distilbert/distilgpt2	False	1.0	0.0
Ġcalmed	740	 calmed	1	distilbert/distilgpt2	distilbert/distilgpt2	False	2.7927182344456014e-08	25.093753814697266
Ġdown	740	 down	2	distilbert/distilgpt2	distilbert/distilgpt2	False	0.8155199289321899	0.29420801997184753
ĠDavid	740	 David	3	distilbert/distilgpt2	distilbert/distilgpt2	False	2.453273191349581e-05	15.314932823181152
Ġbecause	740	 because	4	distilbert/distilgpt2	distilbert/distilgpt2	False	0.0011652186512947083	9.745183944702148
Ġhe	740	 he	5	distilbert/distilgpt2	distilbert/distilgpt2	False	0.4105972945690155	1.2842040061950684
David	741	David	0	distilbert/distilgpt2	distilbert/distilgpt2	False	1.0	0.0
Ġcalmed	741	 calmed	1	distilbert/distilgpt2	distilbert/distilgpt2	False	2.4791194874751454e-08	25.265596389770508
Ġdown	741	 down	2	distilbert/distilgpt2	distilbert/distilgpt2	False	0.8614394068717957	0.21517880260944366
ĠJohn	741	 John	3	distilbert/distilgpt2	distilbert/distilgpt2	False	8.814917237032205e-05	13.469693183898926
Ġbecause	741	 because	4	distilbert/distilgpt2	distilbert/distilgpt2	False	0.0006792795029468834	10.523707389831543
Ġhe	741	 he	5	distilbert/distilgpt2	distilbert/distilgpt2	False	0.3559432923793793	1.4902807474136353
Mary	742	Mary	0	distilbert/distilgpt2	distilbert/distilgpt2	False	1.0	0.0
Ġcalmed	742	 calmed	1	distilbert/distilgpt2	distilbert/distilgpt2	False	2.7791047685354897e-08	25.100805282592773
Ġdown	742	 down	2	distilbert/distilgpt2	distilbert/distilgpt2	False	0.7436057329177856	0.4273901581764221
ĠJohn	742	 John	3	distilbert/distilgpt2	distilbert/distilgpt2	False	4.4569904275704175e-05	14.453570365905762
Ġbecause	742	 because	4	distilbert/distilgpt2	distilbert/distilgpt2	False	0.00195196398999542	9.000858306884766
Ġhe	742	 he	5	distilbert/distilgpt2	distilbert/distilgpt2	False	0.39426878094673157	1.3427486419677734
David	743	David	0	distilbert/distilgpt2	distilbert/distilgpt2	False	1.0	0.0
Ġcalmed	743	 calmed	1	distilbert/distilgpt2	distilbert/distilgpt2	False	2.4791194874751454e-08	25.265596389770508
Ġdown	743	 down	2	distilbert/distilgpt2	distilbert/distilgpt2	False	0.8614394068717957	0.21517880260944366
ĠJohn	743	 John	3	distilbert/distilgpt2	distilbert/distilgpt2	False	8.814917237032205e-05	13.469693183898926
Ġbecause	743	 because	4	distilbert/distilgpt2	distilbert/distilgpt2	False	0.0006792795029468834	10.523707389831543
Ġhe	743	 he	5	distilbert/distilgpt2	distilbert/distilgpt2	False	0.3559432923793793	1.4902807474136353
Sarah	744	Sarah	0	distilbert/distilgpt2	distilbert/distilgpt2	False	1.0	0.0
Ġcalmed	744	 calmed	1	distilbert/distilgpt2	distilbert/distilgpt2	False	2.7927182344456014e-08	25.093753814697266
Ġdown	744	 down	2	distilbert/distilgpt2	distilbert/distilgpt2	False	0.8155199289321899	0.29420801997184753
ĠJohn	744	 John	3	distilbert/distilgpt2	distilbert/distilgpt2	False	3.279000156908296e-05	14.896384239196777
Ġbecause	744	 because	4	distilbert/distilgpt2	distilbert/distilgpt2	False	0.0030391181353479624	8.362131118774414
Ġhe	744	 he	5	distilbert/distilgpt2	distilbert/distilgpt2	False	0.3852749466896057	1.376039743423462
Mary	745	Mary	0	distilbert/distilgpt2	distilbert/distilgpt2	False	1.0	0.0
Ġcalmed	745	 calmed	1	distilbert/distilgpt2	distilbert/distilgpt2	False	2.7791047685354897e-08	25.100805282592773
Ġdown	745	 down	2	distilbert/distilgpt2	distilbert/distilgpt2	False	0.7436057329177856	0.4273901581764221
ĠSarah	745	 Sarah	3	distilbert/distilgpt2	distilbert/distilgpt2	False	5.114311079523759e-06	17.577028274536133
Ġbecause	745	 because	4	distilbert/distilgpt2	distilbert/distilgpt2	False	0.00409080320969224	7.9334001541137695
Ġshe	745	 she	5	distilbert/distilgpt2	distilbert/distilgpt2	False	0.4826907217502594	1.0508290529251099
John	746	John	0	distilbert/distilgpt2	distilbert/distilgpt2	False	1.0	0.0
Ġcalmed	746	 calmed	1	distilbert/distilgpt2	distilbert/distilgpt2	False	2.424232548037253e-08	25.297897338867188
Ġdown	746	 down	2	distilbert/distilgpt2	distilbert/distilgpt2	False	0.8324445486068726	0.264573872089386
ĠSarah	746	 Sarah	3	distilbert/distilgpt2	distilbert/distilgpt2	False	6.024005415383726e-06	17.340845108032227
Ġbecause	746	 because	4	distilbert/distilgpt2	distilbert/distilgpt2	False	0.0032888087444007397	8.24821949005127
Ġshe	746	 she	5	distilbert/distilgpt2	distilbert/distilgpt2	False	0.46651723980903625	1.0999977588653564
Mary	747	Mary	0	distilbert/distilgpt2	distilbert/distilgpt2	False	1.0	0.0
Ġcalmed	747	 calmed	1	distilbert/distilgpt2	distilbert/distilgpt2	False	2.7791047685354897e-08	25.100805282592773
Ġdown	747	 down	2	distilbert/distilgpt2	distilbert/distilgpt2	False	0.7436057329177856	0.4273901581764221
ĠSarah	747	 Sarah	3	distilbert/distilgpt2	distilbert/distilgpt2	False	5.114311079523759e-06	17.577028274536133
Ġbecause	747	 because	4	distilbert/distilgpt2	distilbert/distilgpt2	False	0.00409080320969224	7.9334001541137695
Ġshe	747	 she	5	distilbert/distilgpt2	distilbert/distilgpt2	False	0.4826907217502594	1.0508290529251099
David	748	David	0	distilbert/distilgpt2	distilbert/distilgpt2	False	1.0	0.0
Ġcalmed	748	 calmed	1	distilbert/distilgpt2	distilbert/distilgpt2	False	2.4791194874751454e-08	25.265596389770508
Ġdown	748	 down	2	distilbert/distilgpt2	distilbert/distilgpt2	False	0.8614394068717957	0.21517880260944366
ĠSarah	748	 Sarah	3	distilbert/distilgpt2	distilbert/distilgpt2	False	6.102209226810373e-06	17.322237014770508
Ġbecause	748	 because	4	distilbert/distilgpt2	distilbert/distilgpt2	False	0.0013522348599508405	9.530438423156738
Ġshe	748	 she	5	distilbert/distilgpt2	distilbert/distilgpt2	False	0.43435004353523254	1.2030699253082275
Sarah	749	Sarah	0	distilbert/distilgpt2	distilbert/distilgpt2	False	1.0	0.0
Ġcalmed	749	 calmed	1	distilbert/distilgpt2	distilbert/distilgpt2	False	2.7927182344456014e-08	25.093753814697266
Ġdown	749	 down	2	distilbert/distilgpt2	distilbert/distilgpt2	False	0.8155199289321899	0.29420801997184753
ĠMary	749	 Mary	3	distilbert/distilgpt2	distilbert/distilgpt2	False	4.803987849300029e-06	17.667335510253906
Ġbecause	749	 because	4	distilbert/distilgpt2	distilbert/distilgpt2	False	0.0012167004169896245	9.68281078338623
Ġshe	749	 she	5	distilbert/distilgpt2	distilbert/distilgpt2	False	0.42360541224479675	1.239207148551941
John	750	John	0	distilbert/distilgpt2	distilbert/distilgpt2	False	1.0	0.0
Ġcalmed	750	 calmed	1	distilbert/distilgpt2	distilbert/distilgpt2	False	2.424232548037253e-08	25.297897338867188
Ġdown	750	 down	2	distilbert/distilgpt2	distilbert/distilgpt2	False	0.8324445486068726	0.264573872089386
ĠMary	750	 Mary	3	distilbert/distilgpt2	distilbert/distilgpt2	False	7.369736522377934e-06	17.049955368041992
Ġbecause	750	 because	4	distilbert/distilgpt2	distilbert/distilgpt2	False	0.0018541411263868213	9.075033187866211
Ġshe	750	 she	5	distilbert/distilgpt2	distilbert/distilgpt2	False	0.4261665940284729	1.2305105924606323
Sarah	751	Sarah	0	distilbert/distilgpt2	distilbert/distilgpt2	False	1.0	0.0
Ġcalmed	751	 calmed	1	distilbert/distilgpt2	distilbert/distilgpt2	False	2.7927182344456014e-08	25.093753814697266
Ġdown	751	 down	2	distilbert/distilgpt2	distilbert/distilgpt2	False	0.8155199289321899	0.29420801997184753
ĠMary	751	 Mary	3	distilbert/distilgpt2	distilbert/distilgpt2	False	4.803987849300029e-06	17.667335510253906
Ġbecause	751	 because	4	distilbert/distilgpt2	distilbert/distilgpt2	False	0.0012167004169896245	9.68281078338623
Ġshe	751	 she	5	distilbert/distilgpt2	distilbert/distilgpt2	False	0.42360541224479675	1.239207148551941
David	752	David	0	distilbert/distilgpt2	distilbert/distilgpt2	False	1.0	0.0
Ġcalmed	752	 calmed	1	distilbert/distilgpt2	distilbert/distilgpt2	False	2.4791194874751454e-08	25.265596389770508
Ġdown	752	 down	2	distilbert/distilgpt2	distilbert/distilgpt2	False	0.8614394068717957	0.21517880260944366
ĠMary	752	 Mary	3	distilbert/distilgpt2	distilbert/distilgpt2	False	7.925817044451833e-06	16.945009231567383
Ġbecause	752	 because	4	distilbert/distilgpt2	distilbert/distilgpt2	False	0.0006311270990408957	10.629781723022461
Ġshe	752	 she	5	distilbert/distilgpt2	distilbert/distilgpt2	False	0.39751383662223816	1.330923080444336
John	753	John	0	distilbert/distilgpt2	distilbert/distilgpt2	False	1.0	0.0
Ġcapt	753	 captivated	1	distilbert/distilgpt2	distilbert/distilgpt2	False	5.958975179964909e-08	24.0003604888916
ivated	753	 captivated	1	distilbert/distilgpt2	distilbert/distilgpt2	False	0.15095119178295135	2.727846145629883
ĠDavid	753	 David	2	distilbert/distilgpt2	distilbert/distilgpt2	False	0.0003033581597264856	11.686690330505371
Ġbecause	753	 because	3	distilbert/distilgpt2	distilbert/distilgpt2	False	0.0002225371281383559	12.133666038513184
Ġhe	753	 he	4	distilbert/distilgpt2	distilbert/distilgpt2	False	0.46467533707618713	1.1057050228118896
Mary	754	Mary	0	distilbert/distilgpt2	distilbert/distilgpt2	False	1.0	0.0
Ġcapt	754	 captivated	1	distilbert/distilgpt2	distilbert/distilgpt2	False	5.835130778564235e-08	24.03066062927246
ivated	754	 captivated	1	distilbert/distilgpt2	distilbert/distilgpt2	False	0.1921882927417755	2.3794076442718506
ĠDavid	754	 David	2	distilbert/distilgpt2	distilbert/distilgpt2	False	0.00022283637372311205	12.131728172302246
Ġbecause	754	 because	3	distilbert/distilgpt2	distilbert/distilgpt2	False	0.00038732888060621917	11.334153175354004
Ġhe	754	 he	4	distilbert/distilgpt2	distilbert/distilgpt2	False	0.45497316122055054	1.1361466646194458
John	755	John	0	distilbert/distilgpt2	distilbert/distilgpt2	False	1.0	0.0
Ġcapt	755	 captivated	1	distilbert/distilgpt2	distilbert/distilgpt2	False	5.958975179964909e-08	24.0003604888916
ivated	755	 captivated	1	distilbert/distilgpt2	distilbert/distilgpt2	False	0.15095119178295135	2.727846145629883
ĠDavid	755	 David	2	distilbert/distilgpt2	distilbert/distilgpt2	False	0.0003033581597264856	11.686690330505371
Ġbecause	755	 because	3	distilbert/distilgpt2	distilbert/distilgpt2	False	0.0002225371281383559	12.133666038513184
Ġhe	755	 he	4	distilbert/distilgpt2	distilbert/distilgpt2	False	0.46467533707618713	1.1057050228118896
Sarah	756	Sarah	0	distilbert/distilgpt2	distilbert/distilgpt2	False	1.0	0.0
Ġcapt	756	 captivated	1	distilbert/distilgpt2	distilbert/distilgpt2	False	5.6339192866516896e-08	24.08128547668457
ivated	756	 captivated	1	distilbert/distilgpt2	distilbert/distilgpt2	False	0.408765971660614	1.2906529903411865
ĠDavid	756	 David	2	distilbert/distilgpt2	distilbert/distilgpt2	False	0.00024429435143247247	11.999092102050781
Ġbecause	756	 because	3	distilbert/distilgpt2	distilbert/distilgpt2	False	0.0003284534905105829	11.572023391723633
Ġhe	756	 he	4	distilbert/distilgpt2	distilbert/distilgpt2	False	0.4563724994659424	1.131716251373291
David	757	David	0	distilbert/distilgpt2	distilbert/distilgpt2	False	1.0	0.0
Ġcapt	757	 captivated	1	distilbert/distilgpt2	distilbert/distilgpt2	False	5.541444636492088e-08	24.105161666870117
ivated	757	 captivated	1	distilbert/distilgpt2	distilbert/distilgpt2	False	0.1694338321685791	2.561206102371216
ĠJohn	757	 John	2	distilbert/distilgpt2	distilbert/distilgpt2	False	0.00045279317419044673	11.10886001586914
Ġbecause	757	 because	3	distilbert/distilgpt2	distilbert/distilgpt2	False	0.00010606922296574339	13.202706336975098
Ġhe	757	 he	4	distilbert/distilgpt2	distilbert/distilgpt2	False	0.4573632478713989	1.1285877227783203
Mary	758	Mary	0	distilbert/distilgpt2	distilbert/distilgpt2	False	1.0	0.0
Ġcapt	758	 captivated	1	distilbert/distilgpt2	distilbert/distilgpt2	False	5.835130778564235e-08	24.03066062927246
ivated	758	 captivated	1	distilbert/distilgpt2	distilbert/distilgpt2	False	0.1921882927417755	2.3794076442718506
ĠJohn	758	 John	2	distilbert/distilgpt2	distilbert/distilgpt2	False	0.00036561666638590395	11.417380332946777
Ġbecause	758	 because	3	distilbert/distilgpt2	distilbert/distilgpt2	False	0.0003008610801771283	11.698615074157715
Ġhe	758	 he	4	distilbert/distilgpt2	distilbert/distilgpt2	False	0.46530449390411377	1.1037529706954956
David	759	David	0	distilbert/distilgpt2	distilbert/distilgpt2	False	1.0	0.0
Ġcapt	759	 captivated	1	distilbert/distilgpt2	distilbert/distilgpt2	False	5.541444636492088e-08	24.105161666870117
ivated	759	 captivated	1	distilbert/distilgpt2	distilbert/distilgpt2	False	0.1694338321685791	2.561206102371216
ĠJohn	759	 John	2	distilbert/distilgpt2	distilbert/distilgpt2	False	0.00045279317419044673	11.10886001586914
Ġbecause	759	 because	3	distilbert/distilgpt2	distilbert/distilgpt2	False	0.00010606922296574339	13.202706336975098
Ġhe	759	 he	4	distilbert/distilgpt2	distilbert/distilgpt2	False	0.4573632478713989	1.1285877227783203
Sarah	760	Sarah	0	distilbert/distilgpt2	distilbert/distilgpt2	False	1.0	0.0
Ġcapt	760	 captivated	1	distilbert/distilgpt2	distilbert/distilgpt2	False	5.6339192866516896e-08	24.08128547668457
ivated	760	 captivated	1	distilbert/distilgpt2	distilbert/distilgpt2	False	0.408765971660614	1.2906529903411865
ĠJohn	760	 John	2	distilbert/distilgpt2	distilbert/distilgpt2	False	0.00027760854572989047	11.81466007232666
Ġbecause	760	 because	3	distilbert/distilgpt2	distilbert/distilgpt2	False	0.00042098035919480026	11.213959693908691
Ġhe	760	 he	4	distilbert/distilgpt2	distilbert/distilgpt2	False	0.4509134292602539	1.1490776538848877
Mary	761	Mary	0	distilbert/distilgpt2	distilbert/distilgpt2	False	1.0	0.0
Ġcapt	761	 captivated	1	distilbert/distilgpt2	distilbert/distilgpt2	False	5.835130778564235e-08	24.03066062927246
ivated	761	 captivated	1	distilbert/distilgpt2	distilbert/distilgpt2	False	0.1921882927417755	2.3794076442718506
ĠSarah	761	 Sarah	2	distilbert/distilgpt2	distilbert/distilgpt2	False	8.857125794747844e-05	13.462801933288574
Ġbecause	761	 because	3	distilbert/distilgpt2	distilbert/distilgpt2	False	0.001365427509881556	9.51643180847168
Ġshe	761	 she	4	distilbert/distilgpt2	distilbert/distilgpt2	False	0.4902368485927582	1.0284491777420044
John	762	John	0	distilbert/distilgpt2	distilbert/distilgpt2	False	1.0	0.0
Ġcapt	762	 captivated	1	distilbert/distilgpt2	distilbert/distilgpt2	False	5.958975179964909e-08	24.0003604888916
ivated	762	 captivated	1	distilbert/distilgpt2	distilbert/distilgpt2	False	0.15095119178295135	2.727846145629883
ĠSarah	762	 Sarah	2	distilbert/distilgpt2	distilbert/distilgpt2	False	9.417693945579231e-05	13.374266624450684
Ġbecause	762	 because	3	distilbert/distilgpt2	distilbert/distilgpt2	False	0.0007092846790328622	10.461347579956055
Ġshe	762	 she	4	distilbert/distilgpt2	distilbert/distilgpt2	False	0.47380053997039795	1.0776482820510864
Mary	763	Mary	0	distilbert/distilgpt2	distilbert/distilgpt2	False	1.0	0.0
Ġcapt	763	 captivated	1	distilbert/distilgpt2	distilbert/distilgpt2	False	5.835130778564235e-08	24.03066062927246
ivated	763	 captivated	1	distilbert/distilgpt2	distilbert/distilgpt2	False	0.1921882927417755	2.3794076442718506
ĠSarah	763	 Sarah	2	distilbert/distilgpt2	distilbert/distilgpt2	False	8.857125794747844e-05	13.462801933288574
Ġbecause	763	 because	3	distilbert/distilgpt2	distilbert/distilgpt2	False	0.001365427509881556	9.51643180847168
Ġshe	763	 she	4	distilbert/distilgpt2	distilbert/distilgpt2	False	0.4902368485927582	1.0284491777420044
David	764	David	0	distilbert/distilgpt2	distilbert/distilgpt2	False	1.0	0.0
Ġcapt	764	 captivated	1	distilbert/distilgpt2	distilbert/distilgpt2	False	5.541444636492088e-08	24.105161666870117
ivated	764	 captivated	1	distilbert/distilgpt2	distilbert/distilgpt2	False	0.1694338321685791	2.561206102371216
ĠSarah	764	 Sarah	2	distilbert/distilgpt2	distilbert/distilgpt2	False	6.79580116411671e-05	13.844996452331543
Ġbecause	764	 because	3	distilbert/distilgpt2	distilbert/distilgpt2	False	0.00038273129030130804	11.351380348205566
Ġshe	764	 she	4	distilbert/distilgpt2	distilbert/distilgpt2	False	0.4768514931201935	1.0683881044387817
Sarah	765	Sarah	0	distilbert/distilgpt2	distilbert/distilgpt2	False	1.0	0.0
Ġcapt	765	 captivated	1	distilbert/distilgpt2	distilbert/distilgpt2	False	5.6339192866516896e-08	24.08128547668457
ivated	765	 captivated	1	distilbert/distilgpt2	distilbert/distilgpt2	False	0.408765971660614	1.2906529903411865
ĠMary	765	 Mary	2	distilbert/distilgpt2	distilbert/distilgpt2	False	0.00011347488180035725	13.105339050292969
Ġbecause	765	 because	3	distilbert/distilgpt2	distilbert/distilgpt2	False	0.000794806401245296	10.29710865020752
Ġshe	765	 she	4	distilbert/distilgpt2	distilbert/distilgpt2	False	0.42056435346603394	1.2496016025543213
John	766	John	0	distilbert/distilgpt2	distilbert/distilgpt2	False	1.0	0.0
Ġcapt	766	 captivated	1	distilbert/distilgpt2	distilbert/distilgpt2	False	5.958975179964909e-08	24.0003604888916
ivated	766	 captivated	1	distilbert/distilgpt2	distilbert/distilgpt2	False	0.15095119178295135	2.727846145629883
ĠMary	766	 Mary	2	distilbert/distilgpt2	distilbert/distilgpt2	False	0.00011927627929253504	13.033405303955078
Ġbecause	766	 because	3	distilbert/distilgpt2	distilbert/distilgpt2	False	0.0010913934092968702	9.83961296081543
Ġshe	766	 she	4	distilbert/distilgpt2	distilbert/distilgpt2	False	0.42800313234329224	1.2243068218231201
Sarah	767	Sarah	0	distilbert/distilgpt2	distilbert/distilgpt2	False	1.0	0.0
Ġcapt	767	 captivated	1	distilbert/distilgpt2	distilbert/distilgpt2	False	5.6339192866516896e-08	24.08128547668457
ivated	767	 captivated	1	distilbert/distilgpt2	distilbert/distilgpt2	False	0.408765971660614	1.2906529903411865
ĠMary	767	 Mary	2	distilbert/distilgpt2	distilbert/distilgpt2	False	0.00011347488180035725	13.105339050292969
Ġbecause	767	 because	3	distilbert/distilgpt2	distilbert/distilgpt2	False	0.000794806401245296	10.29710865020752
Ġshe	767	 she	4	distilbert/distilgpt2	distilbert/distilgpt2	False	0.42056435346603394	1.2496016025543213
David	768	David	0	distilbert/distilgpt2	distilbert/distilgpt2	False	1.0	0.0
Ġcapt	768	 captivated	1	distilbert/distilgpt2	distilbert/distilgpt2	False	5.541444636492088e-08	24.105161666870117
ivated	768	 captivated	1	distilbert/distilgpt2	distilbert/distilgpt2	False	0.1694338321685791	2.561206102371216
ĠMary	768	 Mary	2	distilbert/distilgpt2	distilbert/distilgpt2	False	9.593857248546556e-05	13.347529411315918
Ġbecause	768	 because	3	distilbert/distilgpt2	distilbert/distilgpt2	False	0.00042720240890048444	11.192792892456055
Ġshe	768	 she	4	distilbert/distilgpt2	distilbert/distilgpt2	False	0.4317927956581116	1.211588978767395
John	769	John	0	distilbert/distilgpt2	distilbert/distilgpt2	False	1.0	0.0
Ġca	769	 caressed	1	distilbert/distilgpt2	distilbert/distilgpt2	False	5.353226129045652e-07	20.833087921142578
ressed	769	 caressed	1	distilbert/distilgpt2	distilbert/distilgpt2	False	0.0010307214688509703	9.92212963104248
ĠDavid	769	 David	2	distilbert/distilgpt2	distilbert/distilgpt2	False	0.00040060063474811614	11.285547256469727
Ġbecause	769	 because	3	distilbert/distilgpt2	distilbert/distilgpt2	False	0.0005812776507809758	10.74848461151123
Ġhe	769	 he	4	distilbert/distilgpt2	distilbert/distilgpt2	False	0.38570815324783325	1.3744184970855713
Mary	770	Mary	0	distilbert/distilgpt2	distilbert/distilgpt2	False	1.0	0.0
Ġca	770	 caressed	1	distilbert/distilgpt2	distilbert/distilgpt2	False	5.930190241087985e-07	20.6854190826416
ressed	770	 caressed	1	distilbert/distilgpt2	distilbert/distilgpt2	False	0.0009473584941588342	10.043802261352539
ĠDavid	770	 David	2	distilbert/distilgpt2	distilbert/distilgpt2	False	6.89509543008171e-05	13.82406997680664
Ġbecause	770	 because	3	distilbert/distilgpt2	distilbert/distilgpt2	False	0.0005113979568704963	10.933265686035156
Ġhe	770	 he	4	distilbert/distilgpt2	distilbert/distilgpt2	False	0.38179725408554077	1.389121413230896
John	771	John	0	distilbert/distilgpt2	distilbert/distilgpt2	False	1.0	0.0
Ġca	771	 caressed	1	distilbert/distilgpt2	distilbert/distilgpt2	False	5.353226129045652e-07	20.833087921142578
ressed	771	 caressed	1	distilbert/distilgpt2	distilbert/distilgpt2	False	0.0010307214688509703	9.92212963104248
ĠDavid	771	 David	2	distilbert/distilgpt2	distilbert/distilgpt2	False	0.00040060063474811614	11.285547256469727
Ġbecause	771	 because	3	distilbert/distilgpt2	distilbert/distilgpt2	False	0.0005812776507809758	10.74848461151123
Ġhe	771	 he	4	distilbert/distilgpt2	distilbert/distilgpt2	False	0.38570815324783325	1.3744184970855713
Sarah	772	Sarah	0	distilbert/distilgpt2	distilbert/distilgpt2	False	1.0	0.0
Ġca	772	 caressed	1	distilbert/distilgpt2	distilbert/distilgpt2	False	6.134700925031211e-07	20.636503219604492
ressed	772	 caressed	1	distilbert/distilgpt2	distilbert/distilgpt2	False	0.003575631184503436	8.127586364746094
ĠDavid	772	 David	2	distilbert/distilgpt2	distilbert/distilgpt2	False	0.00019186096324119717	12.347651481628418
Ġbecause	772	 because	3	distilbert/distilgpt2	distilbert/distilgpt2	False	0.0004993233014829457	10.967738151550293
Ġhe	772	 he	4	distilbert/distilgpt2	distilbert/distilgpt2	False	0.3868718147277832	1.3700724840164185
David	773	David	0	distilbert/distilgpt2	distilbert/distilgpt2	False	1.0	0.0
Ġca	773	 caressed	1	distilbert/distilgpt2	distilbert/distilgpt2	False	6.049263561180851e-07	20.656736373901367
ressed	773	 caressed	1	distilbert/distilgpt2	distilbert/distilgpt2	False	0.001371366553939879	9.510169982910156
ĠJohn	773	 John	2	distilbert/distilgpt2	distilbert/distilgpt2	False	0.0006988082313910127	10.482815742492676
Ġbecause	773	 because	3	distilbert/distilgpt2	distilbert/distilgpt2	False	0.000741557392757386	10.397153854370117
Ġhe	773	 he	4	distilbert/distilgpt2	distilbert/distilgpt2	False	0.374136745929718	1.4183624982833862
Mary	774	Mary	0	distilbert/distilgpt2	distilbert/distilgpt2	False	1.0	0.0
Ġca	774	 caressed	1	distilbert/distilgpt2	distilbert/distilgpt2	False	5.930190241087985e-07	20.6854190826416
ressed	774	 caressed	1	distilbert/distilgpt2	distilbert/distilgpt2	False	0.0009473584941588342	10.043802261352539
ĠJohn	774	 John	2	distilbert/distilgpt2	distilbert/distilgpt2	False	0.00018039093993138522	12.436585426330566
Ġbecause	774	 because	3	distilbert/distilgpt2	distilbert/distilgpt2	False	0.0010238182730972767	9.931824684143066
Ġhe	774	 he	4	distilbert/distilgpt2	distilbert/distilgpt2	False	0.40738216042518616	1.2955453395843506
David	775	David	0	distilbert/distilgpt2	distilbert/distilgpt2	False	1.0	0.0
Ġca	775	 caressed	1	distilbert/distilgpt2	distilbert/distilgpt2	False	6.049263561180851e-07	20.656736373901367
ressed	775	 caressed	1	distilbert/distilgpt2	distilbert/distilgpt2	False	0.001371366553939879	9.510169982910156
ĠJohn	775	 John	2	distilbert/distilgpt2	distilbert/distilgpt2	False	0.0006988082313910127	10.482815742492676
Ġbecause	775	 because	3	distilbert/distilgpt2	distilbert/distilgpt2	False	0.000741557392757386	10.397153854370117
Ġhe	775	 he	4	distilbert/distilgpt2	distilbert/distilgpt2	False	0.374136745929718	1.4183624982833862
Sarah	776	Sarah	0	distilbert/distilgpt2	distilbert/distilgpt2	False	1.0	0.0
Ġca	776	 caressed	1	distilbert/distilgpt2	distilbert/distilgpt2	False	6.134700925031211e-07	20.636503219604492
ressed	776	 caressed	1	distilbert/distilgpt2	distilbert/distilgpt2	False	0.003575631184503436	8.127586364746094
ĠJohn	776	 John	2	distilbert/distilgpt2	distilbert/distilgpt2	False	0.00030619552126154304	11.673258781433105
Ġbecause	776	 because	3	distilbert/distilgpt2	distilbert/distilgpt2	False	0.001611406565643847	9.277463912963867
Ġhe	776	 he	4	distilbert/distilgpt2	distilbert/distilgpt2	False	0.386852890253067	1.3701430559158325
Mary	777	Mary	0	distilbert/distilgpt2	distilbert/distilgpt2	False	1.0	0.0
Ġca	777	 caressed	1	distilbert/distilgpt2	distilbert/distilgpt2	False	5.930190241087985e-07	20.6854190826416
ressed	777	 caressed	1	distilbert/distilgpt2	distilbert/distilgpt2	False	0.0009473584941588342	10.043802261352539
ĠSarah	777	 Sarah	2	distilbert/distilgpt2	distilbert/distilgpt2	False	7.68505415180698e-05	13.667585372924805
Ġbecause	777	 because	3	distilbert/distilgpt2	distilbert/distilgpt2	False	0.0010955145116895437	9.834176063537598
Ġshe	777	 she	4	distilbert/distilgpt2	distilbert/distilgpt2	False	0.47279292345046997	1.0807197093963623
John	778	John	0	distilbert/distilgpt2	distilbert/distilgpt2	False	1.0	0.0
Ġca	778	 caressed	1	distilbert/distilgpt2	distilbert/distilgpt2	False	5.353226129045652e-07	20.833087921142578
ressed	778	 caressed	1	distilbert/distilgpt2	distilbert/distilgpt2	False	0.0010307214688509703	9.92212963104248
ĠSarah	778	 Sarah	2	distilbert/distilgpt2	distilbert/distilgpt2	False	0.00025238774833269417	11.952070236206055
Ġbecause	778	 because	3	distilbert/distilgpt2	distilbert/distilgpt2	False	0.0011455409694463015	9.769755363464355
Ġshe	778	 she	4	distilbert/distilgpt2	distilbert/distilgpt2	False	0.4506683647632599	1.1498619318008423
Mary	779	Mary	0	distilbert/distilgpt2	distilbert/distilgpt2	False	1.0	0.0
Ġca	779	 caressed	1	distilbert/distilgpt2	distilbert/distilgpt2	False	5.930190241087985e-07	20.6854190826416
ressed	779	 caressed	1	distilbert/distilgpt2	distilbert/distilgpt2	False	0.0009473584941588342	10.043802261352539
ĠSarah	779	 Sarah	2	distilbert/distilgpt2	distilbert/distilgpt2	False	7.68505415180698e-05	13.667585372924805
Ġbecause	779	 because	3	distilbert/distilgpt2	distilbert/distilgpt2	False	0.0010955145116895437	9.834176063537598
Ġshe	779	 she	4	distilbert/distilgpt2	distilbert/distilgpt2	False	0.47279292345046997	1.0807197093963623
David	780	David	0	distilbert/distilgpt2	distilbert/distilgpt2	False	1.0	0.0
Ġca	780	 caressed	1	distilbert/distilgpt2	distilbert/distilgpt2	False	6.049263561180851e-07	20.656736373901367
ressed	780	 caressed	1	distilbert/distilgpt2	distilbert/distilgpt2	False	0.001371366553939879	9.510169982910156
ĠSarah	780	 Sarah	2	distilbert/distilgpt2	distilbert/distilgpt2	False	0.00023413036251440644	12.060400009155273
Ġbecause	780	 because	3	distilbert/distilgpt2	distilbert/distilgpt2	False	0.000563485489692539	10.793334007263184
Ġshe	780	 she	4	distilbert/distilgpt2	distilbert/distilgpt2	False	0.4238927960395813	1.238228678703308
Sarah	781	Sarah	0	distilbert/distilgpt2	distilbert/distilgpt2	False	1.0	0.0
Ġca	781	 caressed	1	distilbert/distilgpt2	distilbert/distilgpt2	False	6.134700925031211e-07	20.636503219604492
ressed	781	 caressed	1	distilbert/distilgpt2	distilbert/distilgpt2	False	0.003575631184503436	8.127586364746094
ĠMary	781	 Mary	2	distilbert/distilgpt2	distilbert/distilgpt2	False	0.00013082183431833982	12.90010929107666
Ġbecause	781	 because	3	distilbert/distilgpt2	distilbert/distilgpt2	False	0.0007232992211356759	10.433119773864746
Ġshe	781	 she	4	distilbert/distilgpt2	distilbert/distilgpt2	False	0.40374279022216797	1.308491587638855
John	782	John	0	distilbert/distilgpt2	distilbert/distilgpt2	False	1.0	0.0
Ġca	782	 caressed	1	distilbert/distilgpt2	distilbert/distilgpt2	False	5.353226129045652e-07	20.833087921142578
ressed	782	 caressed	1	distilbert/distilgpt2	distilbert/distilgpt2	False	0.0010307214688509703	9.92212963104248
ĠMary	782	 Mary	2	distilbert/distilgpt2	distilbert/distilgpt2	False	0.00014910644677001983	12.711369514465332
Ġbecause	782	 because	3	distilbert/distilgpt2	distilbert/distilgpt2	False	0.0012129675596952438	9.687243461608887
Ġshe	782	 she	4	distilbert/distilgpt2	distilbert/distilgpt2	False	0.4088906943798065	1.290212869644165
Sarah	783	Sarah	0	distilbert/distilgpt2	distilbert/distilgpt2	False	1.0	0.0
Ġca	783	 caressed	1	distilbert/distilgpt2	distilbert/distilgpt2	False	6.134700925031211e-07	20.636503219604492
ressed	783	 caressed	1	distilbert/distilgpt2	distilbert/distilgpt2	False	0.003575631184503436	8.127586364746094
ĠMary	783	 Mary	2	distilbert/distilgpt2	distilbert/distilgpt2	False	0.00013082183431833982	12.90010929107666
Ġbecause	783	 because	3	distilbert/distilgpt2	distilbert/distilgpt2	False	0.0007232992211356759	10.433119773864746
Ġshe	783	 she	4	distilbert/distilgpt2	distilbert/distilgpt2	False	0.40374279022216797	1.308491587638855
David	784	David	0	distilbert/distilgpt2	distilbert/distilgpt2	False	1.0	0.0
Ġca	784	 caressed	1	distilbert/distilgpt2	distilbert/distilgpt2	False	6.049263561180851e-07	20.656736373901367
ressed	784	 caressed	1	distilbert/distilgpt2	distilbert/distilgpt2	False	0.001371366553939879	9.510169982910156
ĠMary	784	 Mary	2	distilbert/distilgpt2	distilbert/distilgpt2	False	9.089070226764306e-05	13.425507545471191
Ġbecause	784	 because	3	distilbert/distilgpt2	distilbert/distilgpt2	False	0.0005150384386070073	10.9230318069458
Ġshe	784	 she	4	distilbert/distilgpt2	distilbert/distilgpt2	False	0.3815983831882477	1.3898730278015137
John	785	John	0	distilbert/distilgpt2	distilbert/distilgpt2	False	1.0	0.0
Ġcarried	785	 carried	1	distilbert/distilgpt2	distilbert/distilgpt2	False	3.3776802865759237e-07	21.49746322631836
ĠDavid	785	 David	2	distilbert/distilgpt2	distilbert/distilgpt2	False	4.0009170334087685e-05	14.609310150146484
Ġbecause	785	 because	3	distilbert/distilgpt2	distilbert/distilgpt2	False	5.24603201483842e-05	14.218414306640625
Ġhe	785	 he	4	distilbert/distilgpt2	distilbert/distilgpt2	False	0.4385509490966797	1.1891837120056152
Mary	786	Mary	0	distilbert/distilgpt2	distilbert/distilgpt2	False	1.0	0.0
Ġcarried	786	 carried	1	distilbert/distilgpt2	distilbert/distilgpt2	False	4.1146859075524844e-07	21.21271514892578
ĠDavid	786	 David	2	distilbert/distilgpt2	distilbert/distilgpt2	False	2.168192258977797e-05	15.493147850036621
Ġbecause	786	 because	3	distilbert/distilgpt2	distilbert/distilgpt2	False	0.00011121345596620813	13.134381294250488
Ġhe	786	 he	4	distilbert/distilgpt2	distilbert/distilgpt2	False	0.4151536822319031	1.2682826519012451
John	787	John	0	distilbert/distilgpt2	distilbert/distilgpt2	False	1.0	0.0
Ġcarried	787	 carried	1	distilbert/distilgpt2	distilbert/distilgpt2	False	3.3776802865759237e-07	21.49746322631836
ĠDavid	787	 David	2	distilbert/distilgpt2	distilbert/distilgpt2	False	4.0009170334087685e-05	14.609310150146484
Ġbecause	787	 because	3	distilbert/distilgpt2	distilbert/distilgpt2	False	5.24603201483842e-05	14.218414306640625
Ġhe	787	 he	4	distilbert/distilgpt2	distilbert/distilgpt2	False	0.4385509490966797	1.1891837120056152
Sarah	788	Sarah	0	distilbert/distilgpt2	distilbert/distilgpt2	False	1.0	0.0
Ġcarried	788	 carried	1	distilbert/distilgpt2	distilbert/distilgpt2	False	3.732598372607754e-07	21.353317260742188
ĠDavid	788	 David	2	distilbert/distilgpt2	distilbert/distilgpt2	False	3.283180558355525e-05	14.894546508789062
Ġbecause	788	 because	3	distilbert/distilgpt2	distilbert/distilgpt2	False	3.9748920244164765e-05	14.618724822998047
Ġhe	788	 he	4	distilbert/distilgpt2	distilbert/distilgpt2	False	0.45733749866485596	1.1286689043045044
David	789	David	0	distilbert/distilgpt2	distilbert/distilgpt2	False	1.0	0.0
Ġcarried	789	 carried	1	distilbert/distilgpt2	distilbert/distilgpt2	False	3.5267549947093357e-07	21.435155868530273
ĠJohn	789	 John	2	distilbert/distilgpt2	distilbert/distilgpt2	False	0.00016044317453633994	12.605649948120117
Ġbecause	789	 because	3	distilbert/distilgpt2	distilbert/distilgpt2	False	0.000198462963453494	12.298842430114746
Ġhe	789	 he	4	distilbert/distilgpt2	distilbert/distilgpt2	False	0.42415469884872437	1.237337589263916
Mary	790	Mary	0	distilbert/distilgpt2	distilbert/distilgpt2	False	1.0	0.0
Ġcarried	790	 carried	1	distilbert/distilgpt2	distilbert/distilgpt2	False	4.1146859075524844e-07	21.21271514892578
ĠJohn	790	 John	2	distilbert/distilgpt2	distilbert/distilgpt2	False	0.0001844823855208233	12.404229164123535
Ġbecause	790	 because	3	distilbert/distilgpt2	distilbert/distilgpt2	False	0.0004325666232034564	11.174790382385254
Ġhe	790	 he	4	distilbert/distilgpt2	distilbert/distilgpt2	False	0.44372764229774475	1.1722537279129028
David	791	David	0	distilbert/distilgpt2	distilbert/distilgpt2	False	1.0	0.0
Ġcarried	791	 carried	1	distilbert/distilgpt2	distilbert/distilgpt2	False	3.5267549947093357e-07	21.435155868530273
ĠJohn	791	 John	2	distilbert/distilgpt2	distilbert/distilgpt2	False	0.00016044317453633994	12.605649948120117
Ġbecause	791	 because	3	distilbert/distilgpt2	distilbert/distilgpt2	False	0.000198462963453494	12.298842430114746
Ġhe	791	 he	4	distilbert/distilgpt2	distilbert/distilgpt2	False	0.42415469884872437	1.237337589263916
Sarah	792	Sarah	0	distilbert/distilgpt2	distilbert/distilgpt2	False	1.0	0.0
Ġcarried	792	 carried	1	distilbert/distilgpt2	distilbert/distilgpt2	False	3.732598372607754e-07	21.353317260742188
ĠJohn	792	 John	2	distilbert/distilgpt2	distilbert/distilgpt2	False	0.00020692794350907207	12.2385835647583
Ġbecause	792	 because	3	distilbert/distilgpt2	distilbert/distilgpt2	False	0.0003567584208212793	11.452764511108398
Ġhe	792	 he	4	distilbert/distilgpt2	distilbert/distilgpt2	False	0.44657427072525024	1.1630280017852783
Mary	793	Mary	0	distilbert/distilgpt2	distilbert/distilgpt2	False	1.0	0.0
Ġcarried	793	 carried	1	distilbert/distilgpt2	distilbert/distilgpt2	False	4.1146859075524844e-07	21.21271514892578
ĠSarah	793	 Sarah	2	distilbert/distilgpt2	distilbert/distilgpt2	False	3.423899397603236e-05	14.834000587463379
Ġbecause	793	 because	3	distilbert/distilgpt2	distilbert/distilgpt2	False	0.0007583046681247652	10.364934921264648
Ġshe	793	 she	4	distilbert/distilgpt2	distilbert/distilgpt2	False	0.47875943779945374	1.0626271963119507
John	794	John	0	distilbert/distilgpt2	distilbert/distilgpt2	False	1.0	0.0
Ġcarried	794	 carried	1	distilbert/distilgpt2	distilbert/distilgpt2	False	3.3776802865759237e-07	21.49746322631836
ĠSarah	794	 Sarah	2	distilbert/distilgpt2	distilbert/distilgpt2	False	4.097171040484682e-05	14.57501220703125
Ġbecause	794	 because	3	distilbert/distilgpt2	distilbert/distilgpt2	False	0.00046251300955191255	11.078218460083008
Ġshe	794	 she	4	distilbert/distilgpt2	distilbert/distilgpt2	False	0.46005943417549133	1.120107889175415
Mary	795	Mary	0	distilbert/distilgpt2	distilbert/distilgpt2	False	1.0	0.0
Ġcarried	795	 carried	1	distilbert/distilgpt2	distilbert/distilgpt2	False	4.1146859075524844e-07	21.21271514892578
ĠSarah	795	 Sarah	2	distilbert/distilgpt2	distilbert/distilgpt2	False	3.423899397603236e-05	14.834000587463379
Ġbecause	795	 because	3	distilbert/distilgpt2	distilbert/distilgpt2	False	0.0007583046681247652	10.364934921264648
Ġshe	795	 she	4	distilbert/distilgpt2	distilbert/distilgpt2	False	0.47875943779945374	1.0626271963119507
David	796	David	0	distilbert/distilgpt2	distilbert/distilgpt2	False	1.0	0.0
Ġcarried	796	 carried	1	distilbert/distilgpt2	distilbert/distilgpt2	False	3.5267549947093357e-07	21.435155868530273
ĠSarah	796	 Sarah	2	distilbert/distilgpt2	distilbert/distilgpt2	False	2.3104334104573354e-05	15.401476860046387
Ġbecause	796	 because	3	distilbert/distilgpt2	distilbert/distilgpt2	False	0.00017495914653409272	12.480693817138672
Ġshe	796	 she	4	distilbert/distilgpt2	distilbert/distilgpt2	False	0.45343390107154846	1.1410359144210815
Sarah	797	Sarah	0	distilbert/distilgpt2	distilbert/distilgpt2	False	1.0	0.0
Ġcarried	797	 carried	1	distilbert/distilgpt2	distilbert/distilgpt2	False	3.732598372607754e-07	21.353317260742188
ĠMary	797	 Mary	2	distilbert/distilgpt2	distilbert/distilgpt2	False	0.0001982187677640468	12.300619125366211
Ġbecause	797	 because	3	distilbert/distilgpt2	distilbert/distilgpt2	False	0.0002833107428159565	11.785326957702637
Ġshe	797	 she	4	distilbert/distilgpt2	distilbert/distilgpt2	False	0.4378766119480133	1.1914037466049194
John	798	John	0	distilbert/distilgpt2	distilbert/distilgpt2	False	1.0	0.0
Ġcarried	798	 carried	1	distilbert/distilgpt2	distilbert/distilgpt2	False	3.3776802865759237e-07	21.49746322631836
ĠMary	798	 Mary	2	distilbert/distilgpt2	distilbert/distilgpt2	False	0.00018009563791565597	12.438949584960938
Ġbecause	798	 because	3	distilbert/distilgpt2	distilbert/distilgpt2	False	0.0004792111867573112	11.027050971984863
Ġshe	798	 she	4	distilbert/distilgpt2	distilbert/distilgpt2	False	0.41738787293434143	1.2605394124984741
Sarah	799	Sarah	0	distilbert/distilgpt2	distilbert/distilgpt2	False	1.0	0.0
Ġcarried	799	 carried	1	distilbert/distilgpt2	distilbert/distilgpt2	False	3.732598372607754e-07	21.353317260742188
ĠMary	799	 Mary	2	distilbert/distilgpt2	distilbert/distilgpt2	False	0.0001982187677640468	12.300619125366211
Ġbecause	799	 because	3	distilbert/distilgpt2	distilbert/distilgpt2	False	0.0002833107428159565	11.785326957702637
Ġshe	799	 she	4	distilbert/distilgpt2	distilbert/distilgpt2	False	0.4378766119480133	1.1914037466049194
David	800	David	0	distilbert/distilgpt2	distilbert/distilgpt2	False	1.0	0.0
Ġcarried	800	 carried	1	distilbert/distilgpt2	distilbert/distilgpt2	False	3.5267549947093357e-07	21.435155868530273
ĠMary	800	 Mary	2	distilbert/distilgpt2	distilbert/distilgpt2	False	0.00010353222023695707	13.237632751464844
Ġbecause	800	 because	3	distilbert/distilgpt2	distilbert/distilgpt2	False	0.00014783721417188644	12.723703384399414
Ġshe	800	 she	4	distilbert/distilgpt2	distilbert/distilgpt2	False	0.4060419201850891	1.3002994060516357
John	801	John	0	distilbert/distilgpt2	distilbert/distilgpt2	False	1.0	0.0
Ġcast	801	 castigated	1	distilbert/distilgpt2	distilbert/distilgpt2	False	7.863113751227502e-07	20.278396606445312
igated	801	 castigated	1	distilbert/distilgpt2	distilbert/distilgpt2	False	0.0016740309074521065	9.222457885742188
ĠDavid	801	 David	2	distilbert/distilgpt2	distilbert/distilgpt2	False	0.0015295774210244417	9.35265064239502
Ġbecause	801	 because	3	distilbert/distilgpt2	distilbert/distilgpt2	False	0.00012893101666122675	12.921113014221191
Ġhe	801	 he	4	distilbert/distilgpt2	distilbert/distilgpt2	False	0.38389429450035095	1.3812190294265747
Mary	802	Mary	0	distilbert/distilgpt2	distilbert/distilgpt2	False	1.0	0.0
Ġcast	802	 castigated	1	distilbert/distilgpt2	distilbert/distilgpt2	False	8.283848842438601e-07	20.203195571899414
igated	802	 castigated	1	distilbert/distilgpt2	distilbert/distilgpt2	False	0.004473214969038963	7.80447244644165
ĠDavid	802	 David	2	distilbert/distilgpt2	distilbert/distilgpt2	False	0.0011334898881614208	9.785013198852539
Ġbecause	802	 because	3	distilbert/distilgpt2	distilbert/distilgpt2	False	0.00033899705158546567	11.526439666748047
Ġhe	802	 he	4	distilbert/distilgpt2	distilbert/distilgpt2	False	0.41166871786117554	1.2804442644119263
John	803	John	0	distilbert/distilgpt2	distilbert/distilgpt2	False	1.0	0.0
Ġcast	803	 castigated	1	distilbert/distilgpt2	distilbert/distilgpt2	False	7.863113751227502e-07	20.278396606445312
igated	803	 castigated	1	distilbert/distilgpt2	distilbert/distilgpt2	False	0.0016740309074521065	9.222457885742188
ĠDavid	803	 David	2	distilbert/distilgpt2	distilbert/distilgpt2	False	0.0015295774210244417	9.35265064239502
Ġbecause	803	 because	3	distilbert/distilgpt2	distilbert/distilgpt2	False	0.00012893101666122675	12.921113014221191
Ġhe	803	 he	4	distilbert/distilgpt2	distilbert/distilgpt2	False	0.38389429450035095	1.3812190294265747
Sarah	804	Sarah	0	distilbert/distilgpt2	distilbert/distilgpt2	False	1.0	0.0
Ġcast	804	 castigated	1	distilbert/distilgpt2	distilbert/distilgpt2	False	7.052141199892503e-07	20.435436248779297
igated	804	 castigated	1	distilbert/distilgpt2	distilbert/distilgpt2	False	0.0017494489438831806	9.158884048461914
ĠDavid	804	 David	2	distilbert/distilgpt2	distilbert/distilgpt2	False	0.001783945132046938	9.13071346282959
Ġbecause	804	 because	3	distilbert/distilgpt2	distilbert/distilgpt2	False	9.210129064740613e-05	13.406418800354004
Ġhe	804	 he	4	distilbert/distilgpt2	distilbert/distilgpt2	False	0.39989230036735535	1.3223166465759277
David	805	David	0	distilbert/distilgpt2	distilbert/distilgpt2	False	1.0	0.0
Ġcast	805	 castigated	1	distilbert/distilgpt2	distilbert/distilgpt2	False	8.138373459587456e-07	20.228755950927734
igated	805	 castigated	1	distilbert/distilgpt2	distilbert/distilgpt2	False	0.0035753585398197174	8.12769603729248
ĠJohn	805	 John	2	distilbert/distilgpt2	distilbert/distilgpt2	False	0.0022783163003623486	8.777816772460938
Ġbecause	805	 because	3	distilbert/distilgpt2	distilbert/distilgpt2	False	0.00023257214343175292	12.07003402709961
Ġhe	805	 he	4	distilbert/distilgpt2	distilbert/distilgpt2	False	0.4146665036678314	1.2699766159057617
Mary	806	Mary	0	distilbert/distilgpt2	distilbert/distilgpt2	False	1.0	0.0
Ġcast	806	 castigated	1	distilbert/distilgpt2	distilbert/distilgpt2	False	8.283848842438601e-07	20.203195571899414
igated	806	 castigated	1	distilbert/distilgpt2	distilbert/distilgpt2	False	0.004473214969038963	7.80447244644165
ĠJohn	806	 John	2	distilbert/distilgpt2	distilbert/distilgpt2	False	0.002223010640591383	8.81326961517334
Ġbecause	806	 because	3	distilbert/distilgpt2	distilbert/distilgpt2	False	0.0004908193950541317	10.992520332336426
Ġhe	806	 he	4	distilbert/distilgpt2	distilbert/distilgpt2	False	0.417991042137146	1.2584561109542847
David	807	David	0	distilbert/distilgpt2	distilbert/distilgpt2	False	1.0	0.0
Ġcast	807	 castigated	1	distilbert/distilgpt2	distilbert/distilgpt2	False	8.138373459587456e-07	20.228755950927734
igated	807	 castigated	1	distilbert/distilgpt2	distilbert/distilgpt2	False	0.0035753585398197174	8.12769603729248
ĠJohn	807	 John	2	distilbert/distilgpt2	distilbert/distilgpt2	False	0.0022783163003623486	8.777816772460938
Ġbecause	807	 because	3	distilbert/distilgpt2	distilbert/distilgpt2	False	0.00023257214343175292	12.07003402709961
Ġhe	807	 he	4	distilbert/distilgpt2	distilbert/distilgpt2	False	0.4146665036678314	1.2699766159057617
Sarah	808	Sarah	0	distilbert/distilgpt2	distilbert/distilgpt2	False	1.0	0.0
Ġcast	808	 castigated	1	distilbert/distilgpt2	distilbert/distilgpt2	False	7.052141199892503e-07	20.435436248779297
igated	808	 castigated	1	distilbert/distilgpt2	distilbert/distilgpt2	False	0.0017494489438831806	9.158884048461914
ĠJohn	808	 John	2	distilbert/distilgpt2	distilbert/distilgpt2	False	0.002967272186651826	8.396647453308105
Ġbecause	808	 because	3	distilbert/distilgpt2	distilbert/distilgpt2	False	0.0002430573367746547	12.006415367126465
Ġhe	808	 he	4	distilbert/distilgpt2	distilbert/distilgpt2	False	0.40960925817489624	1.2876797914505005
Mary	809	Mary	0	distilbert/distilgpt2	distilbert/distilgpt2	False	1.0	0.0
Ġcast	809	 castigated	1	distilbert/distilgpt2	distilbert/distilgpt2	False	8.283848842438601e-07	20.203195571899414
igated	809	 castigated	1	distilbert/distilgpt2	distilbert/distilgpt2	False	0.004473214969038963	7.80447244644165
ĠSarah	809	 Sarah	2	distilbert/distilgpt2	distilbert/distilgpt2	False	0.0004642756248358637	11.072731018066406
Ġbecause	809	 because	3	distilbert/distilgpt2	distilbert/distilgpt2	False	0.0009406160679645836	10.054106712341309
Ġshe	809	 she	4	distilbert/distilgpt2	distilbert/distilgpt2	False	0.4315209686756134	1.2124974727630615
John	810	John	0	distilbert/distilgpt2	distilbert/distilgpt2	False	1.0	0.0
Ġcast	810	 castigated	1	distilbert/distilgpt2	distilbert/distilgpt2	False	7.863113751227502e-07	20.278396606445312
igated	810	 castigated	1	distilbert/distilgpt2	distilbert/distilgpt2	False	0.0016740309074521065	9.222457885742188
ĠSarah	810	 Sarah	2	distilbert/distilgpt2	distilbert/distilgpt2	False	0.0005897429073229432	10.727625846862793
Ġbecause	810	 because	3	distilbert/distilgpt2	distilbert/distilgpt2	False	0.0002447805891279131	11.996223449707031
Ġshe	810	 she	4	distilbert/distilgpt2	distilbert/distilgpt2	False	0.4068351984024048	1.2974836826324463
Mary	811	Mary	0	distilbert/distilgpt2	distilbert/distilgpt2	False	1.0	0.0
Ġcast	811	 castigated	1	distilbert/distilgpt2	distilbert/distilgpt2	False	8.283848842438601e-07	20.203195571899414
igated	811	 castigated	1	distilbert/distilgpt2	distilbert/distilgpt2	False	0.004473214969038963	7.80447244644165
ĠSarah	811	 Sarah	2	distilbert/distilgpt2	distilbert/distilgpt2	False	0.0004642756248358637	11.072731018066406
Ġbecause	811	 because	3	distilbert/distilgpt2	distilbert/distilgpt2	False	0.0009406160679645836	10.054106712341309
Ġshe	811	 she	4	distilbert/distilgpt2	distilbert/distilgpt2	False	0.4315209686756134	1.2124974727630615
David	812	David	0	distilbert/distilgpt2	distilbert/distilgpt2	False	1.0	0.0
Ġcast	812	 castigated	1	distilbert/distilgpt2	distilbert/distilgpt2	False	8.138373459587456e-07	20.228755950927734
igated	812	 castigated	1	distilbert/distilgpt2	distilbert/distilgpt2	False	0.0035753585398197174	8.12769603729248
ĠSarah	812	 Sarah	2	distilbert/distilgpt2	distilbert/distilgpt2	False	0.000462132302345708	11.07940673828125
Ġbecause	812	 because	3	distilbert/distilgpt2	distilbert/distilgpt2	False	0.00019206947763450444	12.346084594726562
Ġshe	812	 she	4	distilbert/distilgpt2	distilbert/distilgpt2	False	0.41520264744758606	1.2681125402450562
Sarah	813	Sarah	0	distilbert/distilgpt2	distilbert/distilgpt2	False	1.0	0.0
Ġcast	813	 castigated	1	distilbert/distilgpt2	distilbert/distilgpt2	False	7.052141199892503e-07	20.435436248779297
igated	813	 castigated	1	distilbert/distilgpt2	distilbert/distilgpt2	False	0.0017494489438831806	9.158884048461914
ĠMary	813	 Mary	2	distilbert/distilgpt2	distilbert/distilgpt2	False	0.00040334832738153636	11.275686264038086
Ġbecause	813	 because	3	distilbert/distilgpt2	distilbert/distilgpt2	False	0.0010815232526510954	9.8527193069458
Ġshe	813	 she	4	distilbert/distilgpt2	distilbert/distilgpt2	False	0.38641121983528137	1.371791124343872
John	814	John	0	distilbert/distilgpt2	distilbert/distilgpt2	False	1.0	0.0
Ġcast	814	 castigated	1	distilbert/distilgpt2	distilbert/distilgpt2	False	7.863113751227502e-07	20.278396606445312
igated	814	 castigated	1	distilbert/distilgpt2	distilbert/distilgpt2	False	0.0016740309074521065	9.222457885742188
ĠMary	814	 Mary	2	distilbert/distilgpt2	distilbert/distilgpt2	False	0.0003104739298578352	11.653240203857422
Ġbecause	814	 because	3	distilbert/distilgpt2	distilbert/distilgpt2	False	0.0015883671585470438	9.298239707946777
Ġshe	814	 she	4	distilbert/distilgpt2	distilbert/distilgpt2	False	0.39025160670280457	1.3575235605239868
Sarah	815	Sarah	0	distilbert/distilgpt2	distilbert/distilgpt2	False	1.0	0.0
Ġcast	815	 castigated	1	distilbert/distilgpt2	distilbert/distilgpt2	False	7.052141199892503e-07	20.435436248779297
igated	815	 castigated	1	distilbert/distilgpt2	distilbert/distilgpt2	False	0.0017494489438831806	9.158884048461914
ĠMary	815	 Mary	2	distilbert/distilgpt2	distilbert/distilgpt2	False	0.00040334832738153636	11.275686264038086
Ġbecause	815	 because	3	distilbert/distilgpt2	distilbert/distilgpt2	False	0.0010815232526510954	9.8527193069458
Ġshe	815	 she	4	distilbert/distilgpt2	distilbert/distilgpt2	False	0.38641121983528137	1.371791124343872
David	816	David	0	distilbert/distilgpt2	distilbert/distilgpt2	False	1.0	0.0
Ġcast	816	 castigated	1	distilbert/distilgpt2	distilbert/distilgpt2	False	8.138373459587456e-07	20.228755950927734
igated	816	 castigated	1	distilbert/distilgpt2	distilbert/distilgpt2	False	0.0035753585398197174	8.12769603729248
ĠMary	816	 Mary	2	distilbert/distilgpt2	distilbert/distilgpt2	False	0.000231874524615705	12.074368476867676
Ġbecause	816	 because	3	distilbert/distilgpt2	distilbert/distilgpt2	False	0.0008728266111575067	10.162016868591309
Ġshe	816	 she	4	distilbert/distilgpt2	distilbert/distilgpt2	False	0.3899306356906891	1.3587106466293335
John	817	John	0	distilbert/distilgpt2	distilbert/distilgpt2	False	1.0	0.0
Ġcaught	817	 caught	1	distilbert/distilgpt2	distilbert/distilgpt2	False	8.574130561100901e-07	20.153505325317383
ĠDavid	817	 David	2	distilbert/distilgpt2	distilbert/distilgpt2	False	0.00012426069588400424	12.974342346191406
Ġbecause	817	 because	3	distilbert/distilgpt2	distilbert/distilgpt2	False	0.00013469334226101637	12.858034133911133
Ġhe	817	 he	4	distilbert/distilgpt2	distilbert/distilgpt2	False	0.5161524415016174	0.954131007194519
Mary	818	Mary	0	distilbert/distilgpt2	distilbert/distilgpt2	False	1.0	0.0
Ġcaught	818	 caught	1	distilbert/distilgpt2	distilbert/distilgpt2	False	8.820264270070766e-07	20.112674713134766
ĠDavid	818	 David	2	distilbert/distilgpt2	distilbert/distilgpt2	False	6.825939635746181e-05	13.83861255645752
Ġbecause	818	 because	3	distilbert/distilgpt2	distilbert/distilgpt2	False	0.0002519241243135184	11.954723358154297
Ġhe	818	 he	4	distilbert/distilgpt2	distilbert/distilgpt2	False	0.5225536823272705	0.9363488554954529
John	819	John	0	distilbert/distilgpt2	distilbert/distilgpt2	False	1.0	0.0
Ġcaught	819	 caught	1	distilbert/distilgpt2	distilbert/distilgpt2	False	8.574130561100901e-07	20.153505325317383
ĠDavid	819	 David	2	distilbert/distilgpt2	distilbert/distilgpt2	False	0.00012426069588400424	12.974342346191406
Ġbecause	819	 because	3	distilbert/distilgpt2	distilbert/distilgpt2	False	0.00013469334226101637	12.858034133911133
Ġhe	819	 he	4	distilbert/distilgpt2	distilbert/distilgpt2	False	0.5161524415016174	0.954131007194519
Sarah	820	Sarah	0	distilbert/distilgpt2	distilbert/distilgpt2	False	1.0	0.0
Ġcaught	820	 caught	1	distilbert/distilgpt2	distilbert/distilgpt2	False	9.477573712501908e-07	20.00897979736328
ĠDavid	820	 David	2	distilbert/distilgpt2	distilbert/distilgpt2	False	0.00013316284457687289	12.874520301818848
Ġbecause	820	 because	3	distilbert/distilgpt2	distilbert/distilgpt2	False	0.00012053515092702582	13.018258094787598
Ġhe	820	 he	4	distilbert/distilgpt2	distilbert/distilgpt2	False	0.5214419960975647	0.9394214153289795
David	821	David	0	distilbert/distilgpt2	distilbert/distilgpt2	False	1.0	0.0
Ġcaught	821	 caught	1	distilbert/distilgpt2	distilbert/distilgpt2	False	9.008426786749624e-07	20.08222198486328
ĠJohn	821	 John	2	distilbert/distilgpt2	distilbert/distilgpt2	False	0.00021098184515722096	12.210593223571777
Ġbecause	821	 because	3	distilbert/distilgpt2	distilbert/distilgpt2	False	0.000300274055916816	11.701432228088379
Ġhe	821	 he	4	distilbert/distilgpt2	distilbert/distilgpt2	False	0.5016350150108337	0.9952901005744934
Mary	822	Mary	0	distilbert/distilgpt2	distilbert/distilgpt2	False	1.0	0.0
Ġcaught	822	 caught	1	distilbert/distilgpt2	distilbert/distilgpt2	False	8.820264270070766e-07	20.112674713134766
ĠJohn	822	 John	2	distilbert/distilgpt2	distilbert/distilgpt2	False	0.00013069402484688908	12.901518821716309
Ġbecause	822	 because	3	distilbert/distilgpt2	distilbert/distilgpt2	False	0.0006213458837009966	10.652316093444824
Ġhe	822	 he	4	distilbert/distilgpt2	distilbert/distilgpt2	False	0.5239522457122803	0.9324928522109985
David	823	David	0	distilbert/distilgpt2	distilbert/distilgpt2	False	1.0	0.0
Ġcaught	823	 caught	1	distilbert/distilgpt2	distilbert/distilgpt2	False	9.008426786749624e-07	20.08222198486328
ĠJohn	823	 John	2	distilbert/distilgpt2	distilbert/distilgpt2	False	0.00021098184515722096	12.210593223571777
Ġbecause	823	 because	3	distilbert/distilgpt2	distilbert/distilgpt2	False	0.000300274055916816	11.701432228088379
Ġhe	823	 he	4	distilbert/distilgpt2	distilbert/distilgpt2	False	0.5016350150108337	0.9952901005744934
Sarah	824	Sarah	0	distilbert/distilgpt2	distilbert/distilgpt2	False	1.0	0.0
Ġcaught	824	 caught	1	distilbert/distilgpt2	distilbert/distilgpt2	False	9.477573712501908e-07	20.00897979736328
ĠJohn	824	 John	2	distilbert/distilgpt2	distilbert/distilgpt2	False	0.00021366396686062217	12.192368507385254
Ġbecause	824	 because	3	distilbert/distilgpt2	distilbert/distilgpt2	False	0.000498943030834198	10.96883773803711
Ġhe	824	 he	4	distilbert/distilgpt2	distilbert/distilgpt2	False	0.5045770406723022	0.9868535399436951
Mary	825	Mary	0	distilbert/distilgpt2	distilbert/distilgpt2	False	1.0	0.0
Ġcaught	825	 caught	1	distilbert/distilgpt2	distilbert/distilgpt2	False	8.820264270070766e-07	20.112674713134766
ĠSarah	825	 Sarah	2	distilbert/distilgpt2	distilbert/distilgpt2	False	2.0484712877077982e-05	15.575092315673828
Ġbecause	825	 because	3	distilbert/distilgpt2	distilbert/distilgpt2	False	0.000495823216624558	10.977886199951172
Ġshe	825	 she	4	distilbert/distilgpt2	distilbert/distilgpt2	False	0.5229915380477905	0.9351405501365662
John	826	John	0	distilbert/distilgpt2	distilbert/distilgpt2	False	1.0	0.0
Ġcaught	826	 caught	1	distilbert/distilgpt2	distilbert/distilgpt2	False	8.574130561100901e-07	20.153505325317383
ĠSarah	826	 Sarah	2	distilbert/distilgpt2	distilbert/distilgpt2	False	2.3251901438925415e-05	15.392292022705078
Ġbecause	826	 because	3	distilbert/distilgpt2	distilbert/distilgpt2	False	0.00039079898851923645	11.321285247802734
Ġshe	826	 she	4	distilbert/distilgpt2	distilbert/distilgpt2	False	0.5017614364624023	0.9949265122413635
Mary	827	Mary	0	distilbert/distilgpt2	distilbert/distilgpt2	False	1.0	0.0
Ġcaught	827	 caught	1	distilbert/distilgpt2	distilbert/distilgpt2	False	8.820264270070766e-07	20.112674713134766
ĠSarah	827	 Sarah	2	distilbert/distilgpt2	distilbert/distilgpt2	False	2.0484712877077982e-05	15.575092315673828
Ġbecause	827	 because	3	distilbert/distilgpt2	distilbert/distilgpt2	False	0.000495823216624558	10.977886199951172
Ġshe	827	 she	4	distilbert/distilgpt2	distilbert/distilgpt2	False	0.5229915380477905	0.9351405501365662
David	828	David	0	distilbert/distilgpt2	distilbert/distilgpt2	False	1.0	0.0
Ġcaught	828	 caught	1	distilbert/distilgpt2	distilbert/distilgpt2	False	9.008426786749624e-07	20.08222198486328
ĠSarah	828	 Sarah	2	distilbert/distilgpt2	distilbert/distilgpt2	False	2.743513869063463e-05	15.153615951538086
Ġbecause	828	 because	3	distilbert/distilgpt2	distilbert/distilgpt2	False	0.00022291393543127924	12.1312255859375
Ġshe	828	 she	4	distilbert/distilgpt2	distilbert/distilgpt2	False	0.5010189414024353	0.9970629811286926
Sarah	829	Sarah	0	distilbert/distilgpt2	distilbert/distilgpt2	False	1.0	0.0
Ġcaught	829	 caught	1	distilbert/distilgpt2	distilbert/distilgpt2	False	9.477573712501908e-07	20.00897979736328
ĠMary	829	 Mary	2	distilbert/distilgpt2	distilbert/distilgpt2	False	0.0001479386119171977	12.722713470458984
Ġbecause	829	 because	3	distilbert/distilgpt2	distilbert/distilgpt2	False	0.0002609025395940989	11.90420150756836
Ġshe	829	 she	4	distilbert/distilgpt2	distilbert/distilgpt2	False	0.47904109954833984	1.0617786645889282
John	830	John	0	distilbert/distilgpt2	distilbert/distilgpt2	False	1.0	0.0
Ġcaught	830	 caught	1	distilbert/distilgpt2	distilbert/distilgpt2	False	8.574130561100901e-07	20.153505325317383
ĠMary	830	 Mary	2	distilbert/distilgpt2	distilbert/distilgpt2	False	0.00011702728079399094	13.060867309570312
Ġbecause	830	 because	3	distilbert/distilgpt2	distilbert/distilgpt2	False	0.00037165332469157875	11.393754959106445
Ġshe	830	 she	4	distilbert/distilgpt2	distilbert/distilgpt2	False	0.4762495756149292	1.070210337638855
Sarah	831	Sarah	0	distilbert/distilgpt2	distilbert/distilgpt2	False	1.0	0.0
Ġcaught	831	 caught	1	distilbert/distilgpt2	distilbert/distilgpt2	False	9.477573712501908e-07	20.00897979736328
ĠMary	831	 Mary	2	distilbert/distilgpt2	distilbert/distilgpt2	False	0.0001479386119171977	12.722713470458984
Ġbecause	831	 because	3	distilbert/distilgpt2	distilbert/distilgpt2	False	0.0002609025395940989	11.90420150756836
Ġshe	831	 she	4	distilbert/distilgpt2	distilbert/distilgpt2	False	0.47904109954833984	1.0617786645889282
David	832	David	0	distilbert/distilgpt2	distilbert/distilgpt2	False	1.0	0.0
Ġcaught	832	 caught	1	distilbert/distilgpt2	distilbert/distilgpt2	False	9.008426786749624e-07	20.08222198486328
ĠMary	832	 Mary	2	distilbert/distilgpt2	distilbert/distilgpt2	False	0.00010167138680117205	13.263798713684082
Ġbecause	832	 because	3	distilbert/distilgpt2	distilbert/distilgpt2	False	0.0001828340464271605	12.417177200317383
Ġshe	832	 she	4	distilbert/distilgpt2	distilbert/distilgpt2	False	0.47678861021995544	1.0685783624649048
John	833	John	0	distilbert/distilgpt2	distilbert/distilgpt2	False	1.0	0.0
Ġcautioned	833	 cautioned	1	distilbert/distilgpt2	distilbert/distilgpt2	False	5.5728825998357934e-08	24.097000122070312
ĠDavid	833	 David	2	distilbert/distilgpt2	distilbert/distilgpt2	False	8.612764213467017e-05	13.503164291381836
Ġbecause	833	 because	3	distilbert/distilgpt2	distilbert/distilgpt2	False	9.963254706235602e-05	13.293023109436035
Ġhe	833	 he	4	distilbert/distilgpt2	distilbert/distilgpt2	False	0.18669414520263672	2.4212512969970703
Mary	834	Mary	0	distilbert/distilgpt2	distilbert/distilgpt2	False	1.0	0.0
Ġcautioned	834	 cautioned	1	distilbert/distilgpt2	distilbert/distilgpt2	False	5.586153406511585e-08	24.093568801879883
ĠDavid	834	 David	2	distilbert/distilgpt2	distilbert/distilgpt2	False	5.9518963098526e-05	14.036291122436523
Ġbecause	834	 because	3	distilbert/distilgpt2	distilbert/distilgpt2	False	0.00013804301852360368	12.82259464263916
Ġhe	834	 he	4	distilbert/distilgpt2	distilbert/distilgpt2	False	0.20849192142486572	2.261936664581299
John	835	John	0	distilbert/distilgpt2	distilbert/distilgpt2	False	1.0	0.0
Ġcautioned	835	 cautioned	1	distilbert/distilgpt2	distilbert/distilgpt2	False	5.5728825998357934e-08	24.097000122070312
ĠDavid	835	 David	2	distilbert/distilgpt2	distilbert/distilgpt2	False	8.612764213467017e-05	13.503164291381836
Ġbecause	835	 because	3	distilbert/distilgpt2	distilbert/distilgpt2	False	9.963254706235602e-05	13.293023109436035
Ġhe	835	 he	4	distilbert/distilgpt2	distilbert/distilgpt2	False	0.18669414520263672	2.4212512969970703
Sarah	836	Sarah	0	distilbert/distilgpt2	distilbert/distilgpt2	False	1.0	0.0
Ġcautioned	836	 cautioned	1	distilbert/distilgpt2	distilbert/distilgpt2	False	5.984500717204355e-08	23.99419403076172
ĠDavid	836	 David	2	distilbert/distilgpt2	distilbert/distilgpt2	False	7.204763096524402e-05	13.760689735412598
Ġbecause	836	 because	3	distilbert/distilgpt2	distilbert/distilgpt2	False	9.877031698124483e-05	13.305562973022461
Ġhe	836	 he	4	distilbert/distilgpt2	distilbert/distilgpt2	False	0.18323618173599243	2.448223829269409
David	837	David	0	distilbert/distilgpt2	distilbert/distilgpt2	False	1.0	0.0
Ġcautioned	837	 cautioned	1	distilbert/distilgpt2	distilbert/distilgpt2	False	7.54536131353234e-08	23.659833908081055
ĠJohn	837	 John	2	distilbert/distilgpt2	distilbert/distilgpt2	False	0.00010325612674932927	13.241484642028809
Ġbecause	837	 because	3	distilbert/distilgpt2	distilbert/distilgpt2	False	0.00013583264080807567	12.845882415771484
Ġhe	837	 he	4	distilbert/distilgpt2	distilbert/distilgpt2	False	0.1517283171415329	2.72043776512146
Mary	838	Mary	0	distilbert/distilgpt2	distilbert/distilgpt2	False	1.0	0.0
Ġcautioned	838	 cautioned	1	distilbert/distilgpt2	distilbert/distilgpt2	False	5.586153406511585e-08	24.093568801879883
ĠJohn	838	 John	2	distilbert/distilgpt2	distilbert/distilgpt2	False	0.00013423504424281418	12.862951278686523
Ġbecause	838	 because	3	distilbert/distilgpt2	distilbert/distilgpt2	False	0.0002915408695116639	11.744013786315918
Ġhe	838	 he	4	distilbert/distilgpt2	distilbert/distilgpt2	False	0.21257857978343964	2.23393177986145
David	839	David	0	distilbert/distilgpt2	distilbert/distilgpt2	False	1.0	0.0
Ġcautioned	839	 cautioned	1	distilbert/distilgpt2	distilbert/distilgpt2	False	7.54536131353234e-08	23.659833908081055
ĠJohn	839	 John	2	distilbert/distilgpt2	distilbert/distilgpt2	False	0.00010325612674932927	13.241484642028809
Ġbecause	839	 because	3	distilbert/distilgpt2	distilbert/distilgpt2	False	0.00013583264080807567	12.845882415771484
Ġhe	839	 he	4	distilbert/distilgpt2	distilbert/distilgpt2	False	0.1517283171415329	2.72043776512146
Sarah	840	Sarah	0	distilbert/distilgpt2	distilbert/distilgpt2	False	1.0	0.0
Ġcautioned	840	 cautioned	1	distilbert/distilgpt2	distilbert/distilgpt2	False	5.984500717204355e-08	23.99419403076172
ĠJohn	840	 John	2	distilbert/distilgpt2	distilbert/distilgpt2	False	0.00012564023199956864	12.958414077758789
Ġbecause	840	 because	3	distilbert/distilgpt2	distilbert/distilgpt2	False	0.0003759741666726768	11.377079010009766
Ġhe	840	 he	4	distilbert/distilgpt2	distilbert/distilgpt2	False	0.18591874837875366	2.427255868911743
Mary	841	Mary	0	distilbert/distilgpt2	distilbert/distilgpt2	False	1.0	0.0
Ġcautioned	841	 cautioned	1	distilbert/distilgpt2	distilbert/distilgpt2	False	5.586153406511585e-08	24.093568801879883
ĠSarah	841	 Sarah	2	distilbert/distilgpt2	distilbert/distilgpt2	False	1.38786917887046e-05	16.136768341064453
Ġbecause	841	 because	3	distilbert/distilgpt2	distilbert/distilgpt2	False	0.0008407952263951302	10.215957641601562
Ġshe	841	 she	4	distilbert/distilgpt2	distilbert/distilgpt2	False	0.21944133937358856	2.1880927085876465
John	842	John	0	distilbert/distilgpt2	distilbert/distilgpt2	False	1.0	0.0
Ġcautioned	842	 cautioned	1	distilbert/distilgpt2	distilbert/distilgpt2	False	5.5728825998357934e-08	24.097000122070312
ĠSarah	842	 Sarah	2	distilbert/distilgpt2	distilbert/distilgpt2	False	1.26355116663035e-05	16.27215576171875
Ġbecause	842	 because	3	distilbert/distilgpt2	distilbert/distilgpt2	False	0.00046159912017174065	11.081071853637695
Ġshe	842	 she	4	distilbert/distilgpt2	distilbert/distilgpt2	False	0.1938457190990448	2.3670191764831543
Mary	843	Mary	0	distilbert/distilgpt2	distilbert/distilgpt2	False	1.0	0.0
Ġcautioned	843	 cautioned	1	distilbert/distilgpt2	distilbert/distilgpt2	False	5.586153406511585e-08	24.093568801879883
ĠSarah	843	 Sarah	2	distilbert/distilgpt2	distilbert/distilgpt2	False	1.38786917887046e-05	16.136768341064453
Ġbecause	843	 because	3	distilbert/distilgpt2	distilbert/distilgpt2	False	0.0008407952263951302	10.215957641601562
Ġshe	843	 she	4	distilbert/distilgpt2	distilbert/distilgpt2	False	0.21944133937358856	2.1880927085876465
David	844	David	0	distilbert/distilgpt2	distilbert/distilgpt2	False	1.0	0.0
Ġcautioned	844	 cautioned	1	distilbert/distilgpt2	distilbert/distilgpt2	False	7.54536131353234e-08	23.659833908081055
ĠSarah	844	 Sarah	2	distilbert/distilgpt2	distilbert/distilgpt2	False	7.667487807339057e-06	16.992815017700195
Ġbecause	844	 because	3	distilbert/distilgpt2	distilbert/distilgpt2	False	0.0002602534368634224	11.907794952392578
Ġshe	844	 she	4	distilbert/distilgpt2	distilbert/distilgpt2	False	0.1462264508008957	2.773723840713501
Sarah	845	Sarah	0	distilbert/distilgpt2	distilbert/distilgpt2	False	1.0	0.0
Ġcautioned	845	 cautioned	1	distilbert/distilgpt2	distilbert/distilgpt2	False	5.984500717204355e-08	23.99419403076172
ĠMary	845	 Mary	2	distilbert/distilgpt2	distilbert/distilgpt2	False	2.1993411792209372e-05	15.472569465637207
Ġbecause	845	 because	3	distilbert/distilgpt2	distilbert/distilgpt2	False	0.0002715967420954257	11.846245765686035
Ġshe	845	 she	4	distilbert/distilgpt2	distilbert/distilgpt2	False	0.1731763780117035	2.5296859741210938
John	846	John	0	distilbert/distilgpt2	distilbert/distilgpt2	False	1.0	0.0
Ġcautioned	846	 cautioned	1	distilbert/distilgpt2	distilbert/distilgpt2	False	5.5728825998357934e-08	24.097000122070312
ĠMary	846	 Mary	2	distilbert/distilgpt2	distilbert/distilgpt2	False	1.886712016130332e-05	15.693766593933105
Ġbecause	846	 because	3	distilbert/distilgpt2	distilbert/distilgpt2	False	0.0003068447986152023	11.67020320892334
Ġshe	846	 she	4	distilbert/distilgpt2	distilbert/distilgpt2	False	0.1969512552022934	2.3440895080566406
Sarah	847	Sarah	0	distilbert/distilgpt2	distilbert/distilgpt2	False	1.0	0.0
Ġcautioned	847	 cautioned	1	distilbert/distilgpt2	distilbert/distilgpt2	False	5.984500717204355e-08	23.99419403076172
ĠMary	847	 Mary	2	distilbert/distilgpt2	distilbert/distilgpt2	False	2.1993411792209372e-05	15.472569465637207
Ġbecause	847	 because	3	distilbert/distilgpt2	distilbert/distilgpt2	False	0.0002715967420954257	11.846245765686035
Ġshe	847	 she	4	distilbert/distilgpt2	distilbert/distilgpt2	False	0.1731763780117035	2.5296859741210938
David	848	David	0	distilbert/distilgpt2	distilbert/distilgpt2	False	1.0	0.0
Ġcautioned	848	 cautioned	1	distilbert/distilgpt2	distilbert/distilgpt2	False	7.54536131353234e-08	23.659833908081055
ĠMary	848	 Mary	2	distilbert/distilgpt2	distilbert/distilgpt2	False	1.01738260127604e-05	16.58477783203125
Ġbecause	848	 because	3	distilbert/distilgpt2	distilbert/distilgpt2	False	0.00012473741662688553	12.968817710876465
Ġshe	848	 she	4	distilbert/distilgpt2	distilbert/distilgpt2	False	0.14464284479618073	2.789433240890503
John	849	John	0	distilbert/distilgpt2	distilbert/distilgpt2	False	1.0	0.0
Ġcelebrated	849	 celebrated	1	distilbert/distilgpt2	distilbert/distilgpt2	False	3.1627888574803364e-07	21.59229850769043
ĠDavid	849	 David	2	distilbert/distilgpt2	distilbert/distilgpt2	False	9.22363979043439e-05	13.404304504394531
Ġbecause	849	 because	3	distilbert/distilgpt2	distilbert/distilgpt2	False	5.688380770152435e-05	14.101622581481934
Ġhe	849	 he	4	distilbert/distilgpt2	distilbert/distilgpt2	False	0.4440298080444336	1.171271562576294
Mary	850	Mary	0	distilbert/distilgpt2	distilbert/distilgpt2	False	1.0	0.0
Ġcelebrated	850	 celebrated	1	distilbert/distilgpt2	distilbert/distilgpt2	False	3.3005974842126307e-07	21.53076934814453
ĠDavid	850	 David	2	distilbert/distilgpt2	distilbert/distilgpt2	False	8.331202843692154e-05	13.551115989685059
Ġbecause	850	 because	3	distilbert/distilgpt2	distilbert/distilgpt2	False	8.5234540165402e-05	13.51820182800293
Ġhe	850	 he	4	distilbert/distilgpt2	distilbert/distilgpt2	False	0.4023614525794983	1.3134360313415527
John	851	John	0	distilbert/distilgpt2	distilbert/distilgpt2	False	1.0	0.0
Ġcelebrated	851	 celebrated	1	distilbert/distilgpt2	distilbert/distilgpt2	False	3.1627888574803364e-07	21.59229850769043
ĠDavid	851	 David	2	distilbert/distilgpt2	distilbert/distilgpt2	False	9.22363979043439e-05	13.404304504394531
Ġbecause	851	 because	3	distilbert/distilgpt2	distilbert/distilgpt2	False	5.688380770152435e-05	14.101622581481934
Ġhe	851	 he	4	distilbert/distilgpt2	distilbert/distilgpt2	False	0.4440298080444336	1.171271562576294
Sarah	852	Sarah	0	distilbert/distilgpt2	distilbert/distilgpt2	False	1.0	0.0
Ġcelebrated	852	 celebrated	1	distilbert/distilgpt2	distilbert/distilgpt2	False	3.065249245537416e-07	21.637493133544922
ĠDavid	852	 David	2	distilbert/distilgpt2	distilbert/distilgpt2	False	9.994002903113142e-05	13.288578033447266
Ġbecause	852	 because	3	distilbert/distilgpt2	distilbert/distilgpt2	False	5.3722207667306066e-05	14.184122085571289
Ġhe	852	 he	4	distilbert/distilgpt2	distilbert/distilgpt2	False	0.48041537404060364	1.0576457977294922
David	853	David	0	distilbert/distilgpt2	distilbert/distilgpt2	False	1.0	0.0
Ġcelebrated	853	 celebrated	1	distilbert/distilgpt2	distilbert/distilgpt2	False	3.509455837047426e-07	21.442249298095703
ĠJohn	853	 John	2	distilbert/distilgpt2	distilbert/distilgpt2	False	0.0002923806314356625	11.739864349365234
Ġbecause	853	 because	3	distilbert/distilgpt2	distilbert/distilgpt2	False	5.525416418095119e-05	14.14355754852295
Ġhe	853	 he	4	distilbert/distilgpt2	distilbert/distilgpt2	False	0.4969162940979004	1.0089253187179565
Mary	854	Mary	0	distilbert/distilgpt2	distilbert/distilgpt2	False	1.0	0.0
Ġcelebrated	854	 celebrated	1	distilbert/distilgpt2	distilbert/distilgpt2	False	3.3005974842126307e-07	21.53076934814453
ĠJohn	854	 John	2	distilbert/distilgpt2	distilbert/distilgpt2	False	0.000200890121050179	12.281306266784668
Ġbecause	854	 because	3	distilbert/distilgpt2	distilbert/distilgpt2	False	0.00013230094918981194	12.883889198303223
Ġhe	854	 he	4	distilbert/distilgpt2	distilbert/distilgpt2	False	0.45560184121131897	1.1341545581817627
David	855	David	0	distilbert/distilgpt2	distilbert/distilgpt2	False	1.0	0.0
Ġcelebrated	855	 celebrated	1	distilbert/distilgpt2	distilbert/distilgpt2	False	3.509455837047426e-07	21.442249298095703
ĠJohn	855	 John	2	distilbert/distilgpt2	distilbert/distilgpt2	False	0.0002923806314356625	11.739864349365234
Ġbecause	855	 because	3	distilbert/distilgpt2	distilbert/distilgpt2	False	5.525416418095119e-05	14.14355754852295
Ġhe	855	 he	4	distilbert/distilgpt2	distilbert/distilgpt2	False	0.4969162940979004	1.0089253187179565
Sarah	856	Sarah	0	distilbert/distilgpt2	distilbert/distilgpt2	False	1.0	0.0
Ġcelebrated	856	 celebrated	1	distilbert/distilgpt2	distilbert/distilgpt2	False	3.065249245537416e-07	21.637493133544922
ĠJohn	856	 John	2	distilbert/distilgpt2	distilbert/distilgpt2	False	0.00019890919793397188	12.295602798461914
Ġbecause	856	 because	3	distilbert/distilgpt2	distilbert/distilgpt2	False	0.00010677875980036333	13.193087577819824
Ġhe	856	 he	4	distilbert/distilgpt2	distilbert/distilgpt2	False	0.49873414635658264	1.0036571025848389
Mary	857	Mary	0	distilbert/distilgpt2	distilbert/distilgpt2	False	1.0	0.0
Ġcelebrated	857	 celebrated	1	distilbert/distilgpt2	distilbert/distilgpt2	False	3.3005974842126307e-07	21.53076934814453
ĠSarah	857	 Sarah	2	distilbert/distilgpt2	distilbert/distilgpt2	False	2.381690683250781e-05	15.357654571533203
Ġbecause	857	 because	3	distilbert/distilgpt2	distilbert/distilgpt2	False	0.00040644709952175617	11.264644622802734
Ġshe	857	 she	4	distilbert/distilgpt2	distilbert/distilgpt2	False	0.5103997588157654	0.970300555229187
John	858	John	0	distilbert/distilgpt2	distilbert/distilgpt2	False	1.0	0.0
Ġcelebrated	858	 celebrated	1	distilbert/distilgpt2	distilbert/distilgpt2	False	3.1627888574803364e-07	21.59229850769043
ĠSarah	858	 Sarah	2	distilbert/distilgpt2	distilbert/distilgpt2	False	1.765379056450911e-05	15.78966236114502
Ġbecause	858	 because	3	distilbert/distilgpt2	distilbert/distilgpt2	False	0.00021622731583192945	12.175163269042969
Ġshe	858	 she	4	distilbert/distilgpt2	distilbert/distilgpt2	False	0.5201714634895325	0.942940890789032
Mary	859	Mary	0	distilbert/distilgpt2	distilbert/distilgpt2	False	1.0	0.0
Ġcelebrated	859	 celebrated	1	distilbert/distilgpt2	distilbert/distilgpt2	False	3.3005974842126307e-07	21.53076934814453
ĠSarah	859	 Sarah	2	distilbert/distilgpt2	distilbert/distilgpt2	False	2.381690683250781e-05	15.357654571533203
Ġbecause	859	 because	3	distilbert/distilgpt2	distilbert/distilgpt2	False	0.00040644709952175617	11.264644622802734
Ġshe	859	 she	4	distilbert/distilgpt2	distilbert/distilgpt2	False	0.5103997588157654	0.970300555229187
David	860	David	0	distilbert/distilgpt2	distilbert/distilgpt2	False	1.0	0.0
Ġcelebrated	860	 celebrated	1	distilbert/distilgpt2	distilbert/distilgpt2	False	3.509455837047426e-07	21.442249298095703
ĠSarah	860	 Sarah	2	distilbert/distilgpt2	distilbert/distilgpt2	False	2.9917599022155628e-05	15.028646469116211
Ġbecause	860	 because	3	distilbert/distilgpt2	distilbert/distilgpt2	False	0.00018401620036456734	12.407879829406738
Ġshe	860	 she	4	distilbert/distilgpt2	distilbert/distilgpt2	False	0.5330109596252441	0.907762885093689
Sarah	861	Sarah	0	distilbert/distilgpt2	distilbert/distilgpt2	False	1.0	0.0
Ġcelebrated	861	 celebrated	1	distilbert/distilgpt2	distilbert/distilgpt2	False	3.065249245537416e-07	21.637493133544922
ĠMary	861	 Mary	2	distilbert/distilgpt2	distilbert/distilgpt2	False	0.000167554579093121	12.543081283569336
Ġbecause	861	 because	3	distilbert/distilgpt2	distilbert/distilgpt2	False	0.00020069173478987068	12.282731056213379
Ġshe	861	 she	4	distilbert/distilgpt2	distilbert/distilgpt2	False	0.4870096743106842	1.037977695465088
John	862	John	0	distilbert/distilgpt2	distilbert/distilgpt2	False	1.0	0.0
Ġcelebrated	862	 celebrated	1	distilbert/distilgpt2	distilbert/distilgpt2	False	3.1627888574803364e-07	21.59229850769043
ĠMary	862	 Mary	2	distilbert/distilgpt2	distilbert/distilgpt2	False	9.547481749905273e-05	13.354519844055176
Ġbecause	862	 because	3	distilbert/distilgpt2	distilbert/distilgpt2	False	0.00021471020590979606	12.185321807861328
Ġshe	862	 she	4	distilbert/distilgpt2	distilbert/distilgpt2	False	0.4731650650501251	1.0795845985412598
Sarah	863	Sarah	0	distilbert/distilgpt2	distilbert/distilgpt2	False	1.0	0.0
Ġcelebrated	863	 celebrated	1	distilbert/distilgpt2	distilbert/distilgpt2	False	3.065249245537416e-07	21.637493133544922
ĠMary	863	 Mary	2	distilbert/distilgpt2	distilbert/distilgpt2	False	0.000167554579093121	12.543081283569336
Ġbecause	863	 because	3	distilbert/distilgpt2	distilbert/distilgpt2	False	0.00020069173478987068	12.282731056213379
Ġshe	863	 she	4	distilbert/distilgpt2	distilbert/distilgpt2	False	0.4870096743106842	1.037977695465088
David	864	David	0	distilbert/distilgpt2	distilbert/distilgpt2	False	1.0	0.0
Ġcelebrated	864	 celebrated	1	distilbert/distilgpt2	distilbert/distilgpt2	False	3.509455837047426e-07	21.442249298095703
ĠMary	864	 Mary	2	distilbert/distilgpt2	distilbert/distilgpt2	False	0.00013651013432536274	12.838704109191895
Ġbecause	864	 because	3	distilbert/distilgpt2	distilbert/distilgpt2	False	0.00015231725410558283	12.680632591247559
Ġshe	864	 she	4	distilbert/distilgpt2	distilbert/distilgpt2	False	0.48809295892715454	1.0347721576690674
John	865	John	0	distilbert/distilgpt2	distilbert/distilgpt2	False	1.0	0.0
Ġcens	865	 censured	1	distilbert/distilgpt2	distilbert/distilgpt2	False	6.318321421616702e-09	27.237812042236328
ured	865	 censured	1	distilbert/distilgpt2	distilbert/distilgpt2	False	0.03409339115023613	4.874364376068115
ĠDavid	865	 David	2	distilbert/distilgpt2	distilbert/distilgpt2	False	0.0003948850207962096	11.306280136108398
Ġbecause	865	 because	3	distilbert/distilgpt2	distilbert/distilgpt2	False	0.00016714743105694652	12.546590805053711
Ġhe	865	 he	4	distilbert/distilgpt2	distilbert/distilgpt2	False	0.48286598920822144	1.0503052473068237
Mary	866	Mary	0	distilbert/distilgpt2	distilbert/distilgpt2	False	1.0	0.0
Ġcens	866	 censured	1	distilbert/distilgpt2	distilbert/distilgpt2	False	8.133011597522e-09	26.873563766479492
ured	866	 censured	1	distilbert/distilgpt2	distilbert/distilgpt2	False	0.04336322471499443	4.527384281158447
ĠDavid	866	 David	2	distilbert/distilgpt2	distilbert/distilgpt2	False	0.0003039381990674883	11.683934211730957
Ġbecause	866	 because	3	distilbert/distilgpt2	distilbert/distilgpt2	False	0.00032660935539752245	11.580146789550781
Ġhe	866	 he	4	distilbert/distilgpt2	distilbert/distilgpt2	False	0.4828803241252899	1.050262451171875
John	867	John	0	distilbert/distilgpt2	distilbert/distilgpt2	False	1.0	0.0
Ġcens	867	 censured	1	distilbert/distilgpt2	distilbert/distilgpt2	False	6.318321421616702e-09	27.237812042236328
ured	867	 censured	1	distilbert/distilgpt2	distilbert/distilgpt2	False	0.03409339115023613	4.874364376068115
ĠDavid	867	 David	2	distilbert/distilgpt2	distilbert/distilgpt2	False	0.0003948850207962096	11.306280136108398
Ġbecause	867	 because	3	distilbert/distilgpt2	distilbert/distilgpt2	False	0.00016714743105694652	12.546590805053711
Ġhe	867	 he	4	distilbert/distilgpt2	distilbert/distilgpt2	False	0.48286598920822144	1.0503052473068237
Sarah	868	Sarah	0	distilbert/distilgpt2	distilbert/distilgpt2	False	1.0	0.0
Ġcens	868	 censured	1	distilbert/distilgpt2	distilbert/distilgpt2	False	6.1964571251849065e-09	27.26590919494629
ured	868	 censured	1	distilbert/distilgpt2	distilbert/distilgpt2	False	0.050559647381305695	4.3058695793151855
ĠDavid	868	 David	2	distilbert/distilgpt2	distilbert/distilgpt2	False	0.0005086978781037033	10.940903663635254
Ġbecause	868	 because	3	distilbert/distilgpt2	distilbert/distilgpt2	False	0.00013800643500871956	12.822977066040039
Ġhe	868	 he	4	distilbert/distilgpt2	distilbert/distilgpt2	False	0.4607126712799072	1.118060827255249
David	869	David	0	distilbert/distilgpt2	distilbert/distilgpt2	False	1.0	0.0
Ġcens	869	 censured	1	distilbert/distilgpt2	distilbert/distilgpt2	False	7.931242329561883e-09	26.909805297851562
ured	869	 censured	1	distilbert/distilgpt2	distilbert/distilgpt2	False	0.033525608479976654	4.898592948913574
ĠJohn	869	 John	2	distilbert/distilgpt2	distilbert/distilgpt2	False	0.000941904669161886	10.052131652832031
Ġbecause	869	 because	3	distilbert/distilgpt2	distilbert/distilgpt2	False	0.00018891380750574172	12.36998462677002
Ġhe	869	 he	4	distilbert/distilgpt2	distilbert/distilgpt2	False	0.5102431178092957	0.9707432389259338
Mary	870	Mary	0	distilbert/distilgpt2	distilbert/distilgpt2	False	1.0	0.0
Ġcens	870	 censured	1	distilbert/distilgpt2	distilbert/distilgpt2	False	8.133011597522e-09	26.873563766479492
ured	870	 censured	1	distilbert/distilgpt2	distilbert/distilgpt2	False	0.04336322471499443	4.527384281158447
ĠJohn	870	 John	2	distilbert/distilgpt2	distilbert/distilgpt2	False	0.0004120627709198743	11.244848251342773
Ġbecause	870	 because	3	distilbert/distilgpt2	distilbert/distilgpt2	False	0.0003649216960184276	11.420125007629395
Ġhe	870	 he	4	distilbert/distilgpt2	distilbert/distilgpt2	False	0.520988404750824	0.9406769275665283
David	871	David	0	distilbert/distilgpt2	distilbert/distilgpt2	False	1.0	0.0
Ġcens	871	 censured	1	distilbert/distilgpt2	distilbert/distilgpt2	False	7.931242329561883e-09	26.909805297851562
ured	871	 censured	1	distilbert/distilgpt2	distilbert/distilgpt2	False	0.033525608479976654	4.898592948913574
ĠJohn	871	 John	2	distilbert/distilgpt2	distilbert/distilgpt2	False	0.000941904669161886	10.052131652832031
Ġbecause	871	 because	3	distilbert/distilgpt2	distilbert/distilgpt2	False	0.00018891380750574172	12.36998462677002
Ġhe	871	 he	4	distilbert/distilgpt2	distilbert/distilgpt2	False	0.5102431178092957	0.9707432389259338
Sarah	872	Sarah	0	distilbert/distilgpt2	distilbert/distilgpt2	False	1.0	0.0
Ġcens	872	 censured	1	distilbert/distilgpt2	distilbert/distilgpt2	False	6.1964571251849065e-09	27.26590919494629
ured	872	 censured	1	distilbert/distilgpt2	distilbert/distilgpt2	False	0.050559647381305695	4.3058695793151855
ĠJohn	872	 John	2	distilbert/distilgpt2	distilbert/distilgpt2	False	0.0006438054260797799	10.60108757019043
Ġbecause	872	 because	3	distilbert/distilgpt2	distilbert/distilgpt2	False	0.0003954416315536946	11.304247856140137
Ġhe	872	 he	4	distilbert/distilgpt2	distilbert/distilgpt2	False	0.47536543011665344	1.072891116142273
Mary	873	Mary	0	distilbert/distilgpt2	distilbert/distilgpt2	False	1.0	0.0
Ġcens	873	 censured	1	distilbert/distilgpt2	distilbert/distilgpt2	False	8.133011597522e-09	26.873563766479492
ured	873	 censured	1	distilbert/distilgpt2	distilbert/distilgpt2	False	0.04336322471499443	4.527384281158447
ĠSarah	873	 Sarah	2	distilbert/distilgpt2	distilbert/distilgpt2	False	0.00010570548329269513	13.207662582397461
Ġbecause	873	 because	3	distilbert/distilgpt2	distilbert/distilgpt2	False	0.0010464050574228168	9.90034294128418
Ġshe	873	 she	4	distilbert/distilgpt2	distilbert/distilgpt2	False	0.5181312561035156	0.9486104846000671
John	874	John	0	distilbert/distilgpt2	distilbert/distilgpt2	False	1.0	0.0
Ġcens	874	 censured	1	distilbert/distilgpt2	distilbert/distilgpt2	False	6.318321421616702e-09	27.237812042236328
ured	874	 censured	1	distilbert/distilgpt2	distilbert/distilgpt2	False	0.03409339115023613	4.874364376068115
ĠSarah	874	 Sarah	2	distilbert/distilgpt2	distilbert/distilgpt2	False	0.00013578421203419566	12.846396446228027
Ġbecause	874	 because	3	distilbert/distilgpt2	distilbert/distilgpt2	False	0.00028006802313029766	11.801935195922852
Ġshe	874	 she	4	distilbert/distilgpt2	distilbert/distilgpt2	False	0.5153809785842896	0.9562888145446777
Mary	875	Mary	0	distilbert/distilgpt2	distilbert/distilgpt2	False	1.0	0.0
Ġcens	875	 censured	1	distilbert/distilgpt2	distilbert/distilgpt2	False	8.133011597522e-09	26.873563766479492
ured	875	 censured	1	distilbert/distilgpt2	distilbert/distilgpt2	False	0.04336322471499443	4.527384281158447
ĠSarah	875	 Sarah	2	distilbert/distilgpt2	distilbert/distilgpt2	False	0.00010570548329269513	13.207662582397461
Ġbecause	875	 because	3	distilbert/distilgpt2	distilbert/distilgpt2	False	0.0010464050574228168	9.90034294128418
Ġshe	875	 she	4	distilbert/distilgpt2	distilbert/distilgpt2	False	0.5181312561035156	0.9486104846000671
David	876	David	0	distilbert/distilgpt2	distilbert/distilgpt2	False	1.0	0.0
Ġcens	876	 censured	1	distilbert/distilgpt2	distilbert/distilgpt2	False	7.931242329561883e-09	26.909805297851562
ured	876	 censured	1	distilbert/distilgpt2	distilbert/distilgpt2	False	0.033525608479976654	4.898592948913574
ĠSarah	876	 Sarah	2	distilbert/distilgpt2	distilbert/distilgpt2	False	0.0002476508670952171	11.97940444946289
Ġbecause	876	 because	3	distilbert/distilgpt2	distilbert/distilgpt2	False	0.00016201304970309138	12.591602325439453
Ġshe	876	 she	4	distilbert/distilgpt2	distilbert/distilgpt2	False	0.5052898526191711	0.9848169684410095
Sarah	877	Sarah	0	distilbert/distilgpt2	distilbert/distilgpt2	False	1.0	0.0
Ġcens	877	 censured	1	distilbert/distilgpt2	distilbert/distilgpt2	False	6.1964571251849065e-09	27.26590919494629
ured	877	 censured	1	distilbert/distilgpt2	distilbert/distilgpt2	False	0.050559647381305695	4.3058695793151855
ĠMary	877	 Mary	2	distilbert/distilgpt2	distilbert/distilgpt2	False	0.00016806588973850012	12.53868579864502
Ġbecause	877	 because	3	distilbert/distilgpt2	distilbert/distilgpt2	False	0.0010593467159196734	9.882609367370605
Ġshe	877	 she	4	distilbert/distilgpt2	distilbert/distilgpt2	False	0.4233565330505371	1.240054965019226
John	878	John	0	distilbert/distilgpt2	distilbert/distilgpt2	False	1.0	0.0
Ġcens	878	 censured	1	distilbert/distilgpt2	distilbert/distilgpt2	False	6.318321421616702e-09	27.237812042236328
ured	878	 censured	1	distilbert/distilgpt2	distilbert/distilgpt2	False	0.03409339115023613	4.874364376068115
ĠMary	878	 Mary	2	distilbert/distilgpt2	distilbert/distilgpt2	False	0.0001028007100103423	13.247861862182617
Ġbecause	878	 because	3	distilbert/distilgpt2	distilbert/distilgpt2	False	0.0012429342605173588	9.652034759521484
Ġshe	878	 she	4	distilbert/distilgpt2	distilbert/distilgpt2	False	0.46713870763778687	1.0980771780014038
Sarah	879	Sarah	0	distilbert/distilgpt2	distilbert/distilgpt2	False	1.0	0.0
Ġcens	879	 censured	1	distilbert/distilgpt2	distilbert/distilgpt2	False	6.1964571251849065e-09	27.26590919494629
ured	879	 censured	1	distilbert/distilgpt2	distilbert/distilgpt2	False	0.050559647381305695	4.3058695793151855
ĠMary	879	 Mary	2	distilbert/distilgpt2	distilbert/distilgpt2	False	0.00016806588973850012	12.53868579864502
Ġbecause	879	 because	3	distilbert/distilgpt2	distilbert/distilgpt2	False	0.0010593467159196734	9.882609367370605
Ġshe	879	 she	4	distilbert/distilgpt2	distilbert/distilgpt2	False	0.4233565330505371	1.240054965019226
David	880	David	0	distilbert/distilgpt2	distilbert/distilgpt2	False	1.0	0.0
Ġcens	880	 censured	1	distilbert/distilgpt2	distilbert/distilgpt2	False	7.931242329561883e-09	26.909805297851562
ured	880	 censured	1	distilbert/distilgpt2	distilbert/distilgpt2	False	0.033525608479976654	4.898592948913574
ĠMary	880	 Mary	2	distilbert/distilgpt2	distilbert/distilgpt2	False	0.00014802695659454912	12.72185230255127
Ġbecause	880	 because	3	distilbert/distilgpt2	distilbert/distilgpt2	False	0.0005916037480346859	10.7230806350708
Ġshe	880	 she	4	distilbert/distilgpt2	distilbert/distilgpt2	False	0.455106645822525	1.1357234716415405
John	881	John	0	distilbert/distilgpt2	distilbert/distilgpt2	False	1.0	0.0
Ġchar	881	 charmed	1	distilbert/distilgpt2	distilbert/distilgpt2	False	7.550900136266137e-07	20.33684730529785
med	881	 charmed	1	distilbert/distilgpt2	distilbert/distilgpt2	False	0.018787408247590065	5.7340898513793945
ĠDavid	881	 David	2	distilbert/distilgpt2	distilbert/distilgpt2	False	0.000401156343286857	11.283547401428223
Ġbecause	881	 because	3	distilbert/distilgpt2	distilbert/distilgpt2	False	0.0005798663478344679	10.751992225646973
Ġhe	881	 he	4	distilbert/distilgpt2	distilbert/distilgpt2	False	0.5123934745788574	0.9646760821342468
Mary	882	Mary	0	distilbert/distilgpt2	distilbert/distilgpt2	False	1.0	0.0
Ġchar	882	 charmed	1	distilbert/distilgpt2	distilbert/distilgpt2	False	8.6815310851307e-07	20.135547637939453
med	882	 charmed	1	distilbert/distilgpt2	distilbert/distilgpt2	False	0.022177232429385185	5.494776725769043
ĠDavid	882	 David	2	distilbert/distilgpt2	distilbert/distilgpt2	False	0.00017885419947560877	12.448928833007812
Ġbecause	882	 because	3	distilbert/distilgpt2	distilbert/distilgpt2	False	0.0005546521279029548	10.816129684448242
Ġhe	882	 he	4	distilbert/distilgpt2	distilbert/distilgpt2	False	0.5202459096908569	0.94273442029953
John	883	John	0	distilbert/distilgpt2	distilbert/distilgpt2	False	1.0	0.0
Ġchar	883	 charmed	1	distilbert/distilgpt2	distilbert/distilgpt2	False	7.550900136266137e-07	20.33684730529785
med	883	 charmed	1	distilbert/distilgpt2	distilbert/distilgpt2	False	0.018787408247590065	5.7340898513793945
ĠDavid	883	 David	2	distilbert/distilgpt2	distilbert/distilgpt2	False	0.000401156343286857	11.283547401428223
Ġbecause	883	 because	3	distilbert/distilgpt2	distilbert/distilgpt2	False	0.0005798663478344679	10.751992225646973
Ġhe	883	 he	4	distilbert/distilgpt2	distilbert/distilgpt2	False	0.5123934745788574	0.9646760821342468
Sarah	884	Sarah	0	distilbert/distilgpt2	distilbert/distilgpt2	False	1.0	0.0
Ġchar	884	 charmed	1	distilbert/distilgpt2	distilbert/distilgpt2	False	7.076043289089284e-07	20.430553436279297
med	884	 charmed	1	distilbert/distilgpt2	distilbert/distilgpt2	False	0.050103843212127686	4.318934917449951
ĠDavid	884	 David	2	distilbert/distilgpt2	distilbert/distilgpt2	False	0.00033998535946011543	11.522239685058594
Ġbecause	884	 because	3	distilbert/distilgpt2	distilbert/distilgpt2	False	0.000592419586610049	10.72109317779541
Ġhe	884	 he	4	distilbert/distilgpt2	distilbert/distilgpt2	False	0.5190390944480896	0.9460849761962891
David	885	David	0	distilbert/distilgpt2	distilbert/distilgpt2	False	1.0	0.0
Ġchar	885	 charmed	1	distilbert/distilgpt2	distilbert/distilgpt2	False	7.804177357684239e-07	20.289249420166016
med	885	 charmed	1	distilbert/distilgpt2	distilbert/distilgpt2	False	0.03698626160621643	4.756866931915283
ĠJohn	885	 John	2	distilbert/distilgpt2	distilbert/distilgpt2	False	0.0011804333189502358	9.726468086242676
Ġbecause	885	 because	3	distilbert/distilgpt2	distilbert/distilgpt2	False	0.0005021264078095555	10.959661483764648
Ġhe	885	 he	4	distilbert/distilgpt2	distilbert/distilgpt2	False	0.5130518078804016	0.9628236293792725
Mary	886	Mary	0	distilbert/distilgpt2	distilbert/distilgpt2	False	1.0	0.0
Ġchar	886	 charmed	1	distilbert/distilgpt2	distilbert/distilgpt2	False	8.6815310851307e-07	20.135547637939453
med	886	 charmed	1	distilbert/distilgpt2	distilbert/distilgpt2	False	0.022177232429385185	5.494776725769043
ĠJohn	886	 John	2	distilbert/distilgpt2	distilbert/distilgpt2	False	0.0008124357555061579	10.265459060668945
Ġbecause	886	 because	3	distilbert/distilgpt2	distilbert/distilgpt2	False	0.0005859271623194218	10.736990928649902
Ġhe	886	 he	4	distilbert/distilgpt2	distilbert/distilgpt2	False	0.5556078553199768	0.847861111164093
David	887	David	0	distilbert/distilgpt2	distilbert/distilgpt2	False	1.0	0.0
Ġchar	887	 charmed	1	distilbert/distilgpt2	distilbert/distilgpt2	False	7.804177357684239e-07	20.289249420166016
med	887	 charmed	1	distilbert/distilgpt2	distilbert/distilgpt2	False	0.03698626160621643	4.756866931915283
ĠJohn	887	 John	2	distilbert/distilgpt2	distilbert/distilgpt2	False	0.0011804333189502358	9.726468086242676
Ġbecause	887	 because	3	distilbert/distilgpt2	distilbert/distilgpt2	False	0.0005021264078095555	10.959661483764648
Ġhe	887	 he	4	distilbert/distilgpt2	distilbert/distilgpt2	False	0.5130518078804016	0.9628236293792725
Sarah	888	Sarah	0	distilbert/distilgpt2	distilbert/distilgpt2	False	1.0	0.0
Ġchar	888	 charmed	1	distilbert/distilgpt2	distilbert/distilgpt2	False	7.076043289089284e-07	20.430553436279297
med	888	 charmed	1	distilbert/distilgpt2	distilbert/distilgpt2	False	0.050103843212127686	4.318934917449951
ĠJohn	888	 John	2	distilbert/distilgpt2	distilbert/distilgpt2	False	0.0007336424896493554	10.41263484954834
Ġbecause	888	 because	3	distilbert/distilgpt2	distilbert/distilgpt2	False	0.0011137309484183788	9.810383796691895
Ġhe	888	 he	4	distilbert/distilgpt2	distilbert/distilgpt2	False	0.533236563205719	0.9071524143218994
Mary	889	Mary	0	distilbert/distilgpt2	distilbert/distilgpt2	False	1.0	0.0
Ġchar	889	 charmed	1	distilbert/distilgpt2	distilbert/distilgpt2	False	8.6815310851307e-07	20.135547637939453
med	889	 charmed	1	distilbert/distilgpt2	distilbert/distilgpt2	False	0.022177232429385185	5.494776725769043
ĠSarah	889	 Sarah	2	distilbert/distilgpt2	distilbert/distilgpt2	False	0.00014797021867707372	12.722405433654785
Ġbecause	889	 because	3	distilbert/distilgpt2	distilbert/distilgpt2	False	0.001756304525770247	9.153241157531738
Ġshe	889	 she	4	distilbert/distilgpt2	distilbert/distilgpt2	False	0.5638006329536438	0.8267430663108826
John	890	John	0	distilbert/distilgpt2	distilbert/distilgpt2	False	1.0	0.0
Ġchar	890	 charmed	1	distilbert/distilgpt2	distilbert/distilgpt2	False	7.550900136266137e-07	20.33684730529785
med	890	 charmed	1	distilbert/distilgpt2	distilbert/distilgpt2	False	0.018787408247590065	5.7340898513793945
ĠSarah	890	 Sarah	2	distilbert/distilgpt2	distilbert/distilgpt2	False	0.0002378042263444513	12.037938117980957
Ġbecause	890	 because	3	distilbert/distilgpt2	distilbert/distilgpt2	False	0.0016602338291704655	9.234397888183594
Ġshe	890	 she	4	distilbert/distilgpt2	distilbert/distilgpt2	False	0.5233691334724426	0.9340992569923401
Mary	891	Mary	0	distilbert/distilgpt2	distilbert/distilgpt2	False	1.0	0.0
Ġchar	891	 charmed	1	distilbert/distilgpt2	distilbert/distilgpt2	False	8.6815310851307e-07	20.135547637939453
med	891	 charmed	1	distilbert/distilgpt2	distilbert/distilgpt2	False	0.022177232429385185	5.494776725769043
ĠSarah	891	 Sarah	2	distilbert/distilgpt2	distilbert/distilgpt2	False	0.00014797021867707372	12.722405433654785
Ġbecause	891	 because	3	distilbert/distilgpt2	distilbert/distilgpt2	False	0.001756304525770247	9.153241157531738
Ġshe	891	 she	4	distilbert/distilgpt2	distilbert/distilgpt2	False	0.5638006329536438	0.8267430663108826
David	892	David	0	distilbert/distilgpt2	distilbert/distilgpt2	False	1.0	0.0
Ġchar	892	 charmed	1	distilbert/distilgpt2	distilbert/distilgpt2	False	7.804177357684239e-07	20.289249420166016
med	892	 charmed	1	distilbert/distilgpt2	distilbert/distilgpt2	False	0.03698626160621643	4.756866931915283
ĠSarah	892	 Sarah	2	distilbert/distilgpt2	distilbert/distilgpt2	False	0.0002414682530798018	12.015878677368164
Ġbecause	892	 because	3	distilbert/distilgpt2	distilbert/distilgpt2	False	0.0011495250510051847	9.76474666595459
Ġshe	892	 she	4	distilbert/distilgpt2	distilbert/distilgpt2	False	0.5021583437919617	0.9937858581542969
Sarah	893	Sarah	0	distilbert/distilgpt2	distilbert/distilgpt2	False	1.0	0.0
Ġchar	893	 charmed	1	distilbert/distilgpt2	distilbert/distilgpt2	False	7.076043289089284e-07	20.430553436279297
med	893	 charmed	1	distilbert/distilgpt2	distilbert/distilgpt2	False	0.050103843212127686	4.318934917449951
ĠMary	893	 Mary	2	distilbert/distilgpt2	distilbert/distilgpt2	False	0.0002175004774471745	12.166693687438965
Ġbecause	893	 because	3	distilbert/distilgpt2	distilbert/distilgpt2	False	0.0010164002887904644	9.942316055297852
Ġshe	893	 she	4	distilbert/distilgpt2	distilbert/distilgpt2	False	0.5096285939216614	0.972481906414032
John	894	John	0	distilbert/distilgpt2	distilbert/distilgpt2	False	1.0	0.0
Ġchar	894	 charmed	1	distilbert/distilgpt2	distilbert/distilgpt2	False	7.550900136266137e-07	20.33684730529785
med	894	 charmed	1	distilbert/distilgpt2	distilbert/distilgpt2	False	0.018787408247590065	5.7340898513793945
ĠMary	894	 Mary	2	distilbert/distilgpt2	distilbert/distilgpt2	False	0.0002786392578855157	11.809313774108887
Ġbecause	894	 because	3	distilbert/distilgpt2	distilbert/distilgpt2	False	0.0013710599159821868	9.510492324829102
Ġshe	894	 she	4	distilbert/distilgpt2	distilbert/distilgpt2	False	0.4968957006931305	1.0089850425720215
Sarah	895	Sarah	0	distilbert/distilgpt2	distilbert/distilgpt2	False	1.0	0.0
Ġchar	895	 charmed	1	distilbert/distilgpt2	distilbert/distilgpt2	False	7.076043289089284e-07	20.430553436279297
med	895	 charmed	1	distilbert/distilgpt2	distilbert/distilgpt2	False	0.050103843212127686	4.318934917449951
ĠMary	895	 Mary	2	distilbert/distilgpt2	distilbert/distilgpt2	False	0.0002175004774471745	12.166693687438965
Ġbecause	895	 because	3	distilbert/distilgpt2	distilbert/distilgpt2	False	0.0010164002887904644	9.942316055297852
Ġshe	895	 she	4	distilbert/distilgpt2	distilbert/distilgpt2	False	0.5096285939216614	0.972481906414032
David	896	David	0	distilbert/distilgpt2	distilbert/distilgpt2	False	1.0	0.0
Ġchar	896	 charmed	1	distilbert/distilgpt2	distilbert/distilgpt2	False	7.804177357684239e-07	20.289249420166016
med	896	 charmed	1	distilbert/distilgpt2	distilbert/distilgpt2	False	0.03698626160621643	4.756866931915283
ĠMary	896	 Mary	2	distilbert/distilgpt2	distilbert/distilgpt2	False	0.00026146520394831896	11.901093482971191
Ġbecause	896	 because	3	distilbert/distilgpt2	distilbert/distilgpt2	False	0.0007059547351673245	10.46813678741455
Ġshe	896	 she	4	distilbert/distilgpt2	distilbert/distilgpt2	False	0.48568740487098694	1.0419000387191772
John	897	John	0	distilbert/distilgpt2	distilbert/distilgpt2	False	1.0	0.0
Ġchased	897	 chased	1	distilbert/distilgpt2	distilbert/distilgpt2	False	2.6926606722099677e-08	25.146392822265625
ĠDavid	897	 David	2	distilbert/distilgpt2	distilbert/distilgpt2	False	0.00015504883776884526	12.654990196228027
Ġbecause	897	 because	3	distilbert/distilgpt2	distilbert/distilgpt2	False	0.0003809327899944037	11.358176231384277
Ġhe	897	 he	4	distilbert/distilgpt2	distilbert/distilgpt2	False	0.48220252990722656	1.0522888898849487
Mary	898	Mary	0	distilbert/distilgpt2	distilbert/distilgpt2	False	1.0	0.0
Ġchased	898	 chased	1	distilbert/distilgpt2	distilbert/distilgpt2	False	3.388043978702626e-08	24.814971923828125
ĠDavid	898	 David	2	distilbert/distilgpt2	distilbert/distilgpt2	False	9.43228296819143e-05	13.37203311920166
Ġbecause	898	 because	3	distilbert/distilgpt2	distilbert/distilgpt2	False	0.0005554837407544255	10.81396770477295
Ġhe	898	 he	4	distilbert/distilgpt2	distilbert/distilgpt2	False	0.4738583564758301	1.07747220993042
John	899	John	0	distilbert/distilgpt2	distilbert/distilgpt2	False	1.0	0.0
Ġchased	899	 chased	1	distilbert/distilgpt2	distilbert/distilgpt2	False	2.6926606722099677e-08	25.146392822265625
ĠDavid	899	 David	2	distilbert/distilgpt2	distilbert/distilgpt2	False	0.00015504883776884526	12.654990196228027
Ġbecause	899	 because	3	distilbert/distilgpt2	distilbert/distilgpt2	False	0.0003809327899944037	11.358176231384277
Ġhe	899	 he	4	distilbert/distilgpt2	distilbert/distilgpt2	False	0.48220252990722656	1.0522888898849487
Sarah	900	Sarah	0	distilbert/distilgpt2	distilbert/distilgpt2	False	1.0	0.0
Ġchased	900	 chased	1	distilbert/distilgpt2	distilbert/distilgpt2	False	3.147036764516997e-08	24.921430587768555
ĠDavid	900	 David	2	distilbert/distilgpt2	distilbert/distilgpt2	False	0.00014181993901729584	12.783652305603027
Ġbecause	900	 because	3	distilbert/distilgpt2	distilbert/distilgpt2	False	0.00038249813951551914	11.352259635925293
Ġhe	900	 he	4	distilbert/distilgpt2	distilbert/distilgpt2	False	0.48352110385894775	1.0483492612838745
David	901	David	0	distilbert/distilgpt2	distilbert/distilgpt2	False	1.0	0.0
Ġchased	901	 chased	1	distilbert/distilgpt2	distilbert/distilgpt2	False	2.881769844975679e-08	25.04846954345703
ĠJohn	901	 John	2	distilbert/distilgpt2	distilbert/distilgpt2	False	0.0003042136668227613	11.68262767791748
Ġbecause	901	 because	3	distilbert/distilgpt2	distilbert/distilgpt2	False	0.0010092045413330197	9.952566146850586
Ġhe	901	 he	4	distilbert/distilgpt2	distilbert/distilgpt2	False	0.4628284275531769	1.1114506721496582
Mary	902	Mary	0	distilbert/distilgpt2	distilbert/distilgpt2	False	1.0	0.0
Ġchased	902	 chased	1	distilbert/distilgpt2	distilbert/distilgpt2	False	3.388043978702626e-08	24.814971923828125
ĠJohn	902	 John	2	distilbert/distilgpt2	distilbert/distilgpt2	False	0.00028964283410459757	11.753437042236328
Ġbecause	902	 because	3	distilbert/distilgpt2	distilbert/distilgpt2	False	0.002078370191156864	8.910331726074219
Ġhe	902	 he	4	distilbert/distilgpt2	distilbert/distilgpt2	False	0.47522255778312683	1.0733247995376587
David	903	David	0	distilbert/distilgpt2	distilbert/distilgpt2	False	1.0	0.0
Ġchased	903	 chased	1	distilbert/distilgpt2	distilbert/distilgpt2	False	2.881769844975679e-08	25.04846954345703
ĠJohn	903	 John	2	distilbert/distilgpt2	distilbert/distilgpt2	False	0.0003042136668227613	11.68262767791748
Ġbecause	903	 because	3	distilbert/distilgpt2	distilbert/distilgpt2	False	0.0010092045413330197	9.952566146850586
Ġhe	903	 he	4	distilbert/distilgpt2	distilbert/distilgpt2	False	0.4628284275531769	1.1114506721496582
Sarah	904	Sarah	0	distilbert/distilgpt2	distilbert/distilgpt2	False	1.0	0.0
Ġchased	904	 chased	1	distilbert/distilgpt2	distilbert/distilgpt2	False	3.147036764516997e-08	24.921430587768555
ĠJohn	904	 John	2	distilbert/distilgpt2	distilbert/distilgpt2	False	0.0003155572048854083	11.629810333251953
Ġbecause	904	 because	3	distilbert/distilgpt2	distilbert/distilgpt2	False	0.002275097416713834	8.779855728149414
Ġhe	904	 he	4	distilbert/distilgpt2	distilbert/distilgpt2	False	0.46347811818122864	1.1094268560409546
Mary	905	Mary	0	distilbert/distilgpt2	distilbert/distilgpt2	False	1.0	0.0
Ġchased	905	 chased	1	distilbert/distilgpt2	distilbert/distilgpt2	False	3.388043978702626e-08	24.814971923828125
ĠSarah	905	 Sarah	2	distilbert/distilgpt2	distilbert/distilgpt2	False	8.432303002336994e-05	13.533713340759277
Ġbecause	905	 because	3	distilbert/distilgpt2	distilbert/distilgpt2	False	0.002113898051902652	8.885878562927246
Ġshe	905	 she	4	distilbert/distilgpt2	distilbert/distilgpt2	False	0.478741317987442	1.062681794166565
John	906	John	0	distilbert/distilgpt2	distilbert/distilgpt2	False	1.0	0.0
Ġchased	906	 chased	1	distilbert/distilgpt2	distilbert/distilgpt2	False	2.6926606722099677e-08	25.146392822265625
ĠSarah	906	 Sarah	2	distilbert/distilgpt2	distilbert/distilgpt2	False	0.00012600958871189505	12.954178810119629
Ġbecause	906	 because	3	distilbert/distilgpt2	distilbert/distilgpt2	False	0.001874421606771648	9.059338569641113
Ġshe	906	 she	4	distilbert/distilgpt2	distilbert/distilgpt2	False	0.45791372656822205	1.12685227394104
Mary	907	Mary	0	distilbert/distilgpt2	distilbert/distilgpt2	False	1.0	0.0
Ġchased	907	 chased	1	distilbert/distilgpt2	distilbert/distilgpt2	False	3.388043978702626e-08	24.814971923828125
ĠSarah	907	 Sarah	2	distilbert/distilgpt2	distilbert/distilgpt2	False	8.432303002336994e-05	13.533713340759277
Ġbecause	907	 because	3	distilbert/distilgpt2	distilbert/distilgpt2	False	0.002113898051902652	8.885878562927246
Ġshe	907	 she	4	distilbert/distilgpt2	distilbert/distilgpt2	False	0.478741317987442	1.062681794166565
David	908	David	0	distilbert/distilgpt2	distilbert/distilgpt2	False	1.0	0.0
Ġchased	908	 chased	1	distilbert/distilgpt2	distilbert/distilgpt2	False	2.881769844975679e-08	25.04846954345703
ĠSarah	908	 Sarah	2	distilbert/distilgpt2	distilbert/distilgpt2	False	7.498601189581677e-05	13.703019142150879
Ġbecause	908	 because	3	distilbert/distilgpt2	distilbert/distilgpt2	False	0.0012531778775155544	9.640192985534668
Ġshe	908	 she	4	distilbert/distilgpt2	distilbert/distilgpt2	False	0.461554616689682	1.115426778793335
Sarah	909	Sarah	0	distilbert/distilgpt2	distilbert/distilgpt2	False	1.0	0.0
Ġchased	909	 chased	1	distilbert/distilgpt2	distilbert/distilgpt2	False	3.147036764516997e-08	24.921430587768555
ĠMary	909	 Mary	2	distilbert/distilgpt2	distilbert/distilgpt2	False	0.00023538230743724853	12.052706718444824
Ġbecause	909	 because	3	distilbert/distilgpt2	distilbert/distilgpt2	False	0.0016630053287371993	9.2319917678833
Ġshe	909	 she	4	distilbert/distilgpt2	distilbert/distilgpt2	False	0.43736302852630615	1.1930968761444092
John	910	John	0	distilbert/distilgpt2	distilbert/distilgpt2	False	1.0	0.0
Ġchased	910	 chased	1	distilbert/distilgpt2	distilbert/distilgpt2	False	2.6926606722099677e-08	25.146392822265625
ĠMary	910	 Mary	2	distilbert/distilgpt2	distilbert/distilgpt2	False	0.00025392178213223815	11.943327903747559
Ġbecause	910	 because	3	distilbert/distilgpt2	distilbert/distilgpt2	False	0.0018898958805948496	9.047477722167969
Ġshe	910	 she	4	distilbert/distilgpt2	distilbert/distilgpt2	False	0.41854217648506165	1.2565550804138184
Sarah	911	Sarah	0	distilbert/distilgpt2	distilbert/distilgpt2	False	1.0	0.0
Ġchased	911	 chased	1	distilbert/distilgpt2	distilbert/distilgpt2	False	3.147036764516997e-08	24.921430587768555
ĠMary	911	 Mary	2	distilbert/distilgpt2	distilbert/distilgpt2	False	0.00023538230743724853	12.052706718444824
Ġbecause	911	 because	3	distilbert/distilgpt2	distilbert/distilgpt2	False	0.0016630053287371993	9.2319917678833
Ġshe	911	 she	4	distilbert/distilgpt2	distilbert/distilgpt2	False	0.43736302852630615	1.1930968761444092
David	912	David	0	distilbert/distilgpt2	distilbert/distilgpt2	False	1.0	0.0
Ġchased	912	 chased	1	distilbert/distilgpt2	distilbert/distilgpt2	False	2.881769844975679e-08	25.04846954345703
ĠMary	912	 Mary	2	distilbert/distilgpt2	distilbert/distilgpt2	False	0.0001487377448938787	12.71494197845459
Ġbecause	912	 because	3	distilbert/distilgpt2	distilbert/distilgpt2	False	0.0011279521277174354	9.792078018188477
Ġshe	912	 she	4	distilbert/distilgpt2	distilbert/distilgpt2	False	0.4167667031288147	1.262688159942627
John	913	John	0	distilbert/distilgpt2	distilbert/distilgpt2	False	1.0	0.0
Ġchast	913	 chastened	1	distilbert/distilgpt2	distilbert/distilgpt2	False	1.1871825300602268e-08	26.327882766723633
ened	913	 chastened	1	distilbert/distilgpt2	distilbert/distilgpt2	False	0.018795771524310112	5.733448028564453
ĠDavid	913	 David	2	distilbert/distilgpt2	distilbert/distilgpt2	False	0.0012660481734201312	9.625452041625977
Ġbecause	913	 because	3	distilbert/distilgpt2	distilbert/distilgpt2	False	0.0003115256258752197	11.648361206054688
Ġhe	913	 he	4	distilbert/distilgpt2	distilbert/distilgpt2	False	0.39955273270606995	1.3235422372817993
Mary	914	Mary	0	distilbert/distilgpt2	distilbert/distilgpt2	False	1.0	0.0
Ġchast	914	 chastened	1	distilbert/distilgpt2	distilbert/distilgpt2	False	1.6688748161186595e-08	25.836549758911133
ened	914	 chastened	1	distilbert/distilgpt2	distilbert/distilgpt2	False	0.031086042523384094	5.007589340209961
ĠDavid	914	 David	2	distilbert/distilgpt2	distilbert/distilgpt2	False	0.0007692218059673905	10.34431266784668
Ġbecause	914	 because	3	distilbert/distilgpt2	distilbert/distilgpt2	False	0.0007546477718278766	10.371909141540527
Ġhe	914	 he	4	distilbert/distilgpt2	distilbert/distilgpt2	False	0.4252219796180725	1.2337119579315186
John	915	John	0	distilbert/distilgpt2	distilbert/distilgpt2	False	1.0	0.0
Ġchast	915	 chastened	1	distilbert/distilgpt2	distilbert/distilgpt2	False	1.1871825300602268e-08	26.327882766723633
ened	915	 chastened	1	distilbert/distilgpt2	distilbert/distilgpt2	False	0.018795771524310112	5.733448028564453
ĠDavid	915	 David	2	distilbert/distilgpt2	distilbert/distilgpt2	False	0.0012660481734201312	9.625452041625977
Ġbecause	915	 because	3	distilbert/distilgpt2	distilbert/distilgpt2	False	0.0003115256258752197	11.648361206054688
Ġhe	915	 he	4	distilbert/distilgpt2	distilbert/distilgpt2	False	0.39955273270606995	1.3235422372817993
Sarah	916	Sarah	0	distilbert/distilgpt2	distilbert/distilgpt2	False	1.0	0.0
Ġchast	916	 chastened	1	distilbert/distilgpt2	distilbert/distilgpt2	False	1.3543499655099822e-08	26.13782501220703
ened	916	 chastened	1	distilbert/distilgpt2	distilbert/distilgpt2	False	0.008312327787280083	6.910531997680664
ĠDavid	916	 David	2	distilbert/distilgpt2	distilbert/distilgpt2	False	0.0009850049391388893	9.987581253051758
Ġbecause	916	 because	3	distilbert/distilgpt2	distilbert/distilgpt2	False	0.0003288048319518566	11.570481300354004
Ġhe	916	 he	4	distilbert/distilgpt2	distilbert/distilgpt2	False	0.4095155596733093	1.2880098819732666
David	917	David	0	distilbert/distilgpt2	distilbert/distilgpt2	False	1.0	0.0
Ġchast	917	 chastened	1	distilbert/distilgpt2	distilbert/distilgpt2	False	1.5314659762566407e-08	25.960512161254883
ened	917	 chastened	1	distilbert/distilgpt2	distilbert/distilgpt2	False	0.013904420658946037	6.1683125495910645
ĠJohn	917	 John	2	distilbert/distilgpt2	distilbert/distilgpt2	False	0.0016975462203845382	9.202333450317383
Ġbecause	917	 because	3	distilbert/distilgpt2	distilbert/distilgpt2	False	0.00013697752729058266	12.833773612976074
Ġhe	917	 he	4	distilbert/distilgpt2	distilbert/distilgpt2	False	0.4227229058742523	1.242215871810913
Mary	918	Mary	0	distilbert/distilgpt2	distilbert/distilgpt2	False	1.0	0.0
Ġchast	918	 chastened	1	distilbert/distilgpt2	distilbert/distilgpt2	False	1.6688748161186595e-08	25.836549758911133
ened	918	 chastened	1	distilbert/distilgpt2	distilbert/distilgpt2	False	0.031086042523384094	5.007589340209961
ĠJohn	918	 John	2	distilbert/distilgpt2	distilbert/distilgpt2	False	0.0014753341674804688	9.404742240905762
Ġbecause	918	 because	3	distilbert/distilgpt2	distilbert/distilgpt2	False	0.0008354885503649712	10.225091934204102
Ġhe	918	 he	4	distilbert/distilgpt2	distilbert/distilgpt2	False	0.45572590827941895	1.1337617635726929
David	919	David	0	distilbert/distilgpt2	distilbert/distilgpt2	False	1.0	0.0
Ġchast	919	 chastened	1	distilbert/distilgpt2	distilbert/distilgpt2	False	1.5314659762566407e-08	25.960512161254883
ened	919	 chastened	1	distilbert/distilgpt2	distilbert/distilgpt2	False	0.013904420658946037	6.1683125495910645
ĠJohn	919	 John	2	distilbert/distilgpt2	distilbert/distilgpt2	False	0.0016975462203845382	9.202333450317383
Ġbecause	919	 because	3	distilbert/distilgpt2	distilbert/distilgpt2	False	0.00013697752729058266	12.833773612976074
Ġhe	919	 he	4	distilbert/distilgpt2	distilbert/distilgpt2	False	0.4227229058742523	1.242215871810913
Sarah	920	Sarah	0	distilbert/distilgpt2	distilbert/distilgpt2	False	1.0	0.0
Ġchast	920	 chastened	1	distilbert/distilgpt2	distilbert/distilgpt2	False	1.3543499655099822e-08	26.13782501220703
ened	920	 chastened	1	distilbert/distilgpt2	distilbert/distilgpt2	False	0.008312327787280083	6.910531997680664
ĠJohn	920	 John	2	distilbert/distilgpt2	distilbert/distilgpt2	False	0.001477979589253664	9.4021577835083
Ġbecause	920	 because	3	distilbert/distilgpt2	distilbert/distilgpt2	False	0.0007239372353069484	10.43184757232666
Ġhe	920	 he	4	distilbert/distilgpt2	distilbert/distilgpt2	False	0.4253459572792053	1.2332913875579834
Mary	921	Mary	0	distilbert/distilgpt2	distilbert/distilgpt2	False	1.0	0.0
Ġchast	921	 chastened	1	distilbert/distilgpt2	distilbert/distilgpt2	False	1.6688748161186595e-08	25.836549758911133
ened	921	 chastened	1	distilbert/distilgpt2	distilbert/distilgpt2	False	0.031086042523384094	5.007589340209961
ĠSarah	921	 Sarah	2	distilbert/distilgpt2	distilbert/distilgpt2	False	0.00033359185908921063	11.549628257751465
Ġbecause	921	 because	3	distilbert/distilgpt2	distilbert/distilgpt2	False	0.003050002036616206	8.356973648071289
Ġshe	921	 she	4	distilbert/distilgpt2	distilbert/distilgpt2	False	0.5179250836372375	0.949184775352478
John	922	John	0	distilbert/distilgpt2	distilbert/distilgpt2	False	1.0	0.0
Ġchast	922	 chastened	1	distilbert/distilgpt2	distilbert/distilgpt2	False	1.1871825300602268e-08	26.327882766723633
ened	922	 chastened	1	distilbert/distilgpt2	distilbert/distilgpt2	False	0.018795771524310112	5.733448028564453
ĠSarah	922	 Sarah	2	distilbert/distilgpt2	distilbert/distilgpt2	False	0.0004012072167824954	11.283365249633789
Ġbecause	922	 because	3	distilbert/distilgpt2	distilbert/distilgpt2	False	0.0008370880386792123	10.222332954406738
Ġshe	922	 she	4	distilbert/distilgpt2	distilbert/distilgpt2	False	0.4568687379360199	1.1301484107971191
Mary	923	Mary	0	distilbert/distilgpt2	distilbert/distilgpt2	False	1.0	0.0
Ġchast	923	 chastened	1	distilbert/distilgpt2	distilbert/distilgpt2	False	1.6688748161186595e-08	25.836549758911133
ened	923	 chastened	1	distilbert/distilgpt2	distilbert/distilgpt2	False	0.031086042523384094	5.007589340209961
ĠSarah	923	 Sarah	2	distilbert/distilgpt2	distilbert/distilgpt2	False	0.00033359185908921063	11.549628257751465
Ġbecause	923	 because	3	distilbert/distilgpt2	distilbert/distilgpt2	False	0.003050002036616206	8.356973648071289
Ġshe	923	 she	4	distilbert/distilgpt2	distilbert/distilgpt2	False	0.5179250836372375	0.949184775352478
David	924	David	0	distilbert/distilgpt2	distilbert/distilgpt2	False	1.0	0.0
Ġchast	924	 chastened	1	distilbert/distilgpt2	distilbert/distilgpt2	False	1.5314659762566407e-08	25.960512161254883
ened	924	 chastened	1	distilbert/distilgpt2	distilbert/distilgpt2	False	0.013904420658946037	6.1683125495910645
ĠSarah	924	 Sarah	2	distilbert/distilgpt2	distilbert/distilgpt2	False	0.0002960918936878443	11.721667289733887
Ġbecause	924	 because	3	distilbert/distilgpt2	distilbert/distilgpt2	False	0.00023687079374212772	12.043612480163574
Ġshe	924	 she	4	distilbert/distilgpt2	distilbert/distilgpt2	False	0.41611480712890625	1.264946460723877
Sarah	925	Sarah	0	distilbert/distilgpt2	distilbert/distilgpt2	False	1.0	0.0
Ġchast	925	 chastened	1	distilbert/distilgpt2	distilbert/distilgpt2	False	1.3543499655099822e-08	26.13782501220703
ened	925	 chastened	1	distilbert/distilgpt2	distilbert/distilgpt2	False	0.008312327787280083	6.910531997680664
ĠMary	925	 Mary	2	distilbert/distilgpt2	distilbert/distilgpt2	False	0.0004203773569315672	11.21602725982666
Ġbecause	925	 because	3	distilbert/distilgpt2	distilbert/distilgpt2	False	0.0021956213749945164	8.831154823303223
Ġshe	925	 she	4	distilbert/distilgpt2	distilbert/distilgpt2	False	0.4242345094680786	1.2370661497116089
John	926	John	0	distilbert/distilgpt2	distilbert/distilgpt2	False	1.0	0.0
Ġchast	926	 chastened	1	distilbert/distilgpt2	distilbert/distilgpt2	False	1.1871825300602268e-08	26.327882766723633
ened	926	 chastened	1	distilbert/distilgpt2	distilbert/distilgpt2	False	0.018795771524310112	5.733448028564453
ĠMary	926	 Mary	2	distilbert/distilgpt2	distilbert/distilgpt2	False	0.0004938322817906737	10.983691215515137
Ġbecause	926	 because	3	distilbert/distilgpt2	distilbert/distilgpt2	False	0.003122798167169094	8.322944641113281
Ġshe	926	 she	4	distilbert/distilgpt2	distilbert/distilgpt2	False	0.4399978220462799	1.184431791305542
Sarah	927	Sarah	0	distilbert/distilgpt2	distilbert/distilgpt2	False	1.0	0.0
Ġchast	927	 chastened	1	distilbert/distilgpt2	distilbert/distilgpt2	False	1.3543499655099822e-08	26.13782501220703
ened	927	 chastened	1	distilbert/distilgpt2	distilbert/distilgpt2	False	0.008312327787280083	6.910531997680664
ĠMary	927	 Mary	2	distilbert/distilgpt2	distilbert/distilgpt2	False	0.0004203773569315672	11.21602725982666
Ġbecause	927	 because	3	distilbert/distilgpt2	distilbert/distilgpt2	False	0.0021956213749945164	8.831154823303223
Ġshe	927	 she	4	distilbert/distilgpt2	distilbert/distilgpt2	False	0.4242345094680786	1.2370661497116089
David	928	David	0	distilbert/distilgpt2	distilbert/distilgpt2	False	1.0	0.0
Ġchast	928	 chastened	1	distilbert/distilgpt2	distilbert/distilgpt2	False	1.5314659762566407e-08	25.960512161254883
ened	928	 chastened	1	distilbert/distilgpt2	distilbert/distilgpt2	False	0.013904420658946037	6.1683125495910645
ĠMary	928	 Mary	2	distilbert/distilgpt2	distilbert/distilgpt2	False	0.0002503981231711805	11.963488578796387
Ġbecause	928	 because	3	distilbert/distilgpt2	distilbert/distilgpt2	False	0.0008737427415326238	10.160503387451172
Ġshe	928	 she	4	distilbert/distilgpt2	distilbert/distilgpt2	False	0.3920111358165741	1.3510334491729736
John	929	John	0	distilbert/distilgpt2	distilbert/distilgpt2	False	1.0	0.0
Ġchast	929	 chastized	1	distilbert/distilgpt2	distilbert/distilgpt2	False	1.1871825300602268e-08	26.327882766723633
ized	929	 chastized	1	distilbert/distilgpt2	distilbert/distilgpt2	False	0.002712212037295103	8.526314735412598
ĠDavid	929	 David	2	distilbert/distilgpt2	distilbert/distilgpt2	False	0.0010218931129202247	9.934539794921875
Ġbecause	929	 because	3	distilbert/distilgpt2	distilbert/distilgpt2	False	0.00025298635591752827	11.948653221130371
Ġhe	929	 he	4	distilbert/distilgpt2	distilbert/distilgpt2	False	0.4242054522037506	1.2371649742126465
Mary	930	Mary	0	distilbert/distilgpt2	distilbert/distilgpt2	False	1.0	0.0
Ġchast	930	 chastized	1	distilbert/distilgpt2	distilbert/distilgpt2	False	1.6688748161186595e-08	25.836549758911133
ized	930	 chastized	1	distilbert/distilgpt2	distilbert/distilgpt2	False	0.004342836793512106	7.847146511077881
ĠDavid	930	 David	2	distilbert/distilgpt2	distilbert/distilgpt2	False	0.0007829430978745222	10.318804740905762
Ġbecause	930	 because	3	distilbert/distilgpt2	distilbert/distilgpt2	False	0.0006414973177015781	10.606268882751465
Ġhe	930	 he	4	distilbert/distilgpt2	distilbert/distilgpt2	False	0.4457715153694153	1.165623664855957
John	931	John	0	distilbert/distilgpt2	distilbert/distilgpt2	False	1.0	0.0
Ġchast	931	 chastized	1	distilbert/distilgpt2	distilbert/distilgpt2	False	1.1871825300602268e-08	26.327882766723633
ized	931	 chastized	1	distilbert/distilgpt2	distilbert/distilgpt2	False	0.002712212037295103	8.526314735412598
ĠDavid	931	 David	2	distilbert/distilgpt2	distilbert/distilgpt2	False	0.0010218931129202247	9.934539794921875
Ġbecause	931	 because	3	distilbert/distilgpt2	distilbert/distilgpt2	False	0.00025298635591752827	11.948653221130371
Ġhe	931	 he	4	distilbert/distilgpt2	distilbert/distilgpt2	False	0.4242054522037506	1.2371649742126465
Sarah	932	Sarah	0	distilbert/distilgpt2	distilbert/distilgpt2	False	1.0	0.0
Ġchast	932	 chastized	1	distilbert/distilgpt2	distilbert/distilgpt2	False	1.3543499655099822e-08	26.13782501220703
ized	932	 chastized	1	distilbert/distilgpt2	distilbert/distilgpt2	False	0.0030071050859987736	8.377408981323242
ĠDavid	932	 David	2	distilbert/distilgpt2	distilbert/distilgpt2	False	0.0008834328036755323	10.14459228515625
Ġbecause	932	 because	3	distilbert/distilgpt2	distilbert/distilgpt2	False	0.00023593202058691531	12.049341201782227
Ġhe	932	 he	4	distilbert/distilgpt2	distilbert/distilgpt2	False	0.4314720630645752	1.2126610279083252
David	933	David	0	distilbert/distilgpt2	distilbert/distilgpt2	False	1.0	0.0
Ġchast	933	 chastized	1	distilbert/distilgpt2	distilbert/distilgpt2	False	1.5314659762566407e-08	25.960512161254883
ized	933	 chastized	1	distilbert/distilgpt2	distilbert/distilgpt2	False	0.002018647501245141	8.95239543914795
ĠJohn	933	 John	2	distilbert/distilgpt2	distilbert/distilgpt2	False	0.0015713876346126199	9.313745498657227
Ġbecause	933	 because	3	distilbert/distilgpt2	distilbert/distilgpt2	False	0.00016886534285731614	12.531839370727539
Ġhe	933	 he	4	distilbert/distilgpt2	distilbert/distilgpt2	False	0.44414666295051575	1.1708920001983643
Mary	934	Mary	0	distilbert/distilgpt2	distilbert/distilgpt2	False	1.0	0.0
Ġchast	934	 chastized	1	distilbert/distilgpt2	distilbert/distilgpt2	False	1.6688748161186595e-08	25.836549758911133
ized	934	 chastized	1	distilbert/distilgpt2	distilbert/distilgpt2	False	0.004342836793512106	7.847146511077881
ĠJohn	934	 John	2	distilbert/distilgpt2	distilbert/distilgpt2	False	0.001598163740709424	9.289368629455566
Ġbecause	934	 because	3	distilbert/distilgpt2	distilbert/distilgpt2	False	0.0007991077727638185	10.289321899414062
Ġhe	934	 he	4	distilbert/distilgpt2	distilbert/distilgpt2	False	0.48914211988449097	1.0316743850708008
David	935	David	0	distilbert/distilgpt2	distilbert/distilgpt2	False	1.0	0.0
Ġchast	935	 chastized	1	distilbert/distilgpt2	distilbert/distilgpt2	False	1.5314659762566407e-08	25.960512161254883
ized	935	 chastized	1	distilbert/distilgpt2	distilbert/distilgpt2	False	0.002018647501245141	8.95239543914795
ĠJohn	935	 John	2	distilbert/distilgpt2	distilbert/distilgpt2	False	0.0015713876346126199	9.313745498657227
Ġbecause	935	 because	3	distilbert/distilgpt2	distilbert/distilgpt2	False	0.00016886534285731614	12.531839370727539
Ġhe	935	 he	4	distilbert/distilgpt2	distilbert/distilgpt2	False	0.44414666295051575	1.1708920001983643
Sarah	936	Sarah	0	distilbert/distilgpt2	distilbert/distilgpt2	False	1.0	0.0
Ġchast	936	 chastized	1	distilbert/distilgpt2	distilbert/distilgpt2	False	1.3543499655099822e-08	26.13782501220703
ized	936	 chastized	1	distilbert/distilgpt2	distilbert/distilgpt2	False	0.0030071050859987736	8.377408981323242
ĠJohn	936	 John	2	distilbert/distilgpt2	distilbert/distilgpt2	False	0.001514434814453125	9.36700439453125
Ġbecause	936	 because	3	distilbert/distilgpt2	distilbert/distilgpt2	False	0.0006335208308883011	10.624320030212402
Ġhe	936	 he	4	distilbert/distilgpt2	distilbert/distilgpt2	False	0.45564064383506775	1.1340316534042358
Mary	937	Mary	0	distilbert/distilgpt2	distilbert/distilgpt2	False	1.0	0.0
Ġchast	937	 chastized	1	distilbert/distilgpt2	distilbert/distilgpt2	False	1.6688748161186595e-08	25.836549758911133
ized	937	 chastized	1	distilbert/distilgpt2	distilbert/distilgpt2	False	0.004342836793512106	7.847146511077881
ĠSarah	937	 Sarah	2	distilbert/distilgpt2	distilbert/distilgpt2	False	0.0004881399217993021	11.000417709350586
Ġbecause	937	 because	3	distilbert/distilgpt2	distilbert/distilgpt2	False	0.0031102944631129503	8.328733444213867
Ġshe	937	 she	4	distilbert/distilgpt2	distilbert/distilgpt2	False	0.5189647078514099	0.9462916851043701
John	938	John	0	distilbert/distilgpt2	distilbert/distilgpt2	False	1.0	0.0
Ġchast	938	 chastized	1	distilbert/distilgpt2	distilbert/distilgpt2	False	1.1871825300602268e-08	26.327882766723633
ized	938	 chastized	1	distilbert/distilgpt2	distilbert/distilgpt2	False	0.002712212037295103	8.526314735412598
ĠSarah	938	 Sarah	2	distilbert/distilgpt2	distilbert/distilgpt2	False	0.0005166566697880626	10.918506622314453
Ġbecause	938	 because	3	distilbert/distilgpt2	distilbert/distilgpt2	False	0.0007046027458272874	10.470902442932129
Ġshe	938	 she	4	distilbert/distilgpt2	distilbert/distilgpt2	False	0.47409865260124207	1.0767408609390259
Mary	939	Mary	0	distilbert/distilgpt2	distilbert/distilgpt2	False	1.0	0.0
Ġchast	939	 chastized	1	distilbert/distilgpt2	distilbert/distilgpt2	False	1.6688748161186595e-08	25.836549758911133
ized	939	 chastized	1	distilbert/distilgpt2	distilbert/distilgpt2	False	0.004342836793512106	7.847146511077881
ĠSarah	939	 Sarah	2	distilbert/distilgpt2	distilbert/distilgpt2	False	0.0004881399217993021	11.000417709350586
Ġbecause	939	 because	3	distilbert/distilgpt2	distilbert/distilgpt2	False	0.0031102944631129503	8.328733444213867
Ġshe	939	 she	4	distilbert/distilgpt2	distilbert/distilgpt2	False	0.5189647078514099	0.9462916851043701
David	940	David	0	distilbert/distilgpt2	distilbert/distilgpt2	False	1.0	0.0
Ġchast	940	 chastized	1	distilbert/distilgpt2	distilbert/distilgpt2	False	1.5314659762566407e-08	25.960512161254883
ized	940	 chastized	1	distilbert/distilgpt2	distilbert/distilgpt2	False	0.002018647501245141	8.95239543914795
ĠSarah	940	 Sarah	2	distilbert/distilgpt2	distilbert/distilgpt2	False	0.00040171644650399685	11.281535148620605
Ġbecause	940	 because	3	distilbert/distilgpt2	distilbert/distilgpt2	False	0.0002353098097955808	12.05315113067627
Ġshe	940	 she	4	distilbert/distilgpt2	distilbert/distilgpt2	False	0.4297011196613312	1.2185945510864258
Sarah	941	Sarah	0	distilbert/distilgpt2	distilbert/distilgpt2	False	1.0	0.0
Ġchast	941	 chastized	1	distilbert/distilgpt2	distilbert/distilgpt2	False	1.3543499655099822e-08	26.13782501220703
ized	941	 chastized	1	distilbert/distilgpt2	distilbert/distilgpt2	False	0.0030071050859987736	8.377408981323242
ĠMary	941	 Mary	2	distilbert/distilgpt2	distilbert/distilgpt2	False	0.0004907917464151978	10.99260139465332
Ġbecause	941	 because	3	distilbert/distilgpt2	distilbert/distilgpt2	False	0.002611172152683139	8.581087112426758
Ġshe	941	 she	4	distilbert/distilgpt2	distilbert/distilgpt2	False	0.42676931619644165	1.2284716367721558
John	942	John	0	distilbert/distilgpt2	distilbert/distilgpt2	False	1.0	0.0
Ġchast	942	 chastized	1	distilbert/distilgpt2	distilbert/distilgpt2	False	1.1871825300602268e-08	26.327882766723633
ized	942	 chastized	1	distilbert/distilgpt2	distilbert/distilgpt2	False	0.002712212037295103	8.526314735412598
ĠMary	942	 Mary	2	distilbert/distilgpt2	distilbert/distilgpt2	False	0.0005628466606140137	10.794970512390137
Ġbecause	942	 because	3	distilbert/distilgpt2	distilbert/distilgpt2	False	0.003659377573058009	8.094185829162598
Ġshe	942	 she	4	distilbert/distilgpt2	distilbert/distilgpt2	False	0.4510563611984253	1.148620367050171
Sarah	943	Sarah	0	distilbert/distilgpt2	distilbert/distilgpt2	False	1.0	0.0
Ġchast	943	 chastized	1	distilbert/distilgpt2	distilbert/distilgpt2	False	1.3543499655099822e-08	26.13782501220703
ized	943	 chastized	1	distilbert/distilgpt2	distilbert/distilgpt2	False	0.0030071050859987736	8.377408981323242
ĠMary	943	 Mary	2	distilbert/distilgpt2	distilbert/distilgpt2	False	0.0004907917464151978	10.99260139465332
Ġbecause	943	 because	3	distilbert/distilgpt2	distilbert/distilgpt2	False	0.002611172152683139	8.581087112426758
Ġshe	943	 she	4	distilbert/distilgpt2	distilbert/distilgpt2	False	0.42676931619644165	1.2284716367721558
David	944	David	0	distilbert/distilgpt2	distilbert/distilgpt2	False	1.0	0.0
Ġchast	944	 chastized	1	distilbert/distilgpt2	distilbert/distilgpt2	False	1.5314659762566407e-08	25.960512161254883
ized	944	 chastized	1	distilbert/distilgpt2	distilbert/distilgpt2	False	0.002018647501245141	8.95239543914795
ĠMary	944	 Mary	2	distilbert/distilgpt2	distilbert/distilgpt2	False	0.00033217945019714534	11.555749893188477
Ġbecause	944	 because	3	distilbert/distilgpt2	distilbert/distilgpt2	False	0.0009900197619572282	9.980255126953125
Ġshe	944	 she	4	distilbert/distilgpt2	distilbert/distilgpt2	False	0.39548948407173157	1.3382887840270996
John	945	John	0	distilbert/distilgpt2	distilbert/distilgpt2	False	1.0	0.0
Ġcheated	945	 cheated	1	distilbert/distilgpt2	distilbert/distilgpt2	False	2.7319980944184863e-08	25.12546730041504
ĠDavid	945	 David	2	distilbert/distilgpt2	distilbert/distilgpt2	False	7.361339521594346e-05	13.7296724319458
Ġbecause	945	 because	3	distilbert/distilgpt2	distilbert/distilgpt2	False	0.0013956858310848475	9.484809875488281
Ġhe	945	 he	4	distilbert/distilgpt2	distilbert/distilgpt2	False	0.5022619366645813	0.9934881329536438
Mary	946	Mary	0	distilbert/distilgpt2	distilbert/distilgpt2	False	1.0	0.0
Ġcheated	946	 cheated	1	distilbert/distilgpt2	distilbert/distilgpt2	False	3.4799988668510196e-08	24.776338577270508
ĠDavid	946	 David	2	distilbert/distilgpt2	distilbert/distilgpt2	False	4.756102862302214e-05	14.35986042022705
Ġbecause	946	 because	3	distilbert/distilgpt2	distilbert/distilgpt2	False	0.0013453647261485457	9.537787437438965
Ġhe	946	 he	4	distilbert/distilgpt2	distilbert/distilgpt2	False	0.5045772194862366	0.9868529438972473
John	947	John	0	distilbert/distilgpt2	distilbert/distilgpt2	False	1.0	0.0
Ġcheated	947	 cheated	1	distilbert/distilgpt2	distilbert/distilgpt2	False	2.7319980944184863e-08	25.12546730041504
ĠDavid	947	 David	2	distilbert/distilgpt2	distilbert/distilgpt2	False	7.361339521594346e-05	13.7296724319458
Ġbecause	947	 because	3	distilbert/distilgpt2	distilbert/distilgpt2	False	0.0013956858310848475	9.484809875488281
Ġhe	947	 he	4	distilbert/distilgpt2	distilbert/distilgpt2	False	0.5022619366645813	0.9934881329536438
Sarah	948	Sarah	0	distilbert/distilgpt2	distilbert/distilgpt2	False	1.0	0.0
Ġcheated	948	 cheated	1	distilbert/distilgpt2	distilbert/distilgpt2	False	3.1730259308915265e-08	24.909564971923828
ĠDavid	948	 David	2	distilbert/distilgpt2	distilbert/distilgpt2	False	4.7188339522108436e-05	14.371210098266602
Ġbecause	948	 because	3	distilbert/distilgpt2	distilbert/distilgpt2	False	0.001541027333587408	9.34189224243164
Ġhe	948	 he	4	distilbert/distilgpt2	distilbert/distilgpt2	False	0.49550744891166687	1.0130213499069214
David	949	David	0	distilbert/distilgpt2	distilbert/distilgpt2	False	1.0	0.0
Ġcheated	949	 cheated	1	distilbert/distilgpt2	distilbert/distilgpt2	False	3.256255709516154e-08	24.872211456298828
ĠJohn	949	 John	2	distilbert/distilgpt2	distilbert/distilgpt2	False	8.745992818148807e-05	13.48101806640625
Ġbecause	949	 because	3	distilbert/distilgpt2	distilbert/distilgpt2	False	0.002471126150339842	8.660615921020508
Ġhe	949	 he	4	distilbert/distilgpt2	distilbert/distilgpt2	False	0.47734686732292175	1.0668901205062866
Mary	950	Mary	0	distilbert/distilgpt2	distilbert/distilgpt2	False	1.0	0.0
Ġcheated	950	 cheated	1	distilbert/distilgpt2	distilbert/distilgpt2	False	3.4799988668510196e-08	24.776338577270508
ĠJohn	950	 John	2	distilbert/distilgpt2	distilbert/distilgpt2	False	8.021137182367966e-05	13.605834007263184
Ġbecause	950	 because	3	distilbert/distilgpt2	distilbert/distilgpt2	False	0.004388879518955946	7.8319315910339355
Ġhe	950	 he	4	distilbert/distilgpt2	distilbert/distilgpt2	False	0.48217374086380005	1.052375078201294
David	951	David	0	distilbert/distilgpt2	distilbert/distilgpt2	False	1.0	0.0
Ġcheated	951	 cheated	1	distilbert/distilgpt2	distilbert/distilgpt2	False	3.256255709516154e-08	24.872211456298828
ĠJohn	951	 John	2	distilbert/distilgpt2	distilbert/distilgpt2	False	8.745992818148807e-05	13.48101806640625
Ġbecause	951	 because	3	distilbert/distilgpt2	distilbert/distilgpt2	False	0.002471126150339842	8.660615921020508
Ġhe	951	 he	4	distilbert/distilgpt2	distilbert/distilgpt2	False	0.47734686732292175	1.0668901205062866
Sarah	952	Sarah	0	distilbert/distilgpt2	distilbert/distilgpt2	False	1.0	0.0
Ġcheated	952	 cheated	1	distilbert/distilgpt2	distilbert/distilgpt2	False	3.1730259308915265e-08	24.909564971923828
ĠJohn	952	 John	2	distilbert/distilgpt2	distilbert/distilgpt2	False	6.579753244295716e-05	13.891607284545898
Ġbecause	952	 because	3	distilbert/distilgpt2	distilbert/distilgpt2	False	0.0060280486941337585	7.374093055725098
Ġhe	952	 he	4	distilbert/distilgpt2	distilbert/distilgpt2	False	0.4656244218349457	1.1027613878250122
Mary	953	Mary	0	distilbert/distilgpt2	distilbert/distilgpt2	False	1.0	0.0
Ġcheated	953	 cheated	1	distilbert/distilgpt2	distilbert/distilgpt2	False	3.4799988668510196e-08	24.776338577270508
ĠSarah	953	 Sarah	2	distilbert/distilgpt2	distilbert/distilgpt2	False	2.1970770831103437e-05	15.474055290222168
Ġbecause	953	 because	3	distilbert/distilgpt2	distilbert/distilgpt2	False	0.004631543532013893	7.75429105758667
Ġshe	953	 she	4	distilbert/distilgpt2	distilbert/distilgpt2	False	0.5195413827896118	0.9446895122528076
John	954	John	0	distilbert/distilgpt2	distilbert/distilgpt2	False	1.0	0.0
Ġcheated	954	 cheated	1	distilbert/distilgpt2	distilbert/distilgpt2	False	2.7319980944184863e-08	25.12546730041504
ĠSarah	954	 Sarah	2	distilbert/distilgpt2	distilbert/distilgpt2	False	1.697031439107377e-05	15.846627235412598
Ġbecause	954	 because	3	distilbert/distilgpt2	distilbert/distilgpt2	False	0.004270311910659075	7.871442794799805
Ġshe	954	 she	4	distilbert/distilgpt2	distilbert/distilgpt2	False	0.5030529499053955	0.991217851638794
Mary	955	Mary	0	distilbert/distilgpt2	distilbert/distilgpt2	False	1.0	0.0
Ġcheated	955	 cheated	1	distilbert/distilgpt2	distilbert/distilgpt2	False	3.4799988668510196e-08	24.776338577270508
ĠSarah	955	 Sarah	2	distilbert/distilgpt2	distilbert/distilgpt2	False	2.1970770831103437e-05	15.474055290222168
Ġbecause	955	 because	3	distilbert/distilgpt2	distilbert/distilgpt2	False	0.004631543532013893	7.75429105758667
Ġshe	955	 she	4	distilbert/distilgpt2	distilbert/distilgpt2	False	0.5195413827896118	0.9446895122528076
David	956	David	0	distilbert/distilgpt2	distilbert/distilgpt2	False	1.0	0.0
Ġcheated	956	 cheated	1	distilbert/distilgpt2	distilbert/distilgpt2	False	3.256255709516154e-08	24.872211456298828
ĠSarah	956	 Sarah	2	distilbert/distilgpt2	distilbert/distilgpt2	False	1.197347228298895e-05	16.34979820251465
Ġbecause	956	 because	3	distilbert/distilgpt2	distilbert/distilgpt2	False	0.0021328632719814777	8.872992515563965
Ġshe	956	 she	4	distilbert/distilgpt2	distilbert/distilgpt2	False	0.4955912232398987	1.0127774477005005
Sarah	957	Sarah	0	distilbert/distilgpt2	distilbert/distilgpt2	False	1.0	0.0
Ġcheated	957	 cheated	1	distilbert/distilgpt2	distilbert/distilgpt2	False	3.1730259308915265e-08	24.909564971923828
ĠMary	957	 Mary	2	distilbert/distilgpt2	distilbert/distilgpt2	False	6.245384429348633e-05	13.966850280761719
Ġbecause	957	 because	3	distilbert/distilgpt2	distilbert/distilgpt2	False	0.002701906021684408	8.531806945800781
Ġshe	957	 she	4	distilbert/distilgpt2	distilbert/distilgpt2	False	0.43329912424087524	1.2065647840499878
John	958	John	0	distilbert/distilgpt2	distilbert/distilgpt2	False	1.0	0.0
Ġcheated	958	 cheated	1	distilbert/distilgpt2	distilbert/distilgpt2	False	2.7319980944184863e-08	25.12546730041504
ĠMary	958	 Mary	2	distilbert/distilgpt2	distilbert/distilgpt2	False	5.2026363846380264e-05	14.23039722442627
Ġbecause	958	 because	3	distilbert/distilgpt2	distilbert/distilgpt2	False	0.003530891379341483	8.145751953125
Ġshe	958	 she	4	distilbert/distilgpt2	distilbert/distilgpt2	False	0.4395810067653656	1.1857991218566895
Sarah	959	Sarah	0	distilbert/distilgpt2	distilbert/distilgpt2	False	1.0	0.0
Ġcheated	959	 cheated	1	distilbert/distilgpt2	distilbert/distilgpt2	False	3.1730259308915265e-08	24.909564971923828
ĠMary	959	 Mary	2	distilbert/distilgpt2	distilbert/distilgpt2	False	6.245384429348633e-05	13.966850280761719
Ġbecause	959	 because	3	distilbert/distilgpt2	distilbert/distilgpt2	False	0.002701906021684408	8.531806945800781
Ġshe	959	 she	4	distilbert/distilgpt2	distilbert/distilgpt2	False	0.43329912424087524	1.2065647840499878
David	960	David	0	distilbert/distilgpt2	distilbert/distilgpt2	False	1.0	0.0
Ġcheated	960	 cheated	1	distilbert/distilgpt2	distilbert/distilgpt2	False	3.256255709516154e-08	24.872211456298828
ĠMary	960	 Mary	2	distilbert/distilgpt2	distilbert/distilgpt2	False	3.972379636252299e-05	14.619636535644531
Ġbecause	960	 because	3	distilbert/distilgpt2	distilbert/distilgpt2	False	0.001306523336097598	9.58005142211914
Ġshe	960	 she	4	distilbert/distilgpt2	distilbert/distilgpt2	False	0.43567904829978943	1.1986624002456665
John	961	John	0	distilbert/distilgpt2	distilbert/distilgpt2	False	1.0	0.0
Ġcheered	961	 cheered	1	distilbert/distilgpt2	distilbert/distilgpt2	False	4.950709708850809e-08	24.267789840698242
ĠDavid	961	 David	2	distilbert/distilgpt2	distilbert/distilgpt2	False	0.00029256503330543637	11.7389554977417
Ġbecause	961	 because	3	distilbert/distilgpt2	distilbert/distilgpt2	False	0.0005078835529275239	10.943214416503906
Ġhe	961	 he	4	distilbert/distilgpt2	distilbert/distilgpt2	False	0.42705008387565613	1.227522850036621
Mary	962	Mary	0	distilbert/distilgpt2	distilbert/distilgpt2	False	1.0	0.0
Ġcheered	962	 cheered	1	distilbert/distilgpt2	distilbert/distilgpt2	False	6.174916933332497e-08	23.949005126953125
ĠDavid	962	 David	2	distilbert/distilgpt2	distilbert/distilgpt2	False	0.00023358530597761273	12.063762664794922
Ġbecause	962	 because	3	distilbert/distilgpt2	distilbert/distilgpt2	False	0.0006426215404644608	10.603742599487305
Ġhe	962	 he	4	distilbert/distilgpt2	distilbert/distilgpt2	False	0.4255465567111969	1.2326111793518066
John	963	John	0	distilbert/distilgpt2	distilbert/distilgpt2	False	1.0	0.0
Ġcheered	963	 cheered	1	distilbert/distilgpt2	distilbert/distilgpt2	False	4.950709708850809e-08	24.267789840698242
ĠDavid	963	 David	2	distilbert/distilgpt2	distilbert/distilgpt2	False	0.00029256503330543637	11.7389554977417
Ġbecause	963	 because	3	distilbert/distilgpt2	distilbert/distilgpt2	False	0.0005078835529275239	10.943214416503906
Ġhe	963	 he	4	distilbert/distilgpt2	distilbert/distilgpt2	False	0.42705008387565613	1.227522850036621
Sarah	964	Sarah	0	distilbert/distilgpt2	distilbert/distilgpt2	False	1.0	0.0
Ġcheered	964	 cheered	1	distilbert/distilgpt2	distilbert/distilgpt2	False	5.890708010269918e-08	24.016983032226562
ĠDavid	964	 David	2	distilbert/distilgpt2	distilbert/distilgpt2	False	0.00023783621145412326	12.03774356842041
Ġbecause	964	 because	3	distilbert/distilgpt2	distilbert/distilgpt2	False	0.0005584715981967747	10.806228637695312
Ġhe	964	 he	4	distilbert/distilgpt2	distilbert/distilgpt2	False	0.43106940388679504	1.2140079736709595
David	965	David	0	distilbert/distilgpt2	distilbert/distilgpt2	False	1.0	0.0
Ġcheered	965	 cheered	1	distilbert/distilgpt2	distilbert/distilgpt2	False	5.633908628510653e-08	24.081289291381836
ĠJohn	965	 John	2	distilbert/distilgpt2	distilbert/distilgpt2	False	0.0004473993321880698	11.12614917755127
Ġbecause	965	 because	3	distilbert/distilgpt2	distilbert/distilgpt2	False	0.0006351002375595272	10.620728492736816
Ġhe	965	 he	4	distilbert/distilgpt2	distilbert/distilgpt2	False	0.44754573702812195	1.1598930358886719
Mary	966	Mary	0	distilbert/distilgpt2	distilbert/distilgpt2	False	1.0	0.0
Ġcheered	966	 cheered	1	distilbert/distilgpt2	distilbert/distilgpt2	False	6.174916933332497e-08	23.949005126953125
ĠJohn	966	 John	2	distilbert/distilgpt2	distilbert/distilgpt2	False	0.00031968762050382793	11.61104965209961
Ġbecause	966	 because	3	distilbert/distilgpt2	distilbert/distilgpt2	False	0.0018027391051873565	9.115593910217285
Ġhe	966	 he	4	distilbert/distilgpt2	distilbert/distilgpt2	False	0.45573124289512634	1.1337448358535767
David	967	David	0	distilbert/distilgpt2	distilbert/distilgpt2	False	1.0	0.0
Ġcheered	967	 cheered	1	distilbert/distilgpt2	distilbert/distilgpt2	False	5.633908628510653e-08	24.081289291381836
ĠJohn	967	 John	2	distilbert/distilgpt2	distilbert/distilgpt2	False	0.0004473993321880698	11.12614917755127
Ġbecause	967	 because	3	distilbert/distilgpt2	distilbert/distilgpt2	False	0.0006351002375595272	10.620728492736816
Ġhe	967	 he	4	distilbert/distilgpt2	distilbert/distilgpt2	False	0.44754573702812195	1.1598930358886719
Sarah	968	Sarah	0	distilbert/distilgpt2	distilbert/distilgpt2	False	1.0	0.0
Ġcheered	968	 cheered	1	distilbert/distilgpt2	distilbert/distilgpt2	False	5.890708010269918e-08	24.016983032226562
ĠJohn	968	 John	2	distilbert/distilgpt2	distilbert/distilgpt2	False	0.00027729180874302983	11.816307067871094
Ġbecause	968	 because	3	distilbert/distilgpt2	distilbert/distilgpt2	False	0.002565135480836034	8.606749534606934
Ġhe	968	 he	4	distilbert/distilgpt2	distilbert/distilgpt2	False	0.44496849179267883	1.1682249307632446
Mary	969	Mary	0	distilbert/distilgpt2	distilbert/distilgpt2	False	1.0	0.0
Ġcheered	969	 cheered	1	distilbert/distilgpt2	distilbert/distilgpt2	False	6.174916933332497e-08	23.949005126953125
ĠSarah	969	 Sarah	2	distilbert/distilgpt2	distilbert/distilgpt2	False	4.320959487813525e-05	14.498289108276367
Ġbecause	969	 because	3	distilbert/distilgpt2	distilbert/distilgpt2	False	0.00337924319319427	8.209084510803223
Ġshe	969	 she	4	distilbert/distilgpt2	distilbert/distilgpt2	False	0.5033479332923889	0.9903721809387207
John	970	John	0	distilbert/distilgpt2	distilbert/distilgpt2	False	1.0	0.0
Ġcheered	970	 cheered	1	distilbert/distilgpt2	distilbert/distilgpt2	False	4.950709708850809e-08	24.267789840698242
ĠSarah	970	 Sarah	2	distilbert/distilgpt2	distilbert/distilgpt2	False	3.2344101782655343e-05	14.9161376953125
Ġbecause	970	 because	3	distilbert/distilgpt2	distilbert/distilgpt2	False	0.0023534258361905813	8.731021881103516
Ġshe	970	 she	4	distilbert/distilgpt2	distilbert/distilgpt2	False	0.4941740334033966	1.016908884048462
Mary	971	Mary	0	distilbert/distilgpt2	distilbert/distilgpt2	False	1.0	0.0
Ġcheered	971	 cheered	1	distilbert/distilgpt2	distilbert/distilgpt2	False	6.174916933332497e-08	23.949005126953125
ĠSarah	971	 Sarah	2	distilbert/distilgpt2	distilbert/distilgpt2	False	4.320959487813525e-05	14.498289108276367
Ġbecause	971	 because	3	distilbert/distilgpt2	distilbert/distilgpt2	False	0.00337924319319427	8.209084510803223
Ġshe	971	 she	4	distilbert/distilgpt2	distilbert/distilgpt2	False	0.5033479332923889	0.9903721809387207
David	972	David	0	distilbert/distilgpt2	distilbert/distilgpt2	False	1.0	0.0
Ġcheered	972	 cheered	1	distilbert/distilgpt2	distilbert/distilgpt2	False	5.633908628510653e-08	24.081289291381836
ĠSarah	972	 Sarah	2	distilbert/distilgpt2	distilbert/distilgpt2	False	4.522845119936392e-05	14.43241024017334
Ġbecause	972	 because	3	distilbert/distilgpt2	distilbert/distilgpt2	False	0.000983543461188674	9.989724159240723
Ġshe	972	 she	4	distilbert/distilgpt2	distilbert/distilgpt2	False	0.48950743675231934	1.0305973291397095
Sarah	973	Sarah	0	distilbert/distilgpt2	distilbert/distilgpt2	False	1.0	0.0
Ġcheered	973	 cheered	1	distilbert/distilgpt2	distilbert/distilgpt2	False	5.890708010269918e-08	24.016983032226562
ĠMary	973	 Mary	2	distilbert/distilgpt2	distilbert/distilgpt2	False	0.00012664386304095387	12.946934700012207
Ġbecause	973	 because	3	distilbert/distilgpt2	distilbert/distilgpt2	False	0.0017753454158082604	9.13768482208252
Ġshe	973	 she	4	distilbert/distilgpt2	distilbert/distilgpt2	False	0.44813966751098633	1.1579797267913818
John	974	John	0	distilbert/distilgpt2	distilbert/distilgpt2	False	1.0	0.0
Ġcheered	974	 cheered	1	distilbert/distilgpt2	distilbert/distilgpt2	False	4.950709708850809e-08	24.267789840698242
ĠMary	974	 Mary	2	distilbert/distilgpt2	distilbert/distilgpt2	False	9.915292321238667e-05	13.2999849319458
Ġbecause	974	 because	3	distilbert/distilgpt2	distilbert/distilgpt2	False	0.002210204489529133	8.82160472869873
Ġshe	974	 she	4	distilbert/distilgpt2	distilbert/distilgpt2	False	0.4617963135242462	1.1146714687347412
Sarah	975	Sarah	0	distilbert/distilgpt2	distilbert/distilgpt2	False	1.0	0.0
Ġcheered	975	 cheered	1	distilbert/distilgpt2	distilbert/distilgpt2	False	5.890708010269918e-08	24.016983032226562
ĠMary	975	 Mary	2	distilbert/distilgpt2	distilbert/distilgpt2	False	0.00012664386304095387	12.946934700012207
Ġbecause	975	 because	3	distilbert/distilgpt2	distilbert/distilgpt2	False	0.0017753454158082604	9.13768482208252
Ġshe	975	 she	4	distilbert/distilgpt2	distilbert/distilgpt2	False	0.44813966751098633	1.1579797267913818
David	976	David	0	distilbert/distilgpt2	distilbert/distilgpt2	False	1.0	0.0
Ġcheered	976	 cheered	1	distilbert/distilgpt2	distilbert/distilgpt2	False	5.633908628510653e-08	24.081289291381836
ĠMary	976	 Mary	2	distilbert/distilgpt2	distilbert/distilgpt2	False	0.00011171455116709694	13.12789535522461
Ġbecause	976	 because	3	distilbert/distilgpt2	distilbert/distilgpt2	False	0.0007154352497309446	10.448891639709473
Ġshe	976	 she	4	distilbert/distilgpt2	distilbert/distilgpt2	False	0.4458487331867218	1.1653738021850586
John	977	John	0	distilbert/distilgpt2	distilbert/distilgpt2	False	1.0	0.0
Ġcherished	977	 cherished	1	distilbert/distilgpt2	distilbert/distilgpt2	False	2.5346881926679998e-08	25.23361587524414
ĠDavid	977	 David	2	distilbert/distilgpt2	distilbert/distilgpt2	False	7.327754428843036e-05	13.736268997192383
Ġbecause	977	 because	3	distilbert/distilgpt2	distilbert/distilgpt2	False	0.00024446379393339157	11.998091697692871
Ġhe	977	 he	4	distilbert/distilgpt2	distilbert/distilgpt2	False	0.37980353832244873	1.3966747522354126
Mary	978	Mary	0	distilbert/distilgpt2	distilbert/distilgpt2	False	1.0	0.0
Ġcherished	978	 cherished	1	distilbert/distilgpt2	distilbert/distilgpt2	False	2.7178664652183215e-08	25.132949829101562
ĠDavid	978	 David	2	distilbert/distilgpt2	distilbert/distilgpt2	False	5.432323450804688e-05	14.168070793151855
Ġbecause	978	 because	3	distilbert/distilgpt2	distilbert/distilgpt2	False	0.0002865639398805797	11.768855094909668
Ġhe	978	 he	4	distilbert/distilgpt2	distilbert/distilgpt2	False	0.35813334584236145	1.481431245803833
John	979	John	0	distilbert/distilgpt2	distilbert/distilgpt2	False	1.0	0.0
Ġcherished	979	 cherished	1	distilbert/distilgpt2	distilbert/distilgpt2	False	2.5346881926679998e-08	25.23361587524414
ĠDavid	979	 David	2	distilbert/distilgpt2	distilbert/distilgpt2	False	7.327754428843036e-05	13.736268997192383
Ġbecause	979	 because	3	distilbert/distilgpt2	distilbert/distilgpt2	False	0.00024446379393339157	11.998091697692871
Ġhe	979	 he	4	distilbert/distilgpt2	distilbert/distilgpt2	False	0.37980353832244873	1.3966747522354126
Sarah	980	Sarah	0	distilbert/distilgpt2	distilbert/distilgpt2	False	1.0	0.0
Ġcherished	980	 cherished	1	distilbert/distilgpt2	distilbert/distilgpt2	False	2.4800701936555924e-08	25.265043258666992
ĠDavid	980	 David	2	distilbert/distilgpt2	distilbert/distilgpt2	False	9.325789869762957e-05	13.38841438293457
Ġbecause	980	 because	3	distilbert/distilgpt2	distilbert/distilgpt2	False	0.0004210887709632516	11.213587760925293
Ġhe	980	 he	4	distilbert/distilgpt2	distilbert/distilgpt2	False	0.42687752842903137	1.228105902671814
David	981	David	0	distilbert/distilgpt2	distilbert/distilgpt2	False	1.0	0.0
Ġcherished	981	 cherished	1	distilbert/distilgpt2	distilbert/distilgpt2	False	2.5894866695352903e-08	25.2027587890625
ĠJohn	981	 John	2	distilbert/distilgpt2	distilbert/distilgpt2	False	0.00025629065930843353	11.929931640625
Ġbecause	981	 because	3	distilbert/distilgpt2	distilbert/distilgpt2	False	9.430861246073619e-05	13.3722505569458
Ġhe	981	 he	4	distilbert/distilgpt2	distilbert/distilgpt2	False	0.4264744222164154	1.2294689416885376
Mary	982	Mary	0	distilbert/distilgpt2	distilbert/distilgpt2	False	1.0	0.0
Ġcherished	982	 cherished	1	distilbert/distilgpt2	distilbert/distilgpt2	False	2.7178664652183215e-08	25.132949829101562
ĠJohn	982	 John	2	distilbert/distilgpt2	distilbert/distilgpt2	False	0.00020263763144612312	12.268810272216797
Ġbecause	982	 because	3	distilbert/distilgpt2	distilbert/distilgpt2	False	0.00021039153216406703	12.214635848999023
Ġhe	982	 he	4	distilbert/distilgpt2	distilbert/distilgpt2	False	0.40059489011764526	1.319784164428711
David	983	David	0	distilbert/distilgpt2	distilbert/distilgpt2	False	1.0	0.0
Ġcherished	983	 cherished	1	distilbert/distilgpt2	distilbert/distilgpt2	False	2.5894866695352903e-08	25.2027587890625
ĠJohn	983	 John	2	distilbert/distilgpt2	distilbert/distilgpt2	False	0.00025629065930843353	11.929931640625
Ġbecause	983	 because	3	distilbert/distilgpt2	distilbert/distilgpt2	False	9.430861246073619e-05	13.3722505569458
Ġhe	983	 he	4	distilbert/distilgpt2	distilbert/distilgpt2	False	0.4264744222164154	1.2294689416885376
Sarah	984	Sarah	0	distilbert/distilgpt2	distilbert/distilgpt2	False	1.0	0.0
Ġcherished	984	 cherished	1	distilbert/distilgpt2	distilbert/distilgpt2	False	2.4800701936555924e-08	25.265043258666992
ĠJohn	984	 John	2	distilbert/distilgpt2	distilbert/distilgpt2	False	0.00031730023329146206	11.62186336517334
Ġbecause	984	 because	3	distilbert/distilgpt2	distilbert/distilgpt2	False	0.00032053873292170465	11.607213973999023
Ġhe	984	 he	4	distilbert/distilgpt2	distilbert/distilgpt2	False	0.4483110010623932	1.15742826461792
Mary	985	Mary	0	distilbert/distilgpt2	distilbert/distilgpt2	False	1.0	0.0
Ġcherished	985	 cherished	1	distilbert/distilgpt2	distilbert/distilgpt2	False	2.7178664652183215e-08	25.132949829101562
ĠSarah	985	 Sarah	2	distilbert/distilgpt2	distilbert/distilgpt2	False	2.1063013264210895e-05	15.534928321838379
Ġbecause	985	 because	3	distilbert/distilgpt2	distilbert/distilgpt2	False	0.0006212593871168792	10.65251636505127
Ġshe	985	 she	4	distilbert/distilgpt2	distilbert/distilgpt2	False	0.4619709849357605	1.1141258478164673
John	986	John	0	distilbert/distilgpt2	distilbert/distilgpt2	False	1.0	0.0
Ġcherished	986	 cherished	1	distilbert/distilgpt2	distilbert/distilgpt2	False	2.5346881926679998e-08	25.23361587524414
ĠSarah	986	 Sarah	2	distilbert/distilgpt2	distilbert/distilgpt2	False	2.0905818018945865e-05	15.545736312866211
Ġbecause	986	 because	3	distilbert/distilgpt2	distilbert/distilgpt2	False	0.0003638080379460007	11.424534797668457
Ġshe	986	 she	4	distilbert/distilgpt2	distilbert/distilgpt2	False	0.4534962475299835	1.140837550163269
Mary	987	Mary	0	distilbert/distilgpt2	distilbert/distilgpt2	False	1.0	0.0
Ġcherished	987	 cherished	1	distilbert/distilgpt2	distilbert/distilgpt2	False	2.7178664652183215e-08	25.132949829101562
ĠSarah	987	 Sarah	2	distilbert/distilgpt2	distilbert/distilgpt2	False	2.1063013264210895e-05	15.534928321838379
Ġbecause	987	 because	3	distilbert/distilgpt2	distilbert/distilgpt2	False	0.0006212593871168792	10.65251636505127
Ġshe	987	 she	4	distilbert/distilgpt2	distilbert/distilgpt2	False	0.4619709849357605	1.1141258478164673
David	988	David	0	distilbert/distilgpt2	distilbert/distilgpt2	False	1.0	0.0
Ġcherished	988	 cherished	1	distilbert/distilgpt2	distilbert/distilgpt2	False	2.5894866695352903e-08	25.2027587890625
ĠSarah	988	 Sarah	2	distilbert/distilgpt2	distilbert/distilgpt2	False	1.895073728519492e-05	15.687386512756348
Ġbecause	988	 because	3	distilbert/distilgpt2	distilbert/distilgpt2	False	0.0002156062691938132	12.179313659667969
Ġshe	988	 she	4	distilbert/distilgpt2	distilbert/distilgpt2	False	0.46731945872306824	1.097519040107727
Sarah	989	Sarah	0	distilbert/distilgpt2	distilbert/distilgpt2	False	1.0	0.0
Ġcherished	989	 cherished	1	distilbert/distilgpt2	distilbert/distilgpt2	False	2.4800701936555924e-08	25.265043258666992
ĠMary	989	 Mary	2	distilbert/distilgpt2	distilbert/distilgpt2	False	0.00018963638285640627	12.364476203918457
Ġbecause	989	 because	3	distilbert/distilgpt2	distilbert/distilgpt2	False	0.0003296314971521497	11.566858291625977
Ġshe	989	 she	4	distilbert/distilgpt2	distilbert/distilgpt2	False	0.43715327978134155	1.1937888860702515
John	990	John	0	distilbert/distilgpt2	distilbert/distilgpt2	False	1.0	0.0
Ġcherished	990	 cherished	1	distilbert/distilgpt2	distilbert/distilgpt2	False	2.5346881926679998e-08	25.23361587524414
ĠMary	990	 Mary	2	distilbert/distilgpt2	distilbert/distilgpt2	False	7.264851592481136e-05	13.748706817626953
Ġbecause	990	 because	3	distilbert/distilgpt2	distilbert/distilgpt2	False	0.00034005133784376085	11.52195930480957
Ġshe	990	 she	4	distilbert/distilgpt2	distilbert/distilgpt2	False	0.4085239768028259	1.291507363319397
Sarah	991	Sarah	0	distilbert/distilgpt2	distilbert/distilgpt2	False	1.0	0.0
Ġcherished	991	 cherished	1	distilbert/distilgpt2	distilbert/distilgpt2	False	2.4800701936555924e-08	25.265043258666992
ĠMary	991	 Mary	2	distilbert/distilgpt2	distilbert/distilgpt2	False	0.00018963638285640627	12.364476203918457
Ġbecause	991	 because	3	distilbert/distilgpt2	distilbert/distilgpt2	False	0.0003296314971521497	11.566858291625977
Ġshe	991	 she	4	distilbert/distilgpt2	distilbert/distilgpt2	False	0.43715327978134155	1.1937888860702515
David	992	David	0	distilbert/distilgpt2	distilbert/distilgpt2	False	1.0	0.0
Ġcherished	992	 cherished	1	distilbert/distilgpt2	distilbert/distilgpt2	False	2.5894866695352903e-08	25.2027587890625
ĠMary	992	 Mary	2	distilbert/distilgpt2	distilbert/distilgpt2	False	6.512108666356653e-05	13.906516075134277
Ġbecause	992	 because	3	distilbert/distilgpt2	distilbert/distilgpt2	False	0.0001694535167189315	12.526823043823242
Ġshe	992	 she	4	distilbert/distilgpt2	distilbert/distilgpt2	False	0.4089576303958893	1.289976716041565
John	993	John	0	distilbert/distilgpt2	distilbert/distilgpt2	False	1.0	0.0
Ġch	993	 chided	1	distilbert/distilgpt2	distilbert/distilgpt2	False	5.344006694940617e-06	17.513647079467773
ided	993	 chided	1	distilbert/distilgpt2	distilbert/distilgpt2	False	0.002992927096784115	8.38422679901123
ĠDavid	993	 David	2	distilbert/distilgpt2	distilbert/distilgpt2	False	0.003392372280359268	8.203490257263184
Ġbecause	993	 because	3	distilbert/distilgpt2	distilbert/distilgpt2	False	0.0009490535594522953	10.04122257232666
Ġhe	993	 he	4	distilbert/distilgpt2	distilbert/distilgpt2	False	0.4037970304489136	1.308297872543335
Mary	994	Mary	0	distilbert/distilgpt2	distilbert/distilgpt2	False	1.0	0.0
Ġch	994	 chided	1	distilbert/distilgpt2	distilbert/distilgpt2	False	5.5658242672507185e-06	17.454973220825195
ided	994	 chided	1	distilbert/distilgpt2	distilbert/distilgpt2	False	0.001018643262796104	9.939135551452637
ĠDavid	994	 David	2	distilbert/distilgpt2	distilbert/distilgpt2	False	0.0025795944966375828	8.598639488220215
Ġbecause	994	 because	3	distilbert/distilgpt2	distilbert/distilgpt2	False	0.00210980954580009	8.888671875
Ġhe	994	 he	4	distilbert/distilgpt2	distilbert/distilgpt2	False	0.4396829307079315	1.18546462059021
John	995	John	0	distilbert/distilgpt2	distilbert/distilgpt2	False	1.0	0.0
Ġch	995	 chided	1	distilbert/distilgpt2	distilbert/distilgpt2	False	5.344006694940617e-06	17.513647079467773
ided	995	 chided	1	distilbert/distilgpt2	distilbert/distilgpt2	False	0.002992927096784115	8.38422679901123
ĠDavid	995	 David	2	distilbert/distilgpt2	distilbert/distilgpt2	False	0.003392372280359268	8.203490257263184
Ġbecause	995	 because	3	distilbert/distilgpt2	distilbert/distilgpt2	False	0.0009490535594522953	10.04122257232666
Ġhe	995	 he	4	distilbert/distilgpt2	distilbert/distilgpt2	False	0.4037970304489136	1.308297872543335
Sarah	996	Sarah	0	distilbert/distilgpt2	distilbert/distilgpt2	False	1.0	0.0
Ġch	996	 chided	1	distilbert/distilgpt2	distilbert/distilgpt2	False	6.02693626206019e-06	17.34014320373535
ided	996	 chided	1	distilbert/distilgpt2	distilbert/distilgpt2	False	0.0022075618617236614	8.823330879211426
ĠDavid	996	 David	2	distilbert/distilgpt2	distilbert/distilgpt2	False	0.002747991820797324	8.507406234741211
Ġbecause	996	 because	3	distilbert/distilgpt2	distilbert/distilgpt2	False	0.0014046549331396818	9.475568771362305
Ġhe	996	 he	4	distilbert/distilgpt2	distilbert/distilgpt2	False	0.4020741581916809	1.3144664764404297
David	997	David	0	distilbert/distilgpt2	distilbert/distilgpt2	False	1.0	0.0
Ġch	997	 chided	1	distilbert/distilgpt2	distilbert/distilgpt2	False	5.424803475762019e-06	17.49199676513672
ided	997	 chided	1	distilbert/distilgpt2	distilbert/distilgpt2	False	0.0061446381732821465	7.346456527709961
ĠJohn	997	 John	2	distilbert/distilgpt2	distilbert/distilgpt2	False	0.004552160855382681	7.779232978820801
Ġbecause	997	 because	3	distilbert/distilgpt2	distilbert/distilgpt2	False	0.000294895056867972	11.727510452270508
Ġhe	997	 he	4	distilbert/distilgpt2	distilbert/distilgpt2	False	0.42683449387550354	1.228251338005066
Mary	998	Mary	0	distilbert/distilgpt2	distilbert/distilgpt2	False	1.0	0.0
Ġch	998	 chided	1	distilbert/distilgpt2	distilbert/distilgpt2	False	5.5658242672507185e-06	17.454973220825195
ided	998	 chided	1	distilbert/distilgpt2	distilbert/distilgpt2	False	0.001018643262796104	9.939135551452637
ĠJohn	998	 John	2	distilbert/distilgpt2	distilbert/distilgpt2	False	0.0040687196888029575	7.941209316253662
Ġbecause	998	 because	3	distilbert/distilgpt2	distilbert/distilgpt2	False	0.0009275051997974515	10.074357032775879
Ġhe	998	 he	4	distilbert/distilgpt2	distilbert/distilgpt2	False	0.4629216194152832	1.111160159111023
David	999	David	0	distilbert/distilgpt2	distilbert/distilgpt2	False	1.0	0.0
Ġch	999	 chided	1	distilbert/distilgpt2	distilbert/distilgpt2	False	5.424803475762019e-06	17.49199676513672
ided	999	 chided	1	distilbert/distilgpt2	distilbert/distilgpt2	False	0.0061446381732821465	7.346456527709961
ĠJohn	999	 John	2	distilbert/distilgpt2	distilbert/distilgpt2	False	0.004552160855382681	7.779232978820801
Ġbecause	999	 because	3	distilbert/distilgpt2	distilbert/distilgpt2	False	0.000294895056867972	11.727510452270508
Ġhe	999	 he	4	distilbert/distilgpt2	distilbert/distilgpt2	False	0.42683449387550354	1.228251338005066
Sarah	1000	Sarah	0	distilbert/distilgpt2	distilbert/distilgpt2	False	1.0	0.0
Ġch	1000	 chided	1	distilbert/distilgpt2	distilbert/distilgpt2	False	6.02693626206019e-06	17.34014320373535
ided	1000	 chided	1	distilbert/distilgpt2	distilbert/distilgpt2	False	0.0022075618617236614	8.823330879211426
ĠJohn	1000	 John	2	distilbert/distilgpt2	distilbert/distilgpt2	False	0.003745671361684799	8.06056022644043
Ġbecause	1000	 because	3	distilbert/distilgpt2	distilbert/distilgpt2	False	0.0008236097055487335	10.24575138092041
Ġhe	1000	 he	4	distilbert/distilgpt2	distilbert/distilgpt2	False	0.42315495014190674	1.2407420873641968
Mary	1001	Mary	0	distilbert/distilgpt2	distilbert/distilgpt2	False	1.0	0.0
Ġch	1001	 chided	1	distilbert/distilgpt2	distilbert/distilgpt2	False	5.5658242672507185e-06	17.454973220825195
ided	1001	 chided	1	distilbert/distilgpt2	distilbert/distilgpt2	False	0.001018643262796104	9.939135551452637
ĠSarah	1001	 Sarah	2	distilbert/distilgpt2	distilbert/distilgpt2	False	0.0004662139108404517	11.066720008850098
Ġbecause	1001	 because	3	distilbert/distilgpt2	distilbert/distilgpt2	False	0.00695165665820241	7.168427467346191
Ġshe	1001	 she	4	distilbert/distilgpt2	distilbert/distilgpt2	False	0.4880675673484802	1.0348472595214844
John	1002	John	0	distilbert/distilgpt2	distilbert/distilgpt2	False	1.0	0.0
Ġch	1002	 chided	1	distilbert/distilgpt2	distilbert/distilgpt2	False	5.344006694940617e-06	17.513647079467773
ided	1002	 chided	1	distilbert/distilgpt2	distilbert/distilgpt2	False	0.002992927096784115	8.38422679901123
ĠSarah	1002	 Sarah	2	distilbert/distilgpt2	distilbert/distilgpt2	False	0.000576144433580339	10.761281967163086
Ġbecause	1002	 because	3	distilbert/distilgpt2	distilbert/distilgpt2	False	0.002871179021894932	8.444141387939453
Ġshe	1002	 she	4	distilbert/distilgpt2	distilbert/distilgpt2	False	0.4323289394378662	1.2097986936569214
Mary	1003	Mary	0	distilbert/distilgpt2	distilbert/distilgpt2	False	1.0	0.0
Ġch	1003	 chided	1	distilbert/distilgpt2	distilbert/distilgpt2	False	5.5658242672507185e-06	17.454973220825195
ided	1003	 chided	1	distilbert/distilgpt2	distilbert/distilgpt2	False	0.001018643262796104	9.939135551452637
ĠSarah	1003	 Sarah	2	distilbert/distilgpt2	distilbert/distilgpt2	False	0.0004662139108404517	11.066720008850098
Ġbecause	1003	 because	3	distilbert/distilgpt2	distilbert/distilgpt2	False	0.00695165665820241	7.168427467346191
Ġshe	1003	 she	4	distilbert/distilgpt2	distilbert/distilgpt2	False	0.4880675673484802	1.0348472595214844
David	1004	David	0	distilbert/distilgpt2	distilbert/distilgpt2	False	1.0	0.0
Ġch	1004	 chided	1	distilbert/distilgpt2	distilbert/distilgpt2	False	5.424803475762019e-06	17.49199676513672
ided	1004	 chided	1	distilbert/distilgpt2	distilbert/distilgpt2	False	0.0061446381732821465	7.346456527709961
ĠSarah	1004	 Sarah	2	distilbert/distilgpt2	distilbert/distilgpt2	False	0.0005473426426760852	10.835268020629883
Ġbecause	1004	 because	3	distilbert/distilgpt2	distilbert/distilgpt2	False	0.0016673485515639186	9.228228569030762
Ġshe	1004	 she	4	distilbert/distilgpt2	distilbert/distilgpt2	False	0.4058436155319214	1.30100417137146
Sarah	1005	Sarah	0	distilbert/distilgpt2	distilbert/distilgpt2	False	1.0	0.0
Ġch	1005	 chided	1	distilbert/distilgpt2	distilbert/distilgpt2	False	6.02693626206019e-06	17.34014320373535
ided	1005	 chided	1	distilbert/distilgpt2	distilbert/distilgpt2	False	0.0022075618617236614	8.823330879211426
ĠMary	1005	 Mary	2	distilbert/distilgpt2	distilbert/distilgpt2	False	0.00035078084329143167	11.477142333984375
Ġbecause	1005	 because	3	distilbert/distilgpt2	distilbert/distilgpt2	False	0.002877412363886833	8.441012382507324
Ġshe	1005	 she	4	distilbert/distilgpt2	distilbert/distilgpt2	False	0.4252302348613739	1.2336839437484741
John	1006	John	0	distilbert/distilgpt2	distilbert/distilgpt2	False	1.0	0.0
Ġch	1006	 chided	1	distilbert/distilgpt2	distilbert/distilgpt2	False	5.344006694940617e-06	17.513647079467773
ided	1006	 chided	1	distilbert/distilgpt2	distilbert/distilgpt2	False	0.002992927096784115	8.38422679901123
ĠMary	1006	 Mary	2	distilbert/distilgpt2	distilbert/distilgpt2	False	0.0003401544818188995	11.521522521972656
Ġbecause	1006	 because	3	distilbert/distilgpt2	distilbert/distilgpt2	False	0.0036299757193773985	8.10582447052002
Ġshe	1006	 she	4	distilbert/distilgpt2	distilbert/distilgpt2	False	0.4381888210773468	1.1903754472732544
Sarah	1007	Sarah	0	distilbert/distilgpt2	distilbert/distilgpt2	False	1.0	0.0
Ġch	1007	 chided	1	distilbert/distilgpt2	distilbert/distilgpt2	False	6.02693626206019e-06	17.34014320373535
ided	1007	 chided	1	distilbert/distilgpt2	distilbert/distilgpt2	False	0.0022075618617236614	8.823330879211426
ĠMary	1007	 Mary	2	distilbert/distilgpt2	distilbert/distilgpt2	False	0.00035078084329143167	11.477142333984375
Ġbecause	1007	 because	3	distilbert/distilgpt2	distilbert/distilgpt2	False	0.002877412363886833	8.441012382507324
Ġshe	1007	 she	4	distilbert/distilgpt2	distilbert/distilgpt2	False	0.4252302348613739	1.2336839437484741
David	1008	David	0	distilbert/distilgpt2	distilbert/distilgpt2	False	1.0	0.0
Ġch	1008	 chided	1	distilbert/distilgpt2	distilbert/distilgpt2	False	5.424803475762019e-06	17.49199676513672
ided	1008	 chided	1	distilbert/distilgpt2	distilbert/distilgpt2	False	0.0061446381732821465	7.346456527709961
ĠMary	1008	 Mary	2	distilbert/distilgpt2	distilbert/distilgpt2	False	0.00031023507472127676	11.654350280761719
Ġbecause	1008	 because	3	distilbert/distilgpt2	distilbert/distilgpt2	False	0.0010026982054114342	9.961896896362305
Ġshe	1008	 she	4	distilbert/distilgpt2	distilbert/distilgpt2	False	0.40929746627807617	1.2887784242630005
John	1009	John	0	distilbert/distilgpt2	distilbert/distilgpt2	False	1.0	0.0
Ġchilled	1009	 chilled	1	distilbert/distilgpt2	distilbert/distilgpt2	False	1.884008504760004e-08	25.661619186401367
ĠDavid	1009	 David	2	distilbert/distilgpt2	distilbert/distilgpt2	False	1.7782716895453632e-05	15.77916431427002
Ġbecause	1009	 because	3	distilbert/distilgpt2	distilbert/distilgpt2	False	0.0003298107476439327	11.56607437133789
Ġhe	1009	 he	4	distilbert/distilgpt2	distilbert/distilgpt2	False	0.4131881296634674	1.2751293182373047
Mary	1010	Mary	0	distilbert/distilgpt2	distilbert/distilgpt2	False	1.0	0.0
Ġchilled	1010	 chilled	1	distilbert/distilgpt2	distilbert/distilgpt2	False	2.5832463279584772e-08	25.206239700317383
ĠDavid	1010	 David	2	distilbert/distilgpt2	distilbert/distilgpt2	False	1.3631089132104535e-05	16.162738800048828
Ġbecause	1010	 because	3	distilbert/distilgpt2	distilbert/distilgpt2	False	0.00030827350565232337	11.663501739501953
Ġhe	1010	 he	4	distilbert/distilgpt2	distilbert/distilgpt2	False	0.39790645241737366	1.3294988870620728
John	1011	John	0	distilbert/distilgpt2	distilbert/distilgpt2	False	1.0	0.0
Ġchilled	1011	 chilled	1	distilbert/distilgpt2	distilbert/distilgpt2	False	1.884008504760004e-08	25.661619186401367
ĠDavid	1011	 David	2	distilbert/distilgpt2	distilbert/distilgpt2	False	1.7782716895453632e-05	15.77916431427002
Ġbecause	1011	 because	3	distilbert/distilgpt2	distilbert/distilgpt2	False	0.0003298107476439327	11.56607437133789
Ġhe	1011	 he	4	distilbert/distilgpt2	distilbert/distilgpt2	False	0.4131881296634674	1.2751293182373047
Sarah	1012	Sarah	0	distilbert/distilgpt2	distilbert/distilgpt2	False	1.0	0.0
Ġchilled	1012	 chilled	1	distilbert/distilgpt2	distilbert/distilgpt2	False	1.867020138490716e-08	25.674686431884766
ĠDavid	1012	 David	2	distilbert/distilgpt2	distilbert/distilgpt2	False	2.1734609617851675e-05	15.489645957946777
Ġbecause	1012	 because	3	distilbert/distilgpt2	distilbert/distilgpt2	False	0.00042034609941765666	11.216135025024414
Ġhe	1012	 he	4	distilbert/distilgpt2	distilbert/distilgpt2	False	0.4344196021556854	1.2028388977050781
David	1013	David	0	distilbert/distilgpt2	distilbert/distilgpt2	False	1.0	0.0
Ġchilled	1013	 chilled	1	distilbert/distilgpt2	distilbert/distilgpt2	False	1.9295548270292784e-08	25.62715721130371
ĠJohn	1013	 John	2	distilbert/distilgpt2	distilbert/distilgpt2	False	8.321260975208133e-05	13.552838325500488
Ġbecause	1013	 because	3	distilbert/distilgpt2	distilbert/distilgpt2	False	0.0012704082764685154	9.620491981506348
Ġhe	1013	 he	4	distilbert/distilgpt2	distilbert/distilgpt2	False	0.40486112236976624	1.3045010566711426
Mary	1014	Mary	0	distilbert/distilgpt2	distilbert/distilgpt2	False	1.0	0.0
Ġchilled	1014	 chilled	1	distilbert/distilgpt2	distilbert/distilgpt2	False	2.5832463279584772e-08	25.206239700317383
ĠJohn	1014	 John	2	distilbert/distilgpt2	distilbert/distilgpt2	False	4.424541839398444e-05	14.464112281799316
Ġbecause	1014	 because	3	distilbert/distilgpt2	distilbert/distilgpt2	False	0.000866925809532404	10.17180347442627
Ġhe	1014	 he	4	distilbert/distilgpt2	distilbert/distilgpt2	False	0.380625456571579	1.3935561180114746
David	1015	David	0	distilbert/distilgpt2	distilbert/distilgpt2	False	1.0	0.0
Ġchilled	1015	 chilled	1	distilbert/distilgpt2	distilbert/distilgpt2	False	1.9295548270292784e-08	25.62715721130371
ĠJohn	1015	 John	2	distilbert/distilgpt2	distilbert/distilgpt2	False	8.321260975208133e-05	13.552838325500488
Ġbecause	1015	 because	3	distilbert/distilgpt2	distilbert/distilgpt2	False	0.0012704082764685154	9.620491981506348
Ġhe	1015	 he	4	distilbert/distilgpt2	distilbert/distilgpt2	False	0.40486112236976624	1.3045010566711426
Sarah	1016	Sarah	0	distilbert/distilgpt2	distilbert/distilgpt2	False	1.0	0.0
Ġchilled	1016	 chilled	1	distilbert/distilgpt2	distilbert/distilgpt2	False	1.867020138490716e-08	25.674686431884766
ĠJohn	1016	 John	2	distilbert/distilgpt2	distilbert/distilgpt2	False	6.852707883808762e-05	13.832965850830078
Ġbecause	1016	 because	3	distilbert/distilgpt2	distilbert/distilgpt2	False	0.001665875199250877	9.229503631591797
Ġhe	1016	 he	4	distilbert/distilgpt2	distilbert/distilgpt2	False	0.3997168242931366	1.3229498863220215
Mary	1017	Mary	0	distilbert/distilgpt2	distilbert/distilgpt2	False	1.0	0.0
Ġchilled	1017	 chilled	1	distilbert/distilgpt2	distilbert/distilgpt2	False	2.5832463279584772e-08	25.206239700317383
ĠSarah	1017	 Sarah	2	distilbert/distilgpt2	distilbert/distilgpt2	False	8.131736649374943e-06	16.908004760742188
Ġbecause	1017	 because	3	distilbert/distilgpt2	distilbert/distilgpt2	False	0.0009288302971981466	10.072297096252441
Ġshe	1017	 she	4	distilbert/distilgpt2	distilbert/distilgpt2	False	0.429673433303833	1.2186875343322754
John	1018	John	0	distilbert/distilgpt2	distilbert/distilgpt2	False	1.0	0.0
Ġchilled	1018	 chilled	1	distilbert/distilgpt2	distilbert/distilgpt2	False	1.884008504760004e-08	25.661619186401367
ĠSarah	1018	 Sarah	2	distilbert/distilgpt2	distilbert/distilgpt2	False	8.494050234730821e-06	16.845115661621094
Ġbecause	1018	 because	3	distilbert/distilgpt2	distilbert/distilgpt2	False	0.0009564957581460476	10.029953956604004
Ġshe	1018	 she	4	distilbert/distilgpt2	distilbert/distilgpt2	False	0.4243857264518738	1.2365520000457764
Mary	1019	Mary	0	distilbert/distilgpt2	distilbert/distilgpt2	False	1.0	0.0
Ġchilled	1019	 chilled	1	distilbert/distilgpt2	distilbert/distilgpt2	False	2.5832463279584772e-08	25.206239700317383
ĠSarah	1019	 Sarah	2	distilbert/distilgpt2	distilbert/distilgpt2	False	8.131736649374943e-06	16.908004760742188
Ġbecause	1019	 because	3	distilbert/distilgpt2	distilbert/distilgpt2	False	0.0009288302971981466	10.072297096252441
Ġshe	1019	 she	4	distilbert/distilgpt2	distilbert/distilgpt2	False	0.429673433303833	1.2186875343322754
David	1020	David	0	distilbert/distilgpt2	distilbert/distilgpt2	False	1.0	0.0
Ġchilled	1020	 chilled	1	distilbert/distilgpt2	distilbert/distilgpt2	False	1.9295548270292784e-08	25.62715721130371
ĠSarah	1020	 Sarah	2	distilbert/distilgpt2	distilbert/distilgpt2	False	1.5159808754106052e-05	16.009387969970703
Ġbecause	1020	 because	3	distilbert/distilgpt2	distilbert/distilgpt2	False	0.0011180696310475469	9.804774284362793
Ġshe	1020	 she	4	distilbert/distilgpt2	distilbert/distilgpt2	False	0.45466750860214233	1.1371161937713623
Sarah	1021	Sarah	0	distilbert/distilgpt2	distilbert/distilgpt2	False	1.0	0.0
Ġchilled	1021	 chilled	1	distilbert/distilgpt2	distilbert/distilgpt2	False	1.867020138490716e-08	25.674686431884766
ĠMary	1021	 Mary	2	distilbert/distilgpt2	distilbert/distilgpt2	False	4.3393607484176755e-05	14.492157936096191
Ġbecause	1021	 because	3	distilbert/distilgpt2	distilbert/distilgpt2	False	0.0002449190360493958	11.995407104492188
Ġshe	1021	 she	4	distilbert/distilgpt2	distilbert/distilgpt2	False	0.3417492210865021	1.5489901304244995
John	1022	John	0	distilbert/distilgpt2	distilbert/distilgpt2	False	1.0	0.0
Ġchilled	1022	 chilled	1	distilbert/distilgpt2	distilbert/distilgpt2	False	1.884008504760004e-08	25.661619186401367
ĠMary	1022	 Mary	2	distilbert/distilgpt2	distilbert/distilgpt2	False	2.7987241992377676e-05	15.124871253967285
Ġbecause	1022	 because	3	distilbert/distilgpt2	distilbert/distilgpt2	False	0.0002749673440121114	11.828452110290527
Ġshe	1022	 she	4	distilbert/distilgpt2	distilbert/distilgpt2	False	0.31667762994766235	1.6589131355285645
Sarah	1023	Sarah	0	distilbert/distilgpt2	distilbert/distilgpt2	False	1.0	0.0
Ġchilled	1023	 chilled	1	distilbert/distilgpt2	distilbert/distilgpt2	False	1.867020138490716e-08	25.674686431884766
ĠMary	1023	 Mary	2	distilbert/distilgpt2	distilbert/distilgpt2	False	4.3393607484176755e-05	14.492157936096191
Ġbecause	1023	 because	3	distilbert/distilgpt2	distilbert/distilgpt2	False	0.0002449190360493958	11.995407104492188
Ġshe	1023	 she	4	distilbert/distilgpt2	distilbert/distilgpt2	False	0.3417492210865021	1.5489901304244995
David	1024	David	0	distilbert/distilgpt2	distilbert/distilgpt2	False	1.0	0.0
Ġchilled	1024	 chilled	1	distilbert/distilgpt2	distilbert/distilgpt2	False	1.9295548270292784e-08	25.62715721130371
ĠMary	1024	 Mary	2	distilbert/distilgpt2	distilbert/distilgpt2	False	3.935546919819899e-05	14.633076667785645
Ġbecause	1024	 because	3	distilbert/distilgpt2	distilbert/distilgpt2	False	0.00032997748348861933	11.56534481048584
Ġshe	1024	 she	4	distilbert/distilgpt2	distilbert/distilgpt2	False	0.3491109013557434	1.5182427167892456
John	1025	John	0	distilbert/distilgpt2	distilbert/distilgpt2	False	1.0	0.0
Ġcomfort	1025	 comforted	1	distilbert/distilgpt2	distilbert/distilgpt2	False	3.353441115905298e-07	21.507854461669922
ed	1025	 comforted	1	distilbert/distilgpt2	distilbert/distilgpt2	False	0.0974363386631012	3.35939621925354
ĠDavid	1025	 David	2	distilbert/distilgpt2	distilbert/distilgpt2	False	0.0005212465184740722	10.905746459960938
Ġbecause	1025	 because	3	distilbert/distilgpt2	distilbert/distilgpt2	False	0.0029771816916763783	8.391837120056152
Ġhe	1025	 he	4	distilbert/distilgpt2	distilbert/distilgpt2	False	0.4024551510810852	1.3131000995635986
Mary	1026	Mary	0	distilbert/distilgpt2	distilbert/distilgpt2	False	1.0	0.0
Ġcomfort	1026	 comforted	1	distilbert/distilgpt2	distilbert/distilgpt2	False	3.8679414160469605e-07	21.301931381225586
ed	1026	 comforted	1	distilbert/distilgpt2	distilbert/distilgpt2	False	0.08049130439758301	3.6350231170654297
ĠDavid	1026	 David	2	distilbert/distilgpt2	distilbert/distilgpt2	False	0.00028351074433885515	11.784309387207031
Ġbecause	1026	 because	3	distilbert/distilgpt2	distilbert/distilgpt2	False	0.00388145144097507	8.009187698364258
Ġhe	1026	 he	4	distilbert/distilgpt2	distilbert/distilgpt2	False	0.40757548809051514	1.29486083984375
John	1027	John	0	distilbert/distilgpt2	distilbert/distilgpt2	False	1.0	0.0
Ġcomfort	1027	 comforted	1	distilbert/distilgpt2	distilbert/distilgpt2	False	3.353441115905298e-07	21.507854461669922
ed	1027	 comforted	1	distilbert/distilgpt2	distilbert/distilgpt2	False	0.0974363386631012	3.35939621925354
ĠDavid	1027	 David	2	distilbert/distilgpt2	distilbert/distilgpt2	False	0.0005212465184740722	10.905746459960938
Ġbecause	1027	 because	3	distilbert/distilgpt2	distilbert/distilgpt2	False	0.0029771816916763783	8.391837120056152
Ġhe	1027	 he	4	distilbert/distilgpt2	distilbert/distilgpt2	False	0.4024551510810852	1.3131000995635986
Sarah	1028	Sarah	0	distilbert/distilgpt2	distilbert/distilgpt2	False	1.0	0.0
Ġcomfort	1028	 comforted	1	distilbert/distilgpt2	distilbert/distilgpt2	False	3.424754595471313e-07	21.477495193481445
ed	1028	 comforted	1	distilbert/distilgpt2	distilbert/distilgpt2	False	0.08595256507396698	3.5403153896331787
ĠDavid	1028	 David	2	distilbert/distilgpt2	distilbert/distilgpt2	False	0.00033357369829900563	11.54970645904541
Ġbecause	1028	 because	3	distilbert/distilgpt2	distilbert/distilgpt2	False	0.0029132841154932976	8.423137664794922
Ġhe	1028	 he	4	distilbert/distilgpt2	distilbert/distilgpt2	False	0.41489502787590027	1.269181728363037
David	1029	David	0	distilbert/distilgpt2	distilbert/distilgpt2	False	1.0	0.0
Ġcomfort	1029	 comforted	1	distilbert/distilgpt2	distilbert/distilgpt2	False	3.541382227467693e-07	21.429183959960938
ed	1029	 comforted	1	distilbert/distilgpt2	distilbert/distilgpt2	False	0.25253695249557495	1.98543381690979
ĠJohn	1029	 John	2	distilbert/distilgpt2	distilbert/distilgpt2	False	0.0008268470410257578	10.240092277526855
Ġbecause	1029	 because	3	distilbert/distilgpt2	distilbert/distilgpt2	False	0.0030494960956275463	8.357213020324707
Ġhe	1029	 he	4	distilbert/distilgpt2	distilbert/distilgpt2	False	0.42310622334480286	1.2409082651138306
Mary	1030	Mary	0	distilbert/distilgpt2	distilbert/distilgpt2	False	1.0	0.0
Ġcomfort	1030	 comforted	1	distilbert/distilgpt2	distilbert/distilgpt2	False	3.8679414160469605e-07	21.301931381225586
ed	1030	 comforted	1	distilbert/distilgpt2	distilbert/distilgpt2	False	0.08049130439758301	3.6350231170654297
ĠJohn	1030	 John	2	distilbert/distilgpt2	distilbert/distilgpt2	False	0.0004653435025829822	11.069416046142578
Ġbecause	1030	 because	3	distilbert/distilgpt2	distilbert/distilgpt2	False	0.005059235263615847	7.626864910125732
Ġhe	1030	 he	4	distilbert/distilgpt2	distilbert/distilgpt2	False	0.44602668285369873	1.1647981405258179
David	1031	David	0	distilbert/distilgpt2	distilbert/distilgpt2	False	1.0	0.0
Ġcomfort	1031	 comforted	1	distilbert/distilgpt2	distilbert/distilgpt2	False	3.541382227467693e-07	21.429183959960938
ed	1031	 comforted	1	distilbert/distilgpt2	distilbert/distilgpt2	False	0.25253695249557495	1.98543381690979
ĠJohn	1031	 John	2	distilbert/distilgpt2	distilbert/distilgpt2	False	0.0008268470410257578	10.240092277526855
Ġbecause	1031	 because	3	distilbert/distilgpt2	distilbert/distilgpt2	False	0.0030494960956275463	8.357213020324707
Ġhe	1031	 he	4	distilbert/distilgpt2	distilbert/distilgpt2	False	0.42310622334480286	1.2409082651138306
Sarah	1032	Sarah	0	distilbert/distilgpt2	distilbert/distilgpt2	False	1.0	0.0
Ġcomfort	1032	 comforted	1	distilbert/distilgpt2	distilbert/distilgpt2	False	3.424754595471313e-07	21.477495193481445
ed	1032	 comforted	1	distilbert/distilgpt2	distilbert/distilgpt2	False	0.08595256507396698	3.5403153896331787
ĠJohn	1032	 John	2	distilbert/distilgpt2	distilbert/distilgpt2	False	0.0003709873999468982	11.396342277526855
Ġbecause	1032	 because	3	distilbert/distilgpt2	distilbert/distilgpt2	False	0.0068243579007685184	7.1950907707214355
Ġhe	1032	 he	4	distilbert/distilgpt2	distilbert/distilgpt2	False	0.4237583875656128	1.238686203956604
Mary	1033	Mary	0	distilbert/distilgpt2	distilbert/distilgpt2	False	1.0	0.0
Ġcomfort	1033	 comforted	1	distilbert/distilgpt2	distilbert/distilgpt2	False	3.8679414160469605e-07	21.301931381225586
ed	1033	 comforted	1	distilbert/distilgpt2	distilbert/distilgpt2	False	0.08049130439758301	3.6350231170654297
ĠSarah	1033	 Sarah	2	distilbert/distilgpt2	distilbert/distilgpt2	False	0.00020258506992831826	12.269184112548828
Ġbecause	1033	 because	3	distilbert/distilgpt2	distilbert/distilgpt2	False	0.0058433678932487965	7.4189839363098145
Ġshe	1033	 she	4	distilbert/distilgpt2	distilbert/distilgpt2	False	0.5164517760276794	0.9532945156097412
John	1034	John	0	distilbert/distilgpt2	distilbert/distilgpt2	False	1.0	0.0
Ġcomfort	1034	 comforted	1	distilbert/distilgpt2	distilbert/distilgpt2	False	3.353441115905298e-07	21.507854461669922
ed	1034	 comforted	1	distilbert/distilgpt2	distilbert/distilgpt2	False	0.0974363386631012	3.35939621925354
ĠSarah	1034	 Sarah	2	distilbert/distilgpt2	distilbert/distilgpt2	False	0.00019394730043131858	12.332047462463379
Ġbecause	1034	 because	3	distilbert/distilgpt2	distilbert/distilgpt2	False	0.006046749651432037	7.369624614715576
Ġshe	1034	 she	4	distilbert/distilgpt2	distilbert/distilgpt2	False	0.4859572649002075	1.041098713874817
Mary	1035	Mary	0	distilbert/distilgpt2	distilbert/distilgpt2	False	1.0	0.0
Ġcomfort	1035	 comforted	1	distilbert/distilgpt2	distilbert/distilgpt2	False	3.8679414160469605e-07	21.301931381225586
ed	1035	 comforted	1	distilbert/distilgpt2	distilbert/distilgpt2	False	0.08049130439758301	3.6350231170654297
ĠSarah	1035	 Sarah	2	distilbert/distilgpt2	distilbert/distilgpt2	False	0.00020258506992831826	12.269184112548828
Ġbecause	1035	 because	3	distilbert/distilgpt2	distilbert/distilgpt2	False	0.0058433678932487965	7.4189839363098145
Ġshe	1035	 she	4	distilbert/distilgpt2	distilbert/distilgpt2	False	0.5164517760276794	0.9532945156097412
David	1036	David	0	distilbert/distilgpt2	distilbert/distilgpt2	False	1.0	0.0
Ġcomfort	1036	 comforted	1	distilbert/distilgpt2	distilbert/distilgpt2	False	3.541382227467693e-07	21.429183959960938
ed	1036	 comforted	1	distilbert/distilgpt2	distilbert/distilgpt2	False	0.25253695249557495	1.98543381690979
ĠSarah	1036	 Sarah	2	distilbert/distilgpt2	distilbert/distilgpt2	False	0.00018553269910626113	12.396039009094238
Ġbecause	1036	 because	3	distilbert/distilgpt2	distilbert/distilgpt2	False	0.0036494103260338306	8.09812068939209
Ġshe	1036	 she	4	distilbert/distilgpt2	distilbert/distilgpt2	False	0.4826723337173462	1.0508840084075928
Sarah	1037	Sarah	0	distilbert/distilgpt2	distilbert/distilgpt2	False	1.0	0.0
Ġcomfort	1037	 comforted	1	distilbert/distilgpt2	distilbert/distilgpt2	False	3.424754595471313e-07	21.477495193481445
ed	1037	 comforted	1	distilbert/distilgpt2	distilbert/distilgpt2	False	0.08595256507396698	3.5403153896331787
ĠMary	1037	 Mary	2	distilbert/distilgpt2	distilbert/distilgpt2	False	0.0002803470124490559	11.800498962402344
Ġbecause	1037	 because	3	distilbert/distilgpt2	distilbert/distilgpt2	False	0.004143345169723034	7.9149885177612305
Ġshe	1037	 she	4	distilbert/distilgpt2	distilbert/distilgpt2	False	0.45578834414482117	1.1335641145706177
John	1038	John	0	distilbert/distilgpt2	distilbert/distilgpt2	False	1.0	0.0
Ġcomfort	1038	 comforted	1	distilbert/distilgpt2	distilbert/distilgpt2	False	3.353441115905298e-07	21.507854461669922
ed	1038	 comforted	1	distilbert/distilgpt2	distilbert/distilgpt2	False	0.0974363386631012	3.35939621925354
ĠMary	1038	 Mary	2	distilbert/distilgpt2	distilbert/distilgpt2	False	0.0003010901273228228	11.697516441345215
Ġbecause	1038	 because	3	distilbert/distilgpt2	distilbert/distilgpt2	False	0.006282116752117872	7.314533710479736
Ġshe	1038	 she	4	distilbert/distilgpt2	distilbert/distilgpt2	False	0.45684492588043213	1.1302236318588257
Sarah	1039	Sarah	0	distilbert/distilgpt2	distilbert/distilgpt2	False	1.0	0.0
Ġcomfort	1039	 comforted	1	distilbert/distilgpt2	distilbert/distilgpt2	False	3.424754595471313e-07	21.477495193481445
ed	1039	 comforted	1	distilbert/distilgpt2	distilbert/distilgpt2	False	0.08595256507396698	3.5403153896331787
ĠMary	1039	 Mary	2	distilbert/distilgpt2	distilbert/distilgpt2	False	0.0002803470124490559	11.800498962402344
Ġbecause	1039	 because	3	distilbert/distilgpt2	distilbert/distilgpt2	False	0.004143345169723034	7.9149885177612305
Ġshe	1039	 she	4	distilbert/distilgpt2	distilbert/distilgpt2	False	0.45578834414482117	1.1335641145706177
David	1040	David	0	distilbert/distilgpt2	distilbert/distilgpt2	False	1.0	0.0
Ġcomfort	1040	 comforted	1	distilbert/distilgpt2	distilbert/distilgpt2	False	3.541382227467693e-07	21.429183959960938
ed	1040	 comforted	1	distilbert/distilgpt2	distilbert/distilgpt2	False	0.25253695249557495	1.98543381690979
ĠMary	1040	 Mary	2	distilbert/distilgpt2	distilbert/distilgpt2	False	0.00028399351867847145	11.781854629516602
Ġbecause	1040	 because	3	distilbert/distilgpt2	distilbert/distilgpt2	False	0.003330223960801959	8.230165481567383
Ġshe	1040	 she	4	distilbert/distilgpt2	distilbert/distilgpt2	False	0.4515420198440552	1.147067904472351
John	1041	John	0	distilbert/distilgpt2	distilbert/distilgpt2	False	1.0	0.0
Ġcomm	1041	 commended	1	distilbert/distilgpt2	distilbert/distilgpt2	False	9.452421068090189e-08	23.334741592407227
ended	1041	 commended	1	distilbert/distilgpt2	distilbert/distilgpt2	False	0.30501022934913635	1.7130705118179321
ĠDavid	1041	 David	2	distilbert/distilgpt2	distilbert/distilgpt2	False	0.0024368425365537405	8.680770874023438
Ġbecause	1041	 because	3	distilbert/distilgpt2	distilbert/distilgpt2	False	5.576208423008211e-05	14.130355834960938
Ġhe	1041	 he	4	distilbert/distilgpt2	distilbert/distilgpt2	False	0.4358820617198944	1.1979902982711792
Mary	1042	Mary	0	distilbert/distilgpt2	distilbert/distilgpt2	False	1.0	0.0
Ġcomm	1042	 commended	1	distilbert/distilgpt2	distilbert/distilgpt2	False	9.798769440294564e-08	23.28282356262207
ended	1042	 commended	1	distilbert/distilgpt2	distilbert/distilgpt2	False	0.2363450676202774	2.08103346824646
ĠDavid	1042	 David	2	distilbert/distilgpt2	distilbert/distilgpt2	False	0.002051073359325528	8.929405212402344
Ġbecause	1042	 because	3	distilbert/distilgpt2	distilbert/distilgpt2	False	3.842744990834035e-05	14.667503356933594
Ġhe	1042	 he	4	distilbert/distilgpt2	distilbert/distilgpt2	False	0.4376581907272339	1.192123532295227
John	1043	John	0	distilbert/distilgpt2	distilbert/distilgpt2	False	1.0	0.0
Ġcomm	1043	 commended	1	distilbert/distilgpt2	distilbert/distilgpt2	False	9.452421068090189e-08	23.334741592407227
ended	1043	 commended	1	distilbert/distilgpt2	distilbert/distilgpt2	False	0.30501022934913635	1.7130705118179321
ĠDavid	1043	 David	2	distilbert/distilgpt2	distilbert/distilgpt2	False	0.0024368425365537405	8.680770874023438
Ġbecause	1043	 because	3	distilbert/distilgpt2	distilbert/distilgpt2	False	5.576208423008211e-05	14.130355834960938
Ġhe	1043	 he	4	distilbert/distilgpt2	distilbert/distilgpt2	False	0.4358820617198944	1.1979902982711792
Sarah	1044	Sarah	0	distilbert/distilgpt2	distilbert/distilgpt2	False	1.0	0.0
Ġcomm	1044	 commended	1	distilbert/distilgpt2	distilbert/distilgpt2	False	9.554781854603789e-08	23.319202423095703
ended	1044	 commended	1	distilbert/distilgpt2	distilbert/distilgpt2	False	0.2780824601650238	1.846415400505066
ĠDavid	1044	 David	2	distilbert/distilgpt2	distilbert/distilgpt2	False	0.0025289421901106834	8.627250671386719
Ġbecause	1044	 because	3	distilbert/distilgpt2	distilbert/distilgpt2	False	5.053978384239599e-05	14.272220611572266
Ġhe	1044	 he	4	distilbert/distilgpt2	distilbert/distilgpt2	False	0.4534488320350647	1.1409883499145508
David	1045	David	0	distilbert/distilgpt2	distilbert/distilgpt2	False	1.0	0.0
Ġcomm	1045	 commended	1	distilbert/distilgpt2	distilbert/distilgpt2	False	8.848383004078642e-08	23.430011749267578
ended	1045	 commended	1	distilbert/distilgpt2	distilbert/distilgpt2	False	0.38167604804039	1.3895795345306396
ĠJohn	1045	 John	2	distilbert/distilgpt2	distilbert/distilgpt2	False	0.004060834646224976	7.944007873535156
Ġbecause	1045	 because	3	distilbert/distilgpt2	distilbert/distilgpt2	False	3.258982178522274e-05	14.905219078063965
Ġhe	1045	 he	4	distilbert/distilgpt2	distilbert/distilgpt2	False	0.4672132730484009	1.0978468656539917
Mary	1046	Mary	0	distilbert/distilgpt2	distilbert/distilgpt2	False	1.0	0.0
Ġcomm	1046	 commended	1	distilbert/distilgpt2	distilbert/distilgpt2	False	9.798769440294564e-08	23.28282356262207
ended	1046	 commended	1	distilbert/distilgpt2	distilbert/distilgpt2	False	0.2363450676202774	2.08103346824646
ĠJohn	1046	 John	2	distilbert/distilgpt2	distilbert/distilgpt2	False	0.00473098224028945	7.723644733428955
Ġbecause	1046	 because	3	distilbert/distilgpt2	distilbert/distilgpt2	False	3.663679672172293e-05	14.736347198486328
Ġhe	1046	 he	4	distilbert/distilgpt2	distilbert/distilgpt2	False	0.480573832988739	1.057170033454895
David	1047	David	0	distilbert/distilgpt2	distilbert/distilgpt2	False	1.0	0.0
Ġcomm	1047	 commended	1	distilbert/distilgpt2	distilbert/distilgpt2	False	8.848383004078642e-08	23.430011749267578
ended	1047	 commended	1	distilbert/distilgpt2	distilbert/distilgpt2	False	0.38167604804039	1.3895795345306396
ĠJohn	1047	 John	2	distilbert/distilgpt2	distilbert/distilgpt2	False	0.004060834646224976	7.944007873535156
Ġbecause	1047	 because	3	distilbert/distilgpt2	distilbert/distilgpt2	False	3.258982178522274e-05	14.905219078063965
Ġhe	1047	 he	4	distilbert/distilgpt2	distilbert/distilgpt2	False	0.4672132730484009	1.0978468656539917
Sarah	1048	Sarah	0	distilbert/distilgpt2	distilbert/distilgpt2	False	1.0	0.0
Ġcomm	1048	 commended	1	distilbert/distilgpt2	distilbert/distilgpt2	False	9.554781854603789e-08	23.319202423095703
ended	1048	 commended	1	distilbert/distilgpt2	distilbert/distilgpt2	False	0.2780824601650238	1.846415400505066
ĠJohn	1048	 John	2	distilbert/distilgpt2	distilbert/distilgpt2	False	0.004240337759256363	7.88160514831543
Ġbecause	1048	 because	3	distilbert/distilgpt2	distilbert/distilgpt2	False	4.995450217393227e-05	14.289026260375977
Ġhe	1048	 he	4	distilbert/distilgpt2	distilbert/distilgpt2	False	0.4929438829421997	1.0205047130584717
Mary	1049	Mary	0	distilbert/distilgpt2	distilbert/distilgpt2	False	1.0	0.0
Ġcomm	1049	 commended	1	distilbert/distilgpt2	distilbert/distilgpt2	False	9.798769440294564e-08	23.28282356262207
ended	1049	 commended	1	distilbert/distilgpt2	distilbert/distilgpt2	False	0.2363450676202774	2.08103346824646
ĠSarah	1049	 Sarah	2	distilbert/distilgpt2	distilbert/distilgpt2	False	0.0005328526021912694	10.87397575378418
Ġbecause	1049	 because	3	distilbert/distilgpt2	distilbert/distilgpt2	False	0.00033571835956536233	11.540460586547852
Ġshe	1049	 she	4	distilbert/distilgpt2	distilbert/distilgpt2	False	0.50874924659729	0.9749733209609985
John	1050	John	0	distilbert/distilgpt2	distilbert/distilgpt2	False	1.0	0.0
Ġcomm	1050	 commended	1	distilbert/distilgpt2	distilbert/distilgpt2	False	9.452421068090189e-08	23.334741592407227
ended	1050	 commended	1	distilbert/distilgpt2	distilbert/distilgpt2	False	0.30501022934913635	1.7130705118179321
ĠSarah	1050	 Sarah	2	distilbert/distilgpt2	distilbert/distilgpt2	False	0.00047701754374429584	11.033670425415039
Ġbecause	1050	 because	3	distilbert/distilgpt2	distilbert/distilgpt2	False	0.00031493278220295906	11.632668495178223
Ġshe	1050	 she	4	distilbert/distilgpt2	distilbert/distilgpt2	False	0.4762229323387146	1.0702910423278809
Mary	1051	Mary	0	distilbert/distilgpt2	distilbert/distilgpt2	False	1.0	0.0
Ġcomm	1051	 commended	1	distilbert/distilgpt2	distilbert/distilgpt2	False	9.798769440294564e-08	23.28282356262207
ended	1051	 commended	1	distilbert/distilgpt2	distilbert/distilgpt2	False	0.2363450676202774	2.08103346824646
ĠSarah	1051	 Sarah	2	distilbert/distilgpt2	distilbert/distilgpt2	False	0.0005328526021912694	10.87397575378418
Ġbecause	1051	 because	3	distilbert/distilgpt2	distilbert/distilgpt2	False	0.00033571835956536233	11.540460586547852
Ġshe	1051	 she	4	distilbert/distilgpt2	distilbert/distilgpt2	False	0.50874924659729	0.9749733209609985
David	1052	David	0	distilbert/distilgpt2	distilbert/distilgpt2	False	1.0	0.0
Ġcomm	1052	 commended	1	distilbert/distilgpt2	distilbert/distilgpt2	False	8.848383004078642e-08	23.430011749267578
ended	1052	 commended	1	distilbert/distilgpt2	distilbert/distilgpt2	False	0.38167604804039	1.3895795345306396
ĠSarah	1052	 Sarah	2	distilbert/distilgpt2	distilbert/distilgpt2	False	0.0004776896967086941	11.031638145446777
Ġbecause	1052	 because	3	distilbert/distilgpt2	distilbert/distilgpt2	False	0.00019048938702326268	12.358001708984375
Ġshe	1052	 she	4	distilbert/distilgpt2	distilbert/distilgpt2	False	0.44846785068511963	1.156923532485962
Sarah	1053	Sarah	0	distilbert/distilgpt2	distilbert/distilgpt2	False	1.0	0.0
Ġcomm	1053	 commended	1	distilbert/distilgpt2	distilbert/distilgpt2	False	9.554781854603789e-08	23.319202423095703
ended	1053	 commended	1	distilbert/distilgpt2	distilbert/distilgpt2	False	0.2780824601650238	1.846415400505066
ĠMary	1053	 Mary	2	distilbert/distilgpt2	distilbert/distilgpt2	False	0.0005050914478488266	10.951168060302734
Ġbecause	1053	 because	3	distilbert/distilgpt2	distilbert/distilgpt2	False	0.00014562961587216705	12.74540901184082
Ġshe	1053	 she	4	distilbert/distilgpt2	distilbert/distilgpt2	False	0.4494510591030121	1.1537641286849976
John	1054	John	0	distilbert/distilgpt2	distilbert/distilgpt2	False	1.0	0.0
Ġcomm	1054	 commended	1	distilbert/distilgpt2	distilbert/distilgpt2	False	9.452421068090189e-08	23.334741592407227
ended	1054	 commended	1	distilbert/distilgpt2	distilbert/distilgpt2	False	0.30501022934913635	1.7130705118179321
ĠMary	1054	 Mary	2	distilbert/distilgpt2	distilbert/distilgpt2	False	0.00041093569598160684	11.248799324035645
Ġbecause	1054	 because	3	distilbert/distilgpt2	distilbert/distilgpt2	False	0.00021537076099775732	12.180890083312988
Ġshe	1054	 she	4	distilbert/distilgpt2	distilbert/distilgpt2	False	0.45012006163597107	1.151618242263794
Sarah	1055	Sarah	0	distilbert/distilgpt2	distilbert/distilgpt2	False	1.0	0.0
Ġcomm	1055	 commended	1	distilbert/distilgpt2	distilbert/distilgpt2	False	9.554781854603789e-08	23.319202423095703
ended	1055	 commended	1	distilbert/distilgpt2	distilbert/distilgpt2	False	0.2780824601650238	1.846415400505066
ĠMary	1055	 Mary	2	distilbert/distilgpt2	distilbert/distilgpt2	False	0.0005050914478488266	10.951168060302734
Ġbecause	1055	 because	3	distilbert/distilgpt2	distilbert/distilgpt2	False	0.00014562961587216705	12.74540901184082
Ġshe	1055	 she	4	distilbert/distilgpt2	distilbert/distilgpt2	False	0.4494510591030121	1.1537641286849976
David	1056	David	0	distilbert/distilgpt2	distilbert/distilgpt2	False	1.0	0.0
Ġcomm	1056	 commended	1	distilbert/distilgpt2	distilbert/distilgpt2	False	8.848383004078642e-08	23.430011749267578
ended	1056	 commended	1	distilbert/distilgpt2	distilbert/distilgpt2	False	0.38167604804039	1.3895795345306396
ĠMary	1056	 Mary	2	distilbert/distilgpt2	distilbert/distilgpt2	False	0.0003687626449391246	11.405019760131836
Ġbecause	1056	 because	3	distilbert/distilgpt2	distilbert/distilgpt2	False	8.495156362187117e-05	13.52299976348877
Ġshe	1056	 she	4	distilbert/distilgpt2	distilbert/distilgpt2	False	0.4233608841896057	1.2400401830673218
John	1057	John	0	distilbert/distilgpt2	distilbert/distilgpt2	False	1.0	0.0
Ġcompensated	1057	 compensated	1	distilbert/distilgpt2	distilbert/distilgpt2	False	2.791413677982746e-08	25.09442901611328
ĠDavid	1057	 David	2	distilbert/distilgpt2	distilbert/distilgpt2	False	0.0006352756172418594	10.620329856872559
Ġbecause	1057	 because	3	distilbert/distilgpt2	distilbert/distilgpt2	False	0.0005144751048646867	10.92461109161377
Ġhe	1057	 he	4	distilbert/distilgpt2	distilbert/distilgpt2	False	0.39652588963508606	1.3345130681991577
Mary	1058	Mary	0	distilbert/distilgpt2	distilbert/distilgpt2	False	1.0	0.0
Ġcompensated	1058	 compensated	1	distilbert/distilgpt2	distilbert/distilgpt2	False	3.7537436270440594e-08	24.667095184326172
ĠDavid	1058	 David	2	distilbert/distilgpt2	distilbert/distilgpt2	False	0.00031627065618522465	11.62655258178711
Ġbecause	1058	 because	3	distilbert/distilgpt2	distilbert/distilgpt2	False	0.0006302101537585258	10.631879806518555
Ġhe	1058	 he	4	distilbert/distilgpt2	distilbert/distilgpt2	False	0.39576077461242676	1.3372994661331177
John	1059	John	0	distilbert/distilgpt2	distilbert/distilgpt2	False	1.0	0.0
Ġcompensated	1059	 compensated	1	distilbert/distilgpt2	distilbert/distilgpt2	False	2.791413677982746e-08	25.09442901611328
ĠDavid	1059	 David	2	distilbert/distilgpt2	distilbert/distilgpt2	False	0.0006352756172418594	10.620329856872559
Ġbecause	1059	 because	3	distilbert/distilgpt2	distilbert/distilgpt2	False	0.0005144751048646867	10.92461109161377
Ġhe	1059	 he	4	distilbert/distilgpt2	distilbert/distilgpt2	False	0.39652588963508606	1.3345130681991577
Sarah	1060	Sarah	0	distilbert/distilgpt2	distilbert/distilgpt2	False	1.0	0.0
Ġcompensated	1060	 compensated	1	distilbert/distilgpt2	distilbert/distilgpt2	False	2.8925580153327246e-08	25.043079376220703
ĠDavid	1060	 David	2	distilbert/distilgpt2	distilbert/distilgpt2	False	0.000503546791151166	10.955586433410645
Ġbecause	1060	 because	3	distilbert/distilgpt2	distilbert/distilgpt2	False	0.0007716380059719086	10.339788436889648
Ġhe	1060	 he	4	distilbert/distilgpt2	distilbert/distilgpt2	False	0.3855879604816437	1.3748681545257568
David	1061	David	0	distilbert/distilgpt2	distilbert/distilgpt2	False	1.0	0.0
Ġcompensated	1061	 compensated	1	distilbert/distilgpt2	distilbert/distilgpt2	False	3.114450919383671e-08	24.936447143554688
ĠJohn	1061	 John	2	distilbert/distilgpt2	distilbert/distilgpt2	False	0.000991780310869217	9.977691650390625
Ġbecause	1061	 because	3	distilbert/distilgpt2	distilbert/distilgpt2	False	0.0012125489301979542	9.68774127960205
Ġhe	1061	 he	4	distilbert/distilgpt2	distilbert/distilgpt2	False	0.38631802797317505	1.3721390962600708
Mary	1062	Mary	0	distilbert/distilgpt2	distilbert/distilgpt2	False	1.0	0.0
Ġcompensated	1062	 compensated	1	distilbert/distilgpt2	distilbert/distilgpt2	False	3.7537436270440594e-08	24.667095184326172
ĠJohn	1062	 John	2	distilbert/distilgpt2	distilbert/distilgpt2	False	0.0005230398965068161	10.90079116821289
Ġbecause	1062	 because	3	distilbert/distilgpt2	distilbert/distilgpt2	False	0.0015442800940945745	9.338850021362305
Ġhe	1062	 he	4	distilbert/distilgpt2	distilbert/distilgpt2	False	0.42439350485801697	1.236525535583496
David	1063	David	0	distilbert/distilgpt2	distilbert/distilgpt2	False	1.0	0.0
Ġcompensated	1063	 compensated	1	distilbert/distilgpt2	distilbert/distilgpt2	False	3.114450919383671e-08	24.936447143554688
ĠJohn	1063	 John	2	distilbert/distilgpt2	distilbert/distilgpt2	False	0.000991780310869217	9.977691650390625
Ġbecause	1063	 because	3	distilbert/distilgpt2	distilbert/distilgpt2	False	0.0012125489301979542	9.68774127960205
Ġhe	1063	 he	4	distilbert/distilgpt2	distilbert/distilgpt2	False	0.38631802797317505	1.3721390962600708
Sarah	1064	Sarah	0	distilbert/distilgpt2	distilbert/distilgpt2	False	1.0	0.0
Ġcompensated	1064	 compensated	1	distilbert/distilgpt2	distilbert/distilgpt2	False	2.8925580153327246e-08	25.043079376220703
ĠJohn	1064	 John	2	distilbert/distilgpt2	distilbert/distilgpt2	False	0.0005529092741198838	10.820669174194336
Ġbecause	1064	 because	3	distilbert/distilgpt2	distilbert/distilgpt2	False	0.00261769350618124	8.57748794555664
Ġhe	1064	 he	4	distilbert/distilgpt2	distilbert/distilgpt2	False	0.39212891459465027	1.3506001234054565
Mary	1065	Mary	0	distilbert/distilgpt2	distilbert/distilgpt2	False	1.0	0.0
Ġcompensated	1065	 compensated	1	distilbert/distilgpt2	distilbert/distilgpt2	False	3.7537436270440594e-08	24.667095184326172
ĠSarah	1065	 Sarah	2	distilbert/distilgpt2	distilbert/distilgpt2	False	6.331967597361654e-05	13.94698715209961
Ġbecause	1065	 because	3	distilbert/distilgpt2	distilbert/distilgpt2	False	0.0019089465495198965	9.033007621765137
Ġshe	1065	 she	4	distilbert/distilgpt2	distilbert/distilgpt2	False	0.46769794821739197	1.0963510274887085
John	1066	John	0	distilbert/distilgpt2	distilbert/distilgpt2	False	1.0	0.0
Ġcompensated	1066	 compensated	1	distilbert/distilgpt2	distilbert/distilgpt2	False	2.791413677982746e-08	25.09442901611328
ĠSarah	1066	 Sarah	2	distilbert/distilgpt2	distilbert/distilgpt2	False	7.80425252742134e-05	13.645380020141602
Ġbecause	1066	 because	3	distilbert/distilgpt2	distilbert/distilgpt2	False	0.0011768554104492068	9.730847358703613
Ġshe	1066	 she	4	distilbert/distilgpt2	distilbert/distilgpt2	False	0.4565283954143524	1.1312235593795776
Mary	1067	Mary	0	distilbert/distilgpt2	distilbert/distilgpt2	False	1.0	0.0
Ġcompensated	1067	 compensated	1	distilbert/distilgpt2	distilbert/distilgpt2	False	3.7537436270440594e-08	24.667095184326172
ĠSarah	1067	 Sarah	2	distilbert/distilgpt2	distilbert/distilgpt2	False	6.331967597361654e-05	13.94698715209961
Ġbecause	1067	 because	3	distilbert/distilgpt2	distilbert/distilgpt2	False	0.0019089465495198965	9.033007621765137
Ġshe	1067	 she	4	distilbert/distilgpt2	distilbert/distilgpt2	False	0.46769794821739197	1.0963510274887085
David	1068	David	0	distilbert/distilgpt2	distilbert/distilgpt2	False	1.0	0.0
Ġcompensated	1068	 compensated	1	distilbert/distilgpt2	distilbert/distilgpt2	False	3.114450919383671e-08	24.936447143554688
ĠSarah	1068	 Sarah	2	distilbert/distilgpt2	distilbert/distilgpt2	False	7.951774750836194e-05	13.618363380432129
Ġbecause	1068	 because	3	distilbert/distilgpt2	distilbert/distilgpt2	False	0.0010337047278881073	9.917960166931152
Ġshe	1068	 she	4	distilbert/distilgpt2	distilbert/distilgpt2	False	0.4406707286834717	1.1822270154953003
Sarah	1069	Sarah	0	distilbert/distilgpt2	distilbert/distilgpt2	False	1.0	0.0
Ġcompensated	1069	 compensated	1	distilbert/distilgpt2	distilbert/distilgpt2	False	2.8925580153327246e-08	25.043079376220703
ĠMary	1069	 Mary	2	distilbert/distilgpt2	distilbert/distilgpt2	False	0.00010321467561880127	13.242064476013184
Ġbecause	1069	 because	3	distilbert/distilgpt2	distilbert/distilgpt2	False	0.0011887014843523502	9.716398239135742
Ġshe	1069	 she	4	distilbert/distilgpt2	distilbert/distilgpt2	False	0.38899290561676025	1.3621842861175537
John	1070	John	0	distilbert/distilgpt2	distilbert/distilgpt2	False	1.0	0.0
Ġcompensated	1070	 compensated	1	distilbert/distilgpt2	distilbert/distilgpt2	False	2.791413677982746e-08	25.09442901611328
ĠMary	1070	 Mary	2	distilbert/distilgpt2	distilbert/distilgpt2	False	0.00010892195859923959	13.164417266845703
Ġbecause	1070	 because	3	distilbert/distilgpt2	distilbert/distilgpt2	False	0.0013420323375612497	9.541364669799805
Ġshe	1070	 she	4	distilbert/distilgpt2	distilbert/distilgpt2	False	0.43392765522003174	1.204473614692688
Sarah	1071	Sarah	0	distilbert/distilgpt2	distilbert/distilgpt2	False	1.0	0.0
Ġcompensated	1071	 compensated	1	distilbert/distilgpt2	distilbert/distilgpt2	False	2.8925580153327246e-08	25.043079376220703
ĠMary	1071	 Mary	2	distilbert/distilgpt2	distilbert/distilgpt2	False	0.00010321467561880127	13.242064476013184
Ġbecause	1071	 because	3	distilbert/distilgpt2	distilbert/distilgpt2	False	0.0011887014843523502	9.716398239135742
Ġshe	1071	 she	4	distilbert/distilgpt2	distilbert/distilgpt2	False	0.38899290561676025	1.3621842861175537
David	1072	David	0	distilbert/distilgpt2	distilbert/distilgpt2	False	1.0	0.0
Ġcompensated	1072	 compensated	1	distilbert/distilgpt2	distilbert/distilgpt2	False	3.114450919383671e-08	24.936447143554688
ĠMary	1072	 Mary	2	distilbert/distilgpt2	distilbert/distilgpt2	False	0.00011388653365429491	13.100114822387695
Ġbecause	1072	 because	3	distilbert/distilgpt2	distilbert/distilgpt2	False	0.0006455235416069627	10.59724235534668
Ġshe	1072	 she	4	distilbert/distilgpt2	distilbert/distilgpt2	False	0.40364089608192444	1.3088557720184326
John	1073	John	0	distilbert/distilgpt2	distilbert/distilgpt2	False	1.0	0.0
Ġcomple	1073	 complemented	1	distilbert/distilgpt2	distilbert/distilgpt2	False	2.1760627078037942e-08	25.453704833984375
mented	1073	 complemented	1	distilbert/distilgpt2	distilbert/distilgpt2	False	0.1878049373626709	2.4126932621002197
ĠDavid	1073	 David	2	distilbert/distilgpt2	distilbert/distilgpt2	False	0.00011506975715747103	13.085203170776367
Ġbecause	1073	 because	3	distilbert/distilgpt2	distilbert/distilgpt2	False	0.0002041957777692005	12.257759094238281
Ġhe	1073	 he	4	distilbert/distilgpt2	distilbert/distilgpt2	False	0.29842817783355713	1.7445443868637085
Mary	1074	Mary	0	distilbert/distilgpt2	distilbert/distilgpt2	False	1.0	0.0
Ġcomple	1074	 complemented	1	distilbert/distilgpt2	distilbert/distilgpt2	False	3.3703194901590905e-08	24.822540283203125
mented	1074	 complemented	1	distilbert/distilgpt2	distilbert/distilgpt2	False	0.15481682121753693	2.691365957260132
ĠDavid	1074	 David	2	distilbert/distilgpt2	distilbert/distilgpt2	False	6.583645154023543e-05	13.890753746032715
Ġbecause	1074	 because	3	distilbert/distilgpt2	distilbert/distilgpt2	False	0.0002017694932874292	12.275004386901855
Ġhe	1074	 he	4	distilbert/distilgpt2	distilbert/distilgpt2	False	0.30153554677963257	1.7296000719070435
John	1075	John	0	distilbert/distilgpt2	distilbert/distilgpt2	False	1.0	0.0
Ġcomple	1075	 complemented	1	distilbert/distilgpt2	distilbert/distilgpt2	False	2.1760627078037942e-08	25.453704833984375
mented	1075	 complemented	1	distilbert/distilgpt2	distilbert/distilgpt2	False	0.1878049373626709	2.4126932621002197
ĠDavid	1075	 David	2	distilbert/distilgpt2	distilbert/distilgpt2	False	0.00011506975715747103	13.085203170776367
Ġbecause	1075	 because	3	distilbert/distilgpt2	distilbert/distilgpt2	False	0.0002041957777692005	12.257759094238281
Ġhe	1075	 he	4	distilbert/distilgpt2	distilbert/distilgpt2	False	0.29842817783355713	1.7445443868637085
Sarah	1076	Sarah	0	distilbert/distilgpt2	distilbert/distilgpt2	False	1.0	0.0
Ġcomple	1076	 complemented	1	distilbert/distilgpt2	distilbert/distilgpt2	False	2.5689773863746268e-08	25.214229583740234
mented	1076	 complemented	1	distilbert/distilgpt2	distilbert/distilgpt2	False	0.18877458572387695	2.4052634239196777
ĠDavid	1076	 David	2	distilbert/distilgpt2	distilbert/distilgpt2	False	0.00012445365427993238	12.9721040725708
Ġbecause	1076	 because	3	distilbert/distilgpt2	distilbert/distilgpt2	False	0.00028340070275589824	11.784869194030762
Ġhe	1076	 he	4	distilbert/distilgpt2	distilbert/distilgpt2	False	0.3135818541049957	1.6730860471725464
David	1077	David	0	distilbert/distilgpt2	distilbert/distilgpt2	False	1.0	0.0
Ġcomple	1077	 complemented	1	distilbert/distilgpt2	distilbert/distilgpt2	False	2.756851813501271e-08	25.112403869628906
mented	1077	 complemented	1	distilbert/distilgpt2	distilbert/distilgpt2	False	0.1874992847442627	2.4150428771972656
ĠJohn	1077	 John	2	distilbert/distilgpt2	distilbert/distilgpt2	False	0.0002455657522659749	11.991602897644043
Ġbecause	1077	 because	3	distilbert/distilgpt2	distilbert/distilgpt2	False	0.0003938490408472717	11.310070037841797
Ġhe	1077	 he	4	distilbert/distilgpt2	distilbert/distilgpt2	False	0.3106931149959564	1.6864378452301025
Mary	1078	Mary	0	distilbert/distilgpt2	distilbert/distilgpt2	False	1.0	0.0
Ġcomple	1078	 complemented	1	distilbert/distilgpt2	distilbert/distilgpt2	False	3.3703194901590905e-08	24.822540283203125
mented	1078	 complemented	1	distilbert/distilgpt2	distilbert/distilgpt2	False	0.15481682121753693	2.691365957260132
ĠJohn	1078	 John	2	distilbert/distilgpt2	distilbert/distilgpt2	False	0.00012914120452478528	12.918763160705566
Ġbecause	1078	 because	3	distilbert/distilgpt2	distilbert/distilgpt2	False	0.0002729558327700943	11.839044570922852
Ġhe	1078	 he	4	distilbert/distilgpt2	distilbert/distilgpt2	False	0.31505900621414185	1.6663061380386353
David	1079	David	0	distilbert/distilgpt2	distilbert/distilgpt2	False	1.0	0.0
Ġcomple	1079	 complemented	1	distilbert/distilgpt2	distilbert/distilgpt2	False	2.756851813501271e-08	25.112403869628906
mented	1079	 complemented	1	distilbert/distilgpt2	distilbert/distilgpt2	False	0.1874992847442627	2.4150428771972656
ĠJohn	1079	 John	2	distilbert/distilgpt2	distilbert/distilgpt2	False	0.0002455657522659749	11.991602897644043
Ġbecause	1079	 because	3	distilbert/distilgpt2	distilbert/distilgpt2	False	0.0003938490408472717	11.310070037841797
Ġhe	1079	 he	4	distilbert/distilgpt2	distilbert/distilgpt2	False	0.3106931149959564	1.6864378452301025
Sarah	1080	Sarah	0	distilbert/distilgpt2	distilbert/distilgpt2	False	1.0	0.0
Ġcomple	1080	 complemented	1	distilbert/distilgpt2	distilbert/distilgpt2	False	2.5689773863746268e-08	25.214229583740234
mented	1080	 complemented	1	distilbert/distilgpt2	distilbert/distilgpt2	False	0.18877458572387695	2.4052634239196777
ĠJohn	1080	 John	2	distilbert/distilgpt2	distilbert/distilgpt2	False	0.00020156946266070008	12.276434898376465
Ġbecause	1080	 because	3	distilbert/distilgpt2	distilbert/distilgpt2	False	0.0005802452797070146	10.751049995422363
Ġhe	1080	 he	4	distilbert/distilgpt2	distilbert/distilgpt2	False	0.31345656514167786	1.673662543296814
Mary	1081	Mary	0	distilbert/distilgpt2	distilbert/distilgpt2	False	1.0	0.0
Ġcomple	1081	 complemented	1	distilbert/distilgpt2	distilbert/distilgpt2	False	3.3703194901590905e-08	24.822540283203125
mented	1081	 complemented	1	distilbert/distilgpt2	distilbert/distilgpt2	False	0.15481682121753693	2.691365957260132
ĠSarah	1081	 Sarah	2	distilbert/distilgpt2	distilbert/distilgpt2	False	1.2255321962584276e-05	16.316232681274414
Ġbecause	1081	 because	3	distilbert/distilgpt2	distilbert/distilgpt2	False	0.0006600386695936322	10.56516170501709
Ġshe	1081	 she	4	distilbert/distilgpt2	distilbert/distilgpt2	False	0.3257118761539459	1.618331789970398
John	1082	John	0	distilbert/distilgpt2	distilbert/distilgpt2	False	1.0	0.0
Ġcomple	1082	 complemented	1	distilbert/distilgpt2	distilbert/distilgpt2	False	2.1760627078037942e-08	25.453704833984375
mented	1082	 complemented	1	distilbert/distilgpt2	distilbert/distilgpt2	False	0.1878049373626709	2.4126932621002197
ĠSarah	1082	 Sarah	2	distilbert/distilgpt2	distilbert/distilgpt2	False	1.5220841305563226e-05	16.003591537475586
Ġbecause	1082	 because	3	distilbert/distilgpt2	distilbert/distilgpt2	False	0.0005903174169361591	10.726221084594727
Ġshe	1082	 she	4	distilbert/distilgpt2	distilbert/distilgpt2	False	0.3143136501312256	1.6697232723236084
Mary	1083	Mary	0	distilbert/distilgpt2	distilbert/distilgpt2	False	1.0	0.0
Ġcomple	1083	 complemented	1	distilbert/distilgpt2	distilbert/distilgpt2	False	3.3703194901590905e-08	24.822540283203125
mented	1083	 complemented	1	distilbert/distilgpt2	distilbert/distilgpt2	False	0.15481682121753693	2.691365957260132
ĠSarah	1083	 Sarah	2	distilbert/distilgpt2	distilbert/distilgpt2	False	1.2255321962584276e-05	16.316232681274414
Ġbecause	1083	 because	3	distilbert/distilgpt2	distilbert/distilgpt2	False	0.0006600386695936322	10.56516170501709
Ġshe	1083	 she	4	distilbert/distilgpt2	distilbert/distilgpt2	False	0.3257118761539459	1.618331789970398
David	1084	David	0	distilbert/distilgpt2	distilbert/distilgpt2	False	1.0	0.0
Ġcomple	1084	 complemented	1	distilbert/distilgpt2	distilbert/distilgpt2	False	2.756851813501271e-08	25.112403869628906
mented	1084	 complemented	1	distilbert/distilgpt2	distilbert/distilgpt2	False	0.1874992847442627	2.4150428771972656
ĠSarah	1084	 Sarah	2	distilbert/distilgpt2	distilbert/distilgpt2	False	1.7512265912955627e-05	15.801274299621582
Ġbecause	1084	 because	3	distilbert/distilgpt2	distilbert/distilgpt2	False	0.0005376883200369775	10.860942840576172
Ġshe	1084	 she	4	distilbert/distilgpt2	distilbert/distilgpt2	False	0.3271597623825073	1.6119328737258911
Sarah	1085	Sarah	0	distilbert/distilgpt2	distilbert/distilgpt2	False	1.0	0.0
Ġcomple	1085	 complemented	1	distilbert/distilgpt2	distilbert/distilgpt2	False	2.5689773863746268e-08	25.214229583740234
mented	1085	 complemented	1	distilbert/distilgpt2	distilbert/distilgpt2	False	0.18877458572387695	2.4052634239196777
ĠMary	1085	 Mary	2	distilbert/distilgpt2	distilbert/distilgpt2	False	5.723041977034882e-05	14.09285831451416
Ġbecause	1085	 because	3	distilbert/distilgpt2	distilbert/distilgpt2	False	0.00018332221952732652	12.413331031799316
Ġshe	1085	 she	4	distilbert/distilgpt2	distilbert/distilgpt2	False	0.27890047430992126	1.8421777486801147
John	1086	John	0	distilbert/distilgpt2	distilbert/distilgpt2	False	1.0	0.0
Ġcomple	1086	 complemented	1	distilbert/distilgpt2	distilbert/distilgpt2	False	2.1760627078037942e-08	25.453704833984375
mented	1086	 complemented	1	distilbert/distilgpt2	distilbert/distilgpt2	False	0.1878049373626709	2.4126932621002197
ĠMary	1086	 Mary	2	distilbert/distilgpt2	distilbert/distilgpt2	False	3.9333594031631947e-05	14.633878707885742
Ġbecause	1086	 because	3	distilbert/distilgpt2	distilbert/distilgpt2	False	0.00018867057224269956	12.371843338012695
Ġshe	1086	 she	4	distilbert/distilgpt2	distilbert/distilgpt2	False	0.2772078514099121	1.8509600162506104
Sarah	1087	Sarah	0	distilbert/distilgpt2	distilbert/distilgpt2	False	1.0	0.0
Ġcomple	1087	 complemented	1	distilbert/distilgpt2	distilbert/distilgpt2	False	2.5689773863746268e-08	25.214229583740234
mented	1087	 complemented	1	distilbert/distilgpt2	distilbert/distilgpt2	False	0.18877458572387695	2.4052634239196777
ĠMary	1087	 Mary	2	distilbert/distilgpt2	distilbert/distilgpt2	False	5.723041977034882e-05	14.09285831451416
Ġbecause	1087	 because	3	distilbert/distilgpt2	distilbert/distilgpt2	False	0.00018332221952732652	12.413331031799316
Ġshe	1087	 she	4	distilbert/distilgpt2	distilbert/distilgpt2	False	0.27890047430992126	1.8421777486801147
David	1088	David	0	distilbert/distilgpt2	distilbert/distilgpt2	False	1.0	0.0
Ġcomple	1088	 complemented	1	distilbert/distilgpt2	distilbert/distilgpt2	False	2.756851813501271e-08	25.112403869628906
mented	1088	 complemented	1	distilbert/distilgpt2	distilbert/distilgpt2	False	0.1874992847442627	2.4150428771972656
ĠMary	1088	 Mary	2	distilbert/distilgpt2	distilbert/distilgpt2	False	4.421601624926552e-05	14.465071678161621
Ġbecause	1088	 because	3	distilbert/distilgpt2	distilbert/distilgpt2	False	0.00013469078112393618	12.858061790466309
Ġshe	1088	 she	4	distilbert/distilgpt2	distilbert/distilgpt2	False	0.2933920621871948	1.7690982818603516
John	1089	John	0	distilbert/distilgpt2	distilbert/distilgpt2	False	1.0	0.0
Ġcompliment	1089	 complimented	1	distilbert/distilgpt2	distilbert/distilgpt2	False	1.0555280738344663e-07	23.1755313873291
ed	1089	 complimented	1	distilbert/distilgpt2	distilbert/distilgpt2	False	0.8455915451049805	0.24196714162826538
ĠDavid	1089	 David	2	distilbert/distilgpt2	distilbert/distilgpt2	False	0.0013644583523273468	9.5174560546875
Ġbecause	1089	 because	3	distilbert/distilgpt2	distilbert/distilgpt2	False	0.0005587033228948712	10.80562973022461
Ġhe	1089	 he	4	distilbert/distilgpt2	distilbert/distilgpt2	False	0.3755106031894684	1.4130744934082031
Mary	1090	Mary	0	distilbert/distilgpt2	distilbert/distilgpt2	False	1.0	0.0
Ġcompliment	1090	 complimented	1	distilbert/distilgpt2	distilbert/distilgpt2	False	1.335486246034634e-07	22.836132049560547
ed	1090	 complimented	1	distilbert/distilgpt2	distilbert/distilgpt2	False	0.7481459975242615	0.4186082184314728
ĠDavid	1090	 David	2	distilbert/distilgpt2	distilbert/distilgpt2	False	0.0007874123402871192	10.310592651367188
Ġbecause	1090	 because	3	distilbert/distilgpt2	distilbert/distilgpt2	False	0.0009018785785883665	10.114779472351074
Ġhe	1090	 he	4	distilbert/distilgpt2	distilbert/distilgpt2	False	0.37937262654304504	1.3983125686645508
John	1091	John	0	distilbert/distilgpt2	distilbert/distilgpt2	False	1.0	0.0
Ġcompliment	1091	 complimented	1	distilbert/distilgpt2	distilbert/distilgpt2	False	1.0555280738344663e-07	23.1755313873291
ed	1091	 complimented	1	distilbert/distilgpt2	distilbert/distilgpt2	False	0.8455915451049805	0.24196714162826538
ĠDavid	1091	 David	2	distilbert/distilgpt2	distilbert/distilgpt2	False	0.0013644583523273468	9.5174560546875
Ġbecause	1091	 because	3	distilbert/distilgpt2	distilbert/distilgpt2	False	0.0005587033228948712	10.80562973022461
Ġhe	1091	 he	4	distilbert/distilgpt2	distilbert/distilgpt2	False	0.3755106031894684	1.4130744934082031
Sarah	1092	Sarah	0	distilbert/distilgpt2	distilbert/distilgpt2	False	1.0	0.0
Ġcompliment	1092	 complimented	1	distilbert/distilgpt2	distilbert/distilgpt2	False	1.0427712737737238e-07	23.193073272705078
ed	1092	 complimented	1	distilbert/distilgpt2	distilbert/distilgpt2	False	0.8465946912765503	0.2402566522359848
ĠDavid	1092	 David	2	distilbert/distilgpt2	distilbert/distilgpt2	False	0.001254364149644971	9.63882827758789
Ġbecause	1092	 because	3	distilbert/distilgpt2	distilbert/distilgpt2	False	0.0006984876818023622	10.483477592468262
Ġhe	1092	 he	4	distilbert/distilgpt2	distilbert/distilgpt2	False	0.3928876519203186	1.3478113412857056
David	1093	David	0	distilbert/distilgpt2	distilbert/distilgpt2	False	1.0	0.0
Ġcompliment	1093	 complimented	1	distilbert/distilgpt2	distilbert/distilgpt2	False	1.0970648389729831e-07	23.119848251342773
ed	1093	 complimented	1	distilbert/distilgpt2	distilbert/distilgpt2	False	0.9061182141304016	0.14222875237464905
ĠJohn	1093	 John	2	distilbert/distilgpt2	distilbert/distilgpt2	False	0.002542063593864441	8.619784355163574
Ġbecause	1093	 because	3	distilbert/distilgpt2	distilbert/distilgpt2	False	0.0006344019784592092	10.622315406799316
Ġhe	1093	 he	4	distilbert/distilgpt2	distilbert/distilgpt2	False	0.41007447242736816	1.2860422134399414
Mary	1094	Mary	0	distilbert/distilgpt2	distilbert/distilgpt2	False	1.0	0.0
Ġcompliment	1094	 complimented	1	distilbert/distilgpt2	distilbert/distilgpt2	False	1.335486246034634e-07	22.836132049560547
ed	1094	 complimented	1	distilbert/distilgpt2	distilbert/distilgpt2	False	0.7481459975242615	0.4186082184314728
ĠJohn	1094	 John	2	distilbert/distilgpt2	distilbert/distilgpt2	False	0.0014642104506492615	9.415661811828613
Ġbecause	1094	 because	3	distilbert/distilgpt2	distilbert/distilgpt2	False	0.0014439967926591635	9.43571662902832
Ġhe	1094	 he	4	distilbert/distilgpt2	distilbert/distilgpt2	False	0.40883272886276245	1.2904174327850342
David	1095	David	0	distilbert/distilgpt2	distilbert/distilgpt2	False	1.0	0.0
Ġcompliment	1095	 complimented	1	distilbert/distilgpt2	distilbert/distilgpt2	False	1.0970648389729831e-07	23.119848251342773
ed	1095	 complimented	1	distilbert/distilgpt2	distilbert/distilgpt2	False	0.9061182141304016	0.14222875237464905
ĠJohn	1095	 John	2	distilbert/distilgpt2	distilbert/distilgpt2	False	0.002542063593864441	8.619784355163574
Ġbecause	1095	 because	3	distilbert/distilgpt2	distilbert/distilgpt2	False	0.0006344019784592092	10.622315406799316
Ġhe	1095	 he	4	distilbert/distilgpt2	distilbert/distilgpt2	False	0.41007447242736816	1.2860422134399414
Sarah	1096	Sarah	0	distilbert/distilgpt2	distilbert/distilgpt2	False	1.0	0.0
Ġcompliment	1096	 complimented	1	distilbert/distilgpt2	distilbert/distilgpt2	False	1.0427712737737238e-07	23.193073272705078
ed	1096	 complimented	1	distilbert/distilgpt2	distilbert/distilgpt2	False	0.8465946912765503	0.2402566522359848
ĠJohn	1096	 John	2	distilbert/distilgpt2	distilbert/distilgpt2	False	0.001847025123424828	9.080580711364746
Ġbecause	1096	 because	3	distilbert/distilgpt2	distilbert/distilgpt2	False	0.001322803320363164	9.562186241149902
Ġhe	1096	 he	4	distilbert/distilgpt2	distilbert/distilgpt2	False	0.40754935145378113	1.2949533462524414
Mary	1097	Mary	0	distilbert/distilgpt2	distilbert/distilgpt2	False	1.0	0.0
Ġcompliment	1097	 complimented	1	distilbert/distilgpt2	distilbert/distilgpt2	False	1.335486246034634e-07	22.836132049560547
ed	1097	 complimented	1	distilbert/distilgpt2	distilbert/distilgpt2	False	0.7481459975242615	0.4186082184314728
ĠSarah	1097	 Sarah	2	distilbert/distilgpt2	distilbert/distilgpt2	False	0.0002573789097368717	11.923818588256836
Ġbecause	1097	 because	3	distilbert/distilgpt2	distilbert/distilgpt2	False	0.0021597505547106266	8.85491943359375
Ġshe	1097	 she	4	distilbert/distilgpt2	distilbert/distilgpt2	False	0.45639461278915405	1.1316463947296143
John	1098	John	0	distilbert/distilgpt2	distilbert/distilgpt2	False	1.0	0.0
Ġcompliment	1098	 complimented	1	distilbert/distilgpt2	distilbert/distilgpt2	False	1.0555280738344663e-07	23.1755313873291
ed	1098	 complimented	1	distilbert/distilgpt2	distilbert/distilgpt2	False	0.8455915451049805	0.24196714162826538
ĠSarah	1098	 Sarah	2	distilbert/distilgpt2	distilbert/distilgpt2	False	0.0003095824795309454	11.657388687133789
Ġbecause	1098	 because	3	distilbert/distilgpt2	distilbert/distilgpt2	False	0.0012099440209567547	9.69084358215332
Ġshe	1098	 she	4	distilbert/distilgpt2	distilbert/distilgpt2	False	0.4305078685283661	1.215888500213623
Mary	1099	Mary	0	distilbert/distilgpt2	distilbert/distilgpt2	False	1.0	0.0
Ġcompliment	1099	 complimented	1	distilbert/distilgpt2	distilbert/distilgpt2	False	1.335486246034634e-07	22.836132049560547
ed	1099	 complimented	1	distilbert/distilgpt2	distilbert/distilgpt2	False	0.7481459975242615	0.4186082184314728
ĠSarah	1099	 Sarah	2	distilbert/distilgpt2	distilbert/distilgpt2	False	0.0002573789097368717	11.923818588256836
Ġbecause	1099	 because	3	distilbert/distilgpt2	distilbert/distilgpt2	False	0.0021597505547106266	8.85491943359375
Ġshe	1099	 she	4	distilbert/distilgpt2	distilbert/distilgpt2	False	0.45639461278915405	1.1316463947296143
David	1100	David	0	distilbert/distilgpt2	distilbert/distilgpt2	False	1.0	0.0
Ġcompliment	1100	 complimented	1	distilbert/distilgpt2	distilbert/distilgpt2	False	1.0970648389729831e-07	23.119848251342773
ed	1100	 complimented	1	distilbert/distilgpt2	distilbert/distilgpt2	False	0.9061182141304016	0.14222875237464905
ĠSarah	1100	 Sarah	2	distilbert/distilgpt2	distilbert/distilgpt2	False	0.0003507788060232997	11.477150917053223
Ġbecause	1100	 because	3	distilbert/distilgpt2	distilbert/distilgpt2	False	0.0007803028565831482	10.323678016662598
Ġshe	1100	 she	4	distilbert/distilgpt2	distilbert/distilgpt2	False	0.4416378140449524	1.179064393043518
Sarah	1101	Sarah	0	distilbert/distilgpt2	distilbert/distilgpt2	False	1.0	0.0
Ġcompliment	1101	 complimented	1	distilbert/distilgpt2	distilbert/distilgpt2	False	1.0427712737737238e-07	23.193073272705078
ed	1101	 complimented	1	distilbert/distilgpt2	distilbert/distilgpt2	False	0.8465946912765503	0.2402566522359848
ĠMary	1101	 Mary	2	distilbert/distilgpt2	distilbert/distilgpt2	False	0.00033415958750993013	11.547175407409668
Ġbecause	1101	 because	3	distilbert/distilgpt2	distilbert/distilgpt2	False	0.0010691434144973755	9.869328498840332
Ġshe	1101	 she	4	distilbert/distilgpt2	distilbert/distilgpt2	False	0.42750194668769836	1.2259970903396606
John	1102	John	0	distilbert/distilgpt2	distilbert/distilgpt2	False	1.0	0.0
Ġcompliment	1102	 complimented	1	distilbert/distilgpt2	distilbert/distilgpt2	False	1.0555280738344663e-07	23.1755313873291
ed	1102	 complimented	1	distilbert/distilgpt2	distilbert/distilgpt2	False	0.8455915451049805	0.24196714162826538
ĠMary	1102	 Mary	2	distilbert/distilgpt2	distilbert/distilgpt2	False	0.0002792122249957174	11.806350708007812
Ġbecause	1102	 because	3	distilbert/distilgpt2	distilbert/distilgpt2	False	0.0011794369202107191	9.727685928344727
Ġshe	1102	 she	4	distilbert/distilgpt2	distilbert/distilgpt2	False	0.41462942957878113	1.2701056003570557
Sarah	1103	Sarah	0	distilbert/distilgpt2	distilbert/distilgpt2	False	1.0	0.0
Ġcompliment	1103	 complimented	1	distilbert/distilgpt2	distilbert/distilgpt2	False	1.0427712737737238e-07	23.193073272705078
ed	1103	 complimented	1	distilbert/distilgpt2	distilbert/distilgpt2	False	0.8465946912765503	0.2402566522359848
ĠMary	1103	 Mary	2	distilbert/distilgpt2	distilbert/distilgpt2	False	0.00033415958750993013	11.547175407409668
Ġbecause	1103	 because	3	distilbert/distilgpt2	distilbert/distilgpt2	False	0.0010691434144973755	9.869328498840332
Ġshe	1103	 she	4	distilbert/distilgpt2	distilbert/distilgpt2	False	0.42750194668769836	1.2259970903396606
David	1104	David	0	distilbert/distilgpt2	distilbert/distilgpt2	False	1.0	0.0
Ġcompliment	1104	 complimented	1	distilbert/distilgpt2	distilbert/distilgpt2	False	1.0970648389729831e-07	23.119848251342773
ed	1104	 complimented	1	distilbert/distilgpt2	distilbert/distilgpt2	False	0.9061182141304016	0.14222875237464905
ĠMary	1104	 Mary	2	distilbert/distilgpt2	distilbert/distilgpt2	False	0.00030121594318188727	11.696914672851562
Ġbecause	1104	 because	3	distilbert/distilgpt2	distilbert/distilgpt2	False	0.0005898353992961347	10.727399826049805
Ġshe	1104	 she	4	distilbert/distilgpt2	distilbert/distilgpt2	False	0.43287724256515503	1.207970142364502
John	1105	John	0	distilbert/distilgpt2	distilbert/distilgpt2	False	1.0	0.0
Ġconcerned	1105	 concerned	1	distilbert/distilgpt2	distilbert/distilgpt2	False	3.02645133842816e-07	21.65587043762207
ĠDavid	1105	 David	2	distilbert/distilgpt2	distilbert/distilgpt2	False	5.049622996011749e-05	14.273465156555176
Ġbecause	1105	 because	3	distilbert/distilgpt2	distilbert/distilgpt2	False	0.000297399063128978	11.715312004089355
Ġhe	1105	 he	4	distilbert/distilgpt2	distilbert/distilgpt2	False	0.3622220754623413	1.465053677558899
Mary	1106	Mary	0	distilbert/distilgpt2	distilbert/distilgpt2	False	1.0	0.0
Ġconcerned	1106	 concerned	1	distilbert/distilgpt2	distilbert/distilgpt2	False	4.0903503872868896e-07	21.221271514892578
ĠDavid	1106	 David	2	distilbert/distilgpt2	distilbert/distilgpt2	False	2.027517621172592e-05	15.589925765991211
Ġbecause	1106	 because	3	distilbert/distilgpt2	distilbert/distilgpt2	False	0.00041420134948566556	11.237380027770996
Ġhe	1106	 he	4	distilbert/distilgpt2	distilbert/distilgpt2	False	0.3751237988471985	1.41456139087677
John	1107	John	0	distilbert/distilgpt2	distilbert/distilgpt2	False	1.0	0.0
Ġconcerned	1107	 concerned	1	distilbert/distilgpt2	distilbert/distilgpt2	False	3.02645133842816e-07	21.65587043762207
ĠDavid	1107	 David	2	distilbert/distilgpt2	distilbert/distilgpt2	False	5.049622996011749e-05	14.273465156555176
Ġbecause	1107	 because	3	distilbert/distilgpt2	distilbert/distilgpt2	False	0.000297399063128978	11.715312004089355
Ġhe	1107	 he	4	distilbert/distilgpt2	distilbert/distilgpt2	False	0.3622220754623413	1.465053677558899
Sarah	1108	Sarah	0	distilbert/distilgpt2	distilbert/distilgpt2	False	1.0	0.0
Ġconcerned	1108	 concerned	1	distilbert/distilgpt2	distilbert/distilgpt2	False	3.105157873051212e-07	21.61882972717285
ĠDavid	1108	 David	2	distilbert/distilgpt2	distilbert/distilgpt2	False	4.809147503692657e-05	14.343859672546387
Ġbecause	1108	 because	3	distilbert/distilgpt2	distilbert/distilgpt2	False	0.00043017766438424587	11.182779312133789
Ġhe	1108	 he	4	distilbert/distilgpt2	distilbert/distilgpt2	False	0.37808623909950256	1.4032127857208252
David	1109	David	0	distilbert/distilgpt2	distilbert/distilgpt2	False	1.0	0.0
Ġconcerned	1109	 concerned	1	distilbert/distilgpt2	distilbert/distilgpt2	False	3.107403472313308e-07	21.617786407470703
ĠJohn	1109	 John	2	distilbert/distilgpt2	distilbert/distilgpt2	False	7.714029197813943e-05	13.662156105041504
Ġbecause	1109	 because	3	distilbert/distilgpt2	distilbert/distilgpt2	False	0.000755945045966655	10.369431495666504
Ġhe	1109	 he	4	distilbert/distilgpt2	distilbert/distilgpt2	False	0.33686313033103943	1.569765567779541
Mary	1110	Mary	0	distilbert/distilgpt2	distilbert/distilgpt2	False	1.0	0.0
Ġconcerned	1110	 concerned	1	distilbert/distilgpt2	distilbert/distilgpt2	False	4.0903503872868896e-07	21.221271514892578
ĠJohn	1110	 John	2	distilbert/distilgpt2	distilbert/distilgpt2	False	4.8943791625788435e-05	14.318514823913574
Ġbecause	1110	 because	3	distilbert/distilgpt2	distilbert/distilgpt2	False	0.0007241833955049515	10.431357383728027
Ġhe	1110	 he	4	distilbert/distilgpt2	distilbert/distilgpt2	False	0.3737216293811798	1.419964075088501
David	1111	David	0	distilbert/distilgpt2	distilbert/distilgpt2	False	1.0	0.0
Ġconcerned	1111	 concerned	1	distilbert/distilgpt2	distilbert/distilgpt2	False	3.107403472313308e-07	21.617786407470703
ĠJohn	1111	 John	2	distilbert/distilgpt2	distilbert/distilgpt2	False	7.714029197813943e-05	13.662156105041504
Ġbecause	1111	 because	3	distilbert/distilgpt2	distilbert/distilgpt2	False	0.000755945045966655	10.369431495666504
Ġhe	1111	 he	4	distilbert/distilgpt2	distilbert/distilgpt2	False	0.33686313033103943	1.569765567779541
Sarah	1112	Sarah	0	distilbert/distilgpt2	distilbert/distilgpt2	False	1.0	0.0
Ġconcerned	1112	 concerned	1	distilbert/distilgpt2	distilbert/distilgpt2	False	3.105157873051212e-07	21.61882972717285
ĠJohn	1112	 John	2	distilbert/distilgpt2	distilbert/distilgpt2	False	7.998572255019099e-05	13.60989761352539
Ġbecause	1112	 because	3	distilbert/distilgpt2	distilbert/distilgpt2	False	0.0014505143044516444	9.429220199584961
Ġhe	1112	 he	4	distilbert/distilgpt2	distilbert/distilgpt2	False	0.3575116991996765	1.4839376211166382
Mary	1113	Mary	0	distilbert/distilgpt2	distilbert/distilgpt2	False	1.0	0.0
Ġconcerned	1113	 concerned	1	distilbert/distilgpt2	distilbert/distilgpt2	False	4.0903503872868896e-07	21.221271514892578
ĠSarah	1113	 Sarah	2	distilbert/distilgpt2	distilbert/distilgpt2	False	1.1834574252134189e-05	16.36663246154785
Ġbecause	1113	 because	3	distilbert/distilgpt2	distilbert/distilgpt2	False	0.0008804649696685374	10.149446487426758
Ġshe	1113	 she	4	distilbert/distilgpt2	distilbert/distilgpt2	False	0.4325503706932068	1.2090599536895752
John	1114	John	0	distilbert/distilgpt2	distilbert/distilgpt2	False	1.0	0.0
Ġconcerned	1114	 concerned	1	distilbert/distilgpt2	distilbert/distilgpt2	False	3.02645133842816e-07	21.65587043762207
ĠSarah	1114	 Sarah	2	distilbert/distilgpt2	distilbert/distilgpt2	False	1.9917009922210127e-05	15.615639686584473
Ġbecause	1114	 because	3	distilbert/distilgpt2	distilbert/distilgpt2	False	0.0009184802183881402	10.08846378326416
Ġshe	1114	 she	4	distilbert/distilgpt2	distilbert/distilgpt2	False	0.4108436405658722	1.2833386659622192
Mary	1115	Mary	0	distilbert/distilgpt2	distilbert/distilgpt2	False	1.0	0.0
Ġconcerned	1115	 concerned	1	distilbert/distilgpt2	distilbert/distilgpt2	False	4.0903503872868896e-07	21.221271514892578
ĠSarah	1115	 Sarah	2	distilbert/distilgpt2	distilbert/distilgpt2	False	1.1834574252134189e-05	16.36663246154785
Ġbecause	1115	 because	3	distilbert/distilgpt2	distilbert/distilgpt2	False	0.0008804649696685374	10.149446487426758
Ġshe	1115	 she	4	distilbert/distilgpt2	distilbert/distilgpt2	False	0.4325503706932068	1.2090599536895752
David	1116	David	0	distilbert/distilgpt2	distilbert/distilgpt2	False	1.0	0.0
Ġconcerned	1116	 concerned	1	distilbert/distilgpt2	distilbert/distilgpt2	False	3.107403472313308e-07	21.617786407470703
ĠSarah	1116	 Sarah	2	distilbert/distilgpt2	distilbert/distilgpt2	False	1.8065631593344733e-05	15.756392478942871
Ġbecause	1116	 because	3	distilbert/distilgpt2	distilbert/distilgpt2	False	0.00046945054782554507	11.05673885345459
Ġshe	1116	 she	4	distilbert/distilgpt2	distilbert/distilgpt2	False	0.3874766528606415	1.3678187131881714
Sarah	1117	Sarah	0	distilbert/distilgpt2	distilbert/distilgpt2	False	1.0	0.0
Ġconcerned	1117	 concerned	1	distilbert/distilgpt2	distilbert/distilgpt2	False	3.105157873051212e-07	21.61882972717285
ĠMary	1117	 Mary	2	distilbert/distilgpt2	distilbert/distilgpt2	False	7.139414810808375e-05	13.773834228515625
Ġbecause	1117	 because	3	distilbert/distilgpt2	distilbert/distilgpt2	False	0.0006418345146812499	10.605510711669922
Ġshe	1117	 she	4	distilbert/distilgpt2	distilbert/distilgpt2	False	0.3978273272514343	1.329785704612732
John	1118	John	0	distilbert/distilgpt2	distilbert/distilgpt2	False	1.0	0.0
Ġconcerned	1118	 concerned	1	distilbert/distilgpt2	distilbert/distilgpt2	False	3.02645133842816e-07	21.65587043762207
ĠMary	1118	 Mary	2	distilbert/distilgpt2	distilbert/distilgpt2	False	5.0355421990389004e-05	14.277493476867676
Ġbecause	1118	 because	3	distilbert/distilgpt2	distilbert/distilgpt2	False	0.0005084917647764087	10.941488265991211
Ġshe	1118	 she	4	distilbert/distilgpt2	distilbert/distilgpt2	False	0.4091326892375946	1.2893593311309814
Sarah	1119	Sarah	0	distilbert/distilgpt2	distilbert/distilgpt2	False	1.0	0.0
Ġconcerned	1119	 concerned	1	distilbert/distilgpt2	distilbert/distilgpt2	False	3.105157873051212e-07	21.61882972717285
ĠMary	1119	 Mary	2	distilbert/distilgpt2	distilbert/distilgpt2	False	7.139414810808375e-05	13.773834228515625
Ġbecause	1119	 because	3	distilbert/distilgpt2	distilbert/distilgpt2	False	0.0006418345146812499	10.605510711669922
Ġshe	1119	 she	4	distilbert/distilgpt2	distilbert/distilgpt2	False	0.3978273272514343	1.329785704612732
David	1120	David	0	distilbert/distilgpt2	distilbert/distilgpt2	False	1.0	0.0
Ġconcerned	1120	 concerned	1	distilbert/distilgpt2	distilbert/distilgpt2	False	3.107403472313308e-07	21.617786407470703
ĠMary	1120	 Mary	2	distilbert/distilgpt2	distilbert/distilgpt2	False	4.488512786338106e-05	14.443403244018555
Ġbecause	1120	 because	3	distilbert/distilgpt2	distilbert/distilgpt2	False	0.0003347586025483906	11.544590950012207
Ġshe	1120	 she	4	distilbert/distilgpt2	distilbert/distilgpt2	False	0.38197657465934753	1.388443946838379
John	1121	John	0	distilbert/distilgpt2	distilbert/distilgpt2	False	1.0	0.0
Ġcondemned	1121	 condemned	1	distilbert/distilgpt2	distilbert/distilgpt2	False	1.292422808774063e-07	22.883419036865234
ĠDavid	1121	 David	2	distilbert/distilgpt2	distilbert/distilgpt2	False	0.00034192478051409125	11.514033317565918
Ġbecause	1121	 because	3	distilbert/distilgpt2	distilbert/distilgpt2	False	9.38879165914841e-05	13.378701210021973
Ġhe	1121	 he	4	distilbert/distilgpt2	distilbert/distilgpt2	False	0.4090389311313629	1.2896900177001953
Mary	1122	Mary	0	distilbert/distilgpt2	distilbert/distilgpt2	False	1.0	0.0
Ġcondemned	1122	 condemned	1	distilbert/distilgpt2	distilbert/distilgpt2	False	1.626476802130128e-07	22.551746368408203
ĠDavid	1122	 David	2	distilbert/distilgpt2	distilbert/distilgpt2	False	0.00022831099340692163	12.096712112426758
Ġbecause	1122	 because	3	distilbert/distilgpt2	distilbert/distilgpt2	False	0.0001613997301319614	12.597074508666992
Ġhe	1122	 he	4	distilbert/distilgpt2	distilbert/distilgpt2	False	0.4118034243583679	1.2799723148345947
John	1123	John	0	distilbert/distilgpt2	distilbert/distilgpt2	False	1.0	0.0
Ġcondemned	1123	 condemned	1	distilbert/distilgpt2	distilbert/distilgpt2	False	1.292422808774063e-07	22.883419036865234
ĠDavid	1123	 David	2	distilbert/distilgpt2	distilbert/distilgpt2	False	0.00034192478051409125	11.514033317565918
Ġbecause	1123	 because	3	distilbert/distilgpt2	distilbert/distilgpt2	False	9.38879165914841e-05	13.378701210021973
Ġhe	1123	 he	4	distilbert/distilgpt2	distilbert/distilgpt2	False	0.4090389311313629	1.2896900177001953
Sarah	1124	Sarah	0	distilbert/distilgpt2	distilbert/distilgpt2	False	1.0	0.0
Ġcondemned	1124	 condemned	1	distilbert/distilgpt2	distilbert/distilgpt2	False	1.2993548637041386e-07	22.875701904296875
ĠDavid	1124	 David	2	distilbert/distilgpt2	distilbert/distilgpt2	False	0.0004444232035893947	11.135778427124023
Ġbecause	1124	 because	3	distilbert/distilgpt2	distilbert/distilgpt2	False	3.0210099794203416e-05	15.014609336853027
Ġhe	1124	 he	4	distilbert/distilgpt2	distilbert/distilgpt2	False	0.42034900188446045	1.250340461730957
David	1125	David	0	distilbert/distilgpt2	distilbert/distilgpt2	False	1.0	0.0
Ġcondemned	1125	 condemned	1	distilbert/distilgpt2	distilbert/distilgpt2	False	1.530660682647067e-07	22.639341354370117
ĠJohn	1125	 John	2	distilbert/distilgpt2	distilbert/distilgpt2	False	0.00048197651631198823	11.018749237060547
Ġbecause	1125	 because	3	distilbert/distilgpt2	distilbert/distilgpt2	False	5.9035060985479504e-05	14.048068046569824
Ġhe	1125	 he	4	distilbert/distilgpt2	distilbert/distilgpt2	False	0.4172747731208801	1.2609304189682007
Mary	1126	Mary	0	distilbert/distilgpt2	distilbert/distilgpt2	False	1.0	0.0
Ġcondemned	1126	 condemned	1	distilbert/distilgpt2	distilbert/distilgpt2	False	1.626476802130128e-07	22.551746368408203
ĠJohn	1126	 John	2	distilbert/distilgpt2	distilbert/distilgpt2	False	0.00040482485201209784	11.270414352416992
Ġbecause	1126	 because	3	distilbert/distilgpt2	distilbert/distilgpt2	False	0.00014550911146216094	12.746603012084961
Ġhe	1126	 he	4	distilbert/distilgpt2	distilbert/distilgpt2	False	0.44133734703063965	1.1800463199615479
David	1127	David	0	distilbert/distilgpt2	distilbert/distilgpt2	False	1.0	0.0
Ġcondemned	1127	 condemned	1	distilbert/distilgpt2	distilbert/distilgpt2	False	1.530660682647067e-07	22.639341354370117
ĠJohn	1127	 John	2	distilbert/distilgpt2	distilbert/distilgpt2	False	0.00048197651631198823	11.018749237060547
Ġbecause	1127	 because	3	distilbert/distilgpt2	distilbert/distilgpt2	False	5.9035060985479504e-05	14.048068046569824
Ġhe	1127	 he	4	distilbert/distilgpt2	distilbert/distilgpt2	False	0.4172747731208801	1.2609304189682007
Sarah	1128	Sarah	0	distilbert/distilgpt2	distilbert/distilgpt2	False	1.0	0.0
Ġcondemned	1128	 condemned	1	distilbert/distilgpt2	distilbert/distilgpt2	False	1.2993548637041386e-07	22.875701904296875
ĠJohn	1128	 John	2	distilbert/distilgpt2	distilbert/distilgpt2	False	0.000678580196108669	10.525193214416504
Ġbecause	1128	 because	3	distilbert/distilgpt2	distilbert/distilgpt2	False	6.01099272898864e-05	14.022037506103516
Ġhe	1128	 he	4	distilbert/distilgpt2	distilbert/distilgpt2	False	0.4222593605518341	1.2437987327575684
Mary	1129	Mary	0	distilbert/distilgpt2	distilbert/distilgpt2	False	1.0	0.0
Ġcondemned	1129	 condemned	1	distilbert/distilgpt2	distilbert/distilgpt2	False	1.626476802130128e-07	22.551746368408203
ĠSarah	1129	 Sarah	2	distilbert/distilgpt2	distilbert/distilgpt2	False	8.477344090351835e-05	13.526028633117676
Ġbecause	1129	 because	3	distilbert/distilgpt2	distilbert/distilgpt2	False	0.0005121264257468283	10.931212425231934
Ġshe	1129	 she	4	distilbert/distilgpt2	distilbert/distilgpt2	False	0.4773530662059784	1.0668714046478271
John	1130	John	0	distilbert/distilgpt2	distilbert/distilgpt2	False	1.0	0.0
Ġcondemned	1130	 condemned	1	distilbert/distilgpt2	distilbert/distilgpt2	False	1.292422808774063e-07	22.883419036865234
ĠSarah	1130	 Sarah	2	distilbert/distilgpt2	distilbert/distilgpt2	False	0.00011383484525140375	13.100769996643066
Ġbecause	1130	 because	3	distilbert/distilgpt2	distilbert/distilgpt2	False	0.00015607336536049843	12.645487785339355
Ġshe	1130	 she	4	distilbert/distilgpt2	distilbert/distilgpt2	False	0.4716436564922333	1.084230899810791
Mary	1131	Mary	0	distilbert/distilgpt2	distilbert/distilgpt2	False	1.0	0.0
Ġcondemned	1131	 condemned	1	distilbert/distilgpt2	distilbert/distilgpt2	False	1.626476802130128e-07	22.551746368408203
ĠSarah	1131	 Sarah	2	distilbert/distilgpt2	distilbert/distilgpt2	False	8.477344090351835e-05	13.526028633117676
Ġbecause	1131	 because	3	distilbert/distilgpt2	distilbert/distilgpt2	False	0.0005121264257468283	10.931212425231934
Ġshe	1131	 she	4	distilbert/distilgpt2	distilbert/distilgpt2	False	0.4773530662059784	1.0668714046478271
David	1132	David	0	distilbert/distilgpt2	distilbert/distilgpt2	False	1.0	0.0
Ġcondemned	1132	 condemned	1	distilbert/distilgpt2	distilbert/distilgpt2	False	1.530660682647067e-07	22.639341354370117
ĠSarah	1132	 Sarah	2	distilbert/distilgpt2	distilbert/distilgpt2	False	9.115719876717776e-05	13.421283721923828
Ġbecause	1132	 because	3	distilbert/distilgpt2	distilbert/distilgpt2	False	7.377215661108494e-05	13.726564407348633
Ġshe	1132	 she	4	distilbert/distilgpt2	distilbert/distilgpt2	False	0.4489753544330597	1.1552919149398804
Sarah	1133	Sarah	0	distilbert/distilgpt2	distilbert/distilgpt2	False	1.0	0.0
Ġcondemned	1133	 condemned	1	distilbert/distilgpt2	distilbert/distilgpt2	False	1.2993548637041386e-07	22.875701904296875
ĠMary	1133	 Mary	2	distilbert/distilgpt2	distilbert/distilgpt2	False	6.298553489614278e-05	13.954620361328125
Ġbecause	1133	 because	3	distilbert/distilgpt2	distilbert/distilgpt2	False	0.0005939931725151837	10.717266082763672
Ġshe	1133	 she	4	distilbert/distilgpt2	distilbert/distilgpt2	False	0.40357524156570435	1.309090495109558
John	1134	John	0	distilbert/distilgpt2	distilbert/distilgpt2	False	1.0	0.0
Ġcondemned	1134	 condemned	1	distilbert/distilgpt2	distilbert/distilgpt2	False	1.292422808774063e-07	22.883419036865234
ĠMary	1134	 Mary	2	distilbert/distilgpt2	distilbert/distilgpt2	False	5.699615576304495e-05	14.098775863647461
Ġbecause	1134	 because	3	distilbert/distilgpt2	distilbert/distilgpt2	False	0.0012676839251071215	9.623589515686035
Ġshe	1134	 she	4	distilbert/distilgpt2	distilbert/distilgpt2	False	0.4304026961326599	1.2162410020828247
Sarah	1135	Sarah	0	distilbert/distilgpt2	distilbert/distilgpt2	False	1.0	0.0
Ġcondemned	1135	 condemned	1	distilbert/distilgpt2	distilbert/distilgpt2	False	1.2993548637041386e-07	22.875701904296875
ĠMary	1135	 Mary	2	distilbert/distilgpt2	distilbert/distilgpt2	False	6.298553489614278e-05	13.954620361328125
Ġbecause	1135	 because	3	distilbert/distilgpt2	distilbert/distilgpt2	False	0.0005939931725151837	10.717266082763672
Ġshe	1135	 she	4	distilbert/distilgpt2	distilbert/distilgpt2	False	0.40357524156570435	1.309090495109558
David	1136	David	0	distilbert/distilgpt2	distilbert/distilgpt2	False	1.0	0.0
Ġcondemned	1136	 condemned	1	distilbert/distilgpt2	distilbert/distilgpt2	False	1.530660682647067e-07	22.639341354370117
ĠMary	1136	 Mary	2	distilbert/distilgpt2	distilbert/distilgpt2	False	3.8348738598870113e-05	14.670461654663086
Ġbecause	1136	 because	3	distilbert/distilgpt2	distilbert/distilgpt2	False	0.00041205057641491294	11.244891166687012
Ġshe	1136	 she	4	distilbert/distilgpt2	distilbert/distilgpt2	False	0.3922857940196991	1.3500230312347412
John	1137	John	0	distilbert/distilgpt2	distilbert/distilgpt2	False	1.0	0.0
Ġconfessed	1137	 confessed	1	distilbert/distilgpt2	distilbert/distilgpt2	False	1.1808655386857936e-07	23.013652801513672
Ġto	1137	 to	2	distilbert/distilgpt2	distilbert/distilgpt2	False	0.33099767565727234	1.595107078552246
ĠDavid	1137	 David	3	distilbert/distilgpt2	distilbert/distilgpt2	False	0.00012422811414580792	12.97472095489502
Ġbecause	1137	 because	4	distilbert/distilgpt2	distilbert/distilgpt2	False	0.00027782359393313527	11.813543319702148
Ġhe	1137	 he	5	distilbert/distilgpt2	distilbert/distilgpt2	False	0.490205854177475	1.0285403728485107
Mary	1138	Mary	0	distilbert/distilgpt2	distilbert/distilgpt2	False	1.0	0.0
Ġconfessed	1138	 confessed	1	distilbert/distilgpt2	distilbert/distilgpt2	False	1.074846807114227e-07	23.14936637878418
Ġto	1138	 to	2	distilbert/distilgpt2	distilbert/distilgpt2	False	0.30169677734375	1.7288289070129395
ĠDavid	1138	 David	3	distilbert/distilgpt2	distilbert/distilgpt2	False	0.00011786373215727508	13.050592422485352
Ġbecause	1138	 because	4	distilbert/distilgpt2	distilbert/distilgpt2	False	0.0005183206521905959	10.913867950439453
Ġhe	1138	 he	5	distilbert/distilgpt2	distilbert/distilgpt2	False	0.470889687538147	1.0865390300750732
John	1139	John	0	distilbert/distilgpt2	distilbert/distilgpt2	False	1.0	0.0
Ġconfessed	1139	 confessed	1	distilbert/distilgpt2	distilbert/distilgpt2	False	1.1808655386857936e-07	23.013652801513672
Ġto	1139	 to	2	distilbert/distilgpt2	distilbert/distilgpt2	False	0.33099767565727234	1.595107078552246
ĠDavid	1139	 David	3	distilbert/distilgpt2	distilbert/distilgpt2	False	0.00012422811414580792	12.97472095489502
Ġbecause	1139	 because	4	distilbert/distilgpt2	distilbert/distilgpt2	False	0.00027782359393313527	11.813543319702148
Ġhe	1139	 he	5	distilbert/distilgpt2	distilbert/distilgpt2	False	0.490205854177475	1.0285403728485107
Sarah	1140	Sarah	0	distilbert/distilgpt2	distilbert/distilgpt2	False	1.0	0.0
Ġconfessed	1140	 confessed	1	distilbert/distilgpt2	distilbert/distilgpt2	False	1.2254457715243916e-07	22.960189819335938
Ġto	1140	 to	2	distilbert/distilgpt2	distilbert/distilgpt2	False	0.31340885162353516	1.673882246017456
ĠDavid	1140	 David	3	distilbert/distilgpt2	distilbert/distilgpt2	False	0.00012110690295230597	13.011431694030762
Ġbecause	1140	 because	4	distilbert/distilgpt2	distilbert/distilgpt2	False	0.00020218169083818793	12.27206039428711
Ġhe	1140	 he	5	distilbert/distilgpt2	distilbert/distilgpt2	False	0.4845477044582367	1.045289397239685
David	1141	David	0	distilbert/distilgpt2	distilbert/distilgpt2	False	1.0	0.0
Ġconfessed	1141	 confessed	1	distilbert/distilgpt2	distilbert/distilgpt2	False	1.2921110226216115e-07	22.883766174316406
Ġto	1141	 to	2	distilbert/distilgpt2	distilbert/distilgpt2	False	0.3409574031829834	1.5523366928100586
ĠJohn	1141	 John	3	distilbert/distilgpt2	distilbert/distilgpt2	False	0.00014257065777201205	12.77603530883789
Ġbecause	1141	 because	4	distilbert/distilgpt2	distilbert/distilgpt2	False	0.00014191438094712794	12.782691955566406
Ġhe	1141	 he	5	distilbert/distilgpt2	distilbert/distilgpt2	False	0.5096753835678101	0.9723494648933411
Mary	1142	Mary	0	distilbert/distilgpt2	distilbert/distilgpt2	False	1.0	0.0
Ġconfessed	1142	 confessed	1	distilbert/distilgpt2	distilbert/distilgpt2	False	1.074846807114227e-07	23.14936637878418
Ġto	1142	 to	2	distilbert/distilgpt2	distilbert/distilgpt2	False	0.30169677734375	1.7288289070129395
ĠJohn	1142	 John	3	distilbert/distilgpt2	distilbert/distilgpt2	False	0.0002465738798491657	11.985692024230957
Ġbecause	1142	 because	4	distilbert/distilgpt2	distilbert/distilgpt2	False	0.0003549218236003071	11.460210800170898
Ġhe	1142	 he	5	distilbert/distilgpt2	distilbert/distilgpt2	False	0.49028125405311584	1.0283185243606567
David	1143	David	0	distilbert/distilgpt2	distilbert/distilgpt2	False	1.0	0.0
Ġconfessed	1143	 confessed	1	distilbert/distilgpt2	distilbert/distilgpt2	False	1.2921110226216115e-07	22.883766174316406
Ġto	1143	 to	2	distilbert/distilgpt2	distilbert/distilgpt2	False	0.3409574031829834	1.5523366928100586
ĠJohn	1143	 John	3	distilbert/distilgpt2	distilbert/distilgpt2	False	0.00014257065777201205	12.77603530883789
Ġbecause	1143	 because	4	distilbert/distilgpt2	distilbert/distilgpt2	False	0.00014191438094712794	12.782691955566406
Ġhe	1143	 he	5	distilbert/distilgpt2	distilbert/distilgpt2	False	0.5096753835678101	0.9723494648933411
Sarah	1144	Sarah	0	distilbert/distilgpt2	distilbert/distilgpt2	False	1.0	0.0
Ġconfessed	1144	 confessed	1	distilbert/distilgpt2	distilbert/distilgpt2	False	1.2254457715243916e-07	22.960189819335938
Ġto	1144	 to	2	distilbert/distilgpt2	distilbert/distilgpt2	False	0.31340885162353516	1.673882246017456
ĠJohn	1144	 John	3	distilbert/distilgpt2	distilbert/distilgpt2	False	0.00016649292956572026	12.552251815795898
Ġbecause	1144	 because	4	distilbert/distilgpt2	distilbert/distilgpt2	False	0.00033385027199983597	11.548511505126953
Ġhe	1144	 he	5	distilbert/distilgpt2	distilbert/distilgpt2	False	0.4886290729045868	1.0331884622573853
Mary	1145	Mary	0	distilbert/distilgpt2	distilbert/distilgpt2	False	1.0	0.0
Ġconfessed	1145	 confessed	1	distilbert/distilgpt2	distilbert/distilgpt2	False	1.074846807114227e-07	23.14936637878418
Ġto	1145	 to	2	distilbert/distilgpt2	distilbert/distilgpt2	False	0.30169677734375	1.7288289070129395
ĠSarah	1145	 Sarah	3	distilbert/distilgpt2	distilbert/distilgpt2	False	8.681283361511305e-05	13.491731643676758
Ġbecause	1145	 because	4	distilbert/distilgpt2	distilbert/distilgpt2	False	0.001756554003804922	9.153036117553711
Ġshe	1145	 she	5	distilbert/distilgpt2	distilbert/distilgpt2	False	0.5223480463027954	0.9369166493415833
John	1146	John	0	distilbert/distilgpt2	distilbert/distilgpt2	False	1.0	0.0
Ġconfessed	1146	 confessed	1	distilbert/distilgpt2	distilbert/distilgpt2	False	1.1808655386857936e-07	23.013652801513672
Ġto	1146	 to	2	distilbert/distilgpt2	distilbert/distilgpt2	False	0.33099767565727234	1.595107078552246
ĠSarah	1146	 Sarah	3	distilbert/distilgpt2	distilbert/distilgpt2	False	7.300515426322818e-05	13.741641998291016
Ġbecause	1146	 because	4	distilbert/distilgpt2	distilbert/distilgpt2	False	0.000657793483696878	10.570077896118164
Ġshe	1146	 she	5	distilbert/distilgpt2	distilbert/distilgpt2	False	0.4963567852973938	1.010550618171692
Mary	1147	Mary	0	distilbert/distilgpt2	distilbert/distilgpt2	False	1.0	0.0
Ġconfessed	1147	 confessed	1	distilbert/distilgpt2	distilbert/distilgpt2	False	1.074846807114227e-07	23.14936637878418
Ġto	1147	 to	2	distilbert/distilgpt2	distilbert/distilgpt2	False	0.30169677734375	1.7288289070129395
ĠSarah	1147	 Sarah	3	distilbert/distilgpt2	distilbert/distilgpt2	False	8.681283361511305e-05	13.491731643676758
Ġbecause	1147	 because	4	distilbert/distilgpt2	distilbert/distilgpt2	False	0.001756554003804922	9.153036117553711
Ġshe	1147	 she	5	distilbert/distilgpt2	distilbert/distilgpt2	False	0.5223480463027954	0.9369166493415833
David	1148	David	0	distilbert/distilgpt2	distilbert/distilgpt2	False	1.0	0.0
Ġconfessed	1148	 confessed	1	distilbert/distilgpt2	distilbert/distilgpt2	False	1.2921110226216115e-07	22.883766174316406
Ġto	1148	 to	2	distilbert/distilgpt2	distilbert/distilgpt2	False	0.3409574031829834	1.5523366928100586
ĠSarah	1148	 Sarah	3	distilbert/distilgpt2	distilbert/distilgpt2	False	5.219373997533694e-05	14.225763320922852
Ġbecause	1148	 because	4	distilbert/distilgpt2	distilbert/distilgpt2	False	0.0003411300422158092	11.517390251159668
Ġshe	1148	 she	5	distilbert/distilgpt2	distilbert/distilgpt2	False	0.5166345238685608	0.9527840614318848
Sarah	1149	Sarah	0	distilbert/distilgpt2	distilbert/distilgpt2	False	1.0	0.0
Ġconfessed	1149	 confessed	1	distilbert/distilgpt2	distilbert/distilgpt2	False	1.2254457715243916e-07	22.960189819335938
Ġto	1149	 to	2	distilbert/distilgpt2	distilbert/distilgpt2	False	0.31340885162353516	1.673882246017456
ĠMary	1149	 Mary	3	distilbert/distilgpt2	distilbert/distilgpt2	False	9.919358853949234e-05	13.299393653869629
Ġbecause	1149	 because	4	distilbert/distilgpt2	distilbert/distilgpt2	False	0.0007139674271456897	10.45185375213623
Ġshe	1149	 she	5	distilbert/distilgpt2	distilbert/distilgpt2	False	0.48800304532051086	1.0350379943847656
John	1150	John	0	distilbert/distilgpt2	distilbert/distilgpt2	False	1.0	0.0
Ġconfessed	1150	 confessed	1	distilbert/distilgpt2	distilbert/distilgpt2	False	1.1808655386857936e-07	23.013652801513672
Ġto	1150	 to	2	distilbert/distilgpt2	distilbert/distilgpt2	False	0.33099767565727234	1.595107078552246
ĠMary	1150	 Mary	3	distilbert/distilgpt2	distilbert/distilgpt2	False	0.00010392524563940242	13.232166290283203
Ġbecause	1150	 because	4	distilbert/distilgpt2	distilbert/distilgpt2	False	0.0012017377885058522	9.700661659240723
Ġshe	1150	 she	5	distilbert/distilgpt2	distilbert/distilgpt2	False	0.448733925819397	1.1560678482055664
Sarah	1151	Sarah	0	distilbert/distilgpt2	distilbert/distilgpt2	False	1.0	0.0
Ġconfessed	1151	 confessed	1	distilbert/distilgpt2	distilbert/distilgpt2	False	1.2254457715243916e-07	22.960189819335938
Ġto	1151	 to	2	distilbert/distilgpt2	distilbert/distilgpt2	False	0.31340885162353516	1.673882246017456
ĠMary	1151	 Mary	3	distilbert/distilgpt2	distilbert/distilgpt2	False	9.919358853949234e-05	13.299393653869629
Ġbecause	1151	 because	4	distilbert/distilgpt2	distilbert/distilgpt2	False	0.0007139674271456897	10.45185375213623
Ġshe	1151	 she	5	distilbert/distilgpt2	distilbert/distilgpt2	False	0.48800304532051086	1.0350379943847656
David	1152	David	0	distilbert/distilgpt2	distilbert/distilgpt2	False	1.0	0.0
Ġconfessed	1152	 confessed	1	distilbert/distilgpt2	distilbert/distilgpt2	False	1.2921110226216115e-07	22.883766174316406
Ġto	1152	 to	2	distilbert/distilgpt2	distilbert/distilgpt2	False	0.3409574031829834	1.5523366928100586
ĠMary	1152	 Mary	3	distilbert/distilgpt2	distilbert/distilgpt2	False	6.104767817305401e-05	13.999704360961914
Ġbecause	1152	 because	4	distilbert/distilgpt2	distilbert/distilgpt2	False	0.00042408070294186473	11.203373908996582
Ġshe	1152	 she	5	distilbert/distilgpt2	distilbert/distilgpt2	False	0.4684574604034424	1.0940101146697998
John	1153	John	0	distilbert/distilgpt2	distilbert/distilgpt2	False	1.0	0.0
Ġconf	1153	 confided	1	distilbert/distilgpt2	distilbert/distilgpt2	False	4.094592895853566e-07	21.219776153564453
ided	1153	 confided	1	distilbert/distilgpt2	distilbert/distilgpt2	False	0.0548488087952137	4.188395977020264
Ġin	1153	 in	2	distilbert/distilgpt2	distilbert/distilgpt2	False	0.35171693563461304	1.5075132846832275
ĠDavid	1153	 David	3	distilbert/distilgpt2	distilbert/distilgpt2	False	0.0020903446711599827	8.902043342590332
Ġbecause	1153	 because	4	distilbert/distilgpt2	distilbert/distilgpt2	False	9.260401566280052e-05	13.398565292358398
Ġhe	1153	 he	5	distilbert/distilgpt2	distilbert/distilgpt2	False	0.3410269021987915	1.5520426034927368
Mary	1154	Mary	0	distilbert/distilgpt2	distilbert/distilgpt2	False	1.0	0.0
Ġconf	1154	 confided	1	distilbert/distilgpt2	distilbert/distilgpt2	False	4.706186871317186e-07	21.018938064575195
ided	1154	 confided	1	distilbert/distilgpt2	distilbert/distilgpt2	False	0.02190234698355198	5.512770652770996
Ġin	1154	 in	2	distilbert/distilgpt2	distilbert/distilgpt2	False	0.35821861028671265	1.4810878038406372
ĠDavid	1154	 David	3	distilbert/distilgpt2	distilbert/distilgpt2	False	0.0014727797824889421	9.407242774963379
Ġbecause	1154	 because	4	distilbert/distilgpt2	distilbert/distilgpt2	False	0.00012225107639096677	12.997865676879883
Ġhe	1154	 he	5	distilbert/distilgpt2	distilbert/distilgpt2	False	0.3455824553966522	1.532898187637329
John	1155	John	0	distilbert/distilgpt2	distilbert/distilgpt2	False	1.0	0.0
Ġconf	1155	 confided	1	distilbert/distilgpt2	distilbert/distilgpt2	False	4.094592895853566e-07	21.219776153564453
ided	1155	 confided	1	distilbert/distilgpt2	distilbert/distilgpt2	False	0.0548488087952137	4.188395977020264
Ġin	1155	 in	2	distilbert/distilgpt2	distilbert/distilgpt2	False	0.35171693563461304	1.5075132846832275
ĠDavid	1155	 David	3	distilbert/distilgpt2	distilbert/distilgpt2	False	0.0020903446711599827	8.902043342590332
Ġbecause	1155	 because	4	distilbert/distilgpt2	distilbert/distilgpt2	False	9.260401566280052e-05	13.398565292358398
Ġhe	1155	 he	5	distilbert/distilgpt2	distilbert/distilgpt2	False	0.3410269021987915	1.5520426034927368
Sarah	1156	Sarah	0	distilbert/distilgpt2	distilbert/distilgpt2	False	1.0	0.0
Ġconf	1156	 confided	1	distilbert/distilgpt2	distilbert/distilgpt2	False	4.925799430566258e-07	20.95313835144043
ided	1156	 confided	1	distilbert/distilgpt2	distilbert/distilgpt2	False	0.049542199820280075	4.335198402404785
Ġin	1156	 in	2	distilbert/distilgpt2	distilbert/distilgpt2	False	0.29295963048934937	1.7712262868881226
ĠDavid	1156	 David	3	distilbert/distilgpt2	distilbert/distilgpt2	False	0.0012237115297466516	9.674520492553711
Ġbecause	1156	 because	4	distilbert/distilgpt2	distilbert/distilgpt2	False	6.912556273164228e-05	13.82042121887207
Ġhe	1156	 he	5	distilbert/distilgpt2	distilbert/distilgpt2	False	0.3553045690059662	1.492871880531311
David	1157	David	0	distilbert/distilgpt2	distilbert/distilgpt2	False	1.0	0.0
Ġconf	1157	 confided	1	distilbert/distilgpt2	distilbert/distilgpt2	False	4.889004685537657e-07	20.96395492553711
ided	1157	 confided	1	distilbert/distilgpt2	distilbert/distilgpt2	False	0.04246574267745018	4.557556629180908
Ġin	1157	 in	2	distilbert/distilgpt2	distilbert/distilgpt2	False	0.347648948431015	1.5242968797683716
ĠJohn	1157	 John	3	distilbert/distilgpt2	distilbert/distilgpt2	False	0.0016934649320319295	9.205805778503418
Ġbecause	1157	 because	4	distilbert/distilgpt2	distilbert/distilgpt2	False	4.359461672720499e-05	14.485490798950195
Ġhe	1157	 he	5	distilbert/distilgpt2	distilbert/distilgpt2	False	0.3798350989818573	1.396554946899414
Mary	1158	Mary	0	distilbert/distilgpt2	distilbert/distilgpt2	False	1.0	0.0
Ġconf	1158	 confided	1	distilbert/distilgpt2	distilbert/distilgpt2	False	4.706186871317186e-07	21.018938064575195
ided	1158	 confided	1	distilbert/distilgpt2	distilbert/distilgpt2	False	0.02190234698355198	5.512770652770996
Ġin	1158	 in	2	distilbert/distilgpt2	distilbert/distilgpt2	False	0.35821861028671265	1.4810878038406372
ĠJohn	1158	 John	3	distilbert/distilgpt2	distilbert/distilgpt2	False	0.0022998363710939884	8.764252662658691
Ġbecause	1158	 because	4	distilbert/distilgpt2	distilbert/distilgpt2	False	4.9847141781356186e-05	14.292129516601562
Ġhe	1158	 he	5	distilbert/distilgpt2	distilbert/distilgpt2	False	0.3859775960445404	1.3734110593795776
David	1159	David	0	distilbert/distilgpt2	distilbert/distilgpt2	False	1.0	0.0
Ġconf	1159	 confided	1	distilbert/distilgpt2	distilbert/distilgpt2	False	4.889004685537657e-07	20.96395492553711
ided	1159	 confided	1	distilbert/distilgpt2	distilbert/distilgpt2	False	0.04246574267745018	4.557556629180908
Ġin	1159	 in	2	distilbert/distilgpt2	distilbert/distilgpt2	False	0.347648948431015	1.5242968797683716
ĠJohn	1159	 John	3	distilbert/distilgpt2	distilbert/distilgpt2	False	0.0016934649320319295	9.205805778503418
Ġbecause	1159	 because	4	distilbert/distilgpt2	distilbert/distilgpt2	False	4.359461672720499e-05	14.485490798950195
Ġhe	1159	 he	5	distilbert/distilgpt2	distilbert/distilgpt2	False	0.3798350989818573	1.396554946899414
Sarah	1160	Sarah	0	distilbert/distilgpt2	distilbert/distilgpt2	False	1.0	0.0
Ġconf	1160	 confided	1	distilbert/distilgpt2	distilbert/distilgpt2	False	4.925799430566258e-07	20.95313835144043
ided	1160	 confided	1	distilbert/distilgpt2	distilbert/distilgpt2	False	0.049542199820280075	4.335198402404785
Ġin	1160	 in	2	distilbert/distilgpt2	distilbert/distilgpt2	False	0.29295963048934937	1.7712262868881226
ĠJohn	1160	 John	3	distilbert/distilgpt2	distilbert/distilgpt2	False	0.0011344021186232567	9.783852577209473
Ġbecause	1160	 because	4	distilbert/distilgpt2	distilbert/distilgpt2	False	6.0800102801295e-05	14.005566596984863
Ġhe	1160	 he	5	distilbert/distilgpt2	distilbert/distilgpt2	False	0.37592896819114685	1.4114680290222168
Mary	1161	Mary	0	distilbert/distilgpt2	distilbert/distilgpt2	False	1.0	0.0
Ġconf	1161	 confided	1	distilbert/distilgpt2	distilbert/distilgpt2	False	4.706186871317186e-07	21.018938064575195
ided	1161	 confided	1	distilbert/distilgpt2	distilbert/distilgpt2	False	0.02190234698355198	5.512770652770996
Ġin	1161	 in	2	distilbert/distilgpt2	distilbert/distilgpt2	False	0.35821861028671265	1.4810878038406372
ĠSarah	1161	 Sarah	3	distilbert/distilgpt2	distilbert/distilgpt2	False	0.0002516940585337579	11.95604133605957
Ġbecause	1161	 because	4	distilbert/distilgpt2	distilbert/distilgpt2	False	0.0003347420133650303	11.544662475585938
Ġshe	1161	 she	5	distilbert/distilgpt2	distilbert/distilgpt2	False	0.4110427498817444	1.282639741897583
John	1162	John	0	distilbert/distilgpt2	distilbert/distilgpt2	False	1.0	0.0
Ġconf	1162	 confided	1	distilbert/distilgpt2	distilbert/distilgpt2	False	4.094592895853566e-07	21.219776153564453
ided	1162	 confided	1	distilbert/distilgpt2	distilbert/distilgpt2	False	0.0548488087952137	4.188395977020264
Ġin	1162	 in	2	distilbert/distilgpt2	distilbert/distilgpt2	False	0.35171693563461304	1.5075132846832275
ĠSarah	1162	 Sarah	3	distilbert/distilgpt2	distilbert/distilgpt2	False	0.0003625082317739725	11.429698944091797
Ġbecause	1162	 because	4	distilbert/distilgpt2	distilbert/distilgpt2	False	0.0002405745763098821	12.021227836608887
Ġshe	1162	 she	5	distilbert/distilgpt2	distilbert/distilgpt2	False	0.386182576417923	1.3726450204849243
Mary	1163	Mary	0	distilbert/distilgpt2	distilbert/distilgpt2	False	1.0	0.0
Ġconf	1163	 confided	1	distilbert/distilgpt2	distilbert/distilgpt2	False	4.706186871317186e-07	21.018938064575195
ided	1163	 confided	1	distilbert/distilgpt2	distilbert/distilgpt2	False	0.02190234698355198	5.512770652770996
Ġin	1163	 in	2	distilbert/distilgpt2	distilbert/distilgpt2	False	0.35821861028671265	1.4810878038406372
ĠSarah	1163	 Sarah	3	distilbert/distilgpt2	distilbert/distilgpt2	False	0.0002516940585337579	11.95604133605957
Ġbecause	1163	 because	4	distilbert/distilgpt2	distilbert/distilgpt2	False	0.0003347420133650303	11.544662475585938
Ġshe	1163	 she	5	distilbert/distilgpt2	distilbert/distilgpt2	False	0.4110427498817444	1.282639741897583
David	1164	David	0	distilbert/distilgpt2	distilbert/distilgpt2	False	1.0	0.0
Ġconf	1164	 confided	1	distilbert/distilgpt2	distilbert/distilgpt2	False	4.889004685537657e-07	20.96395492553711
ided	1164	 confided	1	distilbert/distilgpt2	distilbert/distilgpt2	False	0.04246574267745018	4.557556629180908
Ġin	1164	 in	2	distilbert/distilgpt2	distilbert/distilgpt2	False	0.347648948431015	1.5242968797683716
ĠSarah	1164	 Sarah	3	distilbert/distilgpt2	distilbert/distilgpt2	False	0.0003138097235932946	11.637822151184082
Ġbecause	1164	 because	4	distilbert/distilgpt2	distilbert/distilgpt2	False	0.0001720908476272598	12.504542350769043
Ġshe	1164	 she	5	distilbert/distilgpt2	distilbert/distilgpt2	False	0.4028503894805908	1.311684012413025
Sarah	1165	Sarah	0	distilbert/distilgpt2	distilbert/distilgpt2	False	1.0	0.0
Ġconf	1165	 confided	1	distilbert/distilgpt2	distilbert/distilgpt2	False	4.925799430566258e-07	20.95313835144043
ided	1165	 confided	1	distilbert/distilgpt2	distilbert/distilgpt2	False	0.049542199820280075	4.335198402404785
Ġin	1165	 in	2	distilbert/distilgpt2	distilbert/distilgpt2	False	0.29295963048934937	1.7712262868881226
ĠMary	1165	 Mary	3	distilbert/distilgpt2	distilbert/distilgpt2	False	0.0002495413355063647	11.968433380126953
Ġbecause	1165	 because	4	distilbert/distilgpt2	distilbert/distilgpt2	False	8.09404591564089e-05	13.592779159545898
Ġshe	1165	 she	5	distilbert/distilgpt2	distilbert/distilgpt2	False	0.38999825716018677	1.3584604263305664
John	1166	John	0	distilbert/distilgpt2	distilbert/distilgpt2	False	1.0	0.0
Ġconf	1166	 confided	1	distilbert/distilgpt2	distilbert/distilgpt2	False	4.094592895853566e-07	21.219776153564453
ided	1166	 confided	1	distilbert/distilgpt2	distilbert/distilgpt2	False	0.0548488087952137	4.188395977020264
Ġin	1166	 in	2	distilbert/distilgpt2	distilbert/distilgpt2	False	0.35171693563461304	1.5075132846832275
ĠMary	1166	 Mary	3	distilbert/distilgpt2	distilbert/distilgpt2	False	0.0004380463797133416	11.156628608703613
Ġbecause	1166	 because	4	distilbert/distilgpt2	distilbert/distilgpt2	False	0.0001318418508162722	12.888903617858887
Ġshe	1166	 she	5	distilbert/distilgpt2	distilbert/distilgpt2	False	0.3748452961444855	1.4156328439712524
Sarah	1167	Sarah	0	distilbert/distilgpt2	distilbert/distilgpt2	False	1.0	0.0
Ġconf	1167	 confided	1	distilbert/distilgpt2	distilbert/distilgpt2	False	4.925799430566258e-07	20.95313835144043
ided	1167	 confided	1	distilbert/distilgpt2	distilbert/distilgpt2	False	0.049542199820280075	4.335198402404785
Ġin	1167	 in	2	distilbert/distilgpt2	distilbert/distilgpt2	False	0.29295963048934937	1.7712262868881226
ĠMary	1167	 Mary	3	distilbert/distilgpt2	distilbert/distilgpt2	False	0.0002495413355063647	11.968433380126953
Ġbecause	1167	 because	4	distilbert/distilgpt2	distilbert/distilgpt2	False	8.09404591564089e-05	13.592779159545898
Ġshe	1167	 she	5	distilbert/distilgpt2	distilbert/distilgpt2	False	0.38999825716018677	1.3584604263305664
David	1168	David	0	distilbert/distilgpt2	distilbert/distilgpt2	False	1.0	0.0
Ġconf	1168	 confided	1	distilbert/distilgpt2	distilbert/distilgpt2	False	4.889004685537657e-07	20.96395492553711
ided	1168	 confided	1	distilbert/distilgpt2	distilbert/distilgpt2	False	0.04246574267745018	4.557556629180908
Ġin	1168	 in	2	distilbert/distilgpt2	distilbert/distilgpt2	False	0.347648948431015	1.5242968797683716
ĠMary	1168	 Mary	3	distilbert/distilgpt2	distilbert/distilgpt2	False	0.00031439680606126785	11.635126113891602
Ġbecause	1168	 because	4	distilbert/distilgpt2	distilbert/distilgpt2	False	6.936646241229028e-05	13.815402030944824
Ġshe	1168	 she	5	distilbert/distilgpt2	distilbert/distilgpt2	False	0.3881129324436188	1.3654515743255615
John	1169	John	0	distilbert/distilgpt2	distilbert/distilgpt2	False	1.0	0.0
Ġconf	1169	 confounded	1	distilbert/distilgpt2	distilbert/distilgpt2	False	4.094592895853566e-07	21.219776153564453
ounded	1169	 confounded	1	distilbert/distilgpt2	distilbert/distilgpt2	False	0.038148924708366394	4.71221399307251
ĠDavid	1169	 David	2	distilbert/distilgpt2	distilbert/distilgpt2	False	0.0005467890878207982	10.8367280960083
Ġbecause	1169	 because	3	distilbert/distilgpt2	distilbert/distilgpt2	False	0.0011473478516563773	9.767481803894043
Ġhe	1169	 he	4	distilbert/distilgpt2	distilbert/distilgpt2	False	0.41927608847618103	1.2540276050567627
Mary	1170	Mary	0	distilbert/distilgpt2	distilbert/distilgpt2	False	1.0	0.0
Ġconf	1170	 confounded	1	distilbert/distilgpt2	distilbert/distilgpt2	False	4.706186871317186e-07	21.018938064575195
ounded	1170	 confounded	1	distilbert/distilgpt2	distilbert/distilgpt2	False	0.025795953348279	5.276711463928223
ĠDavid	1170	 David	2	distilbert/distilgpt2	distilbert/distilgpt2	False	0.00035911306622438133	11.44327449798584
Ġbecause	1170	 because	3	distilbert/distilgpt2	distilbert/distilgpt2	False	0.0013311973307281733	9.553059577941895
Ġhe	1170	 he	4	distilbert/distilgpt2	distilbert/distilgpt2	False	0.4133012294769287	1.2747344970703125
John	1171	John	0	distilbert/distilgpt2	distilbert/distilgpt2	False	1.0	0.0
Ġconf	1171	 confounded	1	distilbert/distilgpt2	distilbert/distilgpt2	False	4.094592895853566e-07	21.219776153564453
ounded	1171	 confounded	1	distilbert/distilgpt2	distilbert/distilgpt2	False	0.038148924708366394	4.71221399307251
ĠDavid	1171	 David	2	distilbert/distilgpt2	distilbert/distilgpt2	False	0.0005467890878207982	10.8367280960083
Ġbecause	1171	 because	3	distilbert/distilgpt2	distilbert/distilgpt2	False	0.0011473478516563773	9.767481803894043
Ġhe	1171	 he	4	distilbert/distilgpt2	distilbert/distilgpt2	False	0.41927608847618103	1.2540276050567627
Sarah	1172	Sarah	0	distilbert/distilgpt2	distilbert/distilgpt2	False	1.0	0.0
Ġconf	1172	 confounded	1	distilbert/distilgpt2	distilbert/distilgpt2	False	4.925799430566258e-07	20.95313835144043
ounded	1172	 confounded	1	distilbert/distilgpt2	distilbert/distilgpt2	False	0.033266641199588776	4.909780025482178
ĠDavid	1172	 David	2	distilbert/distilgpt2	distilbert/distilgpt2	False	0.0005259474855847657	10.892793655395508
Ġbecause	1172	 because	3	distilbert/distilgpt2	distilbert/distilgpt2	False	0.0012249229475855827	9.67309284210205
Ġhe	1172	 he	4	distilbert/distilgpt2	distilbert/distilgpt2	False	0.40321189165115356	1.3103899955749512
David	1173	David	0	distilbert/distilgpt2	distilbert/distilgpt2	False	1.0	0.0
Ġconf	1173	 confounded	1	distilbert/distilgpt2	distilbert/distilgpt2	False	4.889004685537657e-07	20.96395492553711
ounded	1173	 confounded	1	distilbert/distilgpt2	distilbert/distilgpt2	False	0.03696630522608757	4.757645606994629
ĠJohn	1173	 John	2	distilbert/distilgpt2	distilbert/distilgpt2	False	0.0006914286641404033	10.49813175201416
Ġbecause	1173	 because	3	distilbert/distilgpt2	distilbert/distilgpt2	False	0.0005104044685140252	10.936071395874023
Ġhe	1173	 he	4	distilbert/distilgpt2	distilbert/distilgpt2	False	0.4247361421585083	1.2353612184524536
Mary	1174	Mary	0	distilbert/distilgpt2	distilbert/distilgpt2	False	1.0	0.0
Ġconf	1174	 confounded	1	distilbert/distilgpt2	distilbert/distilgpt2	False	4.706186871317186e-07	21.018938064575195
ounded	1174	 confounded	1	distilbert/distilgpt2	distilbert/distilgpt2	False	0.025795953348279	5.276711463928223
ĠJohn	1174	 John	2	distilbert/distilgpt2	distilbert/distilgpt2	False	0.000599785998929292	10.703264236450195
Ġbecause	1174	 because	3	distilbert/distilgpt2	distilbert/distilgpt2	False	0.0011992562795057893	9.703644752502441
Ġhe	1174	 he	4	distilbert/distilgpt2	distilbert/distilgpt2	False	0.44310781359672546	1.1742703914642334
David	1175	David	0	distilbert/distilgpt2	distilbert/distilgpt2	False	1.0	0.0
Ġconf	1175	 confounded	1	distilbert/distilgpt2	distilbert/distilgpt2	False	4.889004685537657e-07	20.96395492553711
ounded	1175	 confounded	1	distilbert/distilgpt2	distilbert/distilgpt2	False	0.03696630522608757	4.757645606994629
ĠJohn	1175	 John	2	distilbert/distilgpt2	distilbert/distilgpt2	False	0.0006914286641404033	10.49813175201416
Ġbecause	1175	 because	3	distilbert/distilgpt2	distilbert/distilgpt2	False	0.0005104044685140252	10.936071395874023
Ġhe	1175	 he	4	distilbert/distilgpt2	distilbert/distilgpt2	False	0.4247361421585083	1.2353612184524536
Sarah	1176	Sarah	0	distilbert/distilgpt2	distilbert/distilgpt2	False	1.0	0.0
Ġconf	1176	 confounded	1	distilbert/distilgpt2	distilbert/distilgpt2	False	4.925799430566258e-07	20.95313835144043
ounded	1176	 confounded	1	distilbert/distilgpt2	distilbert/distilgpt2	False	0.033266641199588776	4.909780025482178
ĠJohn	1176	 John	2	distilbert/distilgpt2	distilbert/distilgpt2	False	0.0006326254224404693	10.626360893249512
Ġbecause	1176	 because	3	distilbert/distilgpt2	distilbert/distilgpt2	False	0.0013218732783570886	9.563200950622559
Ġhe	1176	 he	4	distilbert/distilgpt2	distilbert/distilgpt2	False	0.41633445024490356	1.2641851902008057
Mary	1177	Mary	0	distilbert/distilgpt2	distilbert/distilgpt2	False	1.0	0.0
Ġconf	1177	 confounded	1	distilbert/distilgpt2	distilbert/distilgpt2	False	4.706186871317186e-07	21.018938064575195
ounded	1177	 confounded	1	distilbert/distilgpt2	distilbert/distilgpt2	False	0.025795953348279	5.276711463928223
ĠSarah	1177	 Sarah	2	distilbert/distilgpt2	distilbert/distilgpt2	False	9.002922161016613e-05	13.439247131347656
Ġbecause	1177	 because	3	distilbert/distilgpt2	distilbert/distilgpt2	False	0.00358023913577199	8.125728607177734
Ġshe	1177	 she	4	distilbert/distilgpt2	distilbert/distilgpt2	False	0.4629494845867157	1.11107337474823
John	1178	John	0	distilbert/distilgpt2	distilbert/distilgpt2	False	1.0	0.0
Ġconf	1178	 confounded	1	distilbert/distilgpt2	distilbert/distilgpt2	False	4.094592895853566e-07	21.219776153564453
ounded	1178	 confounded	1	distilbert/distilgpt2	distilbert/distilgpt2	False	0.038148924708366394	4.71221399307251
ĠSarah	1178	 Sarah	2	distilbert/distilgpt2	distilbert/distilgpt2	False	0.00011223867477383465	13.121142387390137
Ġbecause	1178	 because	3	distilbert/distilgpt2	distilbert/distilgpt2	False	0.002537836553528905	8.622184753417969
Ġshe	1178	 she	4	distilbert/distilgpt2	distilbert/distilgpt2	False	0.4436594843864441	1.1724753379821777
Mary	1179	Mary	0	distilbert/distilgpt2	distilbert/distilgpt2	False	1.0	0.0
Ġconf	1179	 confounded	1	distilbert/distilgpt2	distilbert/distilgpt2	False	4.706186871317186e-07	21.018938064575195
ounded	1179	 confounded	1	distilbert/distilgpt2	distilbert/distilgpt2	False	0.025795953348279	5.276711463928223
ĠSarah	1179	 Sarah	2	distilbert/distilgpt2	distilbert/distilgpt2	False	9.002922161016613e-05	13.439247131347656
Ġbecause	1179	 because	3	distilbert/distilgpt2	distilbert/distilgpt2	False	0.00358023913577199	8.125728607177734
Ġshe	1179	 she	4	distilbert/distilgpt2	distilbert/distilgpt2	False	0.4629494845867157	1.11107337474823
David	1180	David	0	distilbert/distilgpt2	distilbert/distilgpt2	False	1.0	0.0
Ġconf	1180	 confounded	1	distilbert/distilgpt2	distilbert/distilgpt2	False	4.889004685537657e-07	20.96395492553711
ounded	1180	 confounded	1	distilbert/distilgpt2	distilbert/distilgpt2	False	0.03696630522608757	4.757645606994629
ĠSarah	1180	 Sarah	2	distilbert/distilgpt2	distilbert/distilgpt2	False	0.00010233432840323076	13.254422187805176
Ġbecause	1180	 because	3	distilbert/distilgpt2	distilbert/distilgpt2	False	0.0014095791848376393	9.47052001953125
Ġshe	1180	 she	4	distilbert/distilgpt2	distilbert/distilgpt2	False	0.41788867115974426	1.2588094472885132
Sarah	1181	Sarah	0	distilbert/distilgpt2	distilbert/distilgpt2	False	1.0	0.0
Ġconf	1181	 confounded	1	distilbert/distilgpt2	distilbert/distilgpt2	False	4.925799430566258e-07	20.95313835144043
ounded	1181	 confounded	1	distilbert/distilgpt2	distilbert/distilgpt2	False	0.033266641199588776	4.909780025482178
ĠMary	1181	 Mary	2	distilbert/distilgpt2	distilbert/distilgpt2	False	0.00016822866746224463	12.537288665771484
Ġbecause	1181	 because	3	distilbert/distilgpt2	distilbert/distilgpt2	False	0.003046221798285842	8.358763694763184
Ġshe	1181	 she	4	distilbert/distilgpt2	distilbert/distilgpt2	False	0.3855043947696686	1.3751808404922485
John	1182	John	0	distilbert/distilgpt2	distilbert/distilgpt2	False	1.0	0.0
Ġconf	1182	 confounded	1	distilbert/distilgpt2	distilbert/distilgpt2	False	4.094592895853566e-07	21.219776153564453
ounded	1182	 confounded	1	distilbert/distilgpt2	distilbert/distilgpt2	False	0.038148924708366394	4.71221399307251
ĠMary	1182	 Mary	2	distilbert/distilgpt2	distilbert/distilgpt2	False	0.00016082354704849422	12.60223388671875
Ġbecause	1182	 because	3	distilbert/distilgpt2	distilbert/distilgpt2	False	0.004188069608062506	7.89949893951416
Ġshe	1182	 she	4	distilbert/distilgpt2	distilbert/distilgpt2	False	0.4139374792575836	1.2725152969360352
Sarah	1183	Sarah	0	distilbert/distilgpt2	distilbert/distilgpt2	False	1.0	0.0
Ġconf	1183	 confounded	1	distilbert/distilgpt2	distilbert/distilgpt2	False	4.925799430566258e-07	20.95313835144043
ounded	1183	 confounded	1	distilbert/distilgpt2	distilbert/distilgpt2	False	0.033266641199588776	4.909780025482178
ĠMary	1183	 Mary	2	distilbert/distilgpt2	distilbert/distilgpt2	False	0.00016822866746224463	12.537288665771484
Ġbecause	1183	 because	3	distilbert/distilgpt2	distilbert/distilgpt2	False	0.003046221798285842	8.358763694763184
Ġshe	1183	 she	4	distilbert/distilgpt2	distilbert/distilgpt2	False	0.3855043947696686	1.3751808404922485
David	1184	David	0	distilbert/distilgpt2	distilbert/distilgpt2	False	1.0	0.0
Ġconf	1184	 confounded	1	distilbert/distilgpt2	distilbert/distilgpt2	False	4.889004685537657e-07	20.96395492553711
ounded	1184	 confounded	1	distilbert/distilgpt2	distilbert/distilgpt2	False	0.03696630522608757	4.757645606994629
ĠMary	1184	 Mary	2	distilbert/distilgpt2	distilbert/distilgpt2	False	0.00013394653797149658	12.866055488586426
Ġbecause	1184	 because	3	distilbert/distilgpt2	distilbert/distilgpt2	False	0.0013910150155425072	9.489645957946777
Ġshe	1184	 she	4	distilbert/distilgpt2	distilbert/distilgpt2	False	0.39458760619163513	1.3415825366973877
John	1185	John	0	distilbert/distilgpt2	distilbert/distilgpt2	False	1.0	0.0
Ġconfused	1185	 confused	1	distilbert/distilgpt2	distilbert/distilgpt2	False	1.5192489399851183e-07	22.65013885498047
ĠDavid	1185	 David	2	distilbert/distilgpt2	distilbert/distilgpt2	False	5.193965625949204e-05	14.232804298400879
Ġbecause	1185	 because	3	distilbert/distilgpt2	distilbert/distilgpt2	False	0.001317495945841074	9.567985534667969
Ġhe	1185	 he	4	distilbert/distilgpt2	distilbert/distilgpt2	False	0.3972678482532501	1.3318160772323608
Mary	1186	Mary	0	distilbert/distilgpt2	distilbert/distilgpt2	False	1.0	0.0
Ġconfused	1186	 confused	1	distilbert/distilgpt2	distilbert/distilgpt2	False	1.605297086371138e-07	22.570655822753906
ĠDavid	1186	 David	2	distilbert/distilgpt2	distilbert/distilgpt2	False	3.426205148571171e-05	14.833028793334961
Ġbecause	1186	 because	3	distilbert/distilgpt2	distilbert/distilgpt2	False	0.0013434472493827343	9.539844512939453
Ġhe	1186	 he	4	distilbert/distilgpt2	distilbert/distilgpt2	False	0.40124982595443726	1.317427396774292
John	1187	John	0	distilbert/distilgpt2	distilbert/distilgpt2	False	1.0	0.0
Ġconfused	1187	 confused	1	distilbert/distilgpt2	distilbert/distilgpt2	False	1.5192489399851183e-07	22.65013885498047
ĠDavid	1187	 David	2	distilbert/distilgpt2	distilbert/distilgpt2	False	5.193965625949204e-05	14.232804298400879
Ġbecause	1187	 because	3	distilbert/distilgpt2	distilbert/distilgpt2	False	0.001317495945841074	9.567985534667969
Ġhe	1187	 he	4	distilbert/distilgpt2	distilbert/distilgpt2	False	0.3972678482532501	1.3318160772323608
Sarah	1188	Sarah	0	distilbert/distilgpt2	distilbert/distilgpt2	False	1.0	0.0
Ġconfused	1188	 confused	1	distilbert/distilgpt2	distilbert/distilgpt2	False	1.463592411710124e-07	22.703983306884766
ĠDavid	1188	 David	2	distilbert/distilgpt2	distilbert/distilgpt2	False	6.794498767703772e-05	13.8452730178833
Ġbecause	1188	 because	3	distilbert/distilgpt2	distilbert/distilgpt2	False	0.0020104392897337675	8.958273887634277
Ġhe	1188	 he	4	distilbert/distilgpt2	distilbert/distilgpt2	False	0.4076620042324066	1.294554591178894
David	1189	David	0	distilbert/distilgpt2	distilbert/distilgpt2	False	1.0	0.0
Ġconfused	1189	 confused	1	distilbert/distilgpt2	distilbert/distilgpt2	False	1.7129906382251647e-07	22.476980209350586
ĠJohn	1189	 John	2	distilbert/distilgpt2	distilbert/distilgpt2	False	0.00014678272418677807	12.734029769897461
Ġbecause	1189	 because	3	distilbert/distilgpt2	distilbert/distilgpt2	False	0.002513871295377612	8.635873794555664
Ġhe	1189	 he	4	distilbert/distilgpt2	distilbert/distilgpt2	False	0.38025909662246704	1.3949453830718994
Mary	1190	Mary	0	distilbert/distilgpt2	distilbert/distilgpt2	False	1.0	0.0
Ġconfused	1190	 confused	1	distilbert/distilgpt2	distilbert/distilgpt2	False	1.605297086371138e-07	22.570655822753906
ĠJohn	1190	 John	2	distilbert/distilgpt2	distilbert/distilgpt2	False	7.540545630035922e-05	13.694972038269043
Ġbecause	1190	 because	3	distilbert/distilgpt2	distilbert/distilgpt2	False	0.0021625650115311146	8.85304069519043
Ġhe	1190	 he	4	distilbert/distilgpt2	distilbert/distilgpt2	False	0.39704030752182007	1.332642674446106
David	1191	David	0	distilbert/distilgpt2	distilbert/distilgpt2	False	1.0	0.0
Ġconfused	1191	 confused	1	distilbert/distilgpt2	distilbert/distilgpt2	False	1.7129906382251647e-07	22.476980209350586
ĠJohn	1191	 John	2	distilbert/distilgpt2	distilbert/distilgpt2	False	0.00014678272418677807	12.734029769897461
Ġbecause	1191	 because	3	distilbert/distilgpt2	distilbert/distilgpt2	False	0.002513871295377612	8.635873794555664
Ġhe	1191	 he	4	distilbert/distilgpt2	distilbert/distilgpt2	False	0.38025909662246704	1.3949453830718994
Sarah	1192	Sarah	0	distilbert/distilgpt2	distilbert/distilgpt2	False	1.0	0.0
Ġconfused	1192	 confused	1	distilbert/distilgpt2	distilbert/distilgpt2	False	1.463592411710124e-07	22.703983306884766
ĠJohn	1192	 John	2	distilbert/distilgpt2	distilbert/distilgpt2	False	0.00013103934179525822	12.897712707519531
Ġbecause	1192	 because	3	distilbert/distilgpt2	distilbert/distilgpt2	False	0.004871798679232597	7.681329727172852
Ġhe	1192	 he	4	distilbert/distilgpt2	distilbert/distilgpt2	False	0.39103543758392334	1.3546288013458252
Mary	1193	Mary	0	distilbert/distilgpt2	distilbert/distilgpt2	False	1.0	0.0
Ġconfused	1193	 confused	1	distilbert/distilgpt2	distilbert/distilgpt2	False	1.605297086371138e-07	22.570655822753906
ĠSarah	1193	 Sarah	2	distilbert/distilgpt2	distilbert/distilgpt2	False	1.7138108887593262e-05	15.832432746887207
Ġbecause	1193	 because	3	distilbert/distilgpt2	distilbert/distilgpt2	False	0.0028030304238200188	8.47879695892334
Ġshe	1193	 she	4	distilbert/distilgpt2	distilbert/distilgpt2	False	0.4559641480445862	1.1330077648162842
John	1194	John	0	distilbert/distilgpt2	distilbert/distilgpt2	False	1.0	0.0
Ġconfused	1194	 confused	1	distilbert/distilgpt2	distilbert/distilgpt2	False	1.5192489399851183e-07	22.65013885498047
ĠSarah	1194	 Sarah	2	distilbert/distilgpt2	distilbert/distilgpt2	False	2.0857505660387687e-05	15.549074172973633
Ġbecause	1194	 because	3	distilbert/distilgpt2	distilbert/distilgpt2	False	0.0035737529397010803	8.128344535827637
Ġshe	1194	 she	4	distilbert/distilgpt2	distilbert/distilgpt2	False	0.44252917170524597	1.1761555671691895
Mary	1195	Mary	0	distilbert/distilgpt2	distilbert/distilgpt2	False	1.0	0.0
Ġconfused	1195	 confused	1	distilbert/distilgpt2	distilbert/distilgpt2	False	1.605297086371138e-07	22.570655822753906
ĠSarah	1195	 Sarah	2	distilbert/distilgpt2	distilbert/distilgpt2	False	1.7138108887593262e-05	15.832432746887207
Ġbecause	1195	 because	3	distilbert/distilgpt2	distilbert/distilgpt2	False	0.0028030304238200188	8.47879695892334
Ġshe	1195	 she	4	distilbert/distilgpt2	distilbert/distilgpt2	False	0.4559641480445862	1.1330077648162842
David	1196	David	0	distilbert/distilgpt2	distilbert/distilgpt2	False	1.0	0.0
Ġconfused	1196	 confused	1	distilbert/distilgpt2	distilbert/distilgpt2	False	1.7129906382251647e-07	22.476980209350586
ĠSarah	1196	 Sarah	2	distilbert/distilgpt2	distilbert/distilgpt2	False	2.8091020794818178e-05	15.119531631469727
Ġbecause	1196	 because	3	distilbert/distilgpt2	distilbert/distilgpt2	False	0.0027917667757719755	8.48460578918457
Ġshe	1196	 she	4	distilbert/distilgpt2	distilbert/distilgpt2	False	0.4377842843532562	1.191707968711853
Sarah	1197	Sarah	0	distilbert/distilgpt2	distilbert/distilgpt2	False	1.0	0.0
Ġconfused	1197	 confused	1	distilbert/distilgpt2	distilbert/distilgpt2	False	1.463592411710124e-07	22.703983306884766
ĠMary	1197	 Mary	2	distilbert/distilgpt2	distilbert/distilgpt2	False	0.00011840225488413125	13.044015884399414
Ġbecause	1197	 because	3	distilbert/distilgpt2	distilbert/distilgpt2	False	0.002356776734814048	8.72896957397461
Ġshe	1197	 she	4	distilbert/distilgpt2	distilbert/distilgpt2	False	0.3979702293872833	1.3292676210403442
John	1198	John	0	distilbert/distilgpt2	distilbert/distilgpt2	False	1.0	0.0
Ġconfused	1198	 confused	1	distilbert/distilgpt2	distilbert/distilgpt2	False	1.5192489399851183e-07	22.65013885498047
ĠMary	1198	 Mary	2	distilbert/distilgpt2	distilbert/distilgpt2	False	9.789117757463828e-05	13.318461418151855
Ġbecause	1198	 because	3	distilbert/distilgpt2	distilbert/distilgpt2	False	0.00247748801484704	8.656906127929688
Ġshe	1198	 she	4	distilbert/distilgpt2	distilbert/distilgpt2	False	0.3851891756057739	1.3763610124588013
Sarah	1199	Sarah	0	distilbert/distilgpt2	distilbert/distilgpt2	False	1.0	0.0
Ġconfused	1199	 confused	1	distilbert/distilgpt2	distilbert/distilgpt2	False	1.463592411710124e-07	22.703983306884766
ĠMary	1199	 Mary	2	distilbert/distilgpt2	distilbert/distilgpt2	False	0.00011840225488413125	13.044015884399414
Ġbecause	1199	 because	3	distilbert/distilgpt2	distilbert/distilgpt2	False	0.002356776734814048	8.72896957397461
Ġshe	1199	 she	4	distilbert/distilgpt2	distilbert/distilgpt2	False	0.3979702293872833	1.3292676210403442
David	1200	David	0	distilbert/distilgpt2	distilbert/distilgpt2	False	1.0	0.0
Ġconfused	1200	 confused	1	distilbert/distilgpt2	distilbert/distilgpt2	False	1.7129906382251647e-07	22.476980209350586
ĠMary	1200	 Mary	2	distilbert/distilgpt2	distilbert/distilgpt2	False	0.000103819249488879	13.233638763427734
Ġbecause	1200	 because	3	distilbert/distilgpt2	distilbert/distilgpt2	False	0.0015421041753143072	9.3408842086792
Ġshe	1200	 she	4	distilbert/distilgpt2	distilbert/distilgpt2	False	0.3805679678916931	1.3937740325927734
John	1201	John	0	distilbert/distilgpt2	distilbert/distilgpt2	False	1.0	0.0
Ġcongratulated	1201	 congratulated	1	distilbert/distilgpt2	distilbert/distilgpt2	False	2.229749362925304e-08	25.418542861938477
ĠDavid	1201	 David	2	distilbert/distilgpt2	distilbert/distilgpt2	False	0.002277773106470704	8.778160095214844
Ġbecause	1201	 because	3	distilbert/distilgpt2	distilbert/distilgpt2	False	0.0003056374262087047	11.675890922546387
Ġhe	1201	 he	4	distilbert/distilgpt2	distilbert/distilgpt2	False	0.4709872007369995	1.086240291595459
Mary	1202	Mary	0	distilbert/distilgpt2	distilbert/distilgpt2	False	1.0	0.0
Ġcongratulated	1202	 congratulated	1	distilbert/distilgpt2	distilbert/distilgpt2	False	2.5767702638290757e-08	25.20985984802246
ĠDavid	1202	 David	2	distilbert/distilgpt2	distilbert/distilgpt2	False	0.0016533290036022663	9.240410804748535
Ġbecause	1202	 because	3	distilbert/distilgpt2	distilbert/distilgpt2	False	0.00040151801658794284	11.282247543334961
Ġhe	1202	 he	4	distilbert/distilgpt2	distilbert/distilgpt2	False	0.4701237976551056	1.0888874530792236
John	1203	John	0	distilbert/distilgpt2	distilbert/distilgpt2	False	1.0	0.0
Ġcongratulated	1203	 congratulated	1	distilbert/distilgpt2	distilbert/distilgpt2	False	2.229749362925304e-08	25.418542861938477
ĠDavid	1203	 David	2	distilbert/distilgpt2	distilbert/distilgpt2	False	0.002277773106470704	8.778160095214844
Ġbecause	1203	 because	3	distilbert/distilgpt2	distilbert/distilgpt2	False	0.0003056374262087047	11.675890922546387
Ġhe	1203	 he	4	distilbert/distilgpt2	distilbert/distilgpt2	False	0.4709872007369995	1.086240291595459
Sarah	1204	Sarah	0	distilbert/distilgpt2	distilbert/distilgpt2	False	1.0	0.0
Ġcongratulated	1204	 congratulated	1	distilbert/distilgpt2	distilbert/distilgpt2	False	2.581738911544562e-08	25.207080841064453
ĠDavid	1204	 David	2	distilbert/distilgpt2	distilbert/distilgpt2	False	0.001927983365021646	9.018692016601562
Ġbecause	1204	 because	3	distilbert/distilgpt2	distilbert/distilgpt2	False	0.0003297204675618559	11.566469192504883
Ġhe	1204	 he	4	distilbert/distilgpt2	distilbert/distilgpt2	False	0.47766804695129395	1.0659197568893433
David	1205	David	0	distilbert/distilgpt2	distilbert/distilgpt2	False	1.0	0.0
Ġcongratulated	1205	 congratulated	1	distilbert/distilgpt2	distilbert/distilgpt2	False	2.911293606189247e-08	25.033763885498047
ĠJohn	1205	 John	2	distilbert/distilgpt2	distilbert/distilgpt2	False	0.0028267691377550364	8.466629981994629
Ġbecause	1205	 because	3	distilbert/distilgpt2	distilbert/distilgpt2	False	0.00037422581226564944	11.383803367614746
Ġhe	1205	 he	4	distilbert/distilgpt2	distilbert/distilgpt2	False	0.5007892847061157	0.9977244138717651
Mary	1206	Mary	0	distilbert/distilgpt2	distilbert/distilgpt2	False	1.0	0.0
Ġcongratulated	1206	 congratulated	1	distilbert/distilgpt2	distilbert/distilgpt2	False	2.5767702638290757e-08	25.20985984802246
ĠJohn	1206	 John	2	distilbert/distilgpt2	distilbert/distilgpt2	False	0.0023683207109570503	8.721920013427734
Ġbecause	1206	 because	3	distilbert/distilgpt2	distilbert/distilgpt2	False	0.0009719206718727946	10.006874084472656
Ġhe	1206	 he	4	distilbert/distilgpt2	distilbert/distilgpt2	False	0.5085036158561707	0.9756700396537781
David	1207	David	0	distilbert/distilgpt2	distilbert/distilgpt2	False	1.0	0.0
Ġcongratulated	1207	 congratulated	1	distilbert/distilgpt2	distilbert/distilgpt2	False	2.911293606189247e-08	25.033763885498047
ĠJohn	1207	 John	2	distilbert/distilgpt2	distilbert/distilgpt2	False	0.0028267691377550364	8.466629981994629
Ġbecause	1207	 because	3	distilbert/distilgpt2	distilbert/distilgpt2	False	0.00037422581226564944	11.383803367614746
Ġhe	1207	 he	4	distilbert/distilgpt2	distilbert/distilgpt2	False	0.5007892847061157	0.9977244138717651
Sarah	1208	Sarah	0	distilbert/distilgpt2	distilbert/distilgpt2	False	1.0	0.0
Ġcongratulated	1208	 congratulated	1	distilbert/distilgpt2	distilbert/distilgpt2	False	2.581738911544562e-08	25.207080841064453
ĠJohn	1208	 John	2	distilbert/distilgpt2	distilbert/distilgpt2	False	0.0025285310111939907	8.627485275268555
Ġbecause	1208	 because	3	distilbert/distilgpt2	distilbert/distilgpt2	False	0.0011053140042349696	9.821328163146973
Ġhe	1208	 he	4	distilbert/distilgpt2	distilbert/distilgpt2	False	0.4960588216781616	1.0114169120788574
Mary	1209	Mary	0	distilbert/distilgpt2	distilbert/distilgpt2	False	1.0	0.0
Ġcongratulated	1209	 congratulated	1	distilbert/distilgpt2	distilbert/distilgpt2	False	2.5767702638290757e-08	25.20985984802246
ĠSarah	1209	 Sarah	2	distilbert/distilgpt2	distilbert/distilgpt2	False	0.0004224918084219098	11.208788871765137
Ġbecause	1209	 because	3	distilbert/distilgpt2	distilbert/distilgpt2	False	0.0016470059053972363	9.245938301086426
Ġshe	1209	 she	4	distilbert/distilgpt2	distilbert/distilgpt2	False	0.5361654758453369	0.899249792098999
John	1210	John	0	distilbert/distilgpt2	distilbert/distilgpt2	False	1.0	0.0
Ġcongratulated	1210	 congratulated	1	distilbert/distilgpt2	distilbert/distilgpt2	False	2.229749362925304e-08	25.418542861938477
ĠSarah	1210	 Sarah	2	distilbert/distilgpt2	distilbert/distilgpt2	False	0.000320022547384724	11.609539031982422
Ġbecause	1210	 because	3	distilbert/distilgpt2	distilbert/distilgpt2	False	0.0012325849384069443	9.66409683227539
Ġshe	1210	 she	4	distilbert/distilgpt2	distilbert/distilgpt2	False	0.5189096927642822	0.9464447498321533
Mary	1211	Mary	0	distilbert/distilgpt2	distilbert/distilgpt2	False	1.0	0.0
Ġcongratulated	1211	 congratulated	1	distilbert/distilgpt2	distilbert/distilgpt2	False	2.5767702638290757e-08	25.20985984802246
ĠSarah	1211	 Sarah	2	distilbert/distilgpt2	distilbert/distilgpt2	False	0.0004224918084219098	11.208788871765137
Ġbecause	1211	 because	3	distilbert/distilgpt2	distilbert/distilgpt2	False	0.0016470059053972363	9.245938301086426
Ġshe	1211	 she	4	distilbert/distilgpt2	distilbert/distilgpt2	False	0.5361654758453369	0.899249792098999
David	1212	David	0	distilbert/distilgpt2	distilbert/distilgpt2	False	1.0	0.0
Ġcongratulated	1212	 congratulated	1	distilbert/distilgpt2	distilbert/distilgpt2	False	2.911293606189247e-08	25.033763885498047
ĠSarah	1212	 Sarah	2	distilbert/distilgpt2	distilbert/distilgpt2	False	0.00034636000054888427	11.495440483093262
Ġbecause	1212	 because	3	distilbert/distilgpt2	distilbert/distilgpt2	False	0.0009610464912839234	10.023106575012207
Ġshe	1212	 she	4	distilbert/distilgpt2	distilbert/distilgpt2	False	0.5253629684448242	0.9286136031150818
Sarah	1213	Sarah	0	distilbert/distilgpt2	distilbert/distilgpt2	False	1.0	0.0
Ġcongratulated	1213	 congratulated	1	distilbert/distilgpt2	distilbert/distilgpt2	False	2.581738911544562e-08	25.207080841064453
ĠMary	1213	 Mary	2	distilbert/distilgpt2	distilbert/distilgpt2	False	0.00073893868830055	10.402257919311523
Ġbecause	1213	 because	3	distilbert/distilgpt2	distilbert/distilgpt2	False	0.0008987888577394187	10.119729995727539
Ġshe	1213	 she	4	distilbert/distilgpt2	distilbert/distilgpt2	False	0.47465306520462036	1.0750547647476196
John	1214	John	0	distilbert/distilgpt2	distilbert/distilgpt2	False	1.0	0.0
Ġcongratulated	1214	 congratulated	1	distilbert/distilgpt2	distilbert/distilgpt2	False	2.229749362925304e-08	25.418542861938477
ĠMary	1214	 Mary	2	distilbert/distilgpt2	distilbert/distilgpt2	False	0.00047206119052134454	11.048738479614258
Ġbecause	1214	 because	3	distilbert/distilgpt2	distilbert/distilgpt2	False	0.000868678733240813	10.168889999389648
Ġshe	1214	 she	4	distilbert/distilgpt2	distilbert/distilgpt2	False	0.4829867482185364	1.049944519996643
Sarah	1215	Sarah	0	distilbert/distilgpt2	distilbert/distilgpt2	False	1.0	0.0
Ġcongratulated	1215	 congratulated	1	distilbert/distilgpt2	distilbert/distilgpt2	False	2.581738911544562e-08	25.207080841064453
ĠMary	1215	 Mary	2	distilbert/distilgpt2	distilbert/distilgpt2	False	0.00073893868830055	10.402257919311523
Ġbecause	1215	 because	3	distilbert/distilgpt2	distilbert/distilgpt2	False	0.0008987888577394187	10.119729995727539
Ġshe	1215	 she	4	distilbert/distilgpt2	distilbert/distilgpt2	False	0.47465306520462036	1.0750547647476196
David	1216	David	0	distilbert/distilgpt2	distilbert/distilgpt2	False	1.0	0.0
Ġcongratulated	1216	 congratulated	1	distilbert/distilgpt2	distilbert/distilgpt2	False	2.911293606189247e-08	25.033763885498047
ĠMary	1216	 Mary	2	distilbert/distilgpt2	distilbert/distilgpt2	False	0.0005407758289948106	10.852682113647461
Ġbecause	1216	 because	3	distilbert/distilgpt2	distilbert/distilgpt2	False	0.00045260839397087693	11.10944938659668
Ġshe	1216	 she	4	distilbert/distilgpt2	distilbert/distilgpt2	False	0.4775494933128357	1.0662778615951538
John	1217	John	0	distilbert/distilgpt2	distilbert/distilgpt2	False	1.0	0.0
Ġcons	1217	 consoled	1	distilbert/distilgpt2	distilbert/distilgpt2	False	2.4617736471554963e-07	21.953798294067383
oled	1217	 consoled	1	distilbert/distilgpt2	distilbert/distilgpt2	False	0.03198085352778435	4.966647624969482
ĠDavid	1217	 David	2	distilbert/distilgpt2	distilbert/distilgpt2	False	0.0010598216904327273	9.881962776184082
Ġbecause	1217	 because	3	distilbert/distilgpt2	distilbert/distilgpt2	False	0.0005526889581233263	10.821244239807129
Ġhe	1217	 he	4	distilbert/distilgpt2	distilbert/distilgpt2	False	0.4577540159225464	1.1273555755615234
Mary	1218	Mary	0	distilbert/distilgpt2	distilbert/distilgpt2	False	1.0	0.0
Ġcons	1218	 consoled	1	distilbert/distilgpt2	distilbert/distilgpt2	False	2.5322782448711223e-07	21.913061141967773
oled	1218	 consoled	1	distilbert/distilgpt2	distilbert/distilgpt2	False	0.024573981761932373	5.346724510192871
ĠDavid	1218	 David	2	distilbert/distilgpt2	distilbert/distilgpt2	False	0.0008601276786066592	10.183161735534668
Ġbecause	1218	 because	3	distilbert/distilgpt2	distilbert/distilgpt2	False	0.000491540296934545	10.990402221679688
Ġhe	1218	 he	4	distilbert/distilgpt2	distilbert/distilgpt2	False	0.4486038386821747	1.1564861536026
John	1219	John	0	distilbert/distilgpt2	distilbert/distilgpt2	False	1.0	0.0
Ġcons	1219	 consoled	1	distilbert/distilgpt2	distilbert/distilgpt2	False	2.4617736471554963e-07	21.953798294067383
oled	1219	 consoled	1	distilbert/distilgpt2	distilbert/distilgpt2	False	0.03198085352778435	4.966647624969482
ĠDavid	1219	 David	2	distilbert/distilgpt2	distilbert/distilgpt2	False	0.0010598216904327273	9.881962776184082
Ġbecause	1219	 because	3	distilbert/distilgpt2	distilbert/distilgpt2	False	0.0005526889581233263	10.821244239807129
Ġhe	1219	 he	4	distilbert/distilgpt2	distilbert/distilgpt2	False	0.4577540159225464	1.1273555755615234
Sarah	1220	Sarah	0	distilbert/distilgpt2	distilbert/distilgpt2	False	1.0	0.0
Ġcons	1220	 consoled	1	distilbert/distilgpt2	distilbert/distilgpt2	False	2.9274039547999564e-07	21.703874588012695
oled	1220	 consoled	1	distilbert/distilgpt2	distilbert/distilgpt2	False	0.03414182737469673	4.872315883636475
ĠDavid	1220	 David	2	distilbert/distilgpt2	distilbert/distilgpt2	False	0.001199633232317865	9.703190803527832
Ġbecause	1220	 because	3	distilbert/distilgpt2	distilbert/distilgpt2	False	0.0005337813054211438	10.871463775634766
Ġhe	1220	 he	4	distilbert/distilgpt2	distilbert/distilgpt2	False	0.46184253692626953	1.1145271062850952
David	1221	David	0	distilbert/distilgpt2	distilbert/distilgpt2	False	1.0	0.0
Ġcons	1221	 consoled	1	distilbert/distilgpt2	distilbert/distilgpt2	False	2.5688953542157833e-07	21.892349243164062
oled	1221	 consoled	1	distilbert/distilgpt2	distilbert/distilgpt2	False	0.03724245727062225	4.746907711029053
ĠJohn	1221	 John	2	distilbert/distilgpt2	distilbert/distilgpt2	False	0.0014167077606543899	9.463242530822754
Ġbecause	1221	 because	3	distilbert/distilgpt2	distilbert/distilgpt2	False	0.0011844274122267962	9.72159481048584
Ġhe	1221	 he	4	distilbert/distilgpt2	distilbert/distilgpt2	False	0.4575492739677429	1.1280009746551514
Mary	1222	Mary	0	distilbert/distilgpt2	distilbert/distilgpt2	False	1.0	0.0
Ġcons	1222	 consoled	1	distilbert/distilgpt2	distilbert/distilgpt2	False	2.5322782448711223e-07	21.913061141967773
oled	1222	 consoled	1	distilbert/distilgpt2	distilbert/distilgpt2	False	0.024573981761932373	5.346724510192871
ĠJohn	1222	 John	2	distilbert/distilgpt2	distilbert/distilgpt2	False	0.00127203029114753	9.618651390075684
Ġbecause	1222	 because	3	distilbert/distilgpt2	distilbert/distilgpt2	False	0.0008685962529852986	10.169026374816895
Ġhe	1222	 he	4	distilbert/distilgpt2	distilbert/distilgpt2	False	0.4720990061759949	1.0828386545181274
David	1223	David	0	distilbert/distilgpt2	distilbert/distilgpt2	False	1.0	0.0
Ġcons	1223	 consoled	1	distilbert/distilgpt2	distilbert/distilgpt2	False	2.5688953542157833e-07	21.892349243164062
oled	1223	 consoled	1	distilbert/distilgpt2	distilbert/distilgpt2	False	0.03724245727062225	4.746907711029053
ĠJohn	1223	 John	2	distilbert/distilgpt2	distilbert/distilgpt2	False	0.0014167077606543899	9.463242530822754
Ġbecause	1223	 because	3	distilbert/distilgpt2	distilbert/distilgpt2	False	0.0011844274122267962	9.72159481048584
Ġhe	1223	 he	4	distilbert/distilgpt2	distilbert/distilgpt2	False	0.4575492739677429	1.1280009746551514
Sarah	1224	Sarah	0	distilbert/distilgpt2	distilbert/distilgpt2	False	1.0	0.0
Ġcons	1224	 consoled	1	distilbert/distilgpt2	distilbert/distilgpt2	False	2.9274039547999564e-07	21.703874588012695
oled	1224	 consoled	1	distilbert/distilgpt2	distilbert/distilgpt2	False	0.03414182737469673	4.872315883636475
ĠJohn	1224	 John	2	distilbert/distilgpt2	distilbert/distilgpt2	False	0.0014366713585332036	9.44305419921875
Ġbecause	1224	 because	3	distilbert/distilgpt2	distilbert/distilgpt2	False	0.002001824090257287	8.964468955993652
Ġhe	1224	 he	4	distilbert/distilgpt2	distilbert/distilgpt2	False	0.46448004245758057	1.106311559677124
Mary	1225	Mary	0	distilbert/distilgpt2	distilbert/distilgpt2	False	1.0	0.0
Ġcons	1225	 consoled	1	distilbert/distilgpt2	distilbert/distilgpt2	False	2.5322782448711223e-07	21.913061141967773
oled	1225	 consoled	1	distilbert/distilgpt2	distilbert/distilgpt2	False	0.024573981761932373	5.346724510192871
ĠSarah	1225	 Sarah	2	distilbert/distilgpt2	distilbert/distilgpt2	False	0.00024228275287896395	12.01102066040039
Ġbecause	1225	 because	3	distilbert/distilgpt2	distilbert/distilgpt2	False	0.002212845953181386	8.819881439208984
Ġshe	1225	 she	4	distilbert/distilgpt2	distilbert/distilgpt2	False	0.5229329466819763	0.9353020787239075
John	1226	John	0	distilbert/distilgpt2	distilbert/distilgpt2	False	1.0	0.0
Ġcons	1226	 consoled	1	distilbert/distilgpt2	distilbert/distilgpt2	False	2.4617736471554963e-07	21.953798294067383
oled	1226	 consoled	1	distilbert/distilgpt2	distilbert/distilgpt2	False	0.03198085352778435	4.966647624969482
ĠSarah	1226	 Sarah	2	distilbert/distilgpt2	distilbert/distilgpt2	False	0.0002240928733954206	12.123615264892578
Ġbecause	1226	 because	3	distilbert/distilgpt2	distilbert/distilgpt2	False	0.0019402483012527227	9.009543418884277
Ġshe	1226	 she	4	distilbert/distilgpt2	distilbert/distilgpt2	False	0.5155019760131836	0.9559502601623535
Mary	1227	Mary	0	distilbert/distilgpt2	distilbert/distilgpt2	False	1.0	0.0
Ġcons	1227	 consoled	1	distilbert/distilgpt2	distilbert/distilgpt2	False	2.5322782448711223e-07	21.913061141967773
oled	1227	 consoled	1	distilbert/distilgpt2	distilbert/distilgpt2	False	0.024573981761932373	5.346724510192871
ĠSarah	1227	 Sarah	2	distilbert/distilgpt2	distilbert/distilgpt2	False	0.00024228275287896395	12.01102066040039
Ġbecause	1227	 because	3	distilbert/distilgpt2	distilbert/distilgpt2	False	0.002212845953181386	8.819881439208984
Ġshe	1227	 she	4	distilbert/distilgpt2	distilbert/distilgpt2	False	0.5229329466819763	0.9353020787239075
David	1228	David	0	distilbert/distilgpt2	distilbert/distilgpt2	False	1.0	0.0
Ġcons	1228	 consoled	1	distilbert/distilgpt2	distilbert/distilgpt2	False	2.5688953542157833e-07	21.892349243164062
oled	1228	 consoled	1	distilbert/distilgpt2	distilbert/distilgpt2	False	0.03724245727062225	4.746907711029053
ĠSarah	1228	 Sarah	2	distilbert/distilgpt2	distilbert/distilgpt2	False	0.000212581260711886	12.199698448181152
Ġbecause	1228	 because	3	distilbert/distilgpt2	distilbert/distilgpt2	False	0.0013536367332562804	9.52894401550293
Ġshe	1228	 she	4	distilbert/distilgpt2	distilbert/distilgpt2	False	0.517711877822876	0.94977867603302
Sarah	1229	Sarah	0	distilbert/distilgpt2	distilbert/distilgpt2	False	1.0	0.0
Ġcons	1229	 consoled	1	distilbert/distilgpt2	distilbert/distilgpt2	False	2.9274039547999564e-07	21.703874588012695
oled	1229	 consoled	1	distilbert/distilgpt2	distilbert/distilgpt2	False	0.03414182737469673	4.872315883636475
ĠMary	1229	 Mary	2	distilbert/distilgpt2	distilbert/distilgpt2	False	0.000667151587549597	10.549697875976562
Ġbecause	1229	 because	3	distilbert/distilgpt2	distilbert/distilgpt2	False	0.0018541640602052212	9.0750150680542
Ġshe	1229	 she	4	distilbert/distilgpt2	distilbert/distilgpt2	False	0.467088907957077	1.0982309579849243
John	1230	John	0	distilbert/distilgpt2	distilbert/distilgpt2	False	1.0	0.0
Ġcons	1230	 consoled	1	distilbert/distilgpt2	distilbert/distilgpt2	False	2.4617736471554963e-07	21.953798294067383
oled	1230	 consoled	1	distilbert/distilgpt2	distilbert/distilgpt2	False	0.03198085352778435	4.966647624969482
ĠMary	1230	 Mary	2	distilbert/distilgpt2	distilbert/distilgpt2	False	0.0004829576937481761	11.015815734863281
Ġbecause	1230	 because	3	distilbert/distilgpt2	distilbert/distilgpt2	False	0.002207759767770767	8.823201179504395
Ġshe	1230	 she	4	distilbert/distilgpt2	distilbert/distilgpt2	False	0.4679347276687622	1.09562087059021
Sarah	1231	Sarah	0	distilbert/distilgpt2	distilbert/distilgpt2	False	1.0	0.0
Ġcons	1231	 consoled	1	distilbert/distilgpt2	distilbert/distilgpt2	False	2.9274039547999564e-07	21.703874588012695
oled	1231	 consoled	1	distilbert/distilgpt2	distilbert/distilgpt2	False	0.03414182737469673	4.872315883636475
ĠMary	1231	 Mary	2	distilbert/distilgpt2	distilbert/distilgpt2	False	0.000667151587549597	10.549697875976562
Ġbecause	1231	 because	3	distilbert/distilgpt2	distilbert/distilgpt2	False	0.0018541640602052212	9.0750150680542
Ġshe	1231	 she	4	distilbert/distilgpt2	distilbert/distilgpt2	False	0.467088907957077	1.0982309579849243
David	1232	David	0	distilbert/distilgpt2	distilbert/distilgpt2	False	1.0	0.0
Ġcons	1232	 consoled	1	distilbert/distilgpt2	distilbert/distilgpt2	False	2.5688953542157833e-07	21.892349243164062
oled	1232	 consoled	1	distilbert/distilgpt2	distilbert/distilgpt2	False	0.03724245727062225	4.746907711029053
ĠMary	1232	 Mary	2	distilbert/distilgpt2	distilbert/distilgpt2	False	0.00046700958046130836	11.064260482788086
Ġbecause	1232	 because	3	distilbert/distilgpt2	distilbert/distilgpt2	False	0.0012753038899973035	9.614943504333496
Ġshe	1232	 she	4	distilbert/distilgpt2	distilbert/distilgpt2	False	0.46798303723335266	1.0954718589782715
John	1233	John	0	distilbert/distilgpt2	distilbert/distilgpt2	False	1.0	0.0
Ġconsulted	1233	 consulted	1	distilbert/distilgpt2	distilbert/distilgpt2	False	3.57386973348639e-08	24.737937927246094
ĠDavid	1233	 David	2	distilbert/distilgpt2	distilbert/distilgpt2	False	0.0005459793610498309	10.838866233825684
Ġbecause	1233	 because	3	distilbert/distilgpt2	distilbert/distilgpt2	False	0.00011393378372304142	13.099516868591309
Ġhe	1233	 he	4	distilbert/distilgpt2	distilbert/distilgpt2	False	0.3468005359172821	1.5278220176696777
Mary	1234	Mary	0	distilbert/distilgpt2	distilbert/distilgpt2	False	1.0	0.0
Ġconsulted	1234	 consulted	1	distilbert/distilgpt2	distilbert/distilgpt2	False	3.6221756261056726e-08	24.718568801879883
ĠDavid	1234	 David	2	distilbert/distilgpt2	distilbert/distilgpt2	False	0.0003928772348444909	11.313633918762207
Ġbecause	1234	 because	3	distilbert/distilgpt2	distilbert/distilgpt2	False	0.0001258167321793735	12.956388473510742
Ġhe	1234	 he	4	distilbert/distilgpt2	distilbert/distilgpt2	False	0.3583478629589081	1.4805673360824585
John	1235	John	0	distilbert/distilgpt2	distilbert/distilgpt2	False	1.0	0.0
Ġconsulted	1235	 consulted	1	distilbert/distilgpt2	distilbert/distilgpt2	False	3.57386973348639e-08	24.737937927246094
ĠDavid	1235	 David	2	distilbert/distilgpt2	distilbert/distilgpt2	False	0.0005459793610498309	10.838866233825684
Ġbecause	1235	 because	3	distilbert/distilgpt2	distilbert/distilgpt2	False	0.00011393378372304142	13.099516868591309
Ġhe	1235	 he	4	distilbert/distilgpt2	distilbert/distilgpt2	False	0.3468005359172821	1.5278220176696777
Sarah	1236	Sarah	0	distilbert/distilgpt2	distilbert/distilgpt2	False	1.0	0.0
Ġconsulted	1236	 consulted	1	distilbert/distilgpt2	distilbert/distilgpt2	False	3.70138835137368e-08	24.687358856201172
ĠDavid	1236	 David	2	distilbert/distilgpt2	distilbert/distilgpt2	False	0.000701339915394783	10.477598190307617
Ġbecause	1236	 because	3	distilbert/distilgpt2	distilbert/distilgpt2	False	0.0001253749942407012	12.96146297454834
Ġhe	1236	 he	4	distilbert/distilgpt2	distilbert/distilgpt2	False	0.34053927659988403	1.5541069507598877
David	1237	David	0	distilbert/distilgpt2	distilbert/distilgpt2	False	1.0	0.0
Ġconsulted	1237	 consulted	1	distilbert/distilgpt2	distilbert/distilgpt2	False	4.2518699672200455e-08	24.487327575683594
ĠJohn	1237	 John	2	distilbert/distilgpt2	distilbert/distilgpt2	False	0.0006015939288772643	10.698922157287598
Ġbecause	1237	 because	3	distilbert/distilgpt2	distilbert/distilgpt2	False	0.00011689533857861534	13.062495231628418
Ġhe	1237	 he	4	distilbert/distilgpt2	distilbert/distilgpt2	False	0.32694211602211	1.6128928661346436
Mary	1238	Mary	0	distilbert/distilgpt2	distilbert/distilgpt2	False	1.0	0.0
Ġconsulted	1238	 consulted	1	distilbert/distilgpt2	distilbert/distilgpt2	False	3.6221756261056726e-08	24.718568801879883
ĠJohn	1238	 John	2	distilbert/distilgpt2	distilbert/distilgpt2	False	0.0005947831086814404	10.715349197387695
Ġbecause	1238	 because	3	distilbert/distilgpt2	distilbert/distilgpt2	False	0.00012721643724944443	12.94042682647705
Ġhe	1238	 he	4	distilbert/distilgpt2	distilbert/distilgpt2	False	0.36548855900764465	1.4521019458770752
David	1239	David	0	distilbert/distilgpt2	distilbert/distilgpt2	False	1.0	0.0
Ġconsulted	1239	 consulted	1	distilbert/distilgpt2	distilbert/distilgpt2	False	4.2518699672200455e-08	24.487327575683594
ĠJohn	1239	 John	2	distilbert/distilgpt2	distilbert/distilgpt2	False	0.0006015939288772643	10.698922157287598
Ġbecause	1239	 because	3	distilbert/distilgpt2	distilbert/distilgpt2	False	0.00011689533857861534	13.062495231628418
Ġhe	1239	 he	4	distilbert/distilgpt2	distilbert/distilgpt2	False	0.32694211602211	1.6128928661346436
Sarah	1240	Sarah	0	distilbert/distilgpt2	distilbert/distilgpt2	False	1.0	0.0
Ġconsulted	1240	 consulted	1	distilbert/distilgpt2	distilbert/distilgpt2	False	3.70138835137368e-08	24.687358856201172
ĠJohn	1240	 John	2	distilbert/distilgpt2	distilbert/distilgpt2	False	0.0007466635433956981	10.387253761291504
Ġbecause	1240	 because	3	distilbert/distilgpt2	distilbert/distilgpt2	False	0.00029178342083469033	11.742814064025879
Ġhe	1240	 he	4	distilbert/distilgpt2	distilbert/distilgpt2	False	0.3352912366390228	1.576513409614563
Mary	1241	Mary	0	distilbert/distilgpt2	distilbert/distilgpt2	False	1.0	0.0
Ġconsulted	1241	 consulted	1	distilbert/distilgpt2	distilbert/distilgpt2	False	3.6221756261056726e-08	24.718568801879883
ĠSarah	1241	 Sarah	2	distilbert/distilgpt2	distilbert/distilgpt2	False	6.443118763854727e-05	13.921881675720215
Ġbecause	1241	 because	3	distilbert/distilgpt2	distilbert/distilgpt2	False	0.0004964497056789696	10.976064682006836
Ġshe	1241	 she	4	distilbert/distilgpt2	distilbert/distilgpt2	False	0.38673943281173706	1.3705662488937378
John	1242	John	0	distilbert/distilgpt2	distilbert/distilgpt2	False	1.0	0.0
Ġconsulted	1242	 consulted	1	distilbert/distilgpt2	distilbert/distilgpt2	False	3.57386973348639e-08	24.737937927246094
ĠSarah	1242	 Sarah	2	distilbert/distilgpt2	distilbert/distilgpt2	False	6.195914465934038e-05	13.978322982788086
Ġbecause	1242	 because	3	distilbert/distilgpt2	distilbert/distilgpt2	False	0.00043072490370832384	11.18094539642334
Ġshe	1242	 she	4	distilbert/distilgpt2	distilbert/distilgpt2	False	0.3615041971206665	1.4679157733917236
Mary	1243	Mary	0	distilbert/distilgpt2	distilbert/distilgpt2	False	1.0	0.0
Ġconsulted	1243	 consulted	1	distilbert/distilgpt2	distilbert/distilgpt2	False	3.6221756261056726e-08	24.718568801879883
ĠSarah	1243	 Sarah	2	distilbert/distilgpt2	distilbert/distilgpt2	False	6.443118763854727e-05	13.921881675720215
Ġbecause	1243	 because	3	distilbert/distilgpt2	distilbert/distilgpt2	False	0.0004964497056789696	10.976064682006836
Ġshe	1243	 she	4	distilbert/distilgpt2	distilbert/distilgpt2	False	0.38673943281173706	1.3705662488937378
David	1244	David	0	distilbert/distilgpt2	distilbert/distilgpt2	False	1.0	0.0
Ġconsulted	1244	 consulted	1	distilbert/distilgpt2	distilbert/distilgpt2	False	4.2518699672200455e-08	24.487327575683594
ĠSarah	1244	 Sarah	2	distilbert/distilgpt2	distilbert/distilgpt2	False	4.522310337051749e-05	14.43257999420166
Ġbecause	1244	 because	3	distilbert/distilgpt2	distilbert/distilgpt2	False	0.00028897650190629065	11.756760597229004
Ġshe	1244	 she	4	distilbert/distilgpt2	distilbert/distilgpt2	False	0.3484598696231842	1.5209356546401978
Sarah	1245	Sarah	0	distilbert/distilgpt2	distilbert/distilgpt2	False	1.0	0.0
Ġconsulted	1245	 consulted	1	distilbert/distilgpt2	distilbert/distilgpt2	False	3.70138835137368e-08	24.687358856201172
ĠMary	1245	 Mary	2	distilbert/distilgpt2	distilbert/distilgpt2	False	0.00013200376997701824	12.887133598327637
Ġbecause	1245	 because	3	distilbert/distilgpt2	distilbert/distilgpt2	False	0.00014144848682917655	12.787435531616211
Ġshe	1245	 she	4	distilbert/distilgpt2	distilbert/distilgpt2	False	0.37199246883392334	1.4266546964645386
John	1246	John	0	distilbert/distilgpt2	distilbert/distilgpt2	False	1.0	0.0
Ġconsulted	1246	 consulted	1	distilbert/distilgpt2	distilbert/distilgpt2	False	3.57386973348639e-08	24.737937927246094
ĠMary	1246	 Mary	2	distilbert/distilgpt2	distilbert/distilgpt2	False	8.693619747646153e-05	13.489683151245117
Ġbecause	1246	 because	3	distilbert/distilgpt2	distilbert/distilgpt2	False	0.00014007788558956236	12.801483154296875
Ġshe	1246	 she	4	distilbert/distilgpt2	distilbert/distilgpt2	False	0.38948383927345276	1.3603646755218506
Sarah	1247	Sarah	0	distilbert/distilgpt2	distilbert/distilgpt2	False	1.0	0.0
Ġconsulted	1247	 consulted	1	distilbert/distilgpt2	distilbert/distilgpt2	False	3.70138835137368e-08	24.687358856201172
ĠMary	1247	 Mary	2	distilbert/distilgpt2	distilbert/distilgpt2	False	0.00013200376997701824	12.887133598327637
Ġbecause	1247	 because	3	distilbert/distilgpt2	distilbert/distilgpt2	False	0.00014144848682917655	12.787435531616211
Ġshe	1247	 she	4	distilbert/distilgpt2	distilbert/distilgpt2	False	0.37199246883392334	1.4266546964645386
David	1248	David	0	distilbert/distilgpt2	distilbert/distilgpt2	False	1.0	0.0
Ġconsulted	1248	 consulted	1	distilbert/distilgpt2	distilbert/distilgpt2	False	4.2518699672200455e-08	24.487327575683594
ĠMary	1248	 Mary	2	distilbert/distilgpt2	distilbert/distilgpt2	False	6.16944016655907e-05	13.984500885009766
Ġbecause	1248	 because	3	distilbert/distilgpt2	distilbert/distilgpt2	False	6.496619607787579e-05	13.909951210021973
Ġshe	1248	 she	4	distilbert/distilgpt2	distilbert/distilgpt2	False	0.3694467544555664	1.4365617036819458
John	1249	John	0	distilbert/distilgpt2	distilbert/distilgpt2	False	1.0	0.0
Ġcorrected	1249	 corrected	1	distilbert/distilgpt2	distilbert/distilgpt2	False	8.89752911348296e-08	23.422019958496094
ĠDavid	1249	 David	2	distilbert/distilgpt2	distilbert/distilgpt2	False	6.397302058758214e-05	13.93217658996582
Ġbecause	1249	 because	3	distilbert/distilgpt2	distilbert/distilgpt2	False	0.00024488961207680404	11.995580673217773
Ġhe	1249	 he	4	distilbert/distilgpt2	distilbert/distilgpt2	False	0.32574230432510376	1.6181970834732056
Mary	1250	Mary	0	distilbert/distilgpt2	distilbert/distilgpt2	False	1.0	0.0
Ġcorrected	1250	 corrected	1	distilbert/distilgpt2	distilbert/distilgpt2	False	1.0618383328164782e-07	23.166933059692383
ĠDavid	1250	 David	2	distilbert/distilgpt2	distilbert/distilgpt2	False	4.3063020711997524e-05	14.503190994262695
Ġbecause	1250	 because	3	distilbert/distilgpt2	distilbert/distilgpt2	False	0.0003302293480373919	11.564244270324707
Ġhe	1250	 he	4	distilbert/distilgpt2	distilbert/distilgpt2	False	0.3392725884914398	1.559483289718628
John	1251	John	0	distilbert/distilgpt2	distilbert/distilgpt2	False	1.0	0.0
Ġcorrected	1251	 corrected	1	distilbert/distilgpt2	distilbert/distilgpt2	False	8.89752911348296e-08	23.422019958496094
ĠDavid	1251	 David	2	distilbert/distilgpt2	distilbert/distilgpt2	False	6.397302058758214e-05	13.93217658996582
Ġbecause	1251	 because	3	distilbert/distilgpt2	distilbert/distilgpt2	False	0.00024488961207680404	11.995580673217773
Ġhe	1251	 he	4	distilbert/distilgpt2	distilbert/distilgpt2	False	0.32574230432510376	1.6181970834732056
Sarah	1252	Sarah	0	distilbert/distilgpt2	distilbert/distilgpt2	False	1.0	0.0
Ġcorrected	1252	 corrected	1	distilbert/distilgpt2	distilbert/distilgpt2	False	1.015658881442505e-07	23.231081008911133
ĠDavid	1252	 David	2	distilbert/distilgpt2	distilbert/distilgpt2	False	9.45103820413351e-05	13.36916732788086
Ġbecause	1252	 because	3	distilbert/distilgpt2	distilbert/distilgpt2	False	0.0003100770991295576	11.655085563659668
Ġhe	1252	 he	4	distilbert/distilgpt2	distilbert/distilgpt2	False	0.3340364098548889	1.5819227695465088
David	1253	David	0	distilbert/distilgpt2	distilbert/distilgpt2	False	1.0	0.0
Ġcorrected	1253	 corrected	1	distilbert/distilgpt2	distilbert/distilgpt2	False	1.0084144719257893e-07	23.24140739440918
ĠJohn	1253	 John	2	distilbert/distilgpt2	distilbert/distilgpt2	False	0.0001868005347205326	12.386214256286621
Ġbecause	1253	 because	3	distilbert/distilgpt2	distilbert/distilgpt2	False	0.00042266471427865326	11.208198547363281
Ġhe	1253	 he	4	distilbert/distilgpt2	distilbert/distilgpt2	False	0.3061275780200958	1.7077951431274414
Mary	1254	Mary	0	distilbert/distilgpt2	distilbert/distilgpt2	False	1.0	0.0
Ġcorrected	1254	 corrected	1	distilbert/distilgpt2	distilbert/distilgpt2	False	1.0618383328164782e-07	23.166933059692383
ĠJohn	1254	 John	2	distilbert/distilgpt2	distilbert/distilgpt2	False	9.722558024805039e-05	13.328304290771484
Ġbecause	1254	 because	3	distilbert/distilgpt2	distilbert/distilgpt2	False	0.0006558074965141714	10.574440002441406
Ġhe	1254	 he	4	distilbert/distilgpt2	distilbert/distilgpt2	False	0.3308185935020447	1.5958877801895142
David	1255	David	0	distilbert/distilgpt2	distilbert/distilgpt2	False	1.0	0.0
Ġcorrected	1255	 corrected	1	distilbert/distilgpt2	distilbert/distilgpt2	False	1.0084144719257893e-07	23.24140739440918
ĠJohn	1255	 John	2	distilbert/distilgpt2	distilbert/distilgpt2	False	0.0001868005347205326	12.386214256286621
Ġbecause	1255	 because	3	distilbert/distilgpt2	distilbert/distilgpt2	False	0.00042266471427865326	11.208198547363281
Ġhe	1255	 he	4	distilbert/distilgpt2	distilbert/distilgpt2	False	0.3061275780200958	1.7077951431274414
Sarah	1256	Sarah	0	distilbert/distilgpt2	distilbert/distilgpt2	False	1.0	0.0
Ġcorrected	1256	 corrected	1	distilbert/distilgpt2	distilbert/distilgpt2	False	1.015658881442505e-07	23.231081008911133
ĠJohn	1256	 John	2	distilbert/distilgpt2	distilbert/distilgpt2	False	0.00020221620798110962	12.27181339263916
Ġbecause	1256	 because	3	distilbert/distilgpt2	distilbert/distilgpt2	False	0.0007249521440826356	10.429826736450195
Ġhe	1256	 he	4	distilbert/distilgpt2	distilbert/distilgpt2	False	0.32305094599723816	1.6301664113998413
Mary	1257	Mary	0	distilbert/distilgpt2	distilbert/distilgpt2	False	1.0	0.0
Ġcorrected	1257	 corrected	1	distilbert/distilgpt2	distilbert/distilgpt2	False	1.0618383328164782e-07	23.166933059692383
ĠSarah	1257	 Sarah	2	distilbert/distilgpt2	distilbert/distilgpt2	False	2.053691969194915e-05	15.571420669555664
Ġbecause	1257	 because	3	distilbert/distilgpt2	distilbert/distilgpt2	False	0.0010685225715860724	9.870166778564453
Ġshe	1257	 she	4	distilbert/distilgpt2	distilbert/distilgpt2	False	0.3675660789012909	1.4439245462417603
John	1258	John	0	distilbert/distilgpt2	distilbert/distilgpt2	False	1.0	0.0
Ġcorrected	1258	 corrected	1	distilbert/distilgpt2	distilbert/distilgpt2	False	8.89752911348296e-08	23.422019958496094
ĠSarah	1258	 Sarah	2	distilbert/distilgpt2	distilbert/distilgpt2	False	2.275309816468507e-05	15.423577308654785
Ġbecause	1258	 because	3	distilbert/distilgpt2	distilbert/distilgpt2	False	0.0007234683143906295	10.432782173156738
Ġshe	1258	 she	4	distilbert/distilgpt2	distilbert/distilgpt2	False	0.3482999801635742	1.5215977430343628
Mary	1259	Mary	0	distilbert/distilgpt2	distilbert/distilgpt2	False	1.0	0.0
Ġcorrected	1259	 corrected	1	distilbert/distilgpt2	distilbert/distilgpt2	False	1.0618383328164782e-07	23.166933059692383
ĠSarah	1259	 Sarah	2	distilbert/distilgpt2	distilbert/distilgpt2	False	2.053691969194915e-05	15.571420669555664
Ġbecause	1259	 because	3	distilbert/distilgpt2	distilbert/distilgpt2	False	0.0010685225715860724	9.870166778564453
Ġshe	1259	 she	4	distilbert/distilgpt2	distilbert/distilgpt2	False	0.3675660789012909	1.4439245462417603
David	1260	David	0	distilbert/distilgpt2	distilbert/distilgpt2	False	1.0	0.0
Ġcorrected	1260	 corrected	1	distilbert/distilgpt2	distilbert/distilgpt2	False	1.0084144719257893e-07	23.24140739440918
ĠSarah	1260	 Sarah	2	distilbert/distilgpt2	distilbert/distilgpt2	False	2.9397138860076666e-05	15.053964614868164
Ġbecause	1260	 because	3	distilbert/distilgpt2	distilbert/distilgpt2	False	0.000518700631801039	10.912810325622559
Ġshe	1260	 she	4	distilbert/distilgpt2	distilbert/distilgpt2	False	0.340136855840683	1.5558128356933594
Sarah	1261	Sarah	0	distilbert/distilgpt2	distilbert/distilgpt2	False	1.0	0.0
Ġcorrected	1261	 corrected	1	distilbert/distilgpt2	distilbert/distilgpt2	False	1.015658881442505e-07	23.231081008911133
ĠMary	1261	 Mary	2	distilbert/distilgpt2	distilbert/distilgpt2	False	4.157031435170211e-05	14.554086685180664
Ġbecause	1261	 because	3	distilbert/distilgpt2	distilbert/distilgpt2	False	0.0005022993427701294	10.959165573120117
Ġshe	1261	 she	4	distilbert/distilgpt2	distilbert/distilgpt2	False	0.31362807750701904	1.6728733777999878
John	1262	John	0	distilbert/distilgpt2	distilbert/distilgpt2	False	1.0	0.0
Ġcorrected	1262	 corrected	1	distilbert/distilgpt2	distilbert/distilgpt2	False	8.89752911348296e-08	23.422019958496094
ĠMary	1262	 Mary	2	distilbert/distilgpt2	distilbert/distilgpt2	False	2.3866519768489525e-05	15.354652404785156
Ġbecause	1262	 because	3	distilbert/distilgpt2	distilbert/distilgpt2	False	0.0004481675860006362	11.123674392700195
Ġshe	1262	 she	4	distilbert/distilgpt2	distilbert/distilgpt2	False	0.30864840745925903	1.6959638595581055
Sarah	1263	Sarah	0	distilbert/distilgpt2	distilbert/distilgpt2	False	1.0	0.0
Ġcorrected	1263	 corrected	1	distilbert/distilgpt2	distilbert/distilgpt2	False	1.015658881442505e-07	23.231081008911133
ĠMary	1263	 Mary	2	distilbert/distilgpt2	distilbert/distilgpt2	False	4.157031435170211e-05	14.554086685180664
Ġbecause	1263	 because	3	distilbert/distilgpt2	distilbert/distilgpt2	False	0.0005022993427701294	10.959165573120117
Ġshe	1263	 she	4	distilbert/distilgpt2	distilbert/distilgpt2	False	0.31362807750701904	1.6728733777999878
David	1264	David	0	distilbert/distilgpt2	distilbert/distilgpt2	False	1.0	0.0
Ġcorrected	1264	 corrected	1	distilbert/distilgpt2	distilbert/distilgpt2	False	1.0084144719257893e-07	23.24140739440918
ĠMary	1264	 Mary	2	distilbert/distilgpt2	distilbert/distilgpt2	False	2.5879031454678625e-05	15.2378568649292
Ġbecause	1264	 because	3	distilbert/distilgpt2	distilbert/distilgpt2	False	0.0002808792924042791	11.797761917114258
Ġshe	1264	 she	4	distilbert/distilgpt2	distilbert/distilgpt2	False	0.2979342043399811	1.746934413909912
John	1265	John	0	distilbert/distilgpt2	distilbert/distilgpt2	False	1.0	0.0
Ġcorrupted	1265	 corrupted	1	distilbert/distilgpt2	distilbert/distilgpt2	False	9.377139953414826e-09	26.66820526123047
ĠDavid	1265	 David	2	distilbert/distilgpt2	distilbert/distilgpt2	False	5.8669622376328334e-05	14.057026863098145
Ġbecause	1265	 because	3	distilbert/distilgpt2	distilbert/distilgpt2	False	0.00038944624247960746	11.326288223266602
Ġhe	1265	 he	4	distilbert/distilgpt2	distilbert/distilgpt2	False	0.40214288234710693	1.3142199516296387
Mary	1266	Mary	0	distilbert/distilgpt2	distilbert/distilgpt2	False	1.0	0.0
Ġcorrupted	1266	 corrupted	1	distilbert/distilgpt2	distilbert/distilgpt2	False	1.0455789123398063e-08	26.511123657226562
ĠDavid	1266	 David	2	distilbert/distilgpt2	distilbert/distilgpt2	False	4.120093217352405e-05	14.566963195800781
Ġbecause	1266	 because	3	distilbert/distilgpt2	distilbert/distilgpt2	False	0.00046666007256135345	11.065340042114258
Ġhe	1266	 he	4	distilbert/distilgpt2	distilbert/distilgpt2	False	0.3950899541378021	1.3397469520568848
John	1267	John	0	distilbert/distilgpt2	distilbert/distilgpt2	False	1.0	0.0
Ġcorrupted	1267	 corrupted	1	distilbert/distilgpt2	distilbert/distilgpt2	False	9.377139953414826e-09	26.66820526123047
ĠDavid	1267	 David	2	distilbert/distilgpt2	distilbert/distilgpt2	False	5.8669622376328334e-05	14.057026863098145
Ġbecause	1267	 because	3	distilbert/distilgpt2	distilbert/distilgpt2	False	0.00038944624247960746	11.326288223266602
Ġhe	1267	 he	4	distilbert/distilgpt2	distilbert/distilgpt2	False	0.40214288234710693	1.3142199516296387
Sarah	1268	Sarah	0	distilbert/distilgpt2	distilbert/distilgpt2	False	1.0	0.0
Ġcorrupted	1268	 corrupted	1	distilbert/distilgpt2	distilbert/distilgpt2	False	7.666971946207468e-09	26.958696365356445
ĠDavid	1268	 David	2	distilbert/distilgpt2	distilbert/distilgpt2	False	6.0869606386404485e-05	14.003918647766113
Ġbecause	1268	 because	3	distilbert/distilgpt2	distilbert/distilgpt2	False	0.0003577159368433058	11.448898315429688
Ġhe	1268	 he	4	distilbert/distilgpt2	distilbert/distilgpt2	False	0.3942086100578308	1.3429688215255737
David	1269	David	0	distilbert/distilgpt2	distilbert/distilgpt2	False	1.0	0.0
Ġcorrupted	1269	 corrupted	1	distilbert/distilgpt2	distilbert/distilgpt2	False	9.773100551058178e-09	26.608535766601562
ĠJohn	1269	 John	2	distilbert/distilgpt2	distilbert/distilgpt2	False	8.160142169799656e-05	13.581046104431152
Ġbecause	1269	 because	3	distilbert/distilgpt2	distilbert/distilgpt2	False	0.0002610329247545451	11.903480529785156
Ġhe	1269	 he	4	distilbert/distilgpt2	distilbert/distilgpt2	False	0.39095360040664673	1.3549307584762573
Mary	1270	Mary	0	distilbert/distilgpt2	distilbert/distilgpt2	False	1.0	0.0
Ġcorrupted	1270	 corrupted	1	distilbert/distilgpt2	distilbert/distilgpt2	False	1.0455789123398063e-08	26.511123657226562
ĠJohn	1270	 John	2	distilbert/distilgpt2	distilbert/distilgpt2	False	4.9488196964375675e-05	14.302556037902832
Ġbecause	1270	 because	3	distilbert/distilgpt2	distilbert/distilgpt2	False	0.0008072638302110136	10.274672508239746
Ġhe	1270	 he	4	distilbert/distilgpt2	distilbert/distilgpt2	False	0.4005586802959442	1.3199145793914795
David	1271	David	0	distilbert/distilgpt2	distilbert/distilgpt2	False	1.0	0.0
Ġcorrupted	1271	 corrupted	1	distilbert/distilgpt2	distilbert/distilgpt2	False	9.773100551058178e-09	26.608535766601562
ĠJohn	1271	 John	2	distilbert/distilgpt2	distilbert/distilgpt2	False	8.160142169799656e-05	13.581046104431152
Ġbecause	1271	 because	3	distilbert/distilgpt2	distilbert/distilgpt2	False	0.0002610329247545451	11.903480529785156
Ġhe	1271	 he	4	distilbert/distilgpt2	distilbert/distilgpt2	False	0.39095360040664673	1.3549307584762573
Sarah	1272	Sarah	0	distilbert/distilgpt2	distilbert/distilgpt2	False	1.0	0.0
Ġcorrupted	1272	 corrupted	1	distilbert/distilgpt2	distilbert/distilgpt2	False	7.666971946207468e-09	26.958696365356445
ĠJohn	1272	 John	2	distilbert/distilgpt2	distilbert/distilgpt2	False	6.599473999813199e-05	13.887289047241211
Ġbecause	1272	 because	3	distilbert/distilgpt2	distilbert/distilgpt2	False	0.0010041000787168741	9.959880828857422
Ġhe	1272	 he	4	distilbert/distilgpt2	distilbert/distilgpt2	False	0.38035303354263306	1.3945890665054321
Mary	1273	Mary	0	distilbert/distilgpt2	distilbert/distilgpt2	False	1.0	0.0
Ġcorrupted	1273	 corrupted	1	distilbert/distilgpt2	distilbert/distilgpt2	False	1.0455789123398063e-08	26.511123657226562
ĠSarah	1273	 Sarah	2	distilbert/distilgpt2	distilbert/distilgpt2	False	6.117014436313184e-06	17.318740844726562
Ġbecause	1273	 because	3	distilbert/distilgpt2	distilbert/distilgpt2	False	0.0017780574271455407	9.135482788085938
Ġshe	1273	 she	4	distilbert/distilgpt2	distilbert/distilgpt2	False	0.46218401193618774	1.1134607791900635
John	1274	John	0	distilbert/distilgpt2	distilbert/distilgpt2	False	1.0	0.0
Ġcorrupted	1274	 corrupted	1	distilbert/distilgpt2	distilbert/distilgpt2	False	9.377139953414826e-09	26.66820526123047
ĠSarah	1274	 Sarah	2	distilbert/distilgpt2	distilbert/distilgpt2	False	6.575372026418336e-06	17.214496612548828
Ġbecause	1274	 because	3	distilbert/distilgpt2	distilbert/distilgpt2	False	0.0012472011148929596	9.647089958190918
Ġshe	1274	 she	4	distilbert/distilgpt2	distilbert/distilgpt2	False	0.4380415678024292	1.190860390663147
Mary	1275	Mary	0	distilbert/distilgpt2	distilbert/distilgpt2	False	1.0	0.0
Ġcorrupted	1275	 corrupted	1	distilbert/distilgpt2	distilbert/distilgpt2	False	1.0455789123398063e-08	26.511123657226562
ĠSarah	1275	 Sarah	2	distilbert/distilgpt2	distilbert/distilgpt2	False	6.117014436313184e-06	17.318740844726562
Ġbecause	1275	 because	3	distilbert/distilgpt2	distilbert/distilgpt2	False	0.0017780574271455407	9.135482788085938
Ġshe	1275	 she	4	distilbert/distilgpt2	distilbert/distilgpt2	False	0.46218401193618774	1.1134607791900635
David	1276	David	0	distilbert/distilgpt2	distilbert/distilgpt2	False	1.0	0.0
Ġcorrupted	1276	 corrupted	1	distilbert/distilgpt2	distilbert/distilgpt2	False	9.773100551058178e-09	26.608535766601562
ĠSarah	1276	 Sarah	2	distilbert/distilgpt2	distilbert/distilgpt2	False	6.79898676025914e-06	17.166248321533203
Ġbecause	1276	 because	3	distilbert/distilgpt2	distilbert/distilgpt2	False	0.00044051409349776804	11.148524284362793
Ġshe	1276	 she	4	distilbert/distilgpt2	distilbert/distilgpt2	False	0.4375935196876526	1.1923367977142334
Sarah	1277	Sarah	0	distilbert/distilgpt2	distilbert/distilgpt2	False	1.0	0.0
Ġcorrupted	1277	 corrupted	1	distilbert/distilgpt2	distilbert/distilgpt2	False	7.666971946207468e-09	26.958696365356445
ĠMary	1277	 Mary	2	distilbert/distilgpt2	distilbert/distilgpt2	False	4.1827690438367426e-05	14.545182228088379
Ġbecause	1277	 because	3	distilbert/distilgpt2	distilbert/distilgpt2	False	0.0007808030932210386	10.32275390625
Ġshe	1277	 she	4	distilbert/distilgpt2	distilbert/distilgpt2	False	0.368869423866272	1.4388179779052734
John	1278	John	0	distilbert/distilgpt2	distilbert/distilgpt2	False	1.0	0.0
Ġcorrupted	1278	 corrupted	1	distilbert/distilgpt2	distilbert/distilgpt2	False	9.377139953414826e-09	26.66820526123047
ĠMary	1278	 Mary	2	distilbert/distilgpt2	distilbert/distilgpt2	False	3.566864688764326e-05	14.774984359741211
Ġbecause	1278	 because	3	distilbert/distilgpt2	distilbert/distilgpt2	False	0.0009332307381555438	10.065478324890137
Ġshe	1278	 she	4	distilbert/distilgpt2	distilbert/distilgpt2	False	0.38233643770217896	1.3870854377746582
Sarah	1279	Sarah	0	distilbert/distilgpt2	distilbert/distilgpt2	False	1.0	0.0
Ġcorrupted	1279	 corrupted	1	distilbert/distilgpt2	distilbert/distilgpt2	False	7.666971946207468e-09	26.958696365356445
ĠMary	1279	 Mary	2	distilbert/distilgpt2	distilbert/distilgpt2	False	4.1827690438367426e-05	14.545182228088379
Ġbecause	1279	 because	3	distilbert/distilgpt2	distilbert/distilgpt2	False	0.0007808030932210386	10.32275390625
Ġshe	1279	 she	4	distilbert/distilgpt2	distilbert/distilgpt2	False	0.368869423866272	1.4388179779052734
David	1280	David	0	distilbert/distilgpt2	distilbert/distilgpt2	False	1.0	0.0
Ġcorrupted	1280	 corrupted	1	distilbert/distilgpt2	distilbert/distilgpt2	False	9.773100551058178e-09	26.608535766601562
ĠMary	1280	 Mary	2	distilbert/distilgpt2	distilbert/distilgpt2	False	3.584073783713393e-05	14.76803970336914
Ġbecause	1280	 because	3	distilbert/distilgpt2	distilbert/distilgpt2	False	0.00030832760967314243	11.663248062133789
Ġshe	1280	 she	4	distilbert/distilgpt2	distilbert/distilgpt2	False	0.3901653587818146	1.3578424453735352
John	1281	John	0	distilbert/distilgpt2	distilbert/distilgpt2	False	1.0	0.0
Ġcounsel	1281	 counseled	1	distilbert/distilgpt2	distilbert/distilgpt2	False	2.835452050931053e-07	21.74991798400879
ed	1281	 counseled	1	distilbert/distilgpt2	distilbert/distilgpt2	False	0.023843657225370407	5.3902506828308105
ĠDavid	1281	 David	2	distilbert/distilgpt2	distilbert/distilgpt2	False	0.0018556800205260515	9.073836326599121
Ġbecause	1281	 because	3	distilbert/distilgpt2	distilbert/distilgpt2	False	9.28898953134194e-05	13.394119262695312
Ġhe	1281	 he	4	distilbert/distilgpt2	distilbert/distilgpt2	False	0.2917044460773468	1.7774207592010498
Mary	1282	Mary	0	distilbert/distilgpt2	distilbert/distilgpt2	False	1.0	0.0
Ġcounsel	1282	 counseled	1	distilbert/distilgpt2	distilbert/distilgpt2	False	3.5167664691471145e-07	21.439247131347656
ed	1282	 counseled	1	distilbert/distilgpt2	distilbert/distilgpt2	False	0.01551773864775896	6.009937763214111
ĠDavid	1282	 David	2	distilbert/distilgpt2	distilbert/distilgpt2	False	0.0012004205491393805	9.702244758605957
Ġbecause	1282	 because	3	distilbert/distilgpt2	distilbert/distilgpt2	False	0.00013766702613793314	12.826529502868652
Ġhe	1282	 he	4	distilbert/distilgpt2	distilbert/distilgpt2	False	0.3041079342365265	1.7173446416854858
John	1283	John	0	distilbert/distilgpt2	distilbert/distilgpt2	False	1.0	0.0
Ġcounsel	1283	 counseled	1	distilbert/distilgpt2	distilbert/distilgpt2	False	2.835452050931053e-07	21.74991798400879
ed	1283	 counseled	1	distilbert/distilgpt2	distilbert/distilgpt2	False	0.023843657225370407	5.3902506828308105
ĠDavid	1283	 David	2	distilbert/distilgpt2	distilbert/distilgpt2	False	0.0018556800205260515	9.073836326599121
Ġbecause	1283	 because	3	distilbert/distilgpt2	distilbert/distilgpt2	False	9.28898953134194e-05	13.394119262695312
Ġhe	1283	 he	4	distilbert/distilgpt2	distilbert/distilgpt2	False	0.2917044460773468	1.7774207592010498
Sarah	1284	Sarah	0	distilbert/distilgpt2	distilbert/distilgpt2	False	1.0	0.0
Ġcounsel	1284	 counseled	1	distilbert/distilgpt2	distilbert/distilgpt2	False	2.652974728789559e-07	21.84588623046875
ed	1284	 counseled	1	distilbert/distilgpt2	distilbert/distilgpt2	False	0.027729539200663567	5.1724324226379395
ĠDavid	1284	 David	2	distilbert/distilgpt2	distilbert/distilgpt2	False	0.0019928961992263794	8.970917701721191
Ġbecause	1284	 because	3	distilbert/distilgpt2	distilbert/distilgpt2	False	6.152506830403581e-05	13.988466262817383
Ġhe	1284	 he	4	distilbert/distilgpt2	distilbert/distilgpt2	False	0.2916427254676819	1.7777260541915894
David	1285	David	0	distilbert/distilgpt2	distilbert/distilgpt2	False	1.0	0.0
Ġcounsel	1285	 counseled	1	distilbert/distilgpt2	distilbert/distilgpt2	False	3.182477144036966e-07	21.58334732055664
ed	1285	 counseled	1	distilbert/distilgpt2	distilbert/distilgpt2	False	0.04942634329199791	4.338575839996338
ĠJohn	1285	 John	2	distilbert/distilgpt2	distilbert/distilgpt2	False	0.0017862060340121388	9.128886222839355
Ġbecause	1285	 because	3	distilbert/distilgpt2	distilbert/distilgpt2	False	8.949761831900105e-05	13.44779109954834
Ġhe	1285	 he	4	distilbert/distilgpt2	distilbert/distilgpt2	False	0.2850092649459839	1.8109194040298462
Mary	1286	Mary	0	distilbert/distilgpt2	distilbert/distilgpt2	False	1.0	0.0
Ġcounsel	1286	 counseled	1	distilbert/distilgpt2	distilbert/distilgpt2	False	3.5167664691471145e-07	21.439247131347656
ed	1286	 counseled	1	distilbert/distilgpt2	distilbert/distilgpt2	False	0.01551773864775896	6.009937763214111
ĠJohn	1286	 John	2	distilbert/distilgpt2	distilbert/distilgpt2	False	0.0015044589526951313	9.37653923034668
Ġbecause	1286	 because	3	distilbert/distilgpt2	distilbert/distilgpt2	False	0.00010443124483572319	13.22515869140625
Ġhe	1286	 he	4	distilbert/distilgpt2	distilbert/distilgpt2	False	0.3238658010959625	1.6265320777893066
David	1287	David	0	distilbert/distilgpt2	distilbert/distilgpt2	False	1.0	0.0
Ġcounsel	1287	 counseled	1	distilbert/distilgpt2	distilbert/distilgpt2	False	3.182477144036966e-07	21.58334732055664
ed	1287	 counseled	1	distilbert/distilgpt2	distilbert/distilgpt2	False	0.04942634329199791	4.338575839996338
ĠJohn	1287	 John	2	distilbert/distilgpt2	distilbert/distilgpt2	False	0.0017862060340121388	9.128886222839355
Ġbecause	1287	 because	3	distilbert/distilgpt2	distilbert/distilgpt2	False	8.949761831900105e-05	13.44779109954834
Ġhe	1287	 he	4	distilbert/distilgpt2	distilbert/distilgpt2	False	0.2850092649459839	1.8109194040298462
Sarah	1288	Sarah	0	distilbert/distilgpt2	distilbert/distilgpt2	False	1.0	0.0
Ġcounsel	1288	 counseled	1	distilbert/distilgpt2	distilbert/distilgpt2	False	2.652974728789559e-07	21.84588623046875
ed	1288	 counseled	1	distilbert/distilgpt2	distilbert/distilgpt2	False	0.027729539200663567	5.1724324226379395
ĠJohn	1288	 John	2	distilbert/distilgpt2	distilbert/distilgpt2	False	0.0016944099916145205	9.205000877380371
Ġbecause	1288	 because	3	distilbert/distilgpt2	distilbert/distilgpt2	False	0.00011746728705475107	13.055453300476074
Ġhe	1288	 he	4	distilbert/distilgpt2	distilbert/distilgpt2	False	0.2982522249221802	1.745395302772522
Mary	1289	Mary	0	distilbert/distilgpt2	distilbert/distilgpt2	False	1.0	0.0
Ġcounsel	1289	 counseled	1	distilbert/distilgpt2	distilbert/distilgpt2	False	3.5167664691471145e-07	21.439247131347656
ed	1289	 counseled	1	distilbert/distilgpt2	distilbert/distilgpt2	False	0.01551773864775896	6.009937763214111
ĠSarah	1289	 Sarah	2	distilbert/distilgpt2	distilbert/distilgpt2	False	0.000213205159525387	12.195469856262207
Ġbecause	1289	 because	3	distilbert/distilgpt2	distilbert/distilgpt2	False	0.0005488914903253317	10.831191062927246
Ġshe	1289	 she	4	distilbert/distilgpt2	distilbert/distilgpt2	False	0.3905639350414276	1.3563693761825562
John	1290	John	0	distilbert/distilgpt2	distilbert/distilgpt2	False	1.0	0.0
Ġcounsel	1290	 counseled	1	distilbert/distilgpt2	distilbert/distilgpt2	False	2.835452050931053e-07	21.74991798400879
ed	1290	 counseled	1	distilbert/distilgpt2	distilbert/distilgpt2	False	0.023843657225370407	5.3902506828308105
ĠSarah	1290	 Sarah	2	distilbert/distilgpt2	distilbert/distilgpt2	False	0.00025284235016442835	11.949474334716797
Ġbecause	1290	 because	3	distilbert/distilgpt2	distilbert/distilgpt2	False	0.0003120951005257666	11.645727157592773
Ġshe	1290	 she	4	distilbert/distilgpt2	distilbert/distilgpt2	False	0.35191425681114197	1.5067042112350464
Mary	1291	Mary	0	distilbert/distilgpt2	distilbert/distilgpt2	False	1.0	0.0
Ġcounsel	1291	 counseled	1	distilbert/distilgpt2	distilbert/distilgpt2	False	3.5167664691471145e-07	21.439247131347656
ed	1291	 counseled	1	distilbert/distilgpt2	distilbert/distilgpt2	False	0.01551773864775896	6.009937763214111
ĠSarah	1291	 Sarah	2	distilbert/distilgpt2	distilbert/distilgpt2	False	0.000213205159525387	12.195469856262207
Ġbecause	1291	 because	3	distilbert/distilgpt2	distilbert/distilgpt2	False	0.0005488914903253317	10.831191062927246
Ġshe	1291	 she	4	distilbert/distilgpt2	distilbert/distilgpt2	False	0.3905639350414276	1.3563693761825562
David	1292	David	0	distilbert/distilgpt2	distilbert/distilgpt2	False	1.0	0.0
Ġcounsel	1292	 counseled	1	distilbert/distilgpt2	distilbert/distilgpt2	False	3.182477144036966e-07	21.58334732055664
ed	1292	 counseled	1	distilbert/distilgpt2	distilbert/distilgpt2	False	0.04942634329199791	4.338575839996338
ĠSarah	1292	 Sarah	2	distilbert/distilgpt2	distilbert/distilgpt2	False	0.00021462974837049842	12.18586254119873
Ġbecause	1292	 because	3	distilbert/distilgpt2	distilbert/distilgpt2	False	0.0001805093343136832	12.435639381408691
Ġshe	1292	 she	4	distilbert/distilgpt2	distilbert/distilgpt2	False	0.3196210563182831	1.6455656290054321
Sarah	1293	Sarah	0	distilbert/distilgpt2	distilbert/distilgpt2	False	1.0	0.0
Ġcounsel	1293	 counseled	1	distilbert/distilgpt2	distilbert/distilgpt2	False	2.652974728789559e-07	21.84588623046875
ed	1293	 counseled	1	distilbert/distilgpt2	distilbert/distilgpt2	False	0.027729539200663567	5.1724324226379395
ĠMary	1293	 Mary	2	distilbert/distilgpt2	distilbert/distilgpt2	False	0.0003061035822611302	11.67369270324707
Ġbecause	1293	 because	3	distilbert/distilgpt2	distilbert/distilgpt2	False	0.00018855760572478175	12.37270736694336
Ġshe	1293	 she	4	distilbert/distilgpt2	distilbert/distilgpt2	False	0.3444758355617523	1.5375252962112427
John	1294	John	0	distilbert/distilgpt2	distilbert/distilgpt2	False	1.0	0.0
Ġcounsel	1294	 counseled	1	distilbert/distilgpt2	distilbert/distilgpt2	False	2.835452050931053e-07	21.74991798400879
ed	1294	 counseled	1	distilbert/distilgpt2	distilbert/distilgpt2	False	0.023843657225370407	5.3902506828308105
ĠMary	1294	 Mary	2	distilbert/distilgpt2	distilbert/distilgpt2	False	0.00031242831028066576	11.644186973571777
Ġbecause	1294	 because	3	distilbert/distilgpt2	distilbert/distilgpt2	False	0.00030347766005434096	11.686121940612793
Ġshe	1294	 she	4	distilbert/distilgpt2	distilbert/distilgpt2	False	0.35843148827552795	1.4802308082580566
Sarah	1295	Sarah	0	distilbert/distilgpt2	distilbert/distilgpt2	False	1.0	0.0
Ġcounsel	1295	 counseled	1	distilbert/distilgpt2	distilbert/distilgpt2	False	2.652974728789559e-07	21.84588623046875
ed	1295	 counseled	1	distilbert/distilgpt2	distilbert/distilgpt2	False	0.027729539200663567	5.1724324226379395
ĠMary	1295	 Mary	2	distilbert/distilgpt2	distilbert/distilgpt2	False	0.0003061035822611302	11.67369270324707
Ġbecause	1295	 because	3	distilbert/distilgpt2	distilbert/distilgpt2	False	0.00018855760572478175	12.37270736694336
Ġshe	1295	 she	4	distilbert/distilgpt2	distilbert/distilgpt2	False	0.3444758355617523	1.5375252962112427
David	1296	David	0	distilbert/distilgpt2	distilbert/distilgpt2	False	1.0	0.0
Ġcounsel	1296	 counseled	1	distilbert/distilgpt2	distilbert/distilgpt2	False	3.182477144036966e-07	21.58334732055664
ed	1296	 counseled	1	distilbert/distilgpt2	distilbert/distilgpt2	False	0.04942634329199791	4.338575839996338
ĠMary	1296	 Mary	2	distilbert/distilgpt2	distilbert/distilgpt2	False	0.00019910981063731015	12.294148445129395
Ġbecause	1296	 because	3	distilbert/distilgpt2	distilbert/distilgpt2	False	0.00011642761091934517	13.068279266357422
Ġshe	1296	 she	4	distilbert/distilgpt2	distilbert/distilgpt2	False	0.3295510709285736	1.601426124572754
John	1297	John	0	distilbert/distilgpt2	distilbert/distilgpt2	False	1.0	0.0
Ġcour	1297	 courted	1	distilbert/distilgpt2	distilbert/distilgpt2	False	5.1702805592412915e-08	24.205183029174805
ted	1297	 courted	1	distilbert/distilgpt2	distilbert/distilgpt2	False	0.2663399279117584	1.9086594581604004
ĠDavid	1297	 David	2	distilbert/distilgpt2	distilbert/distilgpt2	False	0.0006840663845650852	10.513575553894043
Ġbecause	1297	 because	3	distilbert/distilgpt2	distilbert/distilgpt2	False	0.00021987990476191044	12.150996208190918
Ġhe	1297	 he	4	distilbert/distilgpt2	distilbert/distilgpt2	False	0.45929965376853943	1.1224924325942993
Mary	1298	Mary	0	distilbert/distilgpt2	distilbert/distilgpt2	False	1.0	0.0
Ġcour	1298	 courted	1	distilbert/distilgpt2	distilbert/distilgpt2	False	6.913521133355971e-08	23.78600311279297
ted	1298	 courted	1	distilbert/distilgpt2	distilbert/distilgpt2	False	0.1431664079427719	2.8042349815368652
ĠDavid	1298	 David	2	distilbert/distilgpt2	distilbert/distilgpt2	False	0.00040179400821216404	11.281256675720215
Ġbecause	1298	 because	3	distilbert/distilgpt2	distilbert/distilgpt2	False	0.0003199700440745801	11.60977554321289
Ġhe	1298	 he	4	distilbert/distilgpt2	distilbert/distilgpt2	False	0.4385438561439514	1.1892069578170776
John	1299	John	0	distilbert/distilgpt2	distilbert/distilgpt2	False	1.0	0.0
Ġcour	1299	 courted	1	distilbert/distilgpt2	distilbert/distilgpt2	False	5.1702805592412915e-08	24.205183029174805
ted	1299	 courted	1	distilbert/distilgpt2	distilbert/distilgpt2	False	0.2663399279117584	1.9086594581604004
ĠDavid	1299	 David	2	distilbert/distilgpt2	distilbert/distilgpt2	False	0.0006840663845650852	10.513575553894043
Ġbecause	1299	 because	3	distilbert/distilgpt2	distilbert/distilgpt2	False	0.00021987990476191044	12.150996208190918
Ġhe	1299	 he	4	distilbert/distilgpt2	distilbert/distilgpt2	False	0.45929965376853943	1.1224924325942993
Sarah	1300	Sarah	0	distilbert/distilgpt2	distilbert/distilgpt2	False	1.0	0.0
Ġcour	1300	 courted	1	distilbert/distilgpt2	distilbert/distilgpt2	False	6.555485754233814e-08	23.862722396850586
ted	1300	 courted	1	distilbert/distilgpt2	distilbert/distilgpt2	False	0.353385329246521	1.5006860494613647
ĠDavid	1300	 David	2	distilbert/distilgpt2	distilbert/distilgpt2	False	0.0007107544224709272	10.458361625671387
Ġbecause	1300	 because	3	distilbert/distilgpt2	distilbert/distilgpt2	False	0.00022164249094203115	12.139477729797363
Ġhe	1300	 he	4	distilbert/distilgpt2	distilbert/distilgpt2	False	0.46527916193008423	1.1038315296173096
David	1301	David	0	distilbert/distilgpt2	distilbert/distilgpt2	False	1.0	0.0
Ġcour	1301	 courted	1	distilbert/distilgpt2	distilbert/distilgpt2	False	6.16793656149639e-08	23.95063591003418
ted	1301	 courted	1	distilbert/distilgpt2	distilbert/distilgpt2	False	0.6466944813728333	0.6288437247276306
ĠJohn	1301	 John	2	distilbert/distilgpt2	distilbert/distilgpt2	False	0.0010718099074438214	9.865735054016113
Ġbecause	1301	 because	3	distilbert/distilgpt2	distilbert/distilgpt2	False	0.00022080617782194167	12.14493179321289
Ġhe	1301	 he	4	distilbert/distilgpt2	distilbert/distilgpt2	False	0.47133657336235046	1.0851705074310303
Mary	1302	Mary	0	distilbert/distilgpt2	distilbert/distilgpt2	False	1.0	0.0
Ġcour	1302	 courted	1	distilbert/distilgpt2	distilbert/distilgpt2	False	6.913521133355971e-08	23.78600311279297
ted	1302	 courted	1	distilbert/distilgpt2	distilbert/distilgpt2	False	0.1431664079427719	2.8042349815368652
ĠJohn	1302	 John	2	distilbert/distilgpt2	distilbert/distilgpt2	False	0.0006879187421873212	10.505474090576172
Ġbecause	1302	 because	3	distilbert/distilgpt2	distilbert/distilgpt2	False	0.0005880083772353828	10.7318754196167
Ġhe	1302	 he	4	distilbert/distilgpt2	distilbert/distilgpt2	False	0.4638805389404297	1.1081748008728027
David	1303	David	0	distilbert/distilgpt2	distilbert/distilgpt2	False	1.0	0.0
Ġcour	1303	 courted	1	distilbert/distilgpt2	distilbert/distilgpt2	False	6.16793656149639e-08	23.95063591003418
ted	1303	 courted	1	distilbert/distilgpt2	distilbert/distilgpt2	False	0.6466944813728333	0.6288437247276306
ĠJohn	1303	 John	2	distilbert/distilgpt2	distilbert/distilgpt2	False	0.0010718099074438214	9.865735054016113
Ġbecause	1303	 because	3	distilbert/distilgpt2	distilbert/distilgpt2	False	0.00022080617782194167	12.14493179321289
Ġhe	1303	 he	4	distilbert/distilgpt2	distilbert/distilgpt2	False	0.47133657336235046	1.0851705074310303
Sarah	1304	Sarah	0	distilbert/distilgpt2	distilbert/distilgpt2	False	1.0	0.0
Ġcour	1304	 courted	1	distilbert/distilgpt2	distilbert/distilgpt2	False	6.555485754233814e-08	23.862722396850586
ted	1304	 courted	1	distilbert/distilgpt2	distilbert/distilgpt2	False	0.353385329246521	1.5006860494613647
ĠJohn	1304	 John	2	distilbert/distilgpt2	distilbert/distilgpt2	False	0.0008987588225863874	10.119778633117676
Ġbecause	1304	 because	3	distilbert/distilgpt2	distilbert/distilgpt2	False	0.0006497025606222451	10.587932586669922
Ġhe	1304	 he	4	distilbert/distilgpt2	distilbert/distilgpt2	False	0.4753364026546478	1.072979211807251
Mary	1305	Mary	0	distilbert/distilgpt2	distilbert/distilgpt2	False	1.0	0.0
Ġcour	1305	 courted	1	distilbert/distilgpt2	distilbert/distilgpt2	False	6.913521133355971e-08	23.78600311279297
ted	1305	 courted	1	distilbert/distilgpt2	distilbert/distilgpt2	False	0.1431664079427719	2.8042349815368652
ĠSarah	1305	 Sarah	2	distilbert/distilgpt2	distilbert/distilgpt2	False	9.635844617150724e-05	13.341229438781738
Ġbecause	1305	 because	3	distilbert/distilgpt2	distilbert/distilgpt2	False	0.0013296869583427906	9.55469799041748
Ġshe	1305	 she	4	distilbert/distilgpt2	distilbert/distilgpt2	False	0.512973964214325	0.9630424976348877
John	1306	John	0	distilbert/distilgpt2	distilbert/distilgpt2	False	1.0	0.0
Ġcour	1306	 courted	1	distilbert/distilgpt2	distilbert/distilgpt2	False	5.1702805592412915e-08	24.205183029174805
ted	1306	 courted	1	distilbert/distilgpt2	distilbert/distilgpt2	False	0.2663399279117584	1.9086594581604004
ĠSarah	1306	 Sarah	2	distilbert/distilgpt2	distilbert/distilgpt2	False	0.0001515907933935523	12.687530517578125
Ġbecause	1306	 because	3	distilbert/distilgpt2	distilbert/distilgpt2	False	0.0006310701719485223	10.629912376403809
Ġshe	1306	 she	4	distilbert/distilgpt2	distilbert/distilgpt2	False	0.5053110718727112	0.9847562909126282
Mary	1307	Mary	0	distilbert/distilgpt2	distilbert/distilgpt2	False	1.0	0.0
Ġcour	1307	 courted	1	distilbert/distilgpt2	distilbert/distilgpt2	False	6.913521133355971e-08	23.78600311279297
ted	1307	 courted	1	distilbert/distilgpt2	distilbert/distilgpt2	False	0.1431664079427719	2.8042349815368652
ĠSarah	1307	 Sarah	2	distilbert/distilgpt2	distilbert/distilgpt2	False	9.635844617150724e-05	13.341229438781738
Ġbecause	1307	 because	3	distilbert/distilgpt2	distilbert/distilgpt2	False	0.0013296869583427906	9.55469799041748
Ġshe	1307	 she	4	distilbert/distilgpt2	distilbert/distilgpt2	False	0.512973964214325	0.9630424976348877
David	1308	David	0	distilbert/distilgpt2	distilbert/distilgpt2	False	1.0	0.0
Ġcour	1308	 courted	1	distilbert/distilgpt2	distilbert/distilgpt2	False	6.16793656149639e-08	23.95063591003418
ted	1308	 courted	1	distilbert/distilgpt2	distilbert/distilgpt2	False	0.6466944813728333	0.6288437247276306
ĠSarah	1308	 Sarah	2	distilbert/distilgpt2	distilbert/distilgpt2	False	0.00019480874470900744	12.325654029846191
Ġbecause	1308	 because	3	distilbert/distilgpt2	distilbert/distilgpt2	False	0.00019422236073296517	12.330002784729004
Ġshe	1308	 she	4	distilbert/distilgpt2	distilbert/distilgpt2	False	0.5170398354530334	0.9516527652740479
Sarah	1309	Sarah	0	distilbert/distilgpt2	distilbert/distilgpt2	False	1.0	0.0
Ġcour	1309	 courted	1	distilbert/distilgpt2	distilbert/distilgpt2	False	6.555485754233814e-08	23.862722396850586
ted	1309	 courted	1	distilbert/distilgpt2	distilbert/distilgpt2	False	0.353385329246521	1.5006860494613647
ĠMary	1309	 Mary	2	distilbert/distilgpt2	distilbert/distilgpt2	False	0.0002223947667516768	12.134589195251465
Ġbecause	1309	 because	3	distilbert/distilgpt2	distilbert/distilgpt2	False	0.001085411524400115	9.847541809082031
Ġshe	1309	 she	4	distilbert/distilgpt2	distilbert/distilgpt2	False	0.4833371639251709	1.0488982200622559
John	1310	John	0	distilbert/distilgpt2	distilbert/distilgpt2	False	1.0	0.0
Ġcour	1310	 courted	1	distilbert/distilgpt2	distilbert/distilgpt2	False	5.1702805592412915e-08	24.205183029174805
ted	1310	 courted	1	distilbert/distilgpt2	distilbert/distilgpt2	False	0.2663399279117584	1.9086594581604004
ĠMary	1310	 Mary	2	distilbert/distilgpt2	distilbert/distilgpt2	False	0.0001831591798691079	12.4146146774292
Ġbecause	1310	 because	3	distilbert/distilgpt2	distilbert/distilgpt2	False	0.0013924019876867533	9.488208770751953
Ġshe	1310	 she	4	distilbert/distilgpt2	distilbert/distilgpt2	False	0.46860620379447937	1.0935521125793457
Sarah	1311	Sarah	0	distilbert/distilgpt2	distilbert/distilgpt2	False	1.0	0.0
Ġcour	1311	 courted	1	distilbert/distilgpt2	distilbert/distilgpt2	False	6.555485754233814e-08	23.862722396850586
ted	1311	 courted	1	distilbert/distilgpt2	distilbert/distilgpt2	False	0.353385329246521	1.5006860494613647
ĠMary	1311	 Mary	2	distilbert/distilgpt2	distilbert/distilgpt2	False	0.0002223947667516768	12.134589195251465
Ġbecause	1311	 because	3	distilbert/distilgpt2	distilbert/distilgpt2	False	0.001085411524400115	9.847541809082031
Ġshe	1311	 she	4	distilbert/distilgpt2	distilbert/distilgpt2	False	0.4833371639251709	1.0488982200622559
David	1312	David	0	distilbert/distilgpt2	distilbert/distilgpt2	False	1.0	0.0
Ġcour	1312	 courted	1	distilbert/distilgpt2	distilbert/distilgpt2	False	6.16793656149639e-08	23.95063591003418
ted	1312	 courted	1	distilbert/distilgpt2	distilbert/distilgpt2	False	0.6466944813728333	0.6288437247276306
ĠMary	1312	 Mary	2	distilbert/distilgpt2	distilbert/distilgpt2	False	0.0001740820298437029	12.487944602966309
Ġbecause	1312	 because	3	distilbert/distilgpt2	distilbert/distilgpt2	False	0.0005178290302865207	10.915236473083496
Ġshe	1312	 she	4	distilbert/distilgpt2	distilbert/distilgpt2	False	0.4860384464263916	1.0408576726913452
John	1313	John	0	distilbert/distilgpt2	distilbert/distilgpt2	False	1.0	0.0
Ġcriticized	1313	 criticized	1	distilbert/distilgpt2	distilbert/distilgpt2	False	3.2931740179265034e-07	21.53401756286621
ĠDavid	1313	 David	2	distilbert/distilgpt2	distilbert/distilgpt2	False	0.0009398283436894417	10.055315017700195
Ġbecause	1313	 because	3	distilbert/distilgpt2	distilbert/distilgpt2	False	7.056104368530214e-05	13.79076862335205
Ġhe	1313	 he	4	distilbert/distilgpt2	distilbert/distilgpt2	False	0.41045692563056946	1.2846972942352295
Mary	1314	Mary	0	distilbert/distilgpt2	distilbert/distilgpt2	False	1.0	0.0
Ġcriticized	1314	 criticized	1	distilbert/distilgpt2	distilbert/distilgpt2	False	3.56553101710233e-07	21.41938018798828
ĠDavid	1314	 David	2	distilbert/distilgpt2	distilbert/distilgpt2	False	0.0006208373815752566	10.653496742248535
Ġbecause	1314	 because	3	distilbert/distilgpt2	distilbert/distilgpt2	False	6.555308209499344e-05	13.896976470947266
Ġhe	1314	 he	4	distilbert/distilgpt2	distilbert/distilgpt2	False	0.4142523407936096	1.2714183330535889
John	1315	John	0	distilbert/distilgpt2	distilbert/distilgpt2	False	1.0	0.0
Ġcriticized	1315	 criticized	1	distilbert/distilgpt2	distilbert/distilgpt2	False	3.2931740179265034e-07	21.53401756286621
ĠDavid	1315	 David	2	distilbert/distilgpt2	distilbert/distilgpt2	False	0.0009398283436894417	10.055315017700195
Ġbecause	1315	 because	3	distilbert/distilgpt2	distilbert/distilgpt2	False	7.056104368530214e-05	13.79076862335205
Ġhe	1315	 he	4	distilbert/distilgpt2	distilbert/distilgpt2	False	0.41045692563056946	1.2846972942352295
Sarah	1316	Sarah	0	distilbert/distilgpt2	distilbert/distilgpt2	False	1.0	0.0
Ġcriticized	1316	 criticized	1	distilbert/distilgpt2	distilbert/distilgpt2	False	3.6767491451428214e-07	21.37506675720215
ĠDavid	1316	 David	2	distilbert/distilgpt2	distilbert/distilgpt2	False	0.0009989709360525012	9.967269897460938
Ġbecause	1316	 because	3	distilbert/distilgpt2	distilbert/distilgpt2	False	4.2918989493045956e-05	14.508024215698242
Ġhe	1316	 he	4	distilbert/distilgpt2	distilbert/distilgpt2	False	0.40274909138679504	1.312046766281128
David	1317	David	0	distilbert/distilgpt2	distilbert/distilgpt2	False	1.0	0.0
Ġcriticized	1317	 criticized	1	distilbert/distilgpt2	distilbert/distilgpt2	False	3.892445761266572e-07	21.29281997680664
ĠJohn	1317	 John	2	distilbert/distilgpt2	distilbert/distilgpt2	False	0.0017991340719163418	9.118481636047363
Ġbecause	1317	 because	3	distilbert/distilgpt2	distilbert/distilgpt2	False	4.86565513710957e-05	14.327006340026855
Ġhe	1317	 he	4	distilbert/distilgpt2	distilbert/distilgpt2	False	0.4280863106250763	1.2240264415740967
Mary	1318	Mary	0	distilbert/distilgpt2	distilbert/distilgpt2	False	1.0	0.0
Ġcriticized	1318	 criticized	1	distilbert/distilgpt2	distilbert/distilgpt2	False	3.56553101710233e-07	21.41938018798828
ĠJohn	1318	 John	2	distilbert/distilgpt2	distilbert/distilgpt2	False	0.0014613526873290539	9.418479919433594
Ġbecause	1318	 because	3	distilbert/distilgpt2	distilbert/distilgpt2	False	7.137393549783155e-05	13.774243354797363
Ġhe	1318	 he	4	distilbert/distilgpt2	distilbert/distilgpt2	False	0.4339113235473633	1.2045278549194336
David	1319	David	0	distilbert/distilgpt2	distilbert/distilgpt2	False	1.0	0.0
Ġcriticized	1319	 criticized	1	distilbert/distilgpt2	distilbert/distilgpt2	False	3.892445761266572e-07	21.29281997680664
ĠJohn	1319	 John	2	distilbert/distilgpt2	distilbert/distilgpt2	False	0.0017991340719163418	9.118481636047363
Ġbecause	1319	 because	3	distilbert/distilgpt2	distilbert/distilgpt2	False	4.86565513710957e-05	14.327006340026855
Ġhe	1319	 he	4	distilbert/distilgpt2	distilbert/distilgpt2	False	0.4280863106250763	1.2240264415740967
Sarah	1320	Sarah	0	distilbert/distilgpt2	distilbert/distilgpt2	False	1.0	0.0
Ġcriticized	1320	 criticized	1	distilbert/distilgpt2	distilbert/distilgpt2	False	3.6767491451428214e-07	21.37506675720215
ĠJohn	1320	 John	2	distilbert/distilgpt2	distilbert/distilgpt2	False	0.00222910032607615	8.80932331085205
Ġbecause	1320	 because	3	distilbert/distilgpt2	distilbert/distilgpt2	False	5.4921660193940625e-05	14.152265548706055
Ġhe	1320	 he	4	distilbert/distilgpt2	distilbert/distilgpt2	False	0.4177915155887604	1.259144902229309
Mary	1321	Mary	0	distilbert/distilgpt2	distilbert/distilgpt2	False	1.0	0.0
Ġcriticized	1321	 criticized	1	distilbert/distilgpt2	distilbert/distilgpt2	False	3.56553101710233e-07	21.41938018798828
ĠSarah	1321	 Sarah	2	distilbert/distilgpt2	distilbert/distilgpt2	False	0.0002195398265030235	12.153229713439941
Ġbecause	1321	 because	3	distilbert/distilgpt2	distilbert/distilgpt2	False	0.00017755190492607653	12.459471702575684
Ġshe	1321	 she	4	distilbert/distilgpt2	distilbert/distilgpt2	False	0.4233549237251282	1.2400604486465454
John	1322	John	0	distilbert/distilgpt2	distilbert/distilgpt2	False	1.0	0.0
Ġcriticized	1322	 criticized	1	distilbert/distilgpt2	distilbert/distilgpt2	False	3.2931740179265034e-07	21.53401756286621
ĠSarah	1322	 Sarah	2	distilbert/distilgpt2	distilbert/distilgpt2	False	0.0002758716873358935	11.823715209960938
Ġbecause	1322	 because	3	distilbert/distilgpt2	distilbert/distilgpt2	False	9.222918015439063e-05	13.404417037963867
Ġshe	1322	 she	4	distilbert/distilgpt2	distilbert/distilgpt2	False	0.42660877108573914	1.22901451587677
Mary	1323	Mary	0	distilbert/distilgpt2	distilbert/distilgpt2	False	1.0	0.0
Ġcriticized	1323	 criticized	1	distilbert/distilgpt2	distilbert/distilgpt2	False	3.56553101710233e-07	21.41938018798828
ĠSarah	1323	 Sarah	2	distilbert/distilgpt2	distilbert/distilgpt2	False	0.0002195398265030235	12.153229713439941
Ġbecause	1323	 because	3	distilbert/distilgpt2	distilbert/distilgpt2	False	0.00017755190492607653	12.459471702575684
Ġshe	1323	 she	4	distilbert/distilgpt2	distilbert/distilgpt2	False	0.4233549237251282	1.2400604486465454
David	1324	David	0	distilbert/distilgpt2	distilbert/distilgpt2	False	1.0	0.0
Ġcriticized	1324	 criticized	1	distilbert/distilgpt2	distilbert/distilgpt2	False	3.892445761266572e-07	21.29281997680664
ĠSarah	1324	 Sarah	2	distilbert/distilgpt2	distilbert/distilgpt2	False	0.00024695112369954586	11.983487129211426
Ġbecause	1324	 because	3	distilbert/distilgpt2	distilbert/distilgpt2	False	6.58590579405427e-05	13.8902587890625
Ġshe	1324	 she	4	distilbert/distilgpt2	distilbert/distilgpt2	False	0.4041863977909088	1.3069074153900146
Sarah	1325	Sarah	0	distilbert/distilgpt2	distilbert/distilgpt2	False	1.0	0.0
Ġcriticized	1325	 criticized	1	distilbert/distilgpt2	distilbert/distilgpt2	False	3.6767491451428214e-07	21.37506675720215
ĠMary	1325	 Mary	2	distilbert/distilgpt2	distilbert/distilgpt2	False	0.00020443584071472287	12.256064414978027
Ġbecause	1325	 because	3	distilbert/distilgpt2	distilbert/distilgpt2	False	0.00026788731338456273	11.86608600616455
Ġshe	1325	 she	4	distilbert/distilgpt2	distilbert/distilgpt2	False	0.3660472333431244	1.449898362159729
John	1326	John	0	distilbert/distilgpt2	distilbert/distilgpt2	False	1.0	0.0
Ġcriticized	1326	 criticized	1	distilbert/distilgpt2	distilbert/distilgpt2	False	3.2931740179265034e-07	21.53401756286621
ĠMary	1326	 Mary	2	distilbert/distilgpt2	distilbert/distilgpt2	False	0.00015950764645822346	12.614087104797363
Ġbecause	1326	 because	3	distilbert/distilgpt2	distilbert/distilgpt2	False	0.0004965377738699317	10.975809097290039
Ġshe	1326	 she	4	distilbert/distilgpt2	distilbert/distilgpt2	False	0.4036204218864441	1.3089289665222168
Sarah	1327	Sarah	0	distilbert/distilgpt2	distilbert/distilgpt2	False	1.0	0.0
Ġcriticized	1327	 criticized	1	distilbert/distilgpt2	distilbert/distilgpt2	False	3.6767491451428214e-07	21.37506675720215
ĠMary	1327	 Mary	2	distilbert/distilgpt2	distilbert/distilgpt2	False	0.00020443584071472287	12.256064414978027
Ġbecause	1327	 because	3	distilbert/distilgpt2	distilbert/distilgpt2	False	0.00026788731338456273	11.86608600616455
Ġshe	1327	 she	4	distilbert/distilgpt2	distilbert/distilgpt2	False	0.3660472333431244	1.449898362159729
David	1328	David	0	distilbert/distilgpt2	distilbert/distilgpt2	False	1.0	0.0
Ġcriticized	1328	 criticized	1	distilbert/distilgpt2	distilbert/distilgpt2	False	3.892445761266572e-07	21.29281997680664
ĠMary	1328	 Mary	2	distilbert/distilgpt2	distilbert/distilgpt2	False	0.0001359435700578615	12.844704627990723
Ġbecause	1328	 because	3	distilbert/distilgpt2	distilbert/distilgpt2	False	0.00015755629283376038	12.631844520568848
Ġshe	1328	 she	4	distilbert/distilgpt2	distilbert/distilgpt2	False	0.37703412771224976	1.4072329998016357
John	1329	John	0	distilbert/distilgpt2	distilbert/distilgpt2	False	1.0	0.0
Ġc	1329	 cuddled	1	distilbert/distilgpt2	distilbert/distilgpt2	False	2.704557300603483e-05	15.174247741699219
uddled	1329	 cuddled	1	distilbert/distilgpt2	distilbert/distilgpt2	False	5.456446160678752e-05	14.1616792678833
ĠDavid	1329	 David	2	distilbert/distilgpt2	distilbert/distilgpt2	False	3.2032286981120706e-05	14.930113792419434
Ġbecause	1329	 because	3	distilbert/distilgpt2	distilbert/distilgpt2	False	0.00045234861318022013	11.11027717590332
Ġhe	1329	 he	4	distilbert/distilgpt2	distilbert/distilgpt2	False	0.3610617220401764	1.4696826934814453
Mary	1330	Mary	0	distilbert/distilgpt2	distilbert/distilgpt2	False	1.0	0.0
Ġc	1330	 cuddled	1	distilbert/distilgpt2	distilbert/distilgpt2	False	2.860455606423784e-05	15.093395233154297
uddled	1330	 cuddled	1	distilbert/distilgpt2	distilbert/distilgpt2	False	8.703600178705528e-05	13.488028526306152
ĠDavid	1330	 David	2	distilbert/distilgpt2	distilbert/distilgpt2	False	1.8165870642405935e-05	15.74841022491455
Ġbecause	1330	 because	3	distilbert/distilgpt2	distilbert/distilgpt2	False	0.00042060634586960077	11.215241432189941
Ġhe	1330	 he	4	distilbert/distilgpt2	distilbert/distilgpt2	False	0.34124305844306946	1.5511283874511719
John	1331	John	0	distilbert/distilgpt2	distilbert/distilgpt2	False	1.0	0.0
Ġc	1331	 cuddled	1	distilbert/distilgpt2	distilbert/distilgpt2	False	2.704557300603483e-05	15.174247741699219
uddled	1331	 cuddled	1	distilbert/distilgpt2	distilbert/distilgpt2	False	5.456446160678752e-05	14.1616792678833
ĠDavid	1331	 David	2	distilbert/distilgpt2	distilbert/distilgpt2	False	3.2032286981120706e-05	14.930113792419434
Ġbecause	1331	 because	3	distilbert/distilgpt2	distilbert/distilgpt2	False	0.00045234861318022013	11.11027717590332
Ġhe	1331	 he	4	distilbert/distilgpt2	distilbert/distilgpt2	False	0.3610617220401764	1.4696826934814453
Sarah	1332	Sarah	0	distilbert/distilgpt2	distilbert/distilgpt2	False	1.0	0.0
Ġc	1332	 cuddled	1	distilbert/distilgpt2	distilbert/distilgpt2	False	2.9799226467730477e-05	15.0343656539917
uddled	1332	 cuddled	1	distilbert/distilgpt2	distilbert/distilgpt2	False	0.00015606831584591419	12.64553451538086
ĠDavid	1332	 David	2	distilbert/distilgpt2	distilbert/distilgpt2	False	2.7979289370705374e-05	15.12528133392334
Ġbecause	1332	 because	3	distilbert/distilgpt2	distilbert/distilgpt2	False	0.00043442053720355034	11.168620109558105
Ġhe	1332	 he	4	distilbert/distilgpt2	distilbert/distilgpt2	False	0.3702274560928345	1.433516263961792
David	1333	David	0	distilbert/distilgpt2	distilbert/distilgpt2	False	1.0	0.0
Ġc	1333	 cuddled	1	distilbert/distilgpt2	distilbert/distilgpt2	False	2.9478862415999174e-05	15.049959182739258
uddled	1333	 cuddled	1	distilbert/distilgpt2	distilbert/distilgpt2	False	7.985767297213897e-05	13.61220932006836
ĠJohn	1333	 John	2	distilbert/distilgpt2	distilbert/distilgpt2	False	5.207744470681064e-05	14.228981971740723
Ġbecause	1333	 because	3	distilbert/distilgpt2	distilbert/distilgpt2	False	0.0016208660090342164	9.26901912689209
Ġhe	1333	 he	4	distilbert/distilgpt2	distilbert/distilgpt2	False	0.35096514225006104	1.5106003284454346
Mary	1334	Mary	0	distilbert/distilgpt2	distilbert/distilgpt2	False	1.0	0.0
Ġc	1334	 cuddled	1	distilbert/distilgpt2	distilbert/distilgpt2	False	2.860455606423784e-05	15.093395233154297
uddled	1334	 cuddled	1	distilbert/distilgpt2	distilbert/distilgpt2	False	8.703600178705528e-05	13.488028526306152
ĠJohn	1334	 John	2	distilbert/distilgpt2	distilbert/distilgpt2	False	3.055865454371087e-05	14.998059272766113
Ġbecause	1334	 because	3	distilbert/distilgpt2	distilbert/distilgpt2	False	0.001118518179282546	9.804195404052734
Ġhe	1334	 he	4	distilbert/distilgpt2	distilbert/distilgpt2	False	0.35629376769065857	1.488860845565796
David	1335	David	0	distilbert/distilgpt2	distilbert/distilgpt2	False	1.0	0.0
Ġc	1335	 cuddled	1	distilbert/distilgpt2	distilbert/distilgpt2	False	2.9478862415999174e-05	15.049959182739258
uddled	1335	 cuddled	1	distilbert/distilgpt2	distilbert/distilgpt2	False	7.985767297213897e-05	13.61220932006836
ĠJohn	1335	 John	2	distilbert/distilgpt2	distilbert/distilgpt2	False	5.207744470681064e-05	14.228981971740723
Ġbecause	1335	 because	3	distilbert/distilgpt2	distilbert/distilgpt2	False	0.0016208660090342164	9.26901912689209
Ġhe	1335	 he	4	distilbert/distilgpt2	distilbert/distilgpt2	False	0.35096514225006104	1.5106003284454346
Sarah	1336	Sarah	0	distilbert/distilgpt2	distilbert/distilgpt2	False	1.0	0.0
Ġc	1336	 cuddled	1	distilbert/distilgpt2	distilbert/distilgpt2	False	2.9799226467730477e-05	15.0343656539917
uddled	1336	 cuddled	1	distilbert/distilgpt2	distilbert/distilgpt2	False	0.00015606831584591419	12.64553451538086
ĠJohn	1336	 John	2	distilbert/distilgpt2	distilbert/distilgpt2	False	3.349168036947958e-05	14.865838050842285
Ġbecause	1336	 because	3	distilbert/distilgpt2	distilbert/distilgpt2	False	0.002102031372487545	8.894000053405762
Ġhe	1336	 he	4	distilbert/distilgpt2	distilbert/distilgpt2	False	0.3565717339515686	1.4877357482910156
Mary	1337	Mary	0	distilbert/distilgpt2	distilbert/distilgpt2	False	1.0	0.0
Ġc	1337	 cuddled	1	distilbert/distilgpt2	distilbert/distilgpt2	False	2.860455606423784e-05	15.093395233154297
uddled	1337	 cuddled	1	distilbert/distilgpt2	distilbert/distilgpt2	False	8.703600178705528e-05	13.488028526306152
ĠSarah	1337	 Sarah	2	distilbert/distilgpt2	distilbert/distilgpt2	False	1.8650938727660105e-05	15.710391998291016
Ġbecause	1337	 because	3	distilbert/distilgpt2	distilbert/distilgpt2	False	0.0011303216451779008	9.789051055908203
Ġshe	1337	 she	4	distilbert/distilgpt2	distilbert/distilgpt2	False	0.4056924283504486	1.301541805267334
John	1338	John	0	distilbert/distilgpt2	distilbert/distilgpt2	False	1.0	0.0
Ġc	1338	 cuddled	1	distilbert/distilgpt2	distilbert/distilgpt2	False	2.704557300603483e-05	15.174247741699219
uddled	1338	 cuddled	1	distilbert/distilgpt2	distilbert/distilgpt2	False	5.456446160678752e-05	14.1616792678833
ĠSarah	1338	 Sarah	2	distilbert/distilgpt2	distilbert/distilgpt2	False	2.3973872885107994e-05	15.348177909851074
Ġbecause	1338	 because	3	distilbert/distilgpt2	distilbert/distilgpt2	False	0.0013599005760625005	9.522283554077148
Ġshe	1338	 she	4	distilbert/distilgpt2	distilbert/distilgpt2	False	0.39623406529426575	1.3355752229690552
Mary	1339	Mary	0	distilbert/distilgpt2	distilbert/distilgpt2	False	1.0	0.0
Ġc	1339	 cuddled	1	distilbert/distilgpt2	distilbert/distilgpt2	False	2.860455606423784e-05	15.093395233154297
uddled	1339	 cuddled	1	distilbert/distilgpt2	distilbert/distilgpt2	False	8.703600178705528e-05	13.488028526306152
ĠSarah	1339	 Sarah	2	distilbert/distilgpt2	distilbert/distilgpt2	False	1.8650938727660105e-05	15.710391998291016
Ġbecause	1339	 because	3	distilbert/distilgpt2	distilbert/distilgpt2	False	0.0011303216451779008	9.789051055908203
Ġshe	1339	 she	4	distilbert/distilgpt2	distilbert/distilgpt2	False	0.4056924283504486	1.301541805267334
David	1340	David	0	distilbert/distilgpt2	distilbert/distilgpt2	False	1.0	0.0
Ġc	1340	 cuddled	1	distilbert/distilgpt2	distilbert/distilgpt2	False	2.9478862415999174e-05	15.049959182739258
uddled	1340	 cuddled	1	distilbert/distilgpt2	distilbert/distilgpt2	False	7.985767297213897e-05	13.61220932006836
ĠSarah	1340	 Sarah	2	distilbert/distilgpt2	distilbert/distilgpt2	False	2.9140453989384696e-05	15.066617012023926
Ġbecause	1340	 because	3	distilbert/distilgpt2	distilbert/distilgpt2	False	0.001161725725978613	9.74951457977295
Ġshe	1340	 she	4	distilbert/distilgpt2	distilbert/distilgpt2	False	0.3984610438346863	1.3274894952774048
Sarah	1341	Sarah	0	distilbert/distilgpt2	distilbert/distilgpt2	False	1.0	0.0
Ġc	1341	 cuddled	1	distilbert/distilgpt2	distilbert/distilgpt2	False	2.9799226467730477e-05	15.0343656539917
uddled	1341	 cuddled	1	distilbert/distilgpt2	distilbert/distilgpt2	False	0.00015606831584591419	12.64553451538086
ĠMary	1341	 Mary	2	distilbert/distilgpt2	distilbert/distilgpt2	False	0.00011674326378852129	13.064373016357422
Ġbecause	1341	 because	3	distilbert/distilgpt2	distilbert/distilgpt2	False	0.0005286650266498327	10.885358810424805
Ġshe	1341	 she	4	distilbert/distilgpt2	distilbert/distilgpt2	False	0.37161946296691895	1.4281020164489746
John	1342	John	0	distilbert/distilgpt2	distilbert/distilgpt2	False	1.0	0.0
Ġc	1342	 cuddled	1	distilbert/distilgpt2	distilbert/distilgpt2	False	2.704557300603483e-05	15.174247741699219
uddled	1342	 cuddled	1	distilbert/distilgpt2	distilbert/distilgpt2	False	5.456446160678752e-05	14.1616792678833
ĠMary	1342	 Mary	2	distilbert/distilgpt2	distilbert/distilgpt2	False	0.00010747705528046936	13.183683395385742
Ġbecause	1342	 because	3	distilbert/distilgpt2	distilbert/distilgpt2	False	0.0007871957495808601	10.310990333557129
Ġshe	1342	 she	4	distilbert/distilgpt2	distilbert/distilgpt2	False	0.3704056441783905	1.4328221082687378
Sarah	1343	Sarah	0	distilbert/distilgpt2	distilbert/distilgpt2	False	1.0	0.0
Ġc	1343	 cuddled	1	distilbert/distilgpt2	distilbert/distilgpt2	False	2.9799226467730477e-05	15.0343656539917
uddled	1343	 cuddled	1	distilbert/distilgpt2	distilbert/distilgpt2	False	0.00015606831584591419	12.64553451538086
ĠMary	1343	 Mary	2	distilbert/distilgpt2	distilbert/distilgpt2	False	0.00011674326378852129	13.064373016357422
Ġbecause	1343	 because	3	distilbert/distilgpt2	distilbert/distilgpt2	False	0.0005286650266498327	10.885358810424805
Ġshe	1343	 she	4	distilbert/distilgpt2	distilbert/distilgpt2	False	0.37161946296691895	1.4281020164489746
David	1344	David	0	distilbert/distilgpt2	distilbert/distilgpt2	False	1.0	0.0
Ġc	1344	 cuddled	1	distilbert/distilgpt2	distilbert/distilgpt2	False	2.9478862415999174e-05	15.049959182739258
uddled	1344	 cuddled	1	distilbert/distilgpt2	distilbert/distilgpt2	False	7.985767297213897e-05	13.61220932006836
ĠMary	1344	 Mary	2	distilbert/distilgpt2	distilbert/distilgpt2	False	0.00010988769645337015	13.15168285369873
Ġbecause	1344	 because	3	distilbert/distilgpt2	distilbert/distilgpt2	False	0.0005197786376811564	10.909814834594727
Ġshe	1344	 she	4	distilbert/distilgpt2	distilbert/distilgpt2	False	0.36574435234069824	1.4510926008224487
John	1345	John	0	distilbert/distilgpt2	distilbert/distilgpt2	False	1.0	0.0
Ġdated	1345	 dated	1	distilbert/distilgpt2	distilbert/distilgpt2	False	3.197349940364802e-07	21.57662010192871
ĠDavid	1345	 David	2	distilbert/distilgpt2	distilbert/distilgpt2	False	3.415595710976049e-05	14.837503433227539
Ġbecause	1345	 because	3	distilbert/distilgpt2	distilbert/distilgpt2	False	0.00019743977463804185	12.306300163269043
Ġhe	1345	 he	4	distilbert/distilgpt2	distilbert/distilgpt2	False	0.39238014817237854	1.3496761322021484
Mary	1346	Mary	0	distilbert/distilgpt2	distilbert/distilgpt2	False	1.0	0.0
Ġdated	1346	 dated	1	distilbert/distilgpt2	distilbert/distilgpt2	False	3.648734718808555e-07	21.38610076904297
ĠDavid	1346	 David	2	distilbert/distilgpt2	distilbert/distilgpt2	False	3.498692603898235e-05	14.802824974060059
Ġbecause	1346	 because	3	distilbert/distilgpt2	distilbert/distilgpt2	False	0.000240547742578201	12.02138900756836
Ġhe	1346	 he	4	distilbert/distilgpt2	distilbert/distilgpt2	False	0.36866897344589233	1.4396021366119385
John	1347	John	0	distilbert/distilgpt2	distilbert/distilgpt2	False	1.0	0.0
Ġdated	1347	 dated	1	distilbert/distilgpt2	distilbert/distilgpt2	False	3.197349940364802e-07	21.57662010192871
ĠDavid	1347	 David	2	distilbert/distilgpt2	distilbert/distilgpt2	False	3.415595710976049e-05	14.837503433227539
Ġbecause	1347	 because	3	distilbert/distilgpt2	distilbert/distilgpt2	False	0.00019743977463804185	12.306300163269043
Ġhe	1347	 he	4	distilbert/distilgpt2	distilbert/distilgpt2	False	0.39238014817237854	1.3496761322021484
Sarah	1348	Sarah	0	distilbert/distilgpt2	distilbert/distilgpt2	False	1.0	0.0
Ġdated	1348	 dated	1	distilbert/distilgpt2	distilbert/distilgpt2	False	3.045133496470953e-07	21.646991729736328
ĠDavid	1348	 David	2	distilbert/distilgpt2	distilbert/distilgpt2	False	0.00017917976947501302	12.446304321289062
Ġbecause	1348	 because	3	distilbert/distilgpt2	distilbert/distilgpt2	False	0.0003437721461523324	11.50625991821289
Ġhe	1348	 he	4	distilbert/distilgpt2	distilbert/distilgpt2	False	0.417470782995224	1.2602529525756836
David	1349	David	0	distilbert/distilgpt2	distilbert/distilgpt2	False	1.0	0.0
Ġdated	1349	 dated	1	distilbert/distilgpt2	distilbert/distilgpt2	False	3.20238825679553e-07	21.57434844970703
ĠJohn	1349	 John	2	distilbert/distilgpt2	distilbert/distilgpt2	False	0.0002981322759296745	11.711759567260742
Ġbecause	1349	 because	3	distilbert/distilgpt2	distilbert/distilgpt2	False	0.00036355864722281694	11.425524711608887
Ġhe	1349	 he	4	distilbert/distilgpt2	distilbert/distilgpt2	False	0.41505512595176697	1.2686251401901245
Mary	1350	Mary	0	distilbert/distilgpt2	distilbert/distilgpt2	False	1.0	0.0
Ġdated	1350	 dated	1	distilbert/distilgpt2	distilbert/distilgpt2	False	3.648734718808555e-07	21.38610076904297
ĠJohn	1350	 John	2	distilbert/distilgpt2	distilbert/distilgpt2	False	0.00011813009041361511	13.047335624694824
Ġbecause	1350	 because	3	distilbert/distilgpt2	distilbert/distilgpt2	False	0.00023354653967544436	12.06400203704834
Ġhe	1350	 he	4	distilbert/distilgpt2	distilbert/distilgpt2	False	0.38696184754371643	1.3697367906570435
David	1351	David	0	distilbert/distilgpt2	distilbert/distilgpt2	False	1.0	0.0
Ġdated	1351	 dated	1	distilbert/distilgpt2	distilbert/distilgpt2	False	3.20238825679553e-07	21.57434844970703
ĠJohn	1351	 John	2	distilbert/distilgpt2	distilbert/distilgpt2	False	0.0002981322759296745	11.711759567260742
Ġbecause	1351	 because	3	distilbert/distilgpt2	distilbert/distilgpt2	False	0.00036355864722281694	11.425524711608887
Ġhe	1351	 he	4	distilbert/distilgpt2	distilbert/distilgpt2	False	0.41505512595176697	1.2686251401901245
Sarah	1352	Sarah	0	distilbert/distilgpt2	distilbert/distilgpt2	False	1.0	0.0
Ġdated	1352	 dated	1	distilbert/distilgpt2	distilbert/distilgpt2	False	3.045133496470953e-07	21.646991729736328
ĠJohn	1352	 John	2	distilbert/distilgpt2	distilbert/distilgpt2	False	0.0004920958308503032	10.988773345947266
Ġbecause	1352	 because	3	distilbert/distilgpt2	distilbert/distilgpt2	False	0.0005878632073290646	10.732232093811035
Ġhe	1352	 he	4	distilbert/distilgpt2	distilbert/distilgpt2	False	0.40982773900032043	1.2869105339050293
Mary	1353	Mary	0	distilbert/distilgpt2	distilbert/distilgpt2	False	1.0	0.0
Ġdated	1353	 dated	1	distilbert/distilgpt2	distilbert/distilgpt2	False	3.648734718808555e-07	21.38610076904297
ĠSarah	1353	 Sarah	2	distilbert/distilgpt2	distilbert/distilgpt2	False	1.5994490240700543e-05	15.9320650100708
Ġbecause	1353	 because	3	distilbert/distilgpt2	distilbert/distilgpt2	False	0.0005283390055410564	10.886248588562012
Ġshe	1353	 she	4	distilbert/distilgpt2	distilbert/distilgpt2	False	0.4151453375816345	1.268311619758606
John	1354	John	0	distilbert/distilgpt2	distilbert/distilgpt2	False	1.0	0.0
Ġdated	1354	 dated	1	distilbert/distilgpt2	distilbert/distilgpt2	False	3.197349940364802e-07	21.57662010192871
ĠSarah	1354	 Sarah	2	distilbert/distilgpt2	distilbert/distilgpt2	False	1.308996434090659e-05	16.221179962158203
Ġbecause	1354	 because	3	distilbert/distilgpt2	distilbert/distilgpt2	False	0.0004269112250767648	11.19377613067627
Ġshe	1354	 she	4	distilbert/distilgpt2	distilbert/distilgpt2	False	0.4055858552455902	1.301920771598816
Mary	1355	Mary	0	distilbert/distilgpt2	distilbert/distilgpt2	False	1.0	0.0
Ġdated	1355	 dated	1	distilbert/distilgpt2	distilbert/distilgpt2	False	3.648734718808555e-07	21.38610076904297
ĠSarah	1355	 Sarah	2	distilbert/distilgpt2	distilbert/distilgpt2	False	1.5994490240700543e-05	15.9320650100708
Ġbecause	1355	 because	3	distilbert/distilgpt2	distilbert/distilgpt2	False	0.0005283390055410564	10.886248588562012
Ġshe	1355	 she	4	distilbert/distilgpt2	distilbert/distilgpt2	False	0.4151453375816345	1.268311619758606
David	1356	David	0	distilbert/distilgpt2	distilbert/distilgpt2	False	1.0	0.0
Ġdated	1356	 dated	1	distilbert/distilgpt2	distilbert/distilgpt2	False	3.20238825679553e-07	21.57434844970703
ĠSarah	1356	 Sarah	2	distilbert/distilgpt2	distilbert/distilgpt2	False	4.4211759814061224e-05	14.4652099609375
Ġbecause	1356	 because	3	distilbert/distilgpt2	distilbert/distilgpt2	False	0.00041366388904862106	11.239253044128418
Ġshe	1356	 she	4	distilbert/distilgpt2	distilbert/distilgpt2	False	0.42633533477783203	1.2299394607543945
Sarah	1357	Sarah	0	distilbert/distilgpt2	distilbert/distilgpt2	False	1.0	0.0
Ġdated	1357	 dated	1	distilbert/distilgpt2	distilbert/distilgpt2	False	3.045133496470953e-07	21.646991729736328
ĠMary	1357	 Mary	2	distilbert/distilgpt2	distilbert/distilgpt2	False	0.00010402063344372436	13.230842590332031
Ġbecause	1357	 because	3	distilbert/distilgpt2	distilbert/distilgpt2	False	0.00026270115631632507	11.89428997039795
Ġshe	1357	 she	4	distilbert/distilgpt2	distilbert/distilgpt2	False	0.3778993487358093	1.403926134109497
John	1358	John	0	distilbert/distilgpt2	distilbert/distilgpt2	False	1.0	0.0
Ġdated	1358	 dated	1	distilbert/distilgpt2	distilbert/distilgpt2	False	3.197349940364802e-07	21.57662010192871
ĠMary	1358	 Mary	2	distilbert/distilgpt2	distilbert/distilgpt2	False	1.9322997104609385e-05	15.659321784973145
Ġbecause	1358	 because	3	distilbert/distilgpt2	distilbert/distilgpt2	False	0.00019432556291576475	12.32923698425293
Ġshe	1358	 she	4	distilbert/distilgpt2	distilbert/distilgpt2	False	0.3575302064418793	1.4838629961013794
Sarah	1359	Sarah	0	distilbert/distilgpt2	distilbert/distilgpt2	False	1.0	0.0
Ġdated	1359	 dated	1	distilbert/distilgpt2	distilbert/distilgpt2	False	3.045133496470953e-07	21.646991729736328
ĠMary	1359	 Mary	2	distilbert/distilgpt2	distilbert/distilgpt2	False	0.00010402063344372436	13.230842590332031
Ġbecause	1359	 because	3	distilbert/distilgpt2	distilbert/distilgpt2	False	0.00026270115631632507	11.89428997039795
Ġshe	1359	 she	4	distilbert/distilgpt2	distilbert/distilgpt2	False	0.3778993487358093	1.403926134109497
David	1360	David	0	distilbert/distilgpt2	distilbert/distilgpt2	False	1.0	0.0
Ġdated	1360	 dated	1	distilbert/distilgpt2	distilbert/distilgpt2	False	3.20238825679553e-07	21.57434844970703
ĠMary	1360	 Mary	2	distilbert/distilgpt2	distilbert/distilgpt2	False	6.489857332780957e-05	13.911453247070312
Ġbecause	1360	 because	3	distilbert/distilgpt2	distilbert/distilgpt2	False	0.0001706798211671412	12.516419410705566
Ġshe	1360	 she	4	distilbert/distilgpt2	distilbert/distilgpt2	False	0.3710552453994751	1.430294156074524
John	1361	John	0	distilbert/distilgpt2	distilbert/distilgpt2	False	1.0	0.0
Ġd	1361	 daunted	1	distilbert/distilgpt2	distilbert/distilgpt2	False	1.667717515374534e-05	15.87176513671875
aunted	1361	 daunted	1	distilbert/distilgpt2	distilbert/distilgpt2	False	7.993409963091835e-05	13.61082935333252
ĠDavid	1361	 David	2	distilbert/distilgpt2	distilbert/distilgpt2	False	0.0003561651974450797	11.45516586303711
Ġbecause	1361	 because	3	distilbert/distilgpt2	distilbert/distilgpt2	False	0.00011770614219130948	13.052522659301758
Ġhe	1361	 he	4	distilbert/distilgpt2	distilbert/distilgpt2	False	0.5087466835975647	0.9749805927276611
Mary	1362	Mary	0	distilbert/distilgpt2	distilbert/distilgpt2	False	1.0	0.0
Ġd	1362	 daunted	1	distilbert/distilgpt2	distilbert/distilgpt2	False	1.5806219380465336e-05	15.949148178100586
aunted	1362	 daunted	1	distilbert/distilgpt2	distilbert/distilgpt2	False	0.00010961869702441618	13.155218124389648
ĠDavid	1362	 David	2	distilbert/distilgpt2	distilbert/distilgpt2	False	0.00022548223205376416	12.11469841003418
Ġbecause	1362	 because	3	distilbert/distilgpt2	distilbert/distilgpt2	False	0.00022724289738107473	12.103477478027344
Ġhe	1362	 he	4	distilbert/distilgpt2	distilbert/distilgpt2	False	0.5034106969833374	0.9901922345161438
John	1363	John	0	distilbert/distilgpt2	distilbert/distilgpt2	False	1.0	0.0
Ġd	1363	 daunted	1	distilbert/distilgpt2	distilbert/distilgpt2	False	1.667717515374534e-05	15.87176513671875
aunted	1363	 daunted	1	distilbert/distilgpt2	distilbert/distilgpt2	False	7.993409963091835e-05	13.61082935333252
ĠDavid	1363	 David	2	distilbert/distilgpt2	distilbert/distilgpt2	False	0.0003561651974450797	11.45516586303711
Ġbecause	1363	 because	3	distilbert/distilgpt2	distilbert/distilgpt2	False	0.00011770614219130948	13.052522659301758
Ġhe	1363	 he	4	distilbert/distilgpt2	distilbert/distilgpt2	False	0.5087466835975647	0.9749805927276611
Sarah	1364	Sarah	0	distilbert/distilgpt2	distilbert/distilgpt2	False	1.0	0.0
Ġd	1364	 daunted	1	distilbert/distilgpt2	distilbert/distilgpt2	False	1.6037440218497068e-05	15.928196907043457
aunted	1364	 daunted	1	distilbert/distilgpt2	distilbert/distilgpt2	False	0.00011069708125432953	13.141095161437988
ĠDavid	1364	 David	2	distilbert/distilgpt2	distilbert/distilgpt2	False	0.00033971911761909723	11.523369789123535
Ġbecause	1364	 because	3	distilbert/distilgpt2	distilbert/distilgpt2	False	0.00013754602696280926	12.827797889709473
Ġhe	1364	 he	4	distilbert/distilgpt2	distilbert/distilgpt2	False	0.5083777904510498	0.9760270714759827
David	1365	David	0	distilbert/distilgpt2	distilbert/distilgpt2	False	1.0	0.0
Ġd	1365	 daunted	1	distilbert/distilgpt2	distilbert/distilgpt2	False	1.8027218175120652e-05	15.7594633102417
aunted	1365	 daunted	1	distilbert/distilgpt2	distilbert/distilgpt2	False	7.786848436808214e-05	13.648600578308105
ĠJohn	1365	 John	2	distilbert/distilgpt2	distilbert/distilgpt2	False	0.0007090179133228958	10.46189022064209
Ġbecause	1365	 because	3	distilbert/distilgpt2	distilbert/distilgpt2	False	0.00012900838919449598	12.920247077941895
Ġhe	1365	 he	4	distilbert/distilgpt2	distilbert/distilgpt2	False	0.5281301140785217	0.9210347533226013
Mary	1366	Mary	0	distilbert/distilgpt2	distilbert/distilgpt2	False	1.0	0.0
Ġd	1366	 daunted	1	distilbert/distilgpt2	distilbert/distilgpt2	False	1.5806219380465336e-05	15.949148178100586
aunted	1366	 daunted	1	distilbert/distilgpt2	distilbert/distilgpt2	False	0.00010961869702441618	13.155218124389648
ĠJohn	1366	 John	2	distilbert/distilgpt2	distilbert/distilgpt2	False	0.0005840983358211815	10.741500854492188
Ġbecause	1366	 because	3	distilbert/distilgpt2	distilbert/distilgpt2	False	0.0002984619641210884	11.710165023803711
Ġhe	1366	 he	4	distilbert/distilgpt2	distilbert/distilgpt2	False	0.5346190929412842	0.9034167528152466
David	1367	David	0	distilbert/distilgpt2	distilbert/distilgpt2	False	1.0	0.0
Ġd	1367	 daunted	1	distilbert/distilgpt2	distilbert/distilgpt2	False	1.8027218175120652e-05	15.7594633102417
aunted	1367	 daunted	1	distilbert/distilgpt2	distilbert/distilgpt2	False	7.786848436808214e-05	13.648600578308105
ĠJohn	1367	 John	2	distilbert/distilgpt2	distilbert/distilgpt2	False	0.0007090179133228958	10.46189022064209
Ġbecause	1367	 because	3	distilbert/distilgpt2	distilbert/distilgpt2	False	0.00012900838919449598	12.920247077941895
Ġhe	1367	 he	4	distilbert/distilgpt2	distilbert/distilgpt2	False	0.5281301140785217	0.9210347533226013
Sarah	1368	Sarah	0	distilbert/distilgpt2	distilbert/distilgpt2	False	1.0	0.0
Ġd	1368	 daunted	1	distilbert/distilgpt2	distilbert/distilgpt2	False	1.6037440218497068e-05	15.928196907043457
aunted	1368	 daunted	1	distilbert/distilgpt2	distilbert/distilgpt2	False	0.00011069708125432953	13.141095161437988
ĠJohn	1368	 John	2	distilbert/distilgpt2	distilbert/distilgpt2	False	0.0006564163486473262	10.573101043701172
Ġbecause	1368	 because	3	distilbert/distilgpt2	distilbert/distilgpt2	False	0.0003190352290403098	11.613996505737305
Ġhe	1368	 he	4	distilbert/distilgpt2	distilbert/distilgpt2	False	0.5271767973899841	0.9236411452293396
Mary	1369	Mary	0	distilbert/distilgpt2	distilbert/distilgpt2	False	1.0	0.0
Ġd	1369	 daunted	1	distilbert/distilgpt2	distilbert/distilgpt2	False	1.5806219380465336e-05	15.949148178100586
aunted	1369	 daunted	1	distilbert/distilgpt2	distilbert/distilgpt2	False	0.00010961869702441618	13.155218124389648
ĠSarah	1369	 Sarah	2	distilbert/distilgpt2	distilbert/distilgpt2	False	0.0001164203931693919	13.068368911743164
Ġbecause	1369	 because	3	distilbert/distilgpt2	distilbert/distilgpt2	False	0.0009819094557315111	9.992122650146484
Ġshe	1369	 she	4	distilbert/distilgpt2	distilbert/distilgpt2	False	0.5733361840248108	0.8025467991828918
John	1370	John	0	distilbert/distilgpt2	distilbert/distilgpt2	False	1.0	0.0
Ġd	1370	 daunted	1	distilbert/distilgpt2	distilbert/distilgpt2	False	1.667717515374534e-05	15.87176513671875
aunted	1370	 daunted	1	distilbert/distilgpt2	distilbert/distilgpt2	False	7.993409963091835e-05	13.61082935333252
ĠSarah	1370	 Sarah	2	distilbert/distilgpt2	distilbert/distilgpt2	False	0.00013761071022599936	12.827119827270508
Ġbecause	1370	 because	3	distilbert/distilgpt2	distilbert/distilgpt2	False	0.0005017841467633843	10.96064567565918
Ġshe	1370	 she	4	distilbert/distilgpt2	distilbert/distilgpt2	False	0.5636391639709473	0.8271563053131104
Mary	1371	Mary	0	distilbert/distilgpt2	distilbert/distilgpt2	False	1.0	0.0
Ġd	1371	 daunted	1	distilbert/distilgpt2	distilbert/distilgpt2	False	1.5806219380465336e-05	15.949148178100586
aunted	1371	 daunted	1	distilbert/distilgpt2	distilbert/distilgpt2	False	0.00010961869702441618	13.155218124389648
ĠSarah	1371	 Sarah	2	distilbert/distilgpt2	distilbert/distilgpt2	False	0.0001164203931693919	13.068368911743164
Ġbecause	1371	 because	3	distilbert/distilgpt2	distilbert/distilgpt2	False	0.0009819094557315111	9.992122650146484
Ġshe	1371	 she	4	distilbert/distilgpt2	distilbert/distilgpt2	False	0.5733361840248108	0.8025467991828918
David	1372	David	0	distilbert/distilgpt2	distilbert/distilgpt2	False	1.0	0.0
Ġd	1372	 daunted	1	distilbert/distilgpt2	distilbert/distilgpt2	False	1.8027218175120652e-05	15.7594633102417
aunted	1372	 daunted	1	distilbert/distilgpt2	distilbert/distilgpt2	False	7.786848436808214e-05	13.648600578308105
ĠSarah	1372	 Sarah	2	distilbert/distilgpt2	distilbert/distilgpt2	False	0.0001407325325999409	12.794756889343262
Ġbecause	1372	 because	3	distilbert/distilgpt2	distilbert/distilgpt2	False	0.00031639644294045866	11.62597942352295
Ġshe	1372	 she	4	distilbert/distilgpt2	distilbert/distilgpt2	False	0.5561419725418091	0.8464749455451965
Sarah	1373	Sarah	0	distilbert/distilgpt2	distilbert/distilgpt2	False	1.0	0.0
Ġd	1373	 daunted	1	distilbert/distilgpt2	distilbert/distilgpt2	False	1.6037440218497068e-05	15.928196907043457
aunted	1373	 daunted	1	distilbert/distilgpt2	distilbert/distilgpt2	False	0.00011069708125432953	13.141095161437988
ĠMary	1373	 Mary	2	distilbert/distilgpt2	distilbert/distilgpt2	False	0.00029174337396398187	11.743012428283691
Ġbecause	1373	 because	3	distilbert/distilgpt2	distilbert/distilgpt2	False	0.0008052481571212411	10.278279304504395
Ġshe	1373	 she	4	distilbert/distilgpt2	distilbert/distilgpt2	False	0.5062761306762695	0.9820036292076111
John	1374	John	0	distilbert/distilgpt2	distilbert/distilgpt2	False	1.0	0.0
Ġd	1374	 daunted	1	distilbert/distilgpt2	distilbert/distilgpt2	False	1.667717515374534e-05	15.87176513671875
aunted	1374	 daunted	1	distilbert/distilgpt2	distilbert/distilgpt2	False	7.993409963091835e-05	13.61082935333252
ĠMary	1374	 Mary	2	distilbert/distilgpt2	distilbert/distilgpt2	False	0.0002579826978035271	11.920437812805176
Ġbecause	1374	 because	3	distilbert/distilgpt2	distilbert/distilgpt2	False	0.001244251150637865	9.650506019592285
Ġshe	1374	 she	4	distilbert/distilgpt2	distilbert/distilgpt2	False	0.5047672390937805	0.986309826374054
Sarah	1375	Sarah	0	distilbert/distilgpt2	distilbert/distilgpt2	False	1.0	0.0
Ġd	1375	 daunted	1	distilbert/distilgpt2	distilbert/distilgpt2	False	1.6037440218497068e-05	15.928196907043457
aunted	1375	 daunted	1	distilbert/distilgpt2	distilbert/distilgpt2	False	0.00011069708125432953	13.141095161437988
ĠMary	1375	 Mary	2	distilbert/distilgpt2	distilbert/distilgpt2	False	0.00029174337396398187	11.743012428283691
Ġbecause	1375	 because	3	distilbert/distilgpt2	distilbert/distilgpt2	False	0.0008052481571212411	10.278279304504395
Ġshe	1375	 she	4	distilbert/distilgpt2	distilbert/distilgpt2	False	0.5062761306762695	0.9820036292076111
David	1376	David	0	distilbert/distilgpt2	distilbert/distilgpt2	False	1.0	0.0
Ġd	1376	 daunted	1	distilbert/distilgpt2	distilbert/distilgpt2	False	1.8027218175120652e-05	15.7594633102417
aunted	1376	 daunted	1	distilbert/distilgpt2	distilbert/distilgpt2	False	7.786848436808214e-05	13.648600578308105
ĠMary	1376	 Mary	2	distilbert/distilgpt2	distilbert/distilgpt2	False	0.0002317314938409254	12.075258255004883
Ġbecause	1376	 because	3	distilbert/distilgpt2	distilbert/distilgpt2	False	0.00048138436977751553	11.020523071289062
Ġshe	1376	 she	4	distilbert/distilgpt2	distilbert/distilgpt2	False	0.5005408525466919	0.9984402656555176
John	1377	John	0	distilbert/distilgpt2	distilbert/distilgpt2	False	1.0	0.0
Ġdebated	1377	 debated	1	distilbert/distilgpt2	distilbert/distilgpt2	False	6.487706372126922e-08	23.877716064453125
Ġwith	1377	 with	2	distilbert/distilgpt2	distilbert/distilgpt2	False	0.05187366157770157	4.268854141235352
ĠDavid	1377	 David	3	distilbert/distilgpt2	distilbert/distilgpt2	False	0.003935367334634066	7.989285945892334
Ġbecause	1377	 because	4	distilbert/distilgpt2	distilbert/distilgpt2	False	0.00011099009861936793	13.13728141784668
Ġhe	1377	 he	5	distilbert/distilgpt2	distilbert/distilgpt2	False	0.32286396622657776	1.6310017108917236
Mary	1378	Mary	0	distilbert/distilgpt2	distilbert/distilgpt2	False	1.0	0.0
Ġdebated	1378	 debated	1	distilbert/distilgpt2	distilbert/distilgpt2	False	6.679504593876118e-08	23.835683822631836
Ġwith	1378	 with	2	distilbert/distilgpt2	distilbert/distilgpt2	False	0.03180626034736633	4.974545478820801
ĠDavid	1378	 David	3	distilbert/distilgpt2	distilbert/distilgpt2	False	0.0024016161914914846	8.701778411865234
Ġbecause	1378	 because	4	distilbert/distilgpt2	distilbert/distilgpt2	False	0.0003107739903498441	11.651846885681152
Ġhe	1378	 he	5	distilbert/distilgpt2	distilbert/distilgpt2	False	0.31215134263038635	1.6796824932098389
John	1379	John	0	distilbert/distilgpt2	distilbert/distilgpt2	False	1.0	0.0
Ġdebated	1379	 debated	1	distilbert/distilgpt2	distilbert/distilgpt2	False	6.487706372126922e-08	23.877716064453125
Ġwith	1379	 with	2	distilbert/distilgpt2	distilbert/distilgpt2	False	0.05187366157770157	4.268854141235352
ĠDavid	1379	 David	3	distilbert/distilgpt2	distilbert/distilgpt2	False	0.003935367334634066	7.989285945892334
Ġbecause	1379	 because	4	distilbert/distilgpt2	distilbert/distilgpt2	False	0.00011099009861936793	13.13728141784668
Ġhe	1379	 he	5	distilbert/distilgpt2	distilbert/distilgpt2	False	0.32286396622657776	1.6310017108917236
Sarah	1380	Sarah	0	distilbert/distilgpt2	distilbert/distilgpt2	False	1.0	0.0
Ġdebated	1380	 debated	1	distilbert/distilgpt2	distilbert/distilgpt2	False	6.874363123188232e-08	23.794198989868164
Ġwith	1380	 with	2	distilbert/distilgpt2	distilbert/distilgpt2	False	0.05823554843664169	4.101956367492676
ĠDavid	1380	 David	3	distilbert/distilgpt2	distilbert/distilgpt2	False	0.003982518799602985	7.972103118896484
Ġbecause	1380	 because	4	distilbert/distilgpt2	distilbert/distilgpt2	False	8.032826735870913e-05	13.60373306274414
Ġhe	1380	 he	5	distilbert/distilgpt2	distilbert/distilgpt2	False	0.33095499873161316	1.5952930450439453
David	1381	David	0	distilbert/distilgpt2	distilbert/distilgpt2	False	1.0	0.0
Ġdebated	1381	 debated	1	distilbert/distilgpt2	distilbert/distilgpt2	False	8.179795685236968e-08	23.543359756469727
Ġwith	1381	 with	2	distilbert/distilgpt2	distilbert/distilgpt2	False	0.051518119871616364	4.278776168823242
ĠJohn	1381	 John	3	distilbert/distilgpt2	distilbert/distilgpt2	False	0.003289144719019532	8.248071670532227
Ġbecause	1381	 because	4	distilbert/distilgpt2	distilbert/distilgpt2	False	0.0001078674613381736	13.178452491760254
Ġhe	1381	 he	5	distilbert/distilgpt2	distilbert/distilgpt2	False	0.3226809501647949	1.631819725036621
Mary	1382	Mary	0	distilbert/distilgpt2	distilbert/distilgpt2	False	1.0	0.0
Ġdebated	1382	 debated	1	distilbert/distilgpt2	distilbert/distilgpt2	False	6.679504593876118e-08	23.835683822631836
Ġwith	1382	 with	2	distilbert/distilgpt2	distilbert/distilgpt2	False	0.03180626034736633	4.974545478820801
ĠJohn	1382	 John	3	distilbert/distilgpt2	distilbert/distilgpt2	False	0.003647305304184556	8.098953247070312
Ġbecause	1382	 because	4	distilbert/distilgpt2	distilbert/distilgpt2	False	0.0002339147758902982	12.061729431152344
Ġhe	1382	 he	5	distilbert/distilgpt2	distilbert/distilgpt2	False	0.33513155579566956	1.5772006511688232
David	1383	David	0	distilbert/distilgpt2	distilbert/distilgpt2	False	1.0	0.0
Ġdebated	1383	 debated	1	distilbert/distilgpt2	distilbert/distilgpt2	False	8.179795685236968e-08	23.543359756469727
Ġwith	1383	 with	2	distilbert/distilgpt2	distilbert/distilgpt2	False	0.051518119871616364	4.278776168823242
ĠJohn	1383	 John	3	distilbert/distilgpt2	distilbert/distilgpt2	False	0.003289144719019532	8.248071670532227
Ġbecause	1383	 because	4	distilbert/distilgpt2	distilbert/distilgpt2	False	0.0001078674613381736	13.178452491760254
Ġhe	1383	 he	5	distilbert/distilgpt2	distilbert/distilgpt2	False	0.3226809501647949	1.631819725036621
Sarah	1384	Sarah	0	distilbert/distilgpt2	distilbert/distilgpt2	False	1.0	0.0
Ġdebated	1384	 debated	1	distilbert/distilgpt2	distilbert/distilgpt2	False	6.874363123188232e-08	23.794198989868164
Ġwith	1384	 with	2	distilbert/distilgpt2	distilbert/distilgpt2	False	0.05823554843664169	4.101956367492676
ĠJohn	1384	 John	3	distilbert/distilgpt2	distilbert/distilgpt2	False	0.003591378917917609	8.121246337890625
Ġbecause	1384	 because	4	distilbert/distilgpt2	distilbert/distilgpt2	False	0.0002389452129136771	12.03103256225586
Ġhe	1384	 he	5	distilbert/distilgpt2	distilbert/distilgpt2	False	0.33838334679603577	1.5632696151733398
Mary	1385	Mary	0	distilbert/distilgpt2	distilbert/distilgpt2	False	1.0	0.0
Ġdebated	1385	 debated	1	distilbert/distilgpt2	distilbert/distilgpt2	False	6.679504593876118e-08	23.835683822631836
Ġwith	1385	 with	2	distilbert/distilgpt2	distilbert/distilgpt2	False	0.03180626034736633	4.974545478820801
ĠSarah	1385	 Sarah	3	distilbert/distilgpt2	distilbert/distilgpt2	False	0.0007336288108490407	10.412662506103516
Ġbecause	1385	 because	4	distilbert/distilgpt2	distilbert/distilgpt2	False	0.0007645218283869326	10.353155136108398
Ġshe	1385	 she	5	distilbert/distilgpt2	distilbert/distilgpt2	False	0.3499525189399719	1.5147689580917358
John	1386	John	0	distilbert/distilgpt2	distilbert/distilgpt2	False	1.0	0.0
Ġdebated	1386	 debated	1	distilbert/distilgpt2	distilbert/distilgpt2	False	6.487706372126922e-08	23.877716064453125
Ġwith	1386	 with	2	distilbert/distilgpt2	distilbert/distilgpt2	False	0.05187366157770157	4.268854141235352
ĠSarah	1386	 Sarah	3	distilbert/distilgpt2	distilbert/distilgpt2	False	0.0009054339025169611	10.109103202819824
Ġbecause	1386	 because	4	distilbert/distilgpt2	distilbert/distilgpt2	False	0.0003522252955008298	11.471214294433594
Ġshe	1386	 she	5	distilbert/distilgpt2	distilbert/distilgpt2	False	0.33958402276039124	1.558159589767456
Mary	1387	Mary	0	distilbert/distilgpt2	distilbert/distilgpt2	False	1.0	0.0
Ġdebated	1387	 debated	1	distilbert/distilgpt2	distilbert/distilgpt2	False	6.679504593876118e-08	23.835683822631836
Ġwith	1387	 with	2	distilbert/distilgpt2	distilbert/distilgpt2	False	0.03180626034736633	4.974545478820801
ĠSarah	1387	 Sarah	3	distilbert/distilgpt2	distilbert/distilgpt2	False	0.0007336288108490407	10.412662506103516
Ġbecause	1387	 because	4	distilbert/distilgpt2	distilbert/distilgpt2	False	0.0007645218283869326	10.353155136108398
Ġshe	1387	 she	5	distilbert/distilgpt2	distilbert/distilgpt2	False	0.3499525189399719	1.5147689580917358
David	1388	David	0	distilbert/distilgpt2	distilbert/distilgpt2	False	1.0	0.0
Ġdebated	1388	 debated	1	distilbert/distilgpt2	distilbert/distilgpt2	False	8.179795685236968e-08	23.543359756469727
Ġwith	1388	 with	2	distilbert/distilgpt2	distilbert/distilgpt2	False	0.051518119871616364	4.278776168823242
ĠSarah	1388	 Sarah	3	distilbert/distilgpt2	distilbert/distilgpt2	False	0.0007845373474992812	10.31587028503418
Ġbecause	1388	 because	4	distilbert/distilgpt2	distilbert/distilgpt2	False	0.0002111078501911834	12.209732055664062
Ġshe	1388	 she	5	distilbert/distilgpt2	distilbert/distilgpt2	False	0.34232282638549805	1.5465706586837769
Sarah	1389	Sarah	0	distilbert/distilgpt2	distilbert/distilgpt2	False	1.0	0.0
Ġdebated	1389	 debated	1	distilbert/distilgpt2	distilbert/distilgpt2	False	6.874363123188232e-08	23.794198989868164
Ġwith	1389	 with	2	distilbert/distilgpt2	distilbert/distilgpt2	False	0.05823554843664169	4.101956367492676
ĠMary	1389	 Mary	3	distilbert/distilgpt2	distilbert/distilgpt2	False	0.0007252263021655381	10.429281234741211
Ġbecause	1389	 because	4	distilbert/distilgpt2	distilbert/distilgpt2	False	0.00023455543851014227	12.057783126831055
Ġshe	1389	 she	5	distilbert/distilgpt2	distilbert/distilgpt2	False	0.34734752774238586	1.5255483388900757
John	1390	John	0	distilbert/distilgpt2	distilbert/distilgpt2	False	1.0	0.0
Ġdebated	1390	 debated	1	distilbert/distilgpt2	distilbert/distilgpt2	False	6.487706372126922e-08	23.877716064453125
Ġwith	1390	 with	2	distilbert/distilgpt2	distilbert/distilgpt2	False	0.05187366157770157	4.268854141235352
ĠMary	1390	 Mary	3	distilbert/distilgpt2	distilbert/distilgpt2	False	0.0007341383607126772	10.411660194396973
Ġbecause	1390	 because	4	distilbert/distilgpt2	distilbert/distilgpt2	False	0.0003760831896215677	11.376660346984863
Ġshe	1390	 she	5	distilbert/distilgpt2	distilbert/distilgpt2	False	0.34006819128990173	1.556104063987732
Sarah	1391	Sarah	0	distilbert/distilgpt2	distilbert/distilgpt2	False	1.0	0.0
Ġdebated	1391	 debated	1	distilbert/distilgpt2	distilbert/distilgpt2	False	6.874363123188232e-08	23.794198989868164
Ġwith	1391	 with	2	distilbert/distilgpt2	distilbert/distilgpt2	False	0.05823554843664169	4.101956367492676
ĠMary	1391	 Mary	3	distilbert/distilgpt2	distilbert/distilgpt2	False	0.0007252263021655381	10.429281234741211
Ġbecause	1391	 because	4	distilbert/distilgpt2	distilbert/distilgpt2	False	0.00023455543851014227	12.057783126831055
Ġshe	1391	 she	5	distilbert/distilgpt2	distilbert/distilgpt2	False	0.34734752774238586	1.5255483388900757
David	1392	David	0	distilbert/distilgpt2	distilbert/distilgpt2	False	1.0	0.0
Ġdebated	1392	 debated	1	distilbert/distilgpt2	distilbert/distilgpt2	False	8.179795685236968e-08	23.543359756469727
Ġwith	1392	 with	2	distilbert/distilgpt2	distilbert/distilgpt2	False	0.051518119871616364	4.278776168823242
ĠMary	1392	 Mary	3	distilbert/distilgpt2	distilbert/distilgpt2	False	0.0005632410175167024	10.793959617614746
Ġbecause	1392	 because	4	distilbert/distilgpt2	distilbert/distilgpt2	False	0.00011331407586112618	13.107385635375977
Ġshe	1392	 she	5	distilbert/distilgpt2	distilbert/distilgpt2	False	0.34307098388671875	1.5434210300445557
John	1393	John	0	distilbert/distilgpt2	distilbert/distilgpt2	False	1.0	0.0
Ġdeceived	1393	 deceived	1	distilbert/distilgpt2	distilbert/distilgpt2	False	9.725236616020538e-09	26.615619659423828
ĠDavid	1393	 David	2	distilbert/distilgpt2	distilbert/distilgpt2	False	0.00015993125271052122	12.610260009765625
Ġbecause	1393	 because	3	distilbert/distilgpt2	distilbert/distilgpt2	False	0.0021668528206646442	8.850183486938477
Ġhe	1393	 he	4	distilbert/distilgpt2	distilbert/distilgpt2	False	0.4299020767211914	1.2179200649261475
Mary	1394	Mary	0	distilbert/distilgpt2	distilbert/distilgpt2	False	1.0	0.0
Ġdeceived	1394	 deceived	1	distilbert/distilgpt2	distilbert/distilgpt2	False	1.1781932762744418e-08	26.338848114013672
ĠDavid	1394	 David	2	distilbert/distilgpt2	distilbert/distilgpt2	False	0.00011897692456841469	13.037030220031738
Ġbecause	1394	 because	3	distilbert/distilgpt2	distilbert/distilgpt2	False	0.0030096096452325583	8.376208305358887
Ġhe	1394	 he	4	distilbert/distilgpt2	distilbert/distilgpt2	False	0.4257906973361969	1.2317837476730347
John	1395	John	0	distilbert/distilgpt2	distilbert/distilgpt2	False	1.0	0.0
Ġdeceived	1395	 deceived	1	distilbert/distilgpt2	distilbert/distilgpt2	False	9.725236616020538e-09	26.615619659423828
ĠDavid	1395	 David	2	distilbert/distilgpt2	distilbert/distilgpt2	False	0.00015993125271052122	12.610260009765625
Ġbecause	1395	 because	3	distilbert/distilgpt2	distilbert/distilgpt2	False	0.0021668528206646442	8.850183486938477
Ġhe	1395	 he	4	distilbert/distilgpt2	distilbert/distilgpt2	False	0.4299020767211914	1.2179200649261475
Sarah	1396	Sarah	0	distilbert/distilgpt2	distilbert/distilgpt2	False	1.0	0.0
Ġdeceived	1396	 deceived	1	distilbert/distilgpt2	distilbert/distilgpt2	False	8.538195039875518e-09	26.803421020507812
ĠDavid	1396	 David	2	distilbert/distilgpt2	distilbert/distilgpt2	False	0.00014716145233251154	12.73031234741211
Ġbecause	1396	 because	3	distilbert/distilgpt2	distilbert/distilgpt2	False	0.0016593062318861485	9.235203742980957
Ġhe	1396	 he	4	distilbert/distilgpt2	distilbert/distilgpt2	False	0.4379270374774933	1.1912375688552856
David	1397	David	0	distilbert/distilgpt2	distilbert/distilgpt2	False	1.0	0.0
Ġdeceived	1397	 deceived	1	distilbert/distilgpt2	distilbert/distilgpt2	False	1.1445717262859034e-08	26.380617141723633
ĠJohn	1397	 John	2	distilbert/distilgpt2	distilbert/distilgpt2	False	0.0003062235773541033	11.673127174377441
Ġbecause	1397	 because	3	distilbert/distilgpt2	distilbert/distilgpt2	False	0.0008972609648481011	10.122184753417969
Ġhe	1397	 he	4	distilbert/distilgpt2	distilbert/distilgpt2	False	0.4175736606121063	1.2598974704742432
Mary	1398	Mary	0	distilbert/distilgpt2	distilbert/distilgpt2	False	1.0	0.0
Ġdeceived	1398	 deceived	1	distilbert/distilgpt2	distilbert/distilgpt2	False	1.1781932762744418e-08	26.338848114013672
ĠJohn	1398	 John	2	distilbert/distilgpt2	distilbert/distilgpt2	False	0.0003576468152459711	11.449176788330078
Ġbecause	1398	 because	3	distilbert/distilgpt2	distilbert/distilgpt2	False	0.0033568362705409527	8.218682289123535
Ġhe	1398	 he	4	distilbert/distilgpt2	distilbert/distilgpt2	False	0.43182098865509033	1.21149480342865
David	1399	David	0	distilbert/distilgpt2	distilbert/distilgpt2	False	1.0	0.0
Ġdeceived	1399	 deceived	1	distilbert/distilgpt2	distilbert/distilgpt2	False	1.1445717262859034e-08	26.380617141723633
ĠJohn	1399	 John	2	distilbert/distilgpt2	distilbert/distilgpt2	False	0.0003062235773541033	11.673127174377441
Ġbecause	1399	 because	3	distilbert/distilgpt2	distilbert/distilgpt2	False	0.0008972609648481011	10.122184753417969
Ġhe	1399	 he	4	distilbert/distilgpt2	distilbert/distilgpt2	False	0.4175736606121063	1.2598974704742432
Sarah	1400	Sarah	0	distilbert/distilgpt2	distilbert/distilgpt2	False	1.0	0.0
Ġdeceived	1400	 deceived	1	distilbert/distilgpt2	distilbert/distilgpt2	False	8.538195039875518e-09	26.803421020507812
ĠJohn	1400	 John	2	distilbert/distilgpt2	distilbert/distilgpt2	False	0.0003409124619793147	11.518310546875
Ġbecause	1400	 because	3	distilbert/distilgpt2	distilbert/distilgpt2	False	0.002993249800056219	8.384071350097656
Ġhe	1400	 he	4	distilbert/distilgpt2	distilbert/distilgpt2	False	0.4249206483364105	1.2347346544265747
Mary	1401	Mary	0	distilbert/distilgpt2	distilbert/distilgpt2	False	1.0	0.0
Ġdeceived	1401	 deceived	1	distilbert/distilgpt2	distilbert/distilgpt2	False	1.1781932762744418e-08	26.338848114013672
ĠSarah	1401	 Sarah	2	distilbert/distilgpt2	distilbert/distilgpt2	False	8.919563697418198e-05	13.452667236328125
Ġbecause	1401	 because	3	distilbert/distilgpt2	distilbert/distilgpt2	False	0.004967573564499617	7.653243064880371
Ġshe	1401	 she	4	distilbert/distilgpt2	distilbert/distilgpt2	False	0.4946707487106323	1.0154595375061035
John	1402	John	0	distilbert/distilgpt2	distilbert/distilgpt2	False	1.0	0.0
Ġdeceived	1402	 deceived	1	distilbert/distilgpt2	distilbert/distilgpt2	False	9.725236616020538e-09	26.615619659423828
ĠSarah	1402	 Sarah	2	distilbert/distilgpt2	distilbert/distilgpt2	False	9.613897418603301e-05	13.344518661499023
Ġbecause	1402	 because	3	distilbert/distilgpt2	distilbert/distilgpt2	False	0.003254685318097472	8.263266563415527
Ġshe	1402	 she	4	distilbert/distilgpt2	distilbert/distilgpt2	False	0.4810340106487274	1.0557892322540283
Mary	1403	Mary	0	distilbert/distilgpt2	distilbert/distilgpt2	False	1.0	0.0
Ġdeceived	1403	 deceived	1	distilbert/distilgpt2	distilbert/distilgpt2	False	1.1781932762744418e-08	26.338848114013672
ĠSarah	1403	 Sarah	2	distilbert/distilgpt2	distilbert/distilgpt2	False	8.919563697418198e-05	13.452667236328125
Ġbecause	1403	 because	3	distilbert/distilgpt2	distilbert/distilgpt2	False	0.004967573564499617	7.653243064880371
Ġshe	1403	 she	4	distilbert/distilgpt2	distilbert/distilgpt2	False	0.4946707487106323	1.0154595375061035
David	1404	David	0	distilbert/distilgpt2	distilbert/distilgpt2	False	1.0	0.0
Ġdeceived	1404	 deceived	1	distilbert/distilgpt2	distilbert/distilgpt2	False	1.1445717262859034e-08	26.380617141723633
ĠSarah	1404	 Sarah	2	distilbert/distilgpt2	distilbert/distilgpt2	False	6.759456300642341e-05	13.852733612060547
Ġbecause	1404	 because	3	distilbert/distilgpt2	distilbert/distilgpt2	False	0.0010897734900936484	9.841755867004395
Ġshe	1404	 she	4	distilbert/distilgpt2	distilbert/distilgpt2	False	0.4595756530761719	1.1216257810592651
Sarah	1405	Sarah	0	distilbert/distilgpt2	distilbert/distilgpt2	False	1.0	0.0
Ġdeceived	1405	 deceived	1	distilbert/distilgpt2	distilbert/distilgpt2	False	8.538195039875518e-09	26.803421020507812
ĠMary	1405	 Mary	2	distilbert/distilgpt2	distilbert/distilgpt2	False	0.0002520990965422243	11.95372200012207
Ġbecause	1405	 because	3	distilbert/distilgpt2	distilbert/distilgpt2	False	0.003936714492738247	7.988792419433594
Ġshe	1405	 she	4	distilbert/distilgpt2	distilbert/distilgpt2	False	0.43011635541915894	1.2172011137008667
John	1406	John	0	distilbert/distilgpt2	distilbert/distilgpt2	False	1.0	0.0
Ġdeceived	1406	 deceived	1	distilbert/distilgpt2	distilbert/distilgpt2	False	9.725236616020538e-09	26.615619659423828
ĠMary	1406	 Mary	2	distilbert/distilgpt2	distilbert/distilgpt2	False	0.00024070149811450392	12.020467758178711
Ġbecause	1406	 because	3	distilbert/distilgpt2	distilbert/distilgpt2	False	0.0049327947199344635	7.663379192352295
Ġshe	1406	 she	4	distilbert/distilgpt2	distilbert/distilgpt2	False	0.4405726492404938	1.18254816532135
Sarah	1407	Sarah	0	distilbert/distilgpt2	distilbert/distilgpt2	False	1.0	0.0
Ġdeceived	1407	 deceived	1	distilbert/distilgpt2	distilbert/distilgpt2	False	8.538195039875518e-09	26.803421020507812
ĠMary	1407	 Mary	2	distilbert/distilgpt2	distilbert/distilgpt2	False	0.0002520990965422243	11.95372200012207
Ġbecause	1407	 because	3	distilbert/distilgpt2	distilbert/distilgpt2	False	0.003936714492738247	7.988792419433594
Ġshe	1407	 she	4	distilbert/distilgpt2	distilbert/distilgpt2	False	0.43011635541915894	1.2172011137008667
David	1408	David	0	distilbert/distilgpt2	distilbert/distilgpt2	False	1.0	0.0
Ġdeceived	1408	 deceived	1	distilbert/distilgpt2	distilbert/distilgpt2	False	1.1445717262859034e-08	26.380617141723633
ĠMary	1408	 Mary	2	distilbert/distilgpt2	distilbert/distilgpt2	False	0.00014473588089458644	12.754289627075195
Ġbecause	1408	 because	3	distilbert/distilgpt2	distilbert/distilgpt2	False	0.001651177415624261	9.242289543151855
Ġshe	1408	 she	4	distilbert/distilgpt2	distilbert/distilgpt2	False	0.42766040563583374	1.2254624366760254
John	1409	John	0	distilbert/distilgpt2	distilbert/distilgpt2	False	1.0	0.0
Ġdec	1409	 decried	1	distilbert/distilgpt2	distilbert/distilgpt2	False	3.6710272866002924e-07	21.3773136138916
ried	1409	 decried	1	distilbert/distilgpt2	distilbert/distilgpt2	False	0.0200762040913105	5.638369560241699
ĠDavid	1409	 David	2	distilbert/distilgpt2	distilbert/distilgpt2	False	0.00031560598290525377	11.62958812713623
Ġbecause	1409	 because	3	distilbert/distilgpt2	distilbert/distilgpt2	False	8.672082185512409e-05	13.49326229095459
Ġhe	1409	 he	4	distilbert/distilgpt2	distilbert/distilgpt2	False	0.40791061520576477	1.2936750650405884
Mary	1410	Mary	0	distilbert/distilgpt2	distilbert/distilgpt2	False	1.0	0.0
Ġdec	1410	 decried	1	distilbert/distilgpt2	distilbert/distilgpt2	False	4.625965743798588e-07	21.04374122619629
ried	1410	 decried	1	distilbert/distilgpt2	distilbert/distilgpt2	False	0.015139417722821236	6.045546531677246
ĠDavid	1410	 David	2	distilbert/distilgpt2	distilbert/distilgpt2	False	0.00019821838941425085	12.30062198638916
Ġbecause	1410	 because	3	distilbert/distilgpt2	distilbert/distilgpt2	False	0.00013701697753276676	12.833357810974121
Ġhe	1410	 he	4	distilbert/distilgpt2	distilbert/distilgpt2	False	0.4302727282047272	1.2166767120361328
John	1411	John	0	distilbert/distilgpt2	distilbert/distilgpt2	False	1.0	0.0
Ġdec	1411	 decried	1	distilbert/distilgpt2	distilbert/distilgpt2	False	3.6710272866002924e-07	21.3773136138916
ried	1411	 decried	1	distilbert/distilgpt2	distilbert/distilgpt2	False	0.0200762040913105	5.638369560241699
ĠDavid	1411	 David	2	distilbert/distilgpt2	distilbert/distilgpt2	False	0.00031560598290525377	11.62958812713623
Ġbecause	1411	 because	3	distilbert/distilgpt2	distilbert/distilgpt2	False	8.672082185512409e-05	13.49326229095459
Ġhe	1411	 he	4	distilbert/distilgpt2	distilbert/distilgpt2	False	0.40791061520576477	1.2936750650405884
Sarah	1412	Sarah	0	distilbert/distilgpt2	distilbert/distilgpt2	False	1.0	0.0
Ġdec	1412	 decried	1	distilbert/distilgpt2	distilbert/distilgpt2	False	4.017790331545257e-07	21.247095108032227
ried	1412	 decried	1	distilbert/distilgpt2	distilbert/distilgpt2	False	0.026470009237527847	5.239497661590576
ĠDavid	1412	 David	2	distilbert/distilgpt2	distilbert/distilgpt2	False	0.0003585354133974761	11.445596694946289
Ġbecause	1412	 because	3	distilbert/distilgpt2	distilbert/distilgpt2	False	0.00014142258442007005	12.787699699401855
Ġhe	1412	 he	4	distilbert/distilgpt2	distilbert/distilgpt2	False	0.42242923378944397	1.2432184219360352
David	1413	David	0	distilbert/distilgpt2	distilbert/distilgpt2	False	1.0	0.0
Ġdec	1413	 decried	1	distilbert/distilgpt2	distilbert/distilgpt2	False	4.4834771983914834e-07	21.088878631591797
ried	1413	 decried	1	distilbert/distilgpt2	distilbert/distilgpt2	False	0.061129093170166016	4.031997203826904
ĠJohn	1413	 John	2	distilbert/distilgpt2	distilbert/distilgpt2	False	0.00040694180643185973	11.262889862060547
Ġbecause	1413	 because	3	distilbert/distilgpt2	distilbert/distilgpt2	False	4.248342156643048e-05	14.522740364074707
Ġhe	1413	 he	4	distilbert/distilgpt2	distilbert/distilgpt2	False	0.44167760014533997	1.1789344549179077
Mary	1414	Mary	0	distilbert/distilgpt2	distilbert/distilgpt2	False	1.0	0.0
Ġdec	1414	 decried	1	distilbert/distilgpt2	distilbert/distilgpt2	False	4.625965743798588e-07	21.04374122619629
ried	1414	 decried	1	distilbert/distilgpt2	distilbert/distilgpt2	False	0.015139417722821236	6.045546531677246
ĠJohn	1414	 John	2	distilbert/distilgpt2	distilbert/distilgpt2	False	0.0003026126651093364	11.690239906311035
Ġbecause	1414	 because	3	distilbert/distilgpt2	distilbert/distilgpt2	False	9.549321111990139e-05	13.354242324829102
Ġhe	1414	 he	4	distilbert/distilgpt2	distilbert/distilgpt2	False	0.46624815464019775	1.100830078125
David	1415	David	0	distilbert/distilgpt2	distilbert/distilgpt2	False	1.0	0.0
Ġdec	1415	 decried	1	distilbert/distilgpt2	distilbert/distilgpt2	False	4.4834771983914834e-07	21.088878631591797
ried	1415	 decried	1	distilbert/distilgpt2	distilbert/distilgpt2	False	0.061129093170166016	4.031997203826904
ĠJohn	1415	 John	2	distilbert/distilgpt2	distilbert/distilgpt2	False	0.00040694180643185973	11.262889862060547
Ġbecause	1415	 because	3	distilbert/distilgpt2	distilbert/distilgpt2	False	4.248342156643048e-05	14.522740364074707
Ġhe	1415	 he	4	distilbert/distilgpt2	distilbert/distilgpt2	False	0.44167760014533997	1.1789344549179077
Sarah	1416	Sarah	0	distilbert/distilgpt2	distilbert/distilgpt2	False	1.0	0.0
Ġdec	1416	 decried	1	distilbert/distilgpt2	distilbert/distilgpt2	False	4.017790331545257e-07	21.247095108032227
ried	1416	 decried	1	distilbert/distilgpt2	distilbert/distilgpt2	False	0.026470009237527847	5.239497661590576
ĠJohn	1416	 John	2	distilbert/distilgpt2	distilbert/distilgpt2	False	0.000523056834936142	10.900744438171387
Ġbecause	1416	 because	3	distilbert/distilgpt2	distilbert/distilgpt2	False	0.00010563836985966191	13.208578109741211
Ġhe	1416	 he	4	distilbert/distilgpt2	distilbert/distilgpt2	False	0.43933621048927307	1.1866027116775513
Mary	1417	Mary	0	distilbert/distilgpt2	distilbert/distilgpt2	False	1.0	0.0
Ġdec	1417	 decried	1	distilbert/distilgpt2	distilbert/distilgpt2	False	4.625965743798588e-07	21.04374122619629
ried	1417	 decried	1	distilbert/distilgpt2	distilbert/distilgpt2	False	0.015139417722821236	6.045546531677246
ĠSarah	1417	 Sarah	2	distilbert/distilgpt2	distilbert/distilgpt2	False	5.733995567425154e-05	14.090099334716797
Ġbecause	1417	 because	3	distilbert/distilgpt2	distilbert/distilgpt2	False	0.00034761117422021925	11.490238189697266
Ġshe	1417	 she	4	distilbert/distilgpt2	distilbert/distilgpt2	False	0.4456790089607239	1.1659231185913086
John	1418	John	0	distilbert/distilgpt2	distilbert/distilgpt2	False	1.0	0.0
Ġdec	1418	 decried	1	distilbert/distilgpt2	distilbert/distilgpt2	False	3.6710272866002924e-07	21.3773136138916
ried	1418	 decried	1	distilbert/distilgpt2	distilbert/distilgpt2	False	0.0200762040913105	5.638369560241699
ĠSarah	1418	 Sarah	2	distilbert/distilgpt2	distilbert/distilgpt2	False	7.977790664881468e-05	13.613651275634766
Ġbecause	1418	 because	3	distilbert/distilgpt2	distilbert/distilgpt2	False	0.00011569653725018725	13.077366828918457
Ġshe	1418	 she	4	distilbert/distilgpt2	distilbert/distilgpt2	False	0.4201776385307312	1.2509287595748901
Mary	1419	Mary	0	distilbert/distilgpt2	distilbert/distilgpt2	False	1.0	0.0
Ġdec	1419	 decried	1	distilbert/distilgpt2	distilbert/distilgpt2	False	4.625965743798588e-07	21.04374122619629
ried	1419	 decried	1	distilbert/distilgpt2	distilbert/distilgpt2	False	0.015139417722821236	6.045546531677246
ĠSarah	1419	 Sarah	2	distilbert/distilgpt2	distilbert/distilgpt2	False	5.733995567425154e-05	14.090099334716797
Ġbecause	1419	 because	3	distilbert/distilgpt2	distilbert/distilgpt2	False	0.00034761117422021925	11.490238189697266
Ġshe	1419	 she	4	distilbert/distilgpt2	distilbert/distilgpt2	False	0.4456790089607239	1.1659231185913086
David	1420	David	0	distilbert/distilgpt2	distilbert/distilgpt2	False	1.0	0.0
Ġdec	1420	 decried	1	distilbert/distilgpt2	distilbert/distilgpt2	False	4.4834771983914834e-07	21.088878631591797
ried	1420	 decried	1	distilbert/distilgpt2	distilbert/distilgpt2	False	0.061129093170166016	4.031997203826904
ĠSarah	1420	 Sarah	2	distilbert/distilgpt2	distilbert/distilgpt2	False	7.568520959466696e-05	13.689629554748535
Ġbecause	1420	 because	3	distilbert/distilgpt2	distilbert/distilgpt2	False	5.0236896640853956e-05	14.280893325805664
Ġshe	1420	 she	4	distilbert/distilgpt2	distilbert/distilgpt2	False	0.3973384499549866	1.3315597772598267
Sarah	1421	Sarah	0	distilbert/distilgpt2	distilbert/distilgpt2	False	1.0	0.0
Ġdec	1421	 decried	1	distilbert/distilgpt2	distilbert/distilgpt2	False	4.017790331545257e-07	21.247095108032227
ried	1421	 decried	1	distilbert/distilgpt2	distilbert/distilgpt2	False	0.026470009237527847	5.239497661590576
ĠMary	1421	 Mary	2	distilbert/distilgpt2	distilbert/distilgpt2	False	4.6177898184396327e-05	14.402438163757324
Ġbecause	1421	 because	3	distilbert/distilgpt2	distilbert/distilgpt2	False	0.000722491939086467	10.434730529785156
Ġshe	1421	 she	4	distilbert/distilgpt2	distilbert/distilgpt2	False	0.3983216881752014	1.3279941082000732
John	1422	John	0	distilbert/distilgpt2	distilbert/distilgpt2	False	1.0	0.0
Ġdec	1422	 decried	1	distilbert/distilgpt2	distilbert/distilgpt2	False	3.6710272866002924e-07	21.3773136138916
ried	1422	 decried	1	distilbert/distilgpt2	distilbert/distilgpt2	False	0.0200762040913105	5.638369560241699
ĠMary	1422	 Mary	2	distilbert/distilgpt2	distilbert/distilgpt2	False	3.499186277622357e-05	14.802620887756348
Ġbecause	1422	 because	3	distilbert/distilgpt2	distilbert/distilgpt2	False	0.0008454523631371558	10.207988739013672
Ġshe	1422	 she	4	distilbert/distilgpt2	distilbert/distilgpt2	False	0.4080503284931183	1.29318106174469
Sarah	1423	Sarah	0	distilbert/distilgpt2	distilbert/distilgpt2	False	1.0	0.0
Ġdec	1423	 decried	1	distilbert/distilgpt2	distilbert/distilgpt2	False	4.017790331545257e-07	21.247095108032227
ried	1423	 decried	1	distilbert/distilgpt2	distilbert/distilgpt2	False	0.026470009237527847	5.239497661590576
ĠMary	1423	 Mary	2	distilbert/distilgpt2	distilbert/distilgpt2	False	4.6177898184396327e-05	14.402438163757324
Ġbecause	1423	 because	3	distilbert/distilgpt2	distilbert/distilgpt2	False	0.000722491939086467	10.434730529785156
Ġshe	1423	 she	4	distilbert/distilgpt2	distilbert/distilgpt2	False	0.3983216881752014	1.3279941082000732
David	1424	David	0	distilbert/distilgpt2	distilbert/distilgpt2	False	1.0	0.0
Ġdec	1424	 decried	1	distilbert/distilgpt2	distilbert/distilgpt2	False	4.4834771983914834e-07	21.088878631591797
ried	1424	 decried	1	distilbert/distilgpt2	distilbert/distilgpt2	False	0.061129093170166016	4.031997203826904
ĠMary	1424	 Mary	2	distilbert/distilgpt2	distilbert/distilgpt2	False	2.7693673473550007e-05	15.140084266662598
Ġbecause	1424	 because	3	distilbert/distilgpt2	distilbert/distilgpt2	False	0.00032824338995851576	11.572946548461914
Ġshe	1424	 she	4	distilbert/distilgpt2	distilbert/distilgpt2	False	0.3905714750289917	1.3563416004180908
John	1425	John	0	distilbert/distilgpt2	distilbert/distilgpt2	False	1.0	0.0
Ġdef	1425	 defamed	1	distilbert/distilgpt2	distilbert/distilgpt2	False	2.489321104803821e-06	18.615816116333008
amed	1425	 defamed	1	distilbert/distilgpt2	distilbert/distilgpt2	False	0.0003443273017182946	11.503931999206543
ĠDavid	1425	 David	2	distilbert/distilgpt2	distilbert/distilgpt2	False	0.0008281625923700631	10.237798690795898
Ġbecause	1425	 because	3	distilbert/distilgpt2	distilbert/distilgpt2	False	0.00017051241593435407	12.51783561706543
Ġhe	1425	 he	4	distilbert/distilgpt2	distilbert/distilgpt2	False	0.503445029258728	0.9900938868522644
Mary	1426	Mary	0	distilbert/distilgpt2	distilbert/distilgpt2	False	1.0	0.0
Ġdef	1426	 defamed	1	distilbert/distilgpt2	distilbert/distilgpt2	False	2.5364656721649226e-06	18.588748931884766
amed	1426	 defamed	1	distilbert/distilgpt2	distilbert/distilgpt2	False	0.0007537493365816772	10.373627662658691
ĠDavid	1426	 David	2	distilbert/distilgpt2	distilbert/distilgpt2	False	0.0006084729102440178	10.68251895904541
Ġbecause	1426	 because	3	distilbert/distilgpt2	distilbert/distilgpt2	False	0.00024983874754980206	11.966714859008789
Ġhe	1426	 he	4	distilbert/distilgpt2	distilbert/distilgpt2	False	0.5180482864379883	0.9488416314125061
John	1427	John	0	distilbert/distilgpt2	distilbert/distilgpt2	False	1.0	0.0
Ġdef	1427	 defamed	1	distilbert/distilgpt2	distilbert/distilgpt2	False	2.489321104803821e-06	18.615816116333008
amed	1427	 defamed	1	distilbert/distilgpt2	distilbert/distilgpt2	False	0.0003443273017182946	11.503931999206543
ĠDavid	1427	 David	2	distilbert/distilgpt2	distilbert/distilgpt2	False	0.0008281625923700631	10.237798690795898
Ġbecause	1427	 because	3	distilbert/distilgpt2	distilbert/distilgpt2	False	0.00017051241593435407	12.51783561706543
Ġhe	1427	 he	4	distilbert/distilgpt2	distilbert/distilgpt2	False	0.503445029258728	0.9900938868522644
Sarah	1428	Sarah	0	distilbert/distilgpt2	distilbert/distilgpt2	False	1.0	0.0
Ġdef	1428	 defamed	1	distilbert/distilgpt2	distilbert/distilgpt2	False	2.9394461762421997e-06	18.37602424621582
amed	1428	 defamed	1	distilbert/distilgpt2	distilbert/distilgpt2	False	0.0017978588584810495	9.119504928588867
ĠDavid	1428	 David	2	distilbert/distilgpt2	distilbert/distilgpt2	False	0.0006384938606061041	10.61303997039795
Ġbecause	1428	 because	3	distilbert/distilgpt2	distilbert/distilgpt2	False	0.00013896341260988265	12.813007354736328
Ġhe	1428	 he	4	distilbert/distilgpt2	distilbert/distilgpt2	False	0.5259236693382263	0.9270747900009155
David	1429	David	0	distilbert/distilgpt2	distilbert/distilgpt2	False	1.0	0.0
Ġdef	1429	 defamed	1	distilbert/distilgpt2	distilbert/distilgpt2	False	3.278494887126726e-06	18.218534469604492
amed	1429	 defamed	1	distilbert/distilgpt2	distilbert/distilgpt2	False	0.0014564079465344548	9.423369407653809
ĠJohn	1429	 John	2	distilbert/distilgpt2	distilbert/distilgpt2	False	0.0014622518792748451	9.41759204864502
Ġbecause	1429	 because	3	distilbert/distilgpt2	distilbert/distilgpt2	False	0.00017262193432543427	12.500096321105957
Ġhe	1429	 he	4	distilbert/distilgpt2	distilbert/distilgpt2	False	0.5444342494010925	0.8771703243255615
Mary	1430	Mary	0	distilbert/distilgpt2	distilbert/distilgpt2	False	1.0	0.0
Ġdef	1430	 defamed	1	distilbert/distilgpt2	distilbert/distilgpt2	False	2.5364656721649226e-06	18.588748931884766
amed	1430	 defamed	1	distilbert/distilgpt2	distilbert/distilgpt2	False	0.0007537493365816772	10.373627662658691
ĠJohn	1430	 John	2	distilbert/distilgpt2	distilbert/distilgpt2	False	0.001194440177641809	9.709449768066406
Ġbecause	1430	 because	3	distilbert/distilgpt2	distilbert/distilgpt2	False	0.00023460130614694208	12.057501792907715
Ġhe	1430	 he	4	distilbert/distilgpt2	distilbert/distilgpt2	False	0.5464552044868469	0.8718249201774597
David	1431	David	0	distilbert/distilgpt2	distilbert/distilgpt2	False	1.0	0.0
Ġdef	1431	 defamed	1	distilbert/distilgpt2	distilbert/distilgpt2	False	3.278494887126726e-06	18.218534469604492
amed	1431	 defamed	1	distilbert/distilgpt2	distilbert/distilgpt2	False	0.0014564079465344548	9.423369407653809
ĠJohn	1431	 John	2	distilbert/distilgpt2	distilbert/distilgpt2	False	0.0014622518792748451	9.41759204864502
Ġbecause	1431	 because	3	distilbert/distilgpt2	distilbert/distilgpt2	False	0.00017262193432543427	12.500096321105957
Ġhe	1431	 he	4	distilbert/distilgpt2	distilbert/distilgpt2	False	0.5444342494010925	0.8771703243255615
Sarah	1432	Sarah	0	distilbert/distilgpt2	distilbert/distilgpt2	False	1.0	0.0
Ġdef	1432	 defamed	1	distilbert/distilgpt2	distilbert/distilgpt2	False	2.9394461762421997e-06	18.37602424621582
amed	1432	 defamed	1	distilbert/distilgpt2	distilbert/distilgpt2	False	0.0017978588584810495	9.119504928588867
ĠJohn	1432	 John	2	distilbert/distilgpt2	distilbert/distilgpt2	False	0.0011497591622173786	9.764452934265137
Ġbecause	1432	 because	3	distilbert/distilgpt2	distilbert/distilgpt2	False	0.00025473939604125917	11.938690185546875
Ġhe	1432	 he	4	distilbert/distilgpt2	distilbert/distilgpt2	False	0.5395767688751221	0.8900998830795288
Mary	1433	Mary	0	distilbert/distilgpt2	distilbert/distilgpt2	False	1.0	0.0
Ġdef	1433	 defamed	1	distilbert/distilgpt2	distilbert/distilgpt2	False	2.5364656721649226e-06	18.588748931884766
amed	1433	 defamed	1	distilbert/distilgpt2	distilbert/distilgpt2	False	0.0007537493365816772	10.373627662658691
ĠSarah	1433	 Sarah	2	distilbert/distilgpt2	distilbert/distilgpt2	False	0.00036587828071787953	11.416348457336426
Ġbecause	1433	 because	3	distilbert/distilgpt2	distilbert/distilgpt2	False	0.0016179896192625165	9.271581649780273
Ġshe	1433	 she	4	distilbert/distilgpt2	distilbert/distilgpt2	False	0.5570210218429565	0.8441964387893677
John	1434	John	0	distilbert/distilgpt2	distilbert/distilgpt2	False	1.0	0.0
Ġdef	1434	 defamed	1	distilbert/distilgpt2	distilbert/distilgpt2	False	2.489321104803821e-06	18.615816116333008
amed	1434	 defamed	1	distilbert/distilgpt2	distilbert/distilgpt2	False	0.0003443273017182946	11.503931999206543
ĠSarah	1434	 Sarah	2	distilbert/distilgpt2	distilbert/distilgpt2	False	0.00040236901259049773	11.279192924499512
Ġbecause	1434	 because	3	distilbert/distilgpt2	distilbert/distilgpt2	False	0.0007316801347769797	10.416499137878418
Ġshe	1434	 she	4	distilbert/distilgpt2	distilbert/distilgpt2	False	0.5433167219161987	0.8801347017288208
Mary	1435	Mary	0	distilbert/distilgpt2	distilbert/distilgpt2	False	1.0	0.0
Ġdef	1435	 defamed	1	distilbert/distilgpt2	distilbert/distilgpt2	False	2.5364656721649226e-06	18.588748931884766
amed	1435	 defamed	1	distilbert/distilgpt2	distilbert/distilgpt2	False	0.0007537493365816772	10.373627662658691
ĠSarah	1435	 Sarah	2	distilbert/distilgpt2	distilbert/distilgpt2	False	0.00036587828071787953	11.416348457336426
Ġbecause	1435	 because	3	distilbert/distilgpt2	distilbert/distilgpt2	False	0.0016179896192625165	9.271581649780273
Ġshe	1435	 she	4	distilbert/distilgpt2	distilbert/distilgpt2	False	0.5570210218429565	0.8441964387893677
David	1436	David	0	distilbert/distilgpt2	distilbert/distilgpt2	False	1.0	0.0
Ġdef	1436	 defamed	1	distilbert/distilgpt2	distilbert/distilgpt2	False	3.278494887126726e-06	18.218534469604492
amed	1436	 defamed	1	distilbert/distilgpt2	distilbert/distilgpt2	False	0.0014564079465344548	9.423369407653809
ĠSarah	1436	 Sarah	2	distilbert/distilgpt2	distilbert/distilgpt2	False	0.0003689219884108752	11.404397010803223
Ġbecause	1436	 because	3	distilbert/distilgpt2	distilbert/distilgpt2	False	0.0003582563658710569	11.446720123291016
Ġshe	1436	 she	4	distilbert/distilgpt2	distilbert/distilgpt2	False	0.5503840446472168	0.861489474773407
Sarah	1437	Sarah	0	distilbert/distilgpt2	distilbert/distilgpt2	False	1.0	0.0
Ġdef	1437	 defamed	1	distilbert/distilgpt2	distilbert/distilgpt2	False	2.9394461762421997e-06	18.37602424621582
amed	1437	 defamed	1	distilbert/distilgpt2	distilbert/distilgpt2	False	0.0017978588584810495	9.119504928588867
ĠMary	1437	 Mary	2	distilbert/distilgpt2	distilbert/distilgpt2	False	0.0003167291288264096	11.624463081359863
Ġbecause	1437	 because	3	distilbert/distilgpt2	distilbert/distilgpt2	False	0.0005421488895080984	10.84902286529541
Ġshe	1437	 she	4	distilbert/distilgpt2	distilbert/distilgpt2	False	0.5014409422874451	0.9958483576774597
John	1438	John	0	distilbert/distilgpt2	distilbert/distilgpt2	False	1.0	0.0
Ġdef	1438	 defamed	1	distilbert/distilgpt2	distilbert/distilgpt2	False	2.489321104803821e-06	18.615816116333008
amed	1438	 defamed	1	distilbert/distilgpt2	distilbert/distilgpt2	False	0.0003443273017182946	11.503931999206543
ĠMary	1438	 Mary	2	distilbert/distilgpt2	distilbert/distilgpt2	False	0.00027832400519400835	11.81094741821289
Ġbecause	1438	 because	3	distilbert/distilgpt2	distilbert/distilgpt2	False	0.0007398821180686355	10.40041732788086
Ġshe	1438	 she	4	distilbert/distilgpt2	distilbert/distilgpt2	False	0.5006444454193115	0.9981417059898376
Sarah	1439	Sarah	0	distilbert/distilgpt2	distilbert/distilgpt2	False	1.0	0.0
Ġdef	1439	 defamed	1	distilbert/distilgpt2	distilbert/distilgpt2	False	2.9394461762421997e-06	18.37602424621582
amed	1439	 defamed	1	distilbert/distilgpt2	distilbert/distilgpt2	False	0.0017978588584810495	9.119504928588867
ĠMary	1439	 Mary	2	distilbert/distilgpt2	distilbert/distilgpt2	False	0.0003167291288264096	11.624463081359863
Ġbecause	1439	 because	3	distilbert/distilgpt2	distilbert/distilgpt2	False	0.0005421488895080984	10.84902286529541
Ġshe	1439	 she	4	distilbert/distilgpt2	distilbert/distilgpt2	False	0.5014409422874451	0.9958483576774597
David	1440	David	0	distilbert/distilgpt2	distilbert/distilgpt2	False	1.0	0.0
Ġdef	1440	 defamed	1	distilbert/distilgpt2	distilbert/distilgpt2	False	3.278494887126726e-06	18.218534469604492
amed	1440	 defamed	1	distilbert/distilgpt2	distilbert/distilgpt2	False	0.0014564079465344548	9.423369407653809
ĠMary	1440	 Mary	2	distilbert/distilgpt2	distilbert/distilgpt2	False	0.00023160644923336804	12.076037406921387
Ġbecause	1440	 because	3	distilbert/distilgpt2	distilbert/distilgpt2	False	0.00035697760176844895	11.451878547668457
Ġshe	1440	 she	4	distilbert/distilgpt2	distilbert/distilgpt2	False	0.5191564559936523	0.9457588195800781
John	1441	John	0	distilbert/distilgpt2	distilbert/distilgpt2	False	1.0	0.0
Ġdefied	1441	 defied	1	distilbert/distilgpt2	distilbert/distilgpt2	False	2.1268871108759413e-08	25.48668098449707
ĠDavid	1441	 David	2	distilbert/distilgpt2	distilbert/distilgpt2	False	0.00020192386000417173	12.273900985717773
Ġbecause	1441	 because	3	distilbert/distilgpt2	distilbert/distilgpt2	False	5.365825199987739e-05	14.185840606689453
Ġhe	1441	 he	4	distilbert/distilgpt2	distilbert/distilgpt2	False	0.40314704179763794	1.310621976852417
Mary	1442	Mary	0	distilbert/distilgpt2	distilbert/distilgpt2	False	1.0	0.0
Ġdefied	1442	 defied	1	distilbert/distilgpt2	distilbert/distilgpt2	False	2.435619883556228e-08	25.291135787963867
ĠDavid	1442	 David	2	distilbert/distilgpt2	distilbert/distilgpt2	False	0.0001639129623072222	12.574782371520996
Ġbecause	1442	 because	3	distilbert/distilgpt2	distilbert/distilgpt2	False	8.665773930260912e-05	13.494312286376953
Ġhe	1442	 he	4	distilbert/distilgpt2	distilbert/distilgpt2	False	0.38299086689949036	1.3846181631088257
John	1443	John	0	distilbert/distilgpt2	distilbert/distilgpt2	False	1.0	0.0
Ġdefied	1443	 defied	1	distilbert/distilgpt2	distilbert/distilgpt2	False	2.1268871108759413e-08	25.48668098449707
ĠDavid	1443	 David	2	distilbert/distilgpt2	distilbert/distilgpt2	False	0.00020192386000417173	12.273900985717773
Ġbecause	1443	 because	3	distilbert/distilgpt2	distilbert/distilgpt2	False	5.365825199987739e-05	14.185840606689453
Ġhe	1443	 he	4	distilbert/distilgpt2	distilbert/distilgpt2	False	0.40314704179763794	1.310621976852417
Sarah	1444	Sarah	0	distilbert/distilgpt2	distilbert/distilgpt2	False	1.0	0.0
Ġdefied	1444	 defied	1	distilbert/distilgpt2	distilbert/distilgpt2	False	2.15052597951626e-08	25.470735549926758
ĠDavid	1444	 David	2	distilbert/distilgpt2	distilbert/distilgpt2	False	0.00015077732678037137	12.695292472839355
Ġbecause	1444	 because	3	distilbert/distilgpt2	distilbert/distilgpt2	False	1.9267185052740388e-05	15.663495063781738
Ġhe	1444	 he	4	distilbert/distilgpt2	distilbert/distilgpt2	False	0.4018017649650574	1.3154442310333252
David	1445	David	0	distilbert/distilgpt2	distilbert/distilgpt2	False	1.0	0.0
Ġdefied	1445	 defied	1	distilbert/distilgpt2	distilbert/distilgpt2	False	2.0945677192685253e-08	25.508771896362305
ĠJohn	1445	 John	2	distilbert/distilgpt2	distilbert/distilgpt2	False	0.00017313779972027987	12.4957914352417
Ġbecause	1445	 because	3	distilbert/distilgpt2	distilbert/distilgpt2	False	3.041288255190011e-05	15.004958152770996
Ġhe	1445	 he	4	distilbert/distilgpt2	distilbert/distilgpt2	False	0.40697649121284485	1.2969826459884644
Mary	1446	Mary	0	distilbert/distilgpt2	distilbert/distilgpt2	False	1.0	0.0
Ġdefied	1446	 defied	1	distilbert/distilgpt2	distilbert/distilgpt2	False	2.435619883556228e-08	25.291135787963867
ĠJohn	1446	 John	2	distilbert/distilgpt2	distilbert/distilgpt2	False	0.0002178313588956371	12.164501190185547
Ġbecause	1446	 because	3	distilbert/distilgpt2	distilbert/distilgpt2	False	9.152392885880545e-05	13.415491104125977
Ġhe	1446	 he	4	distilbert/distilgpt2	distilbert/distilgpt2	False	0.41172513365745544	1.280246615409851
David	1447	David	0	distilbert/distilgpt2	distilbert/distilgpt2	False	1.0	0.0
Ġdefied	1447	 defied	1	distilbert/distilgpt2	distilbert/distilgpt2	False	2.0945677192685253e-08	25.508771896362305
ĠJohn	1447	 John	2	distilbert/distilgpt2	distilbert/distilgpt2	False	0.00017313779972027987	12.4957914352417
Ġbecause	1447	 because	3	distilbert/distilgpt2	distilbert/distilgpt2	False	3.041288255190011e-05	15.004958152770996
Ġhe	1447	 he	4	distilbert/distilgpt2	distilbert/distilgpt2	False	0.40697649121284485	1.2969826459884644
Sarah	1448	Sarah	0	distilbert/distilgpt2	distilbert/distilgpt2	False	1.0	0.0
Ġdefied	1448	 defied	1	distilbert/distilgpt2	distilbert/distilgpt2	False	2.15052597951626e-08	25.470735549926758
ĠJohn	1448	 John	2	distilbert/distilgpt2	distilbert/distilgpt2	False	0.00016242517449427396	12.587937355041504
Ġbecause	1448	 because	3	distilbert/distilgpt2	distilbert/distilgpt2	False	5.1240047469036654e-05	14.252368927001953
Ġhe	1448	 he	4	distilbert/distilgpt2	distilbert/distilgpt2	False	0.40836161375045776	1.2920808792114258
Mary	1449	Mary	0	distilbert/distilgpt2	distilbert/distilgpt2	False	1.0	0.0
Ġdefied	1449	 defied	1	distilbert/distilgpt2	distilbert/distilgpt2	False	2.435619883556228e-08	25.291135787963867
ĠSarah	1449	 Sarah	2	distilbert/distilgpt2	distilbert/distilgpt2	False	1.3296671568241436e-05	16.198575973510742
Ġbecause	1449	 because	3	distilbert/distilgpt2	distilbert/distilgpt2	False	0.0004999914090149105	10.965808868408203
Ġshe	1449	 she	4	distilbert/distilgpt2	distilbert/distilgpt2	False	0.43786993622779846	1.1914256811141968
John	1450	John	0	distilbert/distilgpt2	distilbert/distilgpt2	False	1.0	0.0
Ġdefied	1450	 defied	1	distilbert/distilgpt2	distilbert/distilgpt2	False	2.1268871108759413e-08	25.48668098449707
ĠSarah	1450	 Sarah	2	distilbert/distilgpt2	distilbert/distilgpt2	False	1.2988630260224454e-05	16.232391357421875
Ġbecause	1450	 because	3	distilbert/distilgpt2	distilbert/distilgpt2	False	0.00019046232046093792	12.358206748962402
Ġshe	1450	 she	4	distilbert/distilgpt2	distilbert/distilgpt2	False	0.43802493810653687	1.1909151077270508
Mary	1451	Mary	0	distilbert/distilgpt2	distilbert/distilgpt2	False	1.0	0.0
Ġdefied	1451	 defied	1	distilbert/distilgpt2	distilbert/distilgpt2	False	2.435619883556228e-08	25.291135787963867
ĠSarah	1451	 Sarah	2	distilbert/distilgpt2	distilbert/distilgpt2	False	1.3296671568241436e-05	16.198575973510742
Ġbecause	1451	 because	3	distilbert/distilgpt2	distilbert/distilgpt2	False	0.0004999914090149105	10.965808868408203
Ġshe	1451	 she	4	distilbert/distilgpt2	distilbert/distilgpt2	False	0.43786993622779846	1.1914256811141968
David	1452	David	0	distilbert/distilgpt2	distilbert/distilgpt2	False	1.0	0.0
Ġdefied	1452	 defied	1	distilbert/distilgpt2	distilbert/distilgpt2	False	2.0945677192685253e-08	25.508771896362305
ĠSarah	1452	 Sarah	2	distilbert/distilgpt2	distilbert/distilgpt2	False	8.648284165246878e-06	16.819154739379883
Ġbecause	1452	 because	3	distilbert/distilgpt2	distilbert/distilgpt2	False	7.736831321381032e-05	13.65789794921875
Ġshe	1452	 she	4	distilbert/distilgpt2	distilbert/distilgpt2	False	0.4355087876319885	1.1992262601852417
Sarah	1453	Sarah	0	distilbert/distilgpt2	distilbert/distilgpt2	False	1.0	0.0
Ġdefied	1453	 defied	1	distilbert/distilgpt2	distilbert/distilgpt2	False	2.15052597951626e-08	25.470735549926758
ĠMary	1453	 Mary	2	distilbert/distilgpt2	distilbert/distilgpt2	False	2.269495598739013e-05	15.427268981933594
Ġbecause	1453	 because	3	distilbert/distilgpt2	distilbert/distilgpt2	False	0.00047692269436083734	11.033956527709961
Ġshe	1453	 she	4	distilbert/distilgpt2	distilbert/distilgpt2	False	0.37017112970352173	1.433735728263855
John	1454	John	0	distilbert/distilgpt2	distilbert/distilgpt2	False	1.0	0.0
Ġdefied	1454	 defied	1	distilbert/distilgpt2	distilbert/distilgpt2	False	2.1268871108759413e-08	25.48668098449707
ĠMary	1454	 Mary	2	distilbert/distilgpt2	distilbert/distilgpt2	False	2.6738616725197062e-05	15.190715789794922
Ġbecause	1454	 because	3	distilbert/distilgpt2	distilbert/distilgpt2	False	0.0008232822292484343	10.246325492858887
Ġshe	1454	 she	4	distilbert/distilgpt2	distilbert/distilgpt2	False	0.3869158625602722	1.3699082136154175
Sarah	1455	Sarah	0	distilbert/distilgpt2	distilbert/distilgpt2	False	1.0	0.0
Ġdefied	1455	 defied	1	distilbert/distilgpt2	distilbert/distilgpt2	False	2.15052597951626e-08	25.470735549926758
ĠMary	1455	 Mary	2	distilbert/distilgpt2	distilbert/distilgpt2	False	2.269495598739013e-05	15.427268981933594
Ġbecause	1455	 because	3	distilbert/distilgpt2	distilbert/distilgpt2	False	0.00047692269436083734	11.033956527709961
Ġshe	1455	 she	4	distilbert/distilgpt2	distilbert/distilgpt2	False	0.37017112970352173	1.433735728263855
David	1456	David	0	distilbert/distilgpt2	distilbert/distilgpt2	False	1.0	0.0
Ġdefied	1456	 defied	1	distilbert/distilgpt2	distilbert/distilgpt2	False	2.0945677192685253e-08	25.508771896362305
ĠMary	1456	 Mary	2	distilbert/distilgpt2	distilbert/distilgpt2	False	1.821395562728867e-05	15.744596481323242
Ġbecause	1456	 because	3	distilbert/distilgpt2	distilbert/distilgpt2	False	0.00019324535969644785	12.337278366088867
Ġshe	1456	 she	4	distilbert/distilgpt2	distilbert/distilgpt2	False	0.3779597282409668	1.4036955833435059
John	1457	John	0	distilbert/distilgpt2	distilbert/distilgpt2	False	1.0	0.0
Ġdelighted	1457	 delighted	1	distilbert/distilgpt2	distilbert/distilgpt2	False	5.890764498417411e-08	24.016969680786133
ĠDavid	1457	 David	2	distilbert/distilgpt2	distilbert/distilgpt2	False	0.00013488487456925213	12.85598373413086
Ġbecause	1457	 because	3	distilbert/distilgpt2	distilbert/distilgpt2	False	0.0005472139455378056	10.835607528686523
Ġhe	1457	 he	4	distilbert/distilgpt2	distilbert/distilgpt2	False	0.39248865842819214	1.349277138710022
Mary	1458	Mary	0	distilbert/distilgpt2	distilbert/distilgpt2	False	1.0	0.0
Ġdelighted	1458	 delighted	1	distilbert/distilgpt2	distilbert/distilgpt2	False	6.857051459974173e-08	23.797836303710938
ĠDavid	1458	 David	2	distilbert/distilgpt2	distilbert/distilgpt2	False	5.9644084103638306e-05	14.0332612991333
Ġbecause	1458	 because	3	distilbert/distilgpt2	distilbert/distilgpt2	False	0.0009759568492881954	10.000894546508789
Ġhe	1458	 he	4	distilbert/distilgpt2	distilbert/distilgpt2	False	0.38614800572395325	1.3727742433547974
John	1459	John	0	distilbert/distilgpt2	distilbert/distilgpt2	False	1.0	0.0
Ġdelighted	1459	 delighted	1	distilbert/distilgpt2	distilbert/distilgpt2	False	5.890764498417411e-08	24.016969680786133
ĠDavid	1459	 David	2	distilbert/distilgpt2	distilbert/distilgpt2	False	0.00013488487456925213	12.85598373413086
Ġbecause	1459	 because	3	distilbert/distilgpt2	distilbert/distilgpt2	False	0.0005472139455378056	10.835607528686523
Ġhe	1459	 he	4	distilbert/distilgpt2	distilbert/distilgpt2	False	0.39248865842819214	1.349277138710022
Sarah	1460	Sarah	0	distilbert/distilgpt2	distilbert/distilgpt2	False	1.0	0.0
Ġdelighted	1460	 delighted	1	distilbert/distilgpt2	distilbert/distilgpt2	False	6.010697006786359e-08	23.987892150878906
ĠDavid	1460	 David	2	distilbert/distilgpt2	distilbert/distilgpt2	False	0.00011053915659431368	13.143155097961426
Ġbecause	1460	 because	3	distilbert/distilgpt2	distilbert/distilgpt2	False	0.0007434806320816278	10.393417358398438
Ġhe	1460	 he	4	distilbert/distilgpt2	distilbert/distilgpt2	False	0.40176838636398315	1.3155640363693237
David	1461	David	0	distilbert/distilgpt2	distilbert/distilgpt2	False	1.0	0.0
Ġdelighted	1461	 delighted	1	distilbert/distilgpt2	distilbert/distilgpt2	False	6.838934751840497e-08	23.801652908325195
ĠJohn	1461	 John	2	distilbert/distilgpt2	distilbert/distilgpt2	False	0.00015639013145118952	12.642562866210938
Ġbecause	1461	 because	3	distilbert/distilgpt2	distilbert/distilgpt2	False	0.0010365694761276245	9.91396713256836
Ġhe	1461	 he	4	distilbert/distilgpt2	distilbert/distilgpt2	False	0.41606369614601135	1.265123724937439
Mary	1462	Mary	0	distilbert/distilgpt2	distilbert/distilgpt2	False	1.0	0.0
Ġdelighted	1462	 delighted	1	distilbert/distilgpt2	distilbert/distilgpt2	False	6.857051459974173e-08	23.797836303710938
ĠJohn	1462	 John	2	distilbert/distilgpt2	distilbert/distilgpt2	False	5.735609011026099e-05	14.089694023132324
Ġbecause	1462	 because	3	distilbert/distilgpt2	distilbert/distilgpt2	False	0.0014855319168418646	9.394804954528809
Ġhe	1462	 he	4	distilbert/distilgpt2	distilbert/distilgpt2	False	0.41497889161109924	1.268890142440796
David	1463	David	0	distilbert/distilgpt2	distilbert/distilgpt2	False	1.0	0.0
Ġdelighted	1463	 delighted	1	distilbert/distilgpt2	distilbert/distilgpt2	False	6.838934751840497e-08	23.801652908325195
ĠJohn	1463	 John	2	distilbert/distilgpt2	distilbert/distilgpt2	False	0.00015639013145118952	12.642562866210938
Ġbecause	1463	 because	3	distilbert/distilgpt2	distilbert/distilgpt2	False	0.0010365694761276245	9.91396713256836
Ġhe	1463	 he	4	distilbert/distilgpt2	distilbert/distilgpt2	False	0.41606369614601135	1.265123724937439
Sarah	1464	Sarah	0	distilbert/distilgpt2	distilbert/distilgpt2	False	1.0	0.0
Ġdelighted	1464	 delighted	1	distilbert/distilgpt2	distilbert/distilgpt2	False	6.010697006786359e-08	23.987892150878906
ĠJohn	1464	 John	2	distilbert/distilgpt2	distilbert/distilgpt2	False	7.5055482739117e-05	13.701683044433594
Ġbecause	1464	 because	3	distilbert/distilgpt2	distilbert/distilgpt2	False	0.001945539261214435	9.005614280700684
Ġhe	1464	 he	4	distilbert/distilgpt2	distilbert/distilgpt2	False	0.4097239375114441	1.2872759103775024
Mary	1465	Mary	0	distilbert/distilgpt2	distilbert/distilgpt2	False	1.0	0.0
Ġdelighted	1465	 delighted	1	distilbert/distilgpt2	distilbert/distilgpt2	False	6.857051459974173e-08	23.797836303710938
ĠSarah	1465	 Sarah	2	distilbert/distilgpt2	distilbert/distilgpt2	False	2.6873030947172083e-05	15.183481216430664
Ġbecause	1465	 because	3	distilbert/distilgpt2	distilbert/distilgpt2	False	0.0020746353548020124	8.91292667388916
Ġshe	1465	 she	4	distilbert/distilgpt2	distilbert/distilgpt2	False	0.46209678053855896	1.1137330532073975
John	1466	John	0	distilbert/distilgpt2	distilbert/distilgpt2	False	1.0	0.0
Ġdelighted	1466	 delighted	1	distilbert/distilgpt2	distilbert/distilgpt2	False	5.890764498417411e-08	24.016969680786133
ĠSarah	1466	 Sarah	2	distilbert/distilgpt2	distilbert/distilgpt2	False	2.7777998184319586e-05	15.135697364807129
Ġbecause	1466	 because	3	distilbert/distilgpt2	distilbert/distilgpt2	False	0.0013071078574284911	9.579405784606934
Ġshe	1466	 she	4	distilbert/distilgpt2	distilbert/distilgpt2	False	0.4194144606590271	1.2535514831542969
Mary	1467	Mary	0	distilbert/distilgpt2	distilbert/distilgpt2	False	1.0	0.0
Ġdelighted	1467	 delighted	1	distilbert/distilgpt2	distilbert/distilgpt2	False	6.857051459974173e-08	23.797836303710938
ĠSarah	1467	 Sarah	2	distilbert/distilgpt2	distilbert/distilgpt2	False	2.6873030947172083e-05	15.183481216430664
Ġbecause	1467	 because	3	distilbert/distilgpt2	distilbert/distilgpt2	False	0.0020746353548020124	8.91292667388916
Ġshe	1467	 she	4	distilbert/distilgpt2	distilbert/distilgpt2	False	0.46209678053855896	1.1137330532073975
David	1468	David	0	distilbert/distilgpt2	distilbert/distilgpt2	False	1.0	0.0
Ġdelighted	1468	 delighted	1	distilbert/distilgpt2	distilbert/distilgpt2	False	6.838934751840497e-08	23.801652908325195
ĠSarah	1468	 Sarah	2	distilbert/distilgpt2	distilbert/distilgpt2	False	3.263603866798803e-05	14.90317440032959
Ġbecause	1468	 because	3	distilbert/distilgpt2	distilbert/distilgpt2	False	0.0009929401567205787	9.976005554199219
Ġshe	1468	 she	4	distilbert/distilgpt2	distilbert/distilgpt2	False	0.4288770258426666	1.221364140510559
Sarah	1469	Sarah	0	distilbert/distilgpt2	distilbert/distilgpt2	False	1.0	0.0
Ġdelighted	1469	 delighted	1	distilbert/distilgpt2	distilbert/distilgpt2	False	6.010697006786359e-08	23.987892150878906
ĠMary	1469	 Mary	2	distilbert/distilgpt2	distilbert/distilgpt2	False	9.460109868086874e-05	13.367783546447754
Ġbecause	1469	 because	3	distilbert/distilgpt2	distilbert/distilgpt2	False	0.0005924004362896085	10.721139907836914
Ġshe	1469	 she	4	distilbert/distilgpt2	distilbert/distilgpt2	False	0.39935359358787537	1.3242614269256592
John	1470	John	0	distilbert/distilgpt2	distilbert/distilgpt2	False	1.0	0.0
Ġdelighted	1470	 delighted	1	distilbert/distilgpt2	distilbert/distilgpt2	False	5.890764498417411e-08	24.016969680786133
ĠMary	1470	 Mary	2	distilbert/distilgpt2	distilbert/distilgpt2	False	5.324875746737234e-05	14.196892738342285
Ġbecause	1470	 because	3	distilbert/distilgpt2	distilbert/distilgpt2	False	0.000577160157263279	10.758740425109863
Ġshe	1470	 she	4	distilbert/distilgpt2	distilbert/distilgpt2	False	0.3973950147628784	1.3313543796539307
Sarah	1471	Sarah	0	distilbert/distilgpt2	distilbert/distilgpt2	False	1.0	0.0
Ġdelighted	1471	 delighted	1	distilbert/distilgpt2	distilbert/distilgpt2	False	6.010697006786359e-08	23.987892150878906
ĠMary	1471	 Mary	2	distilbert/distilgpt2	distilbert/distilgpt2	False	9.460109868086874e-05	13.367783546447754
Ġbecause	1471	 because	3	distilbert/distilgpt2	distilbert/distilgpt2	False	0.0005924004362896085	10.721139907836914
Ġshe	1471	 she	4	distilbert/distilgpt2	distilbert/distilgpt2	False	0.39935359358787537	1.3242614269256592
David	1472	David	0	distilbert/distilgpt2	distilbert/distilgpt2	False	1.0	0.0
Ġdelighted	1472	 delighted	1	distilbert/distilgpt2	distilbert/distilgpt2	False	6.838934751840497e-08	23.801652908325195
ĠMary	1472	 Mary	2	distilbert/distilgpt2	distilbert/distilgpt2	False	6.729335291311145e-05	13.859176635742188
Ġbecause	1472	 because	3	distilbert/distilgpt2	distilbert/distilgpt2	False	0.00038711228989996016	11.334959983825684
Ġshe	1472	 she	4	distilbert/distilgpt2	distilbert/distilgpt2	False	0.3948291838169098	1.340699553489685
John	1473	John	0	distilbert/distilgpt2	distilbert/distilgpt2	False	1.0	0.0
Ġden	1473	 denigrated	1	distilbert/distilgpt2	distilbert/distilgpt2	False	6.936580234651046e-07	20.459272384643555
igrated	1473	 denigrated	1	distilbert/distilgpt2	distilbert/distilgpt2	False	0.007543171290308237	7.050612926483154
ĠDavid	1473	 David	2	distilbert/distilgpt2	distilbert/distilgpt2	False	0.00036380437086336315	11.424549102783203
Ġbecause	1473	 because	3	distilbert/distilgpt2	distilbert/distilgpt2	False	0.0005319802439771593	10.87633991241455
Ġhe	1473	 he	4	distilbert/distilgpt2	distilbert/distilgpt2	False	0.46815216541290283	1.094950556755066
Mary	1474	Mary	0	distilbert/distilgpt2	distilbert/distilgpt2	False	1.0	0.0
Ġden	1474	 denigrated	1	distilbert/distilgpt2	distilbert/distilgpt2	False	7.285443075488729e-07	20.388479232788086
igrated	1474	 denigrated	1	distilbert/distilgpt2	distilbert/distilgpt2	False	0.003349433420225978	8.221867561340332
ĠDavid	1474	 David	2	distilbert/distilgpt2	distilbert/distilgpt2	False	0.00022473320132121444	12.119499206542969
Ġbecause	1474	 because	3	distilbert/distilgpt2	distilbert/distilgpt2	False	0.0009267624700441957	10.075512886047363
Ġhe	1474	 he	4	distilbert/distilgpt2	distilbert/distilgpt2	False	0.4560263454914093	1.1328109502792358
John	1475	John	0	distilbert/distilgpt2	distilbert/distilgpt2	False	1.0	0.0
Ġden	1475	 denigrated	1	distilbert/distilgpt2	distilbert/distilgpt2	False	6.936580234651046e-07	20.459272384643555
igrated	1475	 denigrated	1	distilbert/distilgpt2	distilbert/distilgpt2	False	0.007543171290308237	7.050612926483154
ĠDavid	1475	 David	2	distilbert/distilgpt2	distilbert/distilgpt2	False	0.00036380437086336315	11.424549102783203
Ġbecause	1475	 because	3	distilbert/distilgpt2	distilbert/distilgpt2	False	0.0005319802439771593	10.87633991241455
Ġhe	1475	 he	4	distilbert/distilgpt2	distilbert/distilgpt2	False	0.46815216541290283	1.094950556755066
Sarah	1476	Sarah	0	distilbert/distilgpt2	distilbert/distilgpt2	False	1.0	0.0
Ġden	1476	 denigrated	1	distilbert/distilgpt2	distilbert/distilgpt2	False	8.068589067988796e-07	20.241180419921875
igrated	1476	 denigrated	1	distilbert/distilgpt2	distilbert/distilgpt2	False	0.010389299131929874	6.5887579917907715
ĠDavid	1476	 David	2	distilbert/distilgpt2	distilbert/distilgpt2	False	0.00041375699220225215	11.23892879486084
Ġbecause	1476	 because	3	distilbert/distilgpt2	distilbert/distilgpt2	False	0.00045357801718637347	11.106361389160156
Ġhe	1476	 he	4	distilbert/distilgpt2	distilbert/distilgpt2	False	0.46621614694595337	1.1009291410446167
David	1477	David	0	distilbert/distilgpt2	distilbert/distilgpt2	False	1.0	0.0
Ġden	1477	 denigrated	1	distilbert/distilgpt2	distilbert/distilgpt2	False	1.0141050097445259e-06	19.911361694335938
igrated	1477	 denigrated	1	distilbert/distilgpt2	distilbert/distilgpt2	False	0.037100303918123245	4.752425193786621
ĠJohn	1477	 John	2	distilbert/distilgpt2	distilbert/distilgpt2	False	0.0007095332839526236	10.46084213256836
Ġbecause	1477	 because	3	distilbert/distilgpt2	distilbert/distilgpt2	False	0.0003772175405174494	11.372315406799316
Ġhe	1477	 he	4	distilbert/distilgpt2	distilbert/distilgpt2	False	0.48004111647605896	1.0587701797485352
Mary	1478	Mary	0	distilbert/distilgpt2	distilbert/distilgpt2	False	1.0	0.0
Ġden	1478	 denigrated	1	distilbert/distilgpt2	distilbert/distilgpt2	False	7.285443075488729e-07	20.388479232788086
igrated	1478	 denigrated	1	distilbert/distilgpt2	distilbert/distilgpt2	False	0.003349433420225978	8.221867561340332
ĠJohn	1478	 John	2	distilbert/distilgpt2	distilbert/distilgpt2	False	0.0003946329525206238	11.307201385498047
Ġbecause	1478	 because	3	distilbert/distilgpt2	distilbert/distilgpt2	False	0.0011174380779266357	9.80558967590332
Ġhe	1478	 he	4	distilbert/distilgpt2	distilbert/distilgpt2	False	0.49365130066871643	1.0184358358383179
David	1479	David	0	distilbert/distilgpt2	distilbert/distilgpt2	False	1.0	0.0
Ġden	1479	 denigrated	1	distilbert/distilgpt2	distilbert/distilgpt2	False	1.0141050097445259e-06	19.911361694335938
igrated	1479	 denigrated	1	distilbert/distilgpt2	distilbert/distilgpt2	False	0.037100303918123245	4.752425193786621
ĠJohn	1479	 John	2	distilbert/distilgpt2	distilbert/distilgpt2	False	0.0007095332839526236	10.46084213256836
Ġbecause	1479	 because	3	distilbert/distilgpt2	distilbert/distilgpt2	False	0.0003772175405174494	11.372315406799316
Ġhe	1479	 he	4	distilbert/distilgpt2	distilbert/distilgpt2	False	0.48004111647605896	1.0587701797485352
Sarah	1480	Sarah	0	distilbert/distilgpt2	distilbert/distilgpt2	False	1.0	0.0
Ġden	1480	 denigrated	1	distilbert/distilgpt2	distilbert/distilgpt2	False	8.068589067988796e-07	20.241180419921875
igrated	1480	 denigrated	1	distilbert/distilgpt2	distilbert/distilgpt2	False	0.010389299131929874	6.5887579917907715
ĠJohn	1480	 John	2	distilbert/distilgpt2	distilbert/distilgpt2	False	0.0006974925636313856	10.48553466796875
Ġbecause	1480	 because	3	distilbert/distilgpt2	distilbert/distilgpt2	False	0.000878749939147383	10.152259826660156
Ġhe	1480	 he	4	distilbert/distilgpt2	distilbert/distilgpt2	False	0.48205816745758057	1.0527209043502808
Mary	1481	Mary	0	distilbert/distilgpt2	distilbert/distilgpt2	False	1.0	0.0
Ġden	1481	 denigrated	1	distilbert/distilgpt2	distilbert/distilgpt2	False	7.285443075488729e-07	20.388479232788086
igrated	1481	 denigrated	1	distilbert/distilgpt2	distilbert/distilgpt2	False	0.003349433420225978	8.221867561340332
ĠSarah	1481	 Sarah	2	distilbert/distilgpt2	distilbert/distilgpt2	False	0.00011140729475300759	13.131868362426758
Ġbecause	1481	 because	3	distilbert/distilgpt2	distilbert/distilgpt2	False	0.002894503762945533	8.43246841430664
Ġshe	1481	 she	4	distilbert/distilgpt2	distilbert/distilgpt2	False	0.49266141653060913	1.0213316679000854
John	1482	John	0	distilbert/distilgpt2	distilbert/distilgpt2	False	1.0	0.0
Ġden	1482	 denigrated	1	distilbert/distilgpt2	distilbert/distilgpt2	False	6.936580234651046e-07	20.459272384643555
igrated	1482	 denigrated	1	distilbert/distilgpt2	distilbert/distilgpt2	False	0.007543171290308237	7.050612926483154
ĠSarah	1482	 Sarah	2	distilbert/distilgpt2	distilbert/distilgpt2	False	0.0001819767931010574	12.423957824707031
Ġbecause	1482	 because	3	distilbert/distilgpt2	distilbert/distilgpt2	False	0.0008582529262639582	10.186309814453125
Ġshe	1482	 she	4	distilbert/distilgpt2	distilbert/distilgpt2	False	0.5004683136940002	0.9986493587493896
Mary	1483	Mary	0	distilbert/distilgpt2	distilbert/distilgpt2	False	1.0	0.0
Ġden	1483	 denigrated	1	distilbert/distilgpt2	distilbert/distilgpt2	False	7.285443075488729e-07	20.388479232788086
igrated	1483	 denigrated	1	distilbert/distilgpt2	distilbert/distilgpt2	False	0.003349433420225978	8.221867561340332
ĠSarah	1483	 Sarah	2	distilbert/distilgpt2	distilbert/distilgpt2	False	0.00011140729475300759	13.131868362426758
Ġbecause	1483	 because	3	distilbert/distilgpt2	distilbert/distilgpt2	False	0.002894503762945533	8.43246841430664
Ġshe	1483	 she	4	distilbert/distilgpt2	distilbert/distilgpt2	False	0.49266141653060913	1.0213316679000854
David	1484	David	0	distilbert/distilgpt2	distilbert/distilgpt2	False	1.0	0.0
Ġden	1484	 denigrated	1	distilbert/distilgpt2	distilbert/distilgpt2	False	1.0141050097445259e-06	19.911361694335938
igrated	1484	 denigrated	1	distilbert/distilgpt2	distilbert/distilgpt2	False	0.037100303918123245	4.752425193786621
ĠSarah	1484	 Sarah	2	distilbert/distilgpt2	distilbert/distilgpt2	False	0.00019443493511062115	12.328425407409668
Ġbecause	1484	 because	3	distilbert/distilgpt2	distilbert/distilgpt2	False	0.00046951256808824837	11.056548118591309
Ġshe	1484	 she	4	distilbert/distilgpt2	distilbert/distilgpt2	False	0.48333996534347534	1.0488898754119873
Sarah	1485	Sarah	0	distilbert/distilgpt2	distilbert/distilgpt2	False	1.0	0.0
Ġden	1485	 denigrated	1	distilbert/distilgpt2	distilbert/distilgpt2	False	8.068589067988796e-07	20.241180419921875
igrated	1485	 denigrated	1	distilbert/distilgpt2	distilbert/distilgpt2	False	0.010389299131929874	6.5887579917907715
ĠMary	1485	 Mary	2	distilbert/distilgpt2	distilbert/distilgpt2	False	0.00017441355157643557	12.485199928283691
Ġbecause	1485	 because	3	distilbert/distilgpt2	distilbert/distilgpt2	False	0.002446336904540658	8.675161361694336
Ġshe	1485	 she	4	distilbert/distilgpt2	distilbert/distilgpt2	False	0.46222856640815735	1.1133216619491577
John	1486	John	0	distilbert/distilgpt2	distilbert/distilgpt2	False	1.0	0.0
Ġden	1486	 denigrated	1	distilbert/distilgpt2	distilbert/distilgpt2	False	6.936580234651046e-07	20.459272384643555
igrated	1486	 denigrated	1	distilbert/distilgpt2	distilbert/distilgpt2	False	0.007543171290308237	7.050612926483154
ĠMary	1486	 Mary	2	distilbert/distilgpt2	distilbert/distilgpt2	False	0.00013180903624743223	12.889263153076172
Ġbecause	1486	 because	3	distilbert/distilgpt2	distilbert/distilgpt2	False	0.00263525964692235	8.567839622497559
Ġshe	1486	 she	4	distilbert/distilgpt2	distilbert/distilgpt2	False	0.48037707805633545	1.0577608346939087
Sarah	1487	Sarah	0	distilbert/distilgpt2	distilbert/distilgpt2	False	1.0	0.0
Ġden	1487	 denigrated	1	distilbert/distilgpt2	distilbert/distilgpt2	False	8.068589067988796e-07	20.241180419921875
igrated	1487	 denigrated	1	distilbert/distilgpt2	distilbert/distilgpt2	False	0.010389299131929874	6.5887579917907715
ĠMary	1487	 Mary	2	distilbert/distilgpt2	distilbert/distilgpt2	False	0.00017441355157643557	12.485199928283691
Ġbecause	1487	 because	3	distilbert/distilgpt2	distilbert/distilgpt2	False	0.002446336904540658	8.675161361694336
Ġshe	1487	 she	4	distilbert/distilgpt2	distilbert/distilgpt2	False	0.46222856640815735	1.1133216619491577
David	1488	David	0	distilbert/distilgpt2	distilbert/distilgpt2	False	1.0	0.0
Ġden	1488	 denigrated	1	distilbert/distilgpt2	distilbert/distilgpt2	False	1.0141050097445259e-06	19.911361694335938
igrated	1488	 denigrated	1	distilbert/distilgpt2	distilbert/distilgpt2	False	0.037100303918123245	4.752425193786621
ĠMary	1488	 Mary	2	distilbert/distilgpt2	distilbert/distilgpt2	False	0.00011984181765001267	13.026580810546875
Ġbecause	1488	 because	3	distilbert/distilgpt2	distilbert/distilgpt2	False	0.0010257934918627143	9.929043769836426
Ġshe	1488	 she	4	distilbert/distilgpt2	distilbert/distilgpt2	False	0.46387767791748047	1.108183741569519
John	1489	John	0	distilbert/distilgpt2	distilbert/distilgpt2	False	1.0	0.0
Ġdenounced	1489	 denounced	1	distilbert/distilgpt2	distilbert/distilgpt2	False	2.7483674003292435e-08	25.116849899291992
ĠDavid	1489	 David	2	distilbert/distilgpt2	distilbert/distilgpt2	False	0.0004961543600074947	10.976922988891602
Ġbecause	1489	 because	3	distilbert/distilgpt2	distilbert/distilgpt2	False	7.776243728585541e-05	13.650567054748535
Ġhe	1489	 he	4	distilbert/distilgpt2	distilbert/distilgpt2	False	0.39961230754852295	1.3233270645141602
Mary	1490	Mary	0	distilbert/distilgpt2	distilbert/distilgpt2	False	1.0	0.0
Ġdenounced	1490	 denounced	1	distilbert/distilgpt2	distilbert/distilgpt2	False	3.107716040062769e-08	24.9395694732666
ĠDavid	1490	 David	2	distilbert/distilgpt2	distilbert/distilgpt2	False	0.0003184546367265284	11.61662483215332
Ġbecause	1490	 because	3	distilbert/distilgpt2	distilbert/distilgpt2	False	9.263528772862628e-05	13.398078918457031
Ġhe	1490	 he	4	distilbert/distilgpt2	distilbert/distilgpt2	False	0.3897823691368103	1.3592592477798462
John	1491	John	0	distilbert/distilgpt2	distilbert/distilgpt2	False	1.0	0.0
Ġdenounced	1491	 denounced	1	distilbert/distilgpt2	distilbert/distilgpt2	False	2.7483674003292435e-08	25.116849899291992
ĠDavid	1491	 David	2	distilbert/distilgpt2	distilbert/distilgpt2	False	0.0004961543600074947	10.976922988891602
Ġbecause	1491	 because	3	distilbert/distilgpt2	distilbert/distilgpt2	False	7.776243728585541e-05	13.650567054748535
Ġhe	1491	 he	4	distilbert/distilgpt2	distilbert/distilgpt2	False	0.39961230754852295	1.3233270645141602
Sarah	1492	Sarah	0	distilbert/distilgpt2	distilbert/distilgpt2	False	1.0	0.0
Ġdenounced	1492	 denounced	1	distilbert/distilgpt2	distilbert/distilgpt2	False	2.7927290702223218e-08	25.09375
ĠDavid	1492	 David	2	distilbert/distilgpt2	distilbert/distilgpt2	False	0.0005799019709229469	10.751903533935547
Ġbecause	1492	 because	3	distilbert/distilgpt2	distilbert/distilgpt2	False	3.3879168768180534e-05	14.849242210388184
Ġhe	1492	 he	4	distilbert/distilgpt2	distilbert/distilgpt2	False	0.40299558639526367	1.311164140701294
David	1493	David	0	distilbert/distilgpt2	distilbert/distilgpt2	False	1.0	0.0
Ġdenounced	1493	 denounced	1	distilbert/distilgpt2	distilbert/distilgpt2	False	3.465896014631653e-08	24.782196044921875
ĠJohn	1493	 John	2	distilbert/distilgpt2	distilbert/distilgpt2	False	0.0007164409616962075	10.446864128112793
Ġbecause	1493	 because	3	distilbert/distilgpt2	distilbert/distilgpt2	False	4.38230017607566e-05	14.477952003479004
Ġhe	1493	 he	4	distilbert/distilgpt2	distilbert/distilgpt2	False	0.42043933272361755	1.250030517578125
Mary	1494	Mary	0	distilbert/distilgpt2	distilbert/distilgpt2	False	1.0	0.0
Ġdenounced	1494	 denounced	1	distilbert/distilgpt2	distilbert/distilgpt2	False	3.107716040062769e-08	24.9395694732666
ĠJohn	1494	 John	2	distilbert/distilgpt2	distilbert/distilgpt2	False	0.0005360976792871952	10.865216255187988
Ġbecause	1494	 because	3	distilbert/distilgpt2	distilbert/distilgpt2	False	7.229416951304302e-05	13.75576114654541
Ġhe	1494	 he	4	distilbert/distilgpt2	distilbert/distilgpt2	False	0.4294148087501526	1.219556212425232
David	1495	David	0	distilbert/distilgpt2	distilbert/distilgpt2	False	1.0	0.0
Ġdenounced	1495	 denounced	1	distilbert/distilgpt2	distilbert/distilgpt2	False	3.465896014631653e-08	24.782196044921875
ĠJohn	1495	 John	2	distilbert/distilgpt2	distilbert/distilgpt2	False	0.0007164409616962075	10.446864128112793
Ġbecause	1495	 because	3	distilbert/distilgpt2	distilbert/distilgpt2	False	4.38230017607566e-05	14.477952003479004
Ġhe	1495	 he	4	distilbert/distilgpt2	distilbert/distilgpt2	False	0.42043933272361755	1.250030517578125
Sarah	1496	Sarah	0	distilbert/distilgpt2	distilbert/distilgpt2	False	1.0	0.0
Ġdenounced	1496	 denounced	1	distilbert/distilgpt2	distilbert/distilgpt2	False	2.7927290702223218e-08	25.09375
ĠJohn	1496	 John	2	distilbert/distilgpt2	distilbert/distilgpt2	False	0.0009462636662647128	10.045470237731934
Ġbecause	1496	 because	3	distilbert/distilgpt2	distilbert/distilgpt2	False	4.459001502254978e-05	14.452919960021973
Ġhe	1496	 he	4	distilbert/distilgpt2	distilbert/distilgpt2	False	0.41778290271759033	1.2591747045516968
Mary	1497	Mary	0	distilbert/distilgpt2	distilbert/distilgpt2	False	1.0	0.0
Ġdenounced	1497	 denounced	1	distilbert/distilgpt2	distilbert/distilgpt2	False	3.107716040062769e-08	24.9395694732666
ĠSarah	1497	 Sarah	2	distilbert/distilgpt2	distilbert/distilgpt2	False	8.9441986347083e-05	13.448688507080078
Ġbecause	1497	 because	3	distilbert/distilgpt2	distilbert/distilgpt2	False	0.00025241519324481487	11.951913833618164
Ġshe	1497	 she	4	distilbert/distilgpt2	distilbert/distilgpt2	False	0.4371747374534607	1.1937180757522583
John	1498	John	0	distilbert/distilgpt2	distilbert/distilgpt2	False	1.0	0.0
Ġdenounced	1498	 denounced	1	distilbert/distilgpt2	distilbert/distilgpt2	False	2.7483674003292435e-08	25.116849899291992
ĠSarah	1498	 Sarah	2	distilbert/distilgpt2	distilbert/distilgpt2	False	0.0001264342718059197	12.949324607849121
Ġbecause	1498	 because	3	distilbert/distilgpt2	distilbert/distilgpt2	False	8.164774044416845e-05	13.580227851867676
Ġshe	1498	 she	4	distilbert/distilgpt2	distilbert/distilgpt2	False	0.45034584403038025	1.1508947610855103
Mary	1499	Mary	0	distilbert/distilgpt2	distilbert/distilgpt2	False	1.0	0.0
Ġdenounced	1499	 denounced	1	distilbert/distilgpt2	distilbert/distilgpt2	False	3.107716040062769e-08	24.9395694732666
ĠSarah	1499	 Sarah	2	distilbert/distilgpt2	distilbert/distilgpt2	False	8.9441986347083e-05	13.448688507080078
Ġbecause	1499	 because	3	distilbert/distilgpt2	distilbert/distilgpt2	False	0.00025241519324481487	11.951913833618164
Ġshe	1499	 she	4	distilbert/distilgpt2	distilbert/distilgpt2	False	0.4371747374534607	1.1937180757522583
David	1500	David	0	distilbert/distilgpt2	distilbert/distilgpt2	False	1.0	0.0
Ġdenounced	1500	 denounced	1	distilbert/distilgpt2	distilbert/distilgpt2	False	3.465896014631653e-08	24.782196044921875
ĠSarah	1500	 Sarah	2	distilbert/distilgpt2	distilbert/distilgpt2	False	0.00011812063166871667	13.04745101928711
Ġbecause	1500	 because	3	distilbert/distilgpt2	distilbert/distilgpt2	False	5.1054688810836524e-05	14.257596969604492
Ġshe	1500	 she	4	distilbert/distilgpt2	distilbert/distilgpt2	False	0.4287016689777374	1.221954107284546
Sarah	1501	Sarah	0	distilbert/distilgpt2	distilbert/distilgpt2	False	1.0	0.0
Ġdenounced	1501	 denounced	1	distilbert/distilgpt2	distilbert/distilgpt2	False	2.7927290702223218e-08	25.09375
ĠMary	1501	 Mary	2	distilbert/distilgpt2	distilbert/distilgpt2	False	0.000106760737253353	13.193330764770508
Ġbecause	1501	 because	3	distilbert/distilgpt2	distilbert/distilgpt2	False	0.00047831947449594736	11.02973747253418
Ġshe	1501	 she	4	distilbert/distilgpt2	distilbert/distilgpt2	False	0.3815806806087494	1.3899400234222412
John	1502	John	0	distilbert/distilgpt2	distilbert/distilgpt2	False	1.0	0.0
Ġdenounced	1502	 denounced	1	distilbert/distilgpt2	distilbert/distilgpt2	False	2.7483674003292435e-08	25.116849899291992
ĠMary	1502	 Mary	2	distilbert/distilgpt2	distilbert/distilgpt2	False	8.207266364479437e-05	13.572738647460938
Ġbecause	1502	 because	3	distilbert/distilgpt2	distilbert/distilgpt2	False	0.0007938446942716837	10.298855781555176
Ġshe	1502	 she	4	distilbert/distilgpt2	distilbert/distilgpt2	False	0.4134276211261749	1.274293303489685
Sarah	1503	Sarah	0	distilbert/distilgpt2	distilbert/distilgpt2	False	1.0	0.0
Ġdenounced	1503	 denounced	1	distilbert/distilgpt2	distilbert/distilgpt2	False	2.7927290702223218e-08	25.09375
ĠMary	1503	 Mary	2	distilbert/distilgpt2	distilbert/distilgpt2	False	0.000106760737253353	13.193330764770508
Ġbecause	1503	 because	3	distilbert/distilgpt2	distilbert/distilgpt2	False	0.00047831947449594736	11.02973747253418
Ġshe	1503	 she	4	distilbert/distilgpt2	distilbert/distilgpt2	False	0.3815806806087494	1.3899400234222412
David	1504	David	0	distilbert/distilgpt2	distilbert/distilgpt2	False	1.0	0.0
Ġdenounced	1504	 denounced	1	distilbert/distilgpt2	distilbert/distilgpt2	False	3.465896014631653e-08	24.782196044921875
ĠMary	1504	 Mary	2	distilbert/distilgpt2	distilbert/distilgpt2	False	7.111120066838339e-05	13.779563903808594
Ġbecause	1504	 because	3	distilbert/distilgpt2	distilbert/distilgpt2	False	0.0002993964881170541	11.705655097961426
Ġshe	1504	 she	4	distilbert/distilgpt2	distilbert/distilgpt2	False	0.38189050555229187	1.3887690305709839
John	1505	John	0	distilbert/distilgpt2	distilbert/distilgpt2	False	1.0	0.0
Ġdepl	1505	 deplored	1	distilbert/distilgpt2	distilbert/distilgpt2	False	1.6426158211402253e-08	25.85943031311035
ored	1505	 deplored	1	distilbert/distilgpt2	distilbert/distilgpt2	False	0.07856457680463791	3.6699774265289307
ĠDavid	1505	 David	2	distilbert/distilgpt2	distilbert/distilgpt2	False	0.0005205170018598437	10.907767295837402
Ġbecause	1505	 because	3	distilbert/distilgpt2	distilbert/distilgpt2	False	0.00014561017451342195	12.745601654052734
Ġhe	1505	 he	4	distilbert/distilgpt2	distilbert/distilgpt2	False	0.4186641275882721	1.2561348676681519
Mary	1506	Mary	0	distilbert/distilgpt2	distilbert/distilgpt2	False	1.0	0.0
Ġdepl	1506	 deplored	1	distilbert/distilgpt2	distilbert/distilgpt2	False	2.116628117221353e-08	25.493656158447266
ored	1506	 deplored	1	distilbert/distilgpt2	distilbert/distilgpt2	False	0.09076859802007675	3.461663007736206
ĠDavid	1506	 David	2	distilbert/distilgpt2	distilbert/distilgpt2	False	0.00034474622225388885	11.502177238464355
Ġbecause	1506	 because	3	distilbert/distilgpt2	distilbert/distilgpt2	False	0.00020121510897297412	12.278973579406738
Ġhe	1506	 he	4	distilbert/distilgpt2	distilbert/distilgpt2	False	0.4294193983078003	1.2195407152175903
John	1507	John	0	distilbert/distilgpt2	distilbert/distilgpt2	False	1.0	0.0
Ġdepl	1507	 deplored	1	distilbert/distilgpt2	distilbert/distilgpt2	False	1.6426158211402253e-08	25.85943031311035
ored	1507	 deplored	1	distilbert/distilgpt2	distilbert/distilgpt2	False	0.07856457680463791	3.6699774265289307
ĠDavid	1507	 David	2	distilbert/distilgpt2	distilbert/distilgpt2	False	0.0005205170018598437	10.907767295837402
Ġbecause	1507	 because	3	distilbert/distilgpt2	distilbert/distilgpt2	False	0.00014561017451342195	12.745601654052734
Ġhe	1507	 he	4	distilbert/distilgpt2	distilbert/distilgpt2	False	0.4186641275882721	1.2561348676681519
Sarah	1508	Sarah	0	distilbert/distilgpt2	distilbert/distilgpt2	False	1.0	0.0
Ġdepl	1508	 deplored	1	distilbert/distilgpt2	distilbert/distilgpt2	False	1.6727691232176767e-08	25.833187103271484
ored	1508	 deplored	1	distilbert/distilgpt2	distilbert/distilgpt2	False	0.052024953067302704	4.264652252197266
ĠDavid	1508	 David	2	distilbert/distilgpt2	distilbert/distilgpt2	False	0.0004688666667789221	11.058534622192383
Ġbecause	1508	 because	3	distilbert/distilgpt2	distilbert/distilgpt2	False	0.00017264563939534128	12.499898910522461
Ġhe	1508	 he	4	distilbert/distilgpt2	distilbert/distilgpt2	False	0.446146696805954	1.1644099950790405
David	1509	David	0	distilbert/distilgpt2	distilbert/distilgpt2	False	1.0	0.0
Ġdepl	1509	 deplored	1	distilbert/distilgpt2	distilbert/distilgpt2	False	1.7973492916212308e-08	25.72955322265625
ored	1509	 deplored	1	distilbert/distilgpt2	distilbert/distilgpt2	False	0.08350536972284317	3.581987142562866
ĠJohn	1509	 John	2	distilbert/distilgpt2	distilbert/distilgpt2	False	0.0006450868677347898	10.59821891784668
Ġbecause	1509	 because	3	distilbert/distilgpt2	distilbert/distilgpt2	False	7.641977572347969e-05	13.675694465637207
Ġhe	1509	 he	4	distilbert/distilgpt2	distilbert/distilgpt2	False	0.44067853689193726	1.1822015047073364
Mary	1510	Mary	0	distilbert/distilgpt2	distilbert/distilgpt2	False	1.0	0.0
Ġdepl	1510	 deplored	1	distilbert/distilgpt2	distilbert/distilgpt2	False	2.116628117221353e-08	25.493656158447266
ored	1510	 deplored	1	distilbert/distilgpt2	distilbert/distilgpt2	False	0.09076859802007675	3.461663007736206
ĠJohn	1510	 John	2	distilbert/distilgpt2	distilbert/distilgpt2	False	0.0004715250979643315	11.05037784576416
Ġbecause	1510	 because	3	distilbert/distilgpt2	distilbert/distilgpt2	False	0.00015213346341624856	12.682374954223633
Ġhe	1510	 he	4	distilbert/distilgpt2	distilbert/distilgpt2	False	0.46851444244384766	1.093834638595581
David	1511	David	0	distilbert/distilgpt2	distilbert/distilgpt2	False	1.0	0.0
Ġdepl	1511	 deplored	1	distilbert/distilgpt2	distilbert/distilgpt2	False	1.7973492916212308e-08	25.72955322265625
ored	1511	 deplored	1	distilbert/distilgpt2	distilbert/distilgpt2	False	0.08350536972284317	3.581987142562866
ĠJohn	1511	 John	2	distilbert/distilgpt2	distilbert/distilgpt2	False	0.0006450868677347898	10.59821891784668
Ġbecause	1511	 because	3	distilbert/distilgpt2	distilbert/distilgpt2	False	7.641977572347969e-05	13.675694465637207
Ġhe	1511	 he	4	distilbert/distilgpt2	distilbert/distilgpt2	False	0.44067853689193726	1.1822015047073364
Sarah	1512	Sarah	0	distilbert/distilgpt2	distilbert/distilgpt2	False	1.0	0.0
Ġdepl	1512	 deplored	1	distilbert/distilgpt2	distilbert/distilgpt2	False	1.6727691232176767e-08	25.833187103271484
ored	1512	 deplored	1	distilbert/distilgpt2	distilbert/distilgpt2	False	0.052024953067302704	4.264652252197266
ĠJohn	1512	 John	2	distilbert/distilgpt2	distilbert/distilgpt2	False	0.0005668311496265233	10.78479290008545
Ġbecause	1512	 because	3	distilbert/distilgpt2	distilbert/distilgpt2	False	0.00015775881183799356	12.62999153137207
Ġhe	1512	 he	4	distilbert/distilgpt2	distilbert/distilgpt2	False	0.4601060748100281	1.1199616193771362
Mary	1513	Mary	0	distilbert/distilgpt2	distilbert/distilgpt2	False	1.0	0.0
Ġdepl	1513	 deplored	1	distilbert/distilgpt2	distilbert/distilgpt2	False	2.116628117221353e-08	25.493656158447266
ored	1513	 deplored	1	distilbert/distilgpt2	distilbert/distilgpt2	False	0.09076859802007675	3.461663007736206
ĠSarah	1513	 Sarah	2	distilbert/distilgpt2	distilbert/distilgpt2	False	7.350493979174644e-05	13.731799125671387
Ġbecause	1513	 because	3	distilbert/distilgpt2	distilbert/distilgpt2	False	0.000832671532407403	10.229965209960938
Ġshe	1513	 she	4	distilbert/distilgpt2	distilbert/distilgpt2	False	0.46419790387153625	1.107188105583191
John	1514	John	0	distilbert/distilgpt2	distilbert/distilgpt2	False	1.0	0.0
Ġdepl	1514	 deplored	1	distilbert/distilgpt2	distilbert/distilgpt2	False	1.6426158211402253e-08	25.85943031311035
ored	1514	 deplored	1	distilbert/distilgpt2	distilbert/distilgpt2	False	0.07856457680463791	3.6699774265289307
ĠSarah	1514	 Sarah	2	distilbert/distilgpt2	distilbert/distilgpt2	False	8.928534225560725e-05	13.451216697692871
Ġbecause	1514	 because	3	distilbert/distilgpt2	distilbert/distilgpt2	False	0.0002742518554441631	11.832210540771484
Ġshe	1514	 she	4	distilbert/distilgpt2	distilbert/distilgpt2	False	0.44633397459983826	1.163804531097412
Mary	1515	Mary	0	distilbert/distilgpt2	distilbert/distilgpt2	False	1.0	0.0
Ġdepl	1515	 deplored	1	distilbert/distilgpt2	distilbert/distilgpt2	False	2.116628117221353e-08	25.493656158447266
ored	1515	 deplored	1	distilbert/distilgpt2	distilbert/distilgpt2	False	0.09076859802007675	3.461663007736206
ĠSarah	1515	 Sarah	2	distilbert/distilgpt2	distilbert/distilgpt2	False	7.350493979174644e-05	13.731799125671387
Ġbecause	1515	 because	3	distilbert/distilgpt2	distilbert/distilgpt2	False	0.000832671532407403	10.229965209960938
Ġshe	1515	 she	4	distilbert/distilgpt2	distilbert/distilgpt2	False	0.46419790387153625	1.107188105583191
David	1516	David	0	distilbert/distilgpt2	distilbert/distilgpt2	False	1.0	0.0
Ġdepl	1516	 deplored	1	distilbert/distilgpt2	distilbert/distilgpt2	False	1.7973492916212308e-08	25.72955322265625
ored	1516	 deplored	1	distilbert/distilgpt2	distilbert/distilgpt2	False	0.08350536972284317	3.581987142562866
ĠSarah	1516	 Sarah	2	distilbert/distilgpt2	distilbert/distilgpt2	False	9.004201274365187e-05	13.439042091369629
Ġbecause	1516	 because	3	distilbert/distilgpt2	distilbert/distilgpt2	False	0.00014629248471464962	12.738856315612793
Ġshe	1516	 she	4	distilbert/distilgpt2	distilbert/distilgpt2	False	0.41786256432533264	1.2588995695114136
Sarah	1517	Sarah	0	distilbert/distilgpt2	distilbert/distilgpt2	False	1.0	0.0
Ġdepl	1517	 deplored	1	distilbert/distilgpt2	distilbert/distilgpt2	False	1.6727691232176767e-08	25.833187103271484
ored	1517	 deplored	1	distilbert/distilgpt2	distilbert/distilgpt2	False	0.052024953067302704	4.264652252197266
ĠMary	1517	 Mary	2	distilbert/distilgpt2	distilbert/distilgpt2	False	7.809077214915305e-05	13.644488334655762
Ġbecause	1517	 because	3	distilbert/distilgpt2	distilbert/distilgpt2	False	0.0005905558937229216	10.725638389587402
Ġshe	1517	 she	4	distilbert/distilgpt2	distilbert/distilgpt2	False	0.4193980097770691	1.2536081075668335
John	1518	John	0	distilbert/distilgpt2	distilbert/distilgpt2	False	1.0	0.0
Ġdepl	1518	 deplored	1	distilbert/distilgpt2	distilbert/distilgpt2	False	1.6426158211402253e-08	25.85943031311035
ored	1518	 deplored	1	distilbert/distilgpt2	distilbert/distilgpt2	False	0.07856457680463791	3.6699774265289307
ĠMary	1518	 Mary	2	distilbert/distilgpt2	distilbert/distilgpt2	False	6.263774412218481e-05	13.962608337402344
Ġbecause	1518	 because	3	distilbert/distilgpt2	distilbert/distilgpt2	False	0.0008391822339035571	10.218728065490723
Ġshe	1518	 she	4	distilbert/distilgpt2	distilbert/distilgpt2	False	0.43210136890411377	1.210558295249939
Sarah	1519	Sarah	0	distilbert/distilgpt2	distilbert/distilgpt2	False	1.0	0.0
Ġdepl	1519	 deplored	1	distilbert/distilgpt2	distilbert/distilgpt2	False	1.6727691232176767e-08	25.833187103271484
ored	1519	 deplored	1	distilbert/distilgpt2	distilbert/distilgpt2	False	0.052024953067302704	4.264652252197266
ĠMary	1519	 Mary	2	distilbert/distilgpt2	distilbert/distilgpt2	False	7.809077214915305e-05	13.644488334655762
Ġbecause	1519	 because	3	distilbert/distilgpt2	distilbert/distilgpt2	False	0.0005905558937229216	10.725638389587402
Ġshe	1519	 she	4	distilbert/distilgpt2	distilbert/distilgpt2	False	0.4193980097770691	1.2536081075668335
David	1520	David	0	distilbert/distilgpt2	distilbert/distilgpt2	False	1.0	0.0
Ġdepl	1520	 deplored	1	distilbert/distilgpt2	distilbert/distilgpt2	False	1.7973492916212308e-08	25.72955322265625
ored	1520	 deplored	1	distilbert/distilgpt2	distilbert/distilgpt2	False	0.08350536972284317	3.581987142562866
ĠMary	1520	 Mary	2	distilbert/distilgpt2	distilbert/distilgpt2	False	5.946421515545808e-05	14.037618637084961
Ġbecause	1520	 because	3	distilbert/distilgpt2	distilbert/distilgpt2	False	0.0002978816337417811	11.712973594665527
Ġshe	1520	 she	4	distilbert/distilgpt2	distilbert/distilgpt2	False	0.39895790815353394	1.3256915807724
John	1521	John	0	distilbert/distilgpt2	distilbert/distilgpt2	False	1.0	0.0
Ġdeprecated	1521	 deprecated	1	distilbert/distilgpt2	distilbert/distilgpt2	False	2.3778062185897397e-08	25.325794219970703
ĠDavid	1521	 David	2	distilbert/distilgpt2	distilbert/distilgpt2	False	3.141772685921751e-05	14.958061218261719
Ġbecause	1521	 because	3	distilbert/distilgpt2	distilbert/distilgpt2	False	3.0530605727108195e-05	14.999383926391602
Ġhe	1521	 he	4	distilbert/distilgpt2	distilbert/distilgpt2	False	0.2300269603729248	2.1201252937316895
Mary	1522	Mary	0	distilbert/distilgpt2	distilbert/distilgpt2	False	1.0	0.0
Ġdeprecated	1522	 deprecated	1	distilbert/distilgpt2	distilbert/distilgpt2	False	2.768618578841142e-08	25.106258392333984
ĠDavid	1522	 David	2	distilbert/distilgpt2	distilbert/distilgpt2	False	2.769248567346949e-05	15.140146255493164
Ġbecause	1522	 because	3	distilbert/distilgpt2	distilbert/distilgpt2	False	5.212082032812759e-05	14.22778034210205
Ġhe	1522	 he	4	distilbert/distilgpt2	distilbert/distilgpt2	False	0.2429143637418747	2.041480302810669
John	1523	John	0	distilbert/distilgpt2	distilbert/distilgpt2	False	1.0	0.0
Ġdeprecated	1523	 deprecated	1	distilbert/distilgpt2	distilbert/distilgpt2	False	2.3778062185897397e-08	25.325794219970703
ĠDavid	1523	 David	2	distilbert/distilgpt2	distilbert/distilgpt2	False	3.141772685921751e-05	14.958061218261719
Ġbecause	1523	 because	3	distilbert/distilgpt2	distilbert/distilgpt2	False	3.0530605727108195e-05	14.999383926391602
Ġhe	1523	 he	4	distilbert/distilgpt2	distilbert/distilgpt2	False	0.2300269603729248	2.1201252937316895
Sarah	1524	Sarah	0	distilbert/distilgpt2	distilbert/distilgpt2	False	1.0	0.0
Ġdeprecated	1524	 deprecated	1	distilbert/distilgpt2	distilbert/distilgpt2	False	2.759529493800983e-08	25.11100196838379
ĠDavid	1524	 David	2	distilbert/distilgpt2	distilbert/distilgpt2	False	4.670030830311589e-05	14.386208534240723
Ġbecause	1524	 because	3	distilbert/distilgpt2	distilbert/distilgpt2	False	8.032420737436041e-05	13.603805541992188
Ġhe	1524	 he	4	distilbert/distilgpt2	distilbert/distilgpt2	False	0.2662721574306488	1.9090265035629272
David	1525	David	0	distilbert/distilgpt2	distilbert/distilgpt2	False	1.0	0.0
Ġdeprecated	1525	 deprecated	1	distilbert/distilgpt2	distilbert/distilgpt2	False	3.2529534621517087e-08	24.873674392700195
ĠJohn	1525	 John	2	distilbert/distilgpt2	distilbert/distilgpt2	False	3.687389107653871e-05	14.727041244506836
Ġbecause	1525	 because	3	distilbert/distilgpt2	distilbert/distilgpt2	False	0.00013837413280270994	12.819138526916504
Ġhe	1525	 he	4	distilbert/distilgpt2	distilbert/distilgpt2	False	0.22830188274383545	2.1309854984283447
Mary	1526	Mary	0	distilbert/distilgpt2	distilbert/distilgpt2	False	1.0	0.0
Ġdeprecated	1526	 deprecated	1	distilbert/distilgpt2	distilbert/distilgpt2	False	2.768618578841142e-08	25.106258392333984
ĠJohn	1526	 John	2	distilbert/distilgpt2	distilbert/distilgpt2	False	2.6924977646558546e-05	15.180695533752441
Ġbecause	1526	 because	3	distilbert/distilgpt2	distilbert/distilgpt2	False	0.00013262320135254413	12.880378723144531
Ġhe	1526	 he	4	distilbert/distilgpt2	distilbert/distilgpt2	False	0.2356904149055481	2.0850350856781006
David	1527	David	0	distilbert/distilgpt2	distilbert/distilgpt2	False	1.0	0.0
Ġdeprecated	1527	 deprecated	1	distilbert/distilgpt2	distilbert/distilgpt2	False	3.2529534621517087e-08	24.873674392700195
ĠJohn	1527	 John	2	distilbert/distilgpt2	distilbert/distilgpt2	False	3.687389107653871e-05	14.727041244506836
Ġbecause	1527	 because	3	distilbert/distilgpt2	distilbert/distilgpt2	False	0.00013837413280270994	12.819138526916504
Ġhe	1527	 he	4	distilbert/distilgpt2	distilbert/distilgpt2	False	0.22830188274383545	2.1309854984283447
Sarah	1528	Sarah	0	distilbert/distilgpt2	distilbert/distilgpt2	False	1.0	0.0
Ġdeprecated	1528	 deprecated	1	distilbert/distilgpt2	distilbert/distilgpt2	False	2.759529493800983e-08	25.11100196838379
ĠJohn	1528	 John	2	distilbert/distilgpt2	distilbert/distilgpt2	False	3.9608643419342116e-05	14.623825073242188
Ġbecause	1528	 because	3	distilbert/distilgpt2	distilbert/distilgpt2	False	0.0002704641374293715	11.852274894714355
Ġhe	1528	 he	4	distilbert/distilgpt2	distilbert/distilgpt2	False	0.24528397619724274	2.027475118637085
Mary	1529	Mary	0	distilbert/distilgpt2	distilbert/distilgpt2	False	1.0	0.0
Ġdeprecated	1529	 deprecated	1	distilbert/distilgpt2	distilbert/distilgpt2	False	2.768618578841142e-08	25.106258392333984
ĠSarah	1529	 Sarah	2	distilbert/distilgpt2	distilbert/distilgpt2	False	1.2257326034159632e-06	19.637924194335938
Ġbecause	1529	 because	3	distilbert/distilgpt2	distilbert/distilgpt2	False	0.0004551752645056695	11.101289749145508
Ġshe	1529	 she	4	distilbert/distilgpt2	distilbert/distilgpt2	False	0.23597043752670288	2.083322048187256
John	1530	John	0	distilbert/distilgpt2	distilbert/distilgpt2	False	1.0	0.0
Ġdeprecated	1530	 deprecated	1	distilbert/distilgpt2	distilbert/distilgpt2	False	2.3778062185897397e-08	25.325794219970703
ĠSarah	1530	 Sarah	2	distilbert/distilgpt2	distilbert/distilgpt2	False	1.1420922874094686e-06	19.73988914489746
Ġbecause	1530	 because	3	distilbert/distilgpt2	distilbert/distilgpt2	False	0.00021027217735536397	12.2154541015625
Ġshe	1530	 she	4	distilbert/distilgpt2	distilbert/distilgpt2	False	0.23604647815227509	2.082857131958008
Mary	1531	Mary	0	distilbert/distilgpt2	distilbert/distilgpt2	False	1.0	0.0
Ġdeprecated	1531	 deprecated	1	distilbert/distilgpt2	distilbert/distilgpt2	False	2.768618578841142e-08	25.106258392333984
ĠSarah	1531	 Sarah	2	distilbert/distilgpt2	distilbert/distilgpt2	False	1.2257326034159632e-06	19.637924194335938
Ġbecause	1531	 because	3	distilbert/distilgpt2	distilbert/distilgpt2	False	0.0004551752645056695	11.101289749145508
Ġshe	1531	 she	4	distilbert/distilgpt2	distilbert/distilgpt2	False	0.23597043752670288	2.083322048187256
David	1532	David	0	distilbert/distilgpt2	distilbert/distilgpt2	False	1.0	0.0
Ġdeprecated	1532	 deprecated	1	distilbert/distilgpt2	distilbert/distilgpt2	False	3.2529534621517087e-08	24.873674392700195
ĠSarah	1532	 Sarah	2	distilbert/distilgpt2	distilbert/distilgpt2	False	1.1689377288348624e-06	19.706371307373047
Ġbecause	1532	 because	3	distilbert/distilgpt2	distilbert/distilgpt2	False	0.00029914904735051095	11.70684814453125
Ġshe	1532	 she	4	distilbert/distilgpt2	distilbert/distilgpt2	False	0.25270989537239075	1.9844460487365723
Sarah	1533	Sarah	0	distilbert/distilgpt2	distilbert/distilgpt2	False	1.0	0.0
Ġdeprecated	1533	 deprecated	1	distilbert/distilgpt2	distilbert/distilgpt2	False	2.759529493800983e-08	25.11100196838379
ĠMary	1533	 Mary	2	distilbert/distilgpt2	distilbert/distilgpt2	False	1.4804509191890247e-05	16.043603897094727
Ġbecause	1533	 because	3	distilbert/distilgpt2	distilbert/distilgpt2	False	0.00016678519023116678	12.549720764160156
Ġshe	1533	 she	4	distilbert/distilgpt2	distilbert/distilgpt2	False	0.22051680088043213	2.181039571762085
John	1534	John	0	distilbert/distilgpt2	distilbert/distilgpt2	False	1.0	0.0
Ġdeprecated	1534	 deprecated	1	distilbert/distilgpt2	distilbert/distilgpt2	False	2.3778062185897397e-08	25.325794219970703
ĠMary	1534	 Mary	2	distilbert/distilgpt2	distilbert/distilgpt2	False	8.029406671994366e-06	16.9262752532959
Ġbecause	1534	 because	3	distilbert/distilgpt2	distilbert/distilgpt2	False	7.450158591382205e-05	13.712368965148926
Ġshe	1534	 she	4	distilbert/distilgpt2	distilbert/distilgpt2	False	0.1980651170015335	2.3359532356262207
Sarah	1535	Sarah	0	distilbert/distilgpt2	distilbert/distilgpt2	False	1.0	0.0
Ġdeprecated	1535	 deprecated	1	distilbert/distilgpt2	distilbert/distilgpt2	False	2.759529493800983e-08	25.11100196838379
ĠMary	1535	 Mary	2	distilbert/distilgpt2	distilbert/distilgpt2	False	1.4804509191890247e-05	16.043603897094727
Ġbecause	1535	 because	3	distilbert/distilgpt2	distilbert/distilgpt2	False	0.00016678519023116678	12.549720764160156
Ġshe	1535	 she	4	distilbert/distilgpt2	distilbert/distilgpt2	False	0.22051680088043213	2.181039571762085
David	1536	David	0	distilbert/distilgpt2	distilbert/distilgpt2	False	1.0	0.0
Ġdeprecated	1536	 deprecated	1	distilbert/distilgpt2	distilbert/distilgpt2	False	3.2529534621517087e-08	24.873674392700195
ĠMary	1536	 Mary	2	distilbert/distilgpt2	distilbert/distilgpt2	False	8.662952495797072e-06	16.816709518432617
Ġbecause	1536	 because	3	distilbert/distilgpt2	distilbert/distilgpt2	False	6.525935168610886e-05	13.90345573425293
Ġshe	1536	 she	4	distilbert/distilgpt2	distilbert/distilgpt2	False	0.20942124724388123	2.2555203437805176
John	1537	John	0	distilbert/distilgpt2	distilbert/distilgpt2	False	1.0	0.0
Ġder	1537	 derided	1	distilbert/distilgpt2	distilbert/distilgpt2	False	3.920001176993537e-07	21.282642364501953
ided	1537	 derided	1	distilbert/distilgpt2	distilbert/distilgpt2	False	0.0006223858799785376	10.649903297424316
ĠDavid	1537	 David	2	distilbert/distilgpt2	distilbert/distilgpt2	False	0.0007901893113739789	10.305514335632324
Ġbecause	1537	 because	3	distilbert/distilgpt2	distilbert/distilgpt2	False	0.00011727151286322623	13.057859420776367
Ġhe	1537	 he	4	distilbert/distilgpt2	distilbert/distilgpt2	False	0.42553895711898804	1.2326369285583496
Mary	1538	Mary	0	distilbert/distilgpt2	distilbert/distilgpt2	False	1.0	0.0
Ġder	1538	 derided	1	distilbert/distilgpt2	distilbert/distilgpt2	False	3.2576676289863826e-07	21.549657821655273
ided	1538	 derided	1	distilbert/distilgpt2	distilbert/distilgpt2	False	0.0006082866457290947	10.682961463928223
ĠDavid	1538	 David	2	distilbert/distilgpt2	distilbert/distilgpt2	False	0.0005024938145652413	10.958606719970703
Ġbecause	1538	 because	3	distilbert/distilgpt2	distilbert/distilgpt2	False	0.00018840571283362806	12.373869895935059
Ġhe	1538	 he	4	distilbert/distilgpt2	distilbert/distilgpt2	False	0.430823415517807	1.2148314714431763
John	1539	John	0	distilbert/distilgpt2	distilbert/distilgpt2	False	1.0	0.0
Ġder	1539	 derided	1	distilbert/distilgpt2	distilbert/distilgpt2	False	3.920001176993537e-07	21.282642364501953
ided	1539	 derided	1	distilbert/distilgpt2	distilbert/distilgpt2	False	0.0006223858799785376	10.649903297424316
ĠDavid	1539	 David	2	distilbert/distilgpt2	distilbert/distilgpt2	False	0.0007901893113739789	10.305514335632324
Ġbecause	1539	 because	3	distilbert/distilgpt2	distilbert/distilgpt2	False	0.00011727151286322623	13.057859420776367
Ġhe	1539	 he	4	distilbert/distilgpt2	distilbert/distilgpt2	False	0.42553895711898804	1.2326369285583496
Sarah	1540	Sarah	0	distilbert/distilgpt2	distilbert/distilgpt2	False	1.0	0.0
Ġder	1540	 derided	1	distilbert/distilgpt2	distilbert/distilgpt2	False	3.867233147047955e-07	21.302194595336914
ided	1540	 derided	1	distilbert/distilgpt2	distilbert/distilgpt2	False	0.0022894309367984533	8.770794868469238
ĠDavid	1540	 David	2	distilbert/distilgpt2	distilbert/distilgpt2	False	0.0011396106565371156	9.777243614196777
Ġbecause	1540	 because	3	distilbert/distilgpt2	distilbert/distilgpt2	False	9.009578207042068e-05	13.438180923461914
Ġhe	1540	 he	4	distilbert/distilgpt2	distilbert/distilgpt2	False	0.428859680891037	1.2214224338531494
David	1541	David	0	distilbert/distilgpt2	distilbert/distilgpt2	False	1.0	0.0
Ġder	1541	 derided	1	distilbert/distilgpt2	distilbert/distilgpt2	False	4.944465104017581e-07	20.947681427001953
ided	1541	 derided	1	distilbert/distilgpt2	distilbert/distilgpt2	False	0.002608733018860221	8.58243465423584
ĠJohn	1541	 John	2	distilbert/distilgpt2	distilbert/distilgpt2	False	0.0007692856597714126	10.344193458557129
Ġbecause	1541	 because	3	distilbert/distilgpt2	distilbert/distilgpt2	False	8.101544517558068e-05	13.591443061828613
Ġhe	1541	 he	4	distilbert/distilgpt2	distilbert/distilgpt2	False	0.46952635049819946	1.0907219648361206
Mary	1542	Mary	0	distilbert/distilgpt2	distilbert/distilgpt2	False	1.0	0.0
Ġder	1542	 derided	1	distilbert/distilgpt2	distilbert/distilgpt2	False	3.2576676289863826e-07	21.549657821655273
ided	1542	 derided	1	distilbert/distilgpt2	distilbert/distilgpt2	False	0.0006082866457290947	10.682961463928223
ĠJohn	1542	 John	2	distilbert/distilgpt2	distilbert/distilgpt2	False	0.0004373893316369504	11.158794403076172
Ġbecause	1542	 because	3	distilbert/distilgpt2	distilbert/distilgpt2	False	0.00015934936527628452	12.615518569946289
Ġhe	1542	 he	4	distilbert/distilgpt2	distilbert/distilgpt2	False	0.4780641198158264	1.0647239685058594
David	1543	David	0	distilbert/distilgpt2	distilbert/distilgpt2	False	1.0	0.0
Ġder	1543	 derided	1	distilbert/distilgpt2	distilbert/distilgpt2	False	4.944465104017581e-07	20.947681427001953
ided	1543	 derided	1	distilbert/distilgpt2	distilbert/distilgpt2	False	0.002608733018860221	8.58243465423584
ĠJohn	1543	 John	2	distilbert/distilgpt2	distilbert/distilgpt2	False	0.0007692856597714126	10.344193458557129
Ġbecause	1543	 because	3	distilbert/distilgpt2	distilbert/distilgpt2	False	8.101544517558068e-05	13.591443061828613
Ġhe	1543	 he	4	distilbert/distilgpt2	distilbert/distilgpt2	False	0.46952635049819946	1.0907219648361206
Sarah	1544	Sarah	0	distilbert/distilgpt2	distilbert/distilgpt2	False	1.0	0.0
Ġder	1544	 derided	1	distilbert/distilgpt2	distilbert/distilgpt2	False	3.867233147047955e-07	21.302194595336914
ided	1544	 derided	1	distilbert/distilgpt2	distilbert/distilgpt2	False	0.0022894309367984533	8.770794868469238
ĠJohn	1544	 John	2	distilbert/distilgpt2	distilbert/distilgpt2	False	0.001062732539139688	9.878005981445312
Ġbecause	1544	 because	3	distilbert/distilgpt2	distilbert/distilgpt2	False	0.00010812504478963092	13.17501163482666
Ġhe	1544	 he	4	distilbert/distilgpt2	distilbert/distilgpt2	False	0.45882925391197205	1.1239707469940186
Mary	1545	Mary	0	distilbert/distilgpt2	distilbert/distilgpt2	False	1.0	0.0
Ġder	1545	 derided	1	distilbert/distilgpt2	distilbert/distilgpt2	False	3.2576676289863826e-07	21.549657821655273
ided	1545	 derided	1	distilbert/distilgpt2	distilbert/distilgpt2	False	0.0006082866457290947	10.682961463928223
ĠSarah	1545	 Sarah	2	distilbert/distilgpt2	distilbert/distilgpt2	False	0.00014924458810128272	12.710033416748047
Ġbecause	1545	 because	3	distilbert/distilgpt2	distilbert/distilgpt2	False	0.0007930826977826655	10.300241470336914
Ġshe	1545	 she	4	distilbert/distilgpt2	distilbert/distilgpt2	False	0.47904327511787415	1.061772108078003
John	1546	John	0	distilbert/distilgpt2	distilbert/distilgpt2	False	1.0	0.0
Ġder	1546	 derided	1	distilbert/distilgpt2	distilbert/distilgpt2	False	3.920001176993537e-07	21.282642364501953
ided	1546	 derided	1	distilbert/distilgpt2	distilbert/distilgpt2	False	0.0006223858799785376	10.649903297424316
ĠSarah	1546	 Sarah	2	distilbert/distilgpt2	distilbert/distilgpt2	False	0.0002285554219270125	12.095168113708496
Ġbecause	1546	 because	3	distilbert/distilgpt2	distilbert/distilgpt2	False	0.00026698524015955627	11.870952606201172
Ġshe	1546	 she	4	distilbert/distilgpt2	distilbert/distilgpt2	False	0.45922014117240906	1.1227421760559082
Mary	1547	Mary	0	distilbert/distilgpt2	distilbert/distilgpt2	False	1.0	0.0
Ġder	1547	 derided	1	distilbert/distilgpt2	distilbert/distilgpt2	False	3.2576676289863826e-07	21.549657821655273
ided	1547	 derided	1	distilbert/distilgpt2	distilbert/distilgpt2	False	0.0006082866457290947	10.682961463928223
ĠSarah	1547	 Sarah	2	distilbert/distilgpt2	distilbert/distilgpt2	False	0.00014924458810128272	12.710033416748047
Ġbecause	1547	 because	3	distilbert/distilgpt2	distilbert/distilgpt2	False	0.0007930826977826655	10.300241470336914
Ġshe	1547	 she	4	distilbert/distilgpt2	distilbert/distilgpt2	False	0.47904327511787415	1.061772108078003
David	1548	David	0	distilbert/distilgpt2	distilbert/distilgpt2	False	1.0	0.0
Ġder	1548	 derided	1	distilbert/distilgpt2	distilbert/distilgpt2	False	4.944465104017581e-07	20.947681427001953
ided	1548	 derided	1	distilbert/distilgpt2	distilbert/distilgpt2	False	0.002608733018860221	8.58243465423584
ĠSarah	1548	 Sarah	2	distilbert/distilgpt2	distilbert/distilgpt2	False	0.00022886689112056047	12.0932035446167
Ġbecause	1548	 because	3	distilbert/distilgpt2	distilbert/distilgpt2	False	0.00017931875481735915	12.445185661315918
Ġshe	1548	 she	4	distilbert/distilgpt2	distilbert/distilgpt2	False	0.4446527361869812	1.1692490577697754
Sarah	1549	Sarah	0	distilbert/distilgpt2	distilbert/distilgpt2	False	1.0	0.0
Ġder	1549	 derided	1	distilbert/distilgpt2	distilbert/distilgpt2	False	3.867233147047955e-07	21.302194595336914
ided	1549	 derided	1	distilbert/distilgpt2	distilbert/distilgpt2	False	0.0022894309367984533	8.770794868469238
ĠMary	1549	 Mary	2	distilbert/distilgpt2	distilbert/distilgpt2	False	0.00020683520415332168	12.239230155944824
Ġbecause	1549	 because	3	distilbert/distilgpt2	distilbert/distilgpt2	False	0.0004769749939441681	11.033799171447754
Ġshe	1549	 she	4	distilbert/distilgpt2	distilbert/distilgpt2	False	0.4223702549934387	1.243419885635376
John	1550	John	0	distilbert/distilgpt2	distilbert/distilgpt2	False	1.0	0.0
Ġder	1550	 derided	1	distilbert/distilgpt2	distilbert/distilgpt2	False	3.920001176993537e-07	21.282642364501953
ided	1550	 derided	1	distilbert/distilgpt2	distilbert/distilgpt2	False	0.0006223858799785376	10.649903297424316
ĠMary	1550	 Mary	2	distilbert/distilgpt2	distilbert/distilgpt2	False	0.00012630892160814255	12.950756072998047
Ġbecause	1550	 because	3	distilbert/distilgpt2	distilbert/distilgpt2	False	0.0006638848572038114	10.556778907775879
Ġshe	1550	 she	4	distilbert/distilgpt2	distilbert/distilgpt2	False	0.4373185336589813	1.1932436227798462
Sarah	1551	Sarah	0	distilbert/distilgpt2	distilbert/distilgpt2	False	1.0	0.0
Ġder	1551	 derided	1	distilbert/distilgpt2	distilbert/distilgpt2	False	3.867233147047955e-07	21.302194595336914
ided	1551	 derided	1	distilbert/distilgpt2	distilbert/distilgpt2	False	0.0022894309367984533	8.770794868469238
ĠMary	1551	 Mary	2	distilbert/distilgpt2	distilbert/distilgpt2	False	0.00020683520415332168	12.239230155944824
Ġbecause	1551	 because	3	distilbert/distilgpt2	distilbert/distilgpt2	False	0.0004769749939441681	11.033799171447754
Ġshe	1551	 she	4	distilbert/distilgpt2	distilbert/distilgpt2	False	0.4223702549934387	1.243419885635376
David	1552	David	0	distilbert/distilgpt2	distilbert/distilgpt2	False	1.0	0.0
Ġder	1552	 derided	1	distilbert/distilgpt2	distilbert/distilgpt2	False	4.944465104017581e-07	20.947681427001953
ided	1552	 derided	1	distilbert/distilgpt2	distilbert/distilgpt2	False	0.002608733018860221	8.58243465423584
ĠMary	1552	 Mary	2	distilbert/distilgpt2	distilbert/distilgpt2	False	0.0001345747004961595	12.859305381774902
Ġbecause	1552	 because	3	distilbert/distilgpt2	distilbert/distilgpt2	False	0.00025864882627502084	11.916717529296875
Ġshe	1552	 she	4	distilbert/distilgpt2	distilbert/distilgpt2	False	0.41991811990737915	1.2518200874328613
John	1553	John	0	distilbert/distilgpt2	distilbert/distilgpt2	False	1.0	0.0
Ġdeserted	1553	 deserted	1	distilbert/distilgpt2	distilbert/distilgpt2	False	8.730658862532437e-09	26.771263122558594
ĠDavid	1553	 David	2	distilbert/distilgpt2	distilbert/distilgpt2	False	0.00013058786862529814	12.902691841125488
Ġbecause	1553	 because	3	distilbert/distilgpt2	distilbert/distilgpt2	False	0.0008825494442135096	10.146035194396973
Ġhe	1553	 he	4	distilbert/distilgpt2	distilbert/distilgpt2	False	0.40653982758522034	1.298531413078308
Mary	1554	Mary	0	distilbert/distilgpt2	distilbert/distilgpt2	False	1.0	0.0
Ġdeserted	1554	 deserted	1	distilbert/distilgpt2	distilbert/distilgpt2	False	1.1514318387639833e-08	26.37199592590332
ĠDavid	1554	 David	2	distilbert/distilgpt2	distilbert/distilgpt2	False	7.939885108498856e-05	13.620522499084473
Ġbecause	1554	 because	3	distilbert/distilgpt2	distilbert/distilgpt2	False	0.0009770627366378903	9.999260902404785
Ġhe	1554	 he	4	distilbert/distilgpt2	distilbert/distilgpt2	False	0.3752024173736572	1.4142589569091797
John	1555	John	0	distilbert/distilgpt2	distilbert/distilgpt2	False	1.0	0.0
Ġdeserted	1555	 deserted	1	distilbert/distilgpt2	distilbert/distilgpt2	False	8.730658862532437e-09	26.771263122558594
ĠDavid	1555	 David	2	distilbert/distilgpt2	distilbert/distilgpt2	False	0.00013058786862529814	12.902691841125488
Ġbecause	1555	 because	3	distilbert/distilgpt2	distilbert/distilgpt2	False	0.0008825494442135096	10.146035194396973
Ġhe	1555	 he	4	distilbert/distilgpt2	distilbert/distilgpt2	False	0.40653982758522034	1.298531413078308
Sarah	1556	Sarah	0	distilbert/distilgpt2	distilbert/distilgpt2	False	1.0	0.0
Ġdeserted	1556	 deserted	1	distilbert/distilgpt2	distilbert/distilgpt2	False	9.304007342336718e-09	26.679500579833984
ĠDavid	1556	 David	2	distilbert/distilgpt2	distilbert/distilgpt2	False	0.0001483534142607823	12.718674659729004
Ġbecause	1556	 because	3	distilbert/distilgpt2	distilbert/distilgpt2	False	0.000940250582061708	10.054667472839355
Ġhe	1556	 he	4	distilbert/distilgpt2	distilbert/distilgpt2	False	0.4225563108921051	1.2427845001220703
David	1557	David	0	distilbert/distilgpt2	distilbert/distilgpt2	False	1.0	0.0
Ġdeserted	1557	 deserted	1	distilbert/distilgpt2	distilbert/distilgpt2	False	9.291149183354719e-09	26.681495666503906
ĠJohn	1557	 John	2	distilbert/distilgpt2	distilbert/distilgpt2	False	0.00018256119801662862	12.419332504272461
Ġbecause	1557	 because	3	distilbert/distilgpt2	distilbert/distilgpt2	False	0.00048432781477458775	11.011728286743164
Ġhe	1557	 he	4	distilbert/distilgpt2	distilbert/distilgpt2	False	0.37008795142173767	1.434059977531433
Mary	1558	Mary	0	distilbert/distilgpt2	distilbert/distilgpt2	False	1.0	0.0
Ġdeserted	1558	 deserted	1	distilbert/distilgpt2	distilbert/distilgpt2	False	1.1514318387639833e-08	26.37199592590332
ĠJohn	1558	 John	2	distilbert/distilgpt2	distilbert/distilgpt2	False	9.071439126273617e-05	13.428309440612793
Ġbecause	1558	 because	3	distilbert/distilgpt2	distilbert/distilgpt2	False	0.0009375885128974915	10.058757781982422
Ġhe	1558	 he	4	distilbert/distilgpt2	distilbert/distilgpt2	False	0.3742690086364746	1.417852520942688
David	1559	David	0	distilbert/distilgpt2	distilbert/distilgpt2	False	1.0	0.0
Ġdeserted	1559	 deserted	1	distilbert/distilgpt2	distilbert/distilgpt2	False	9.291149183354719e-09	26.681495666503906
ĠJohn	1559	 John	2	distilbert/distilgpt2	distilbert/distilgpt2	False	0.00018256119801662862	12.419332504272461
Ġbecause	1559	 because	3	distilbert/distilgpt2	distilbert/distilgpt2	False	0.00048432781477458775	11.011728286743164
Ġhe	1559	 he	4	distilbert/distilgpt2	distilbert/distilgpt2	False	0.37008795142173767	1.434059977531433
Sarah	1560	Sarah	0	distilbert/distilgpt2	distilbert/distilgpt2	False	1.0	0.0
Ġdeserted	1560	 deserted	1	distilbert/distilgpt2	distilbert/distilgpt2	False	9.304007342336718e-09	26.679500579833984
ĠJohn	1560	 John	2	distilbert/distilgpt2	distilbert/distilgpt2	False	0.0001473123993491754	12.728833198547363
Ġbecause	1560	 because	3	distilbert/distilgpt2	distilbert/distilgpt2	False	0.0011505543952807784	9.763455390930176
Ġhe	1560	 he	4	distilbert/distilgpt2	distilbert/distilgpt2	False	0.3836631178855896	1.3820880651474
Mary	1561	Mary	0	distilbert/distilgpt2	distilbert/distilgpt2	False	1.0	0.0
Ġdeserted	1561	 deserted	1	distilbert/distilgpt2	distilbert/distilgpt2	False	1.1514318387639833e-08	26.37199592590332
ĠSarah	1561	 Sarah	2	distilbert/distilgpt2	distilbert/distilgpt2	False	2.2357573470799252e-05	15.44887638092041
Ġbecause	1561	 because	3	distilbert/distilgpt2	distilbert/distilgpt2	False	0.0026361329946666956	8.567360877990723
Ġshe	1561	 she	4	distilbert/distilgpt2	distilbert/distilgpt2	False	0.4644875228404999	1.1062883138656616
John	1562	John	0	distilbert/distilgpt2	distilbert/distilgpt2	False	1.0	0.0
Ġdeserted	1562	 deserted	1	distilbert/distilgpt2	distilbert/distilgpt2	False	8.730658862532437e-09	26.771263122558594
ĠSarah	1562	 Sarah	2	distilbert/distilgpt2	distilbert/distilgpt2	False	2.7619613319984637e-05	15.14394760131836
Ġbecause	1562	 because	3	distilbert/distilgpt2	distilbert/distilgpt2	False	0.0027127708308398724	8.526017189025879
Ġshe	1562	 she	4	distilbert/distilgpt2	distilbert/distilgpt2	False	0.4618331491947174	1.1145564317703247
Mary	1563	Mary	0	distilbert/distilgpt2	distilbert/distilgpt2	False	1.0	0.0
Ġdeserted	1563	 deserted	1	distilbert/distilgpt2	distilbert/distilgpt2	False	1.1514318387639833e-08	26.37199592590332
ĠSarah	1563	 Sarah	2	distilbert/distilgpt2	distilbert/distilgpt2	False	2.2357573470799252e-05	15.44887638092041
Ġbecause	1563	 because	3	distilbert/distilgpt2	distilbert/distilgpt2	False	0.0026361329946666956	8.567360877990723
Ġshe	1563	 she	4	distilbert/distilgpt2	distilbert/distilgpt2	False	0.4644875228404999	1.1062883138656616
David	1564	David	0	distilbert/distilgpt2	distilbert/distilgpt2	False	1.0	0.0
Ġdeserted	1564	 deserted	1	distilbert/distilgpt2	distilbert/distilgpt2	False	9.291149183354719e-09	26.681495666503906
ĠSarah	1564	 Sarah	2	distilbert/distilgpt2	distilbert/distilgpt2	False	3.212969750165939e-05	14.925732612609863
Ġbecause	1564	 because	3	distilbert/distilgpt2	distilbert/distilgpt2	False	0.0020553225185722113	8.926419258117676
Ġshe	1564	 she	4	distilbert/distilgpt2	distilbert/distilgpt2	False	0.4642139673233032	1.1071381568908691
Sarah	1565	Sarah	0	distilbert/distilgpt2	distilbert/distilgpt2	False	1.0	0.0
Ġdeserted	1565	 deserted	1	distilbert/distilgpt2	distilbert/distilgpt2	False	9.304007342336718e-09	26.679500579833984
ĠMary	1565	 Mary	2	distilbert/distilgpt2	distilbert/distilgpt2	False	0.00010847972589544952	13.170287132263184
Ġbecause	1565	 because	3	distilbert/distilgpt2	distilbert/distilgpt2	False	0.0018630318809300661	9.068132400512695
Ġshe	1565	 she	4	distilbert/distilgpt2	distilbert/distilgpt2	False	0.39501386880874634	1.3400248289108276
John	1566	John	0	distilbert/distilgpt2	distilbert/distilgpt2	False	1.0	0.0
Ġdeserted	1566	 deserted	1	distilbert/distilgpt2	distilbert/distilgpt2	False	8.730658862532437e-09	26.771263122558594
ĠMary	1566	 Mary	2	distilbert/distilgpt2	distilbert/distilgpt2	False	7.829890091670677e-05	13.64064884185791
Ġbecause	1566	 because	3	distilbert/distilgpt2	distilbert/distilgpt2	False	0.0019585781265050173	8.995977401733398
Ġshe	1566	 she	4	distilbert/distilgpt2	distilbert/distilgpt2	False	0.38126879930496216	1.3911197185516357
Sarah	1567	Sarah	0	distilbert/distilgpt2	distilbert/distilgpt2	False	1.0	0.0
Ġdeserted	1567	 deserted	1	distilbert/distilgpt2	distilbert/distilgpt2	False	9.304007342336718e-09	26.679500579833984
ĠMary	1567	 Mary	2	distilbert/distilgpt2	distilbert/distilgpt2	False	0.00010847972589544952	13.170287132263184
Ġbecause	1567	 because	3	distilbert/distilgpt2	distilbert/distilgpt2	False	0.0018630318809300661	9.068132400512695
Ġshe	1567	 she	4	distilbert/distilgpt2	distilbert/distilgpt2	False	0.39501386880874634	1.3400248289108276
David	1568	David	0	distilbert/distilgpt2	distilbert/distilgpt2	False	1.0	0.0
Ġdeserted	1568	 deserted	1	distilbert/distilgpt2	distilbert/distilgpt2	False	9.291149183354719e-09	26.681495666503906
ĠMary	1568	 Mary	2	distilbert/distilgpt2	distilbert/distilgpt2	False	9.978297748602927e-05	13.290846824645996
Ġbecause	1568	 because	3	distilbert/distilgpt2	distilbert/distilgpt2	False	0.0010602568509057164	9.881370544433594
Ġshe	1568	 she	4	distilbert/distilgpt2	distilbert/distilgpt2	False	0.3851962387561798	1.376334547996521
John	1569	John	0	distilbert/distilgpt2	distilbert/distilgpt2	False	1.0	0.0
Ġdespised	1569	 despised	1	distilbert/distilgpt2	distilbert/distilgpt2	False	7.84503217943211e-09	26.925573348999023
ĠDavid	1569	 David	2	distilbert/distilgpt2	distilbert/distilgpt2	False	0.0003198953054379672	11.610112190246582
Ġbecause	1569	 because	3	distilbert/distilgpt2	distilbert/distilgpt2	False	0.0016179935773834586	9.271578788757324
Ġhe	1569	 he	4	distilbert/distilgpt2	distilbert/distilgpt2	False	0.4412115514278412	1.180457592010498
Mary	1570	Mary	0	distilbert/distilgpt2	distilbert/distilgpt2	False	1.0	0.0
Ġdespised	1570	 despised	1	distilbert/distilgpt2	distilbert/distilgpt2	False	8.53220427643464e-09	26.804433822631836
ĠDavid	1570	 David	2	distilbert/distilgpt2	distilbert/distilgpt2	False	0.0002243629569420591	12.121877670288086
Ġbecause	1570	 because	3	distilbert/distilgpt2	distilbert/distilgpt2	False	0.0029115122742950916	8.424015998840332
Ġhe	1570	 he	4	distilbert/distilgpt2	distilbert/distilgpt2	False	0.42512428760528564	1.2340434789657593
John	1571	John	0	distilbert/distilgpt2	distilbert/distilgpt2	False	1.0	0.0
Ġdespised	1571	 despised	1	distilbert/distilgpt2	distilbert/distilgpt2	False	7.84503217943211e-09	26.925573348999023
ĠDavid	1571	 David	2	distilbert/distilgpt2	distilbert/distilgpt2	False	0.0003198953054379672	11.610112190246582
Ġbecause	1571	 because	3	distilbert/distilgpt2	distilbert/distilgpt2	False	0.0016179935773834586	9.271578788757324
Ġhe	1571	 he	4	distilbert/distilgpt2	distilbert/distilgpt2	False	0.4412115514278412	1.180457592010498
Sarah	1572	Sarah	0	distilbert/distilgpt2	distilbert/distilgpt2	False	1.0	0.0
Ġdespised	1572	 despised	1	distilbert/distilgpt2	distilbert/distilgpt2	False	6.5713559038727e-09	27.181161880493164
ĠDavid	1572	 David	2	distilbert/distilgpt2	distilbert/distilgpt2	False	0.0003822968283202499	11.353018760681152
Ġbecause	1572	 because	3	distilbert/distilgpt2	distilbert/distilgpt2	False	0.001181478495709598	9.725191116333008
Ġhe	1572	 he	4	distilbert/distilgpt2	distilbert/distilgpt2	False	0.4583743214607239	1.1254018545150757
David	1573	David	0	distilbert/distilgpt2	distilbert/distilgpt2	False	1.0	0.0
Ġdespised	1573	 despised	1	distilbert/distilgpt2	distilbert/distilgpt2	False	8.55513171416078e-09	26.800561904907227
ĠJohn	1573	 John	2	distilbert/distilgpt2	distilbert/distilgpt2	False	0.0009286876884289086	10.072519302368164
Ġbecause	1573	 because	3	distilbert/distilgpt2	distilbert/distilgpt2	False	0.0003520050086081028	11.472116470336914
Ġhe	1573	 he	4	distilbert/distilgpt2	distilbert/distilgpt2	False	0.4853307604789734	1.0429598093032837
Mary	1574	Mary	0	distilbert/distilgpt2	distilbert/distilgpt2	False	1.0	0.0
Ġdespised	1574	 despised	1	distilbert/distilgpt2	distilbert/distilgpt2	False	8.53220427643464e-09	26.804433822631836
ĠJohn	1574	 John	2	distilbert/distilgpt2	distilbert/distilgpt2	False	0.0006792130880057812	10.523848533630371
Ġbecause	1574	 because	3	distilbert/distilgpt2	distilbert/distilgpt2	False	0.0019018633756786585	9.038371086120605
Ġhe	1574	 he	4	distilbert/distilgpt2	distilbert/distilgpt2	False	0.46739864349365234	1.0972745418548584
David	1575	David	0	distilbert/distilgpt2	distilbert/distilgpt2	False	1.0	0.0
Ġdespised	1575	 despised	1	distilbert/distilgpt2	distilbert/distilgpt2	False	8.55513171416078e-09	26.800561904907227
ĠJohn	1575	 John	2	distilbert/distilgpt2	distilbert/distilgpt2	False	0.0009286876884289086	10.072519302368164
Ġbecause	1575	 because	3	distilbert/distilgpt2	distilbert/distilgpt2	False	0.0003520050086081028	11.472116470336914
Ġhe	1575	 he	4	distilbert/distilgpt2	distilbert/distilgpt2	False	0.4853307604789734	1.0429598093032837
Sarah	1576	Sarah	0	distilbert/distilgpt2	distilbert/distilgpt2	False	1.0	0.0
Ġdespised	1576	 despised	1	distilbert/distilgpt2	distilbert/distilgpt2	False	6.5713559038727e-09	27.181161880493164
ĠJohn	1576	 John	2	distilbert/distilgpt2	distilbert/distilgpt2	False	0.0010716873221099377	9.865900039672852
Ġbecause	1576	 because	3	distilbert/distilgpt2	distilbert/distilgpt2	False	0.0012345066061243415	9.661849975585938
Ġhe	1576	 he	4	distilbert/distilgpt2	distilbert/distilgpt2	False	0.4735506474971771	1.0784094333648682
Mary	1577	Mary	0	distilbert/distilgpt2	distilbert/distilgpt2	False	1.0	0.0
Ġdespised	1577	 despised	1	distilbert/distilgpt2	distilbert/distilgpt2	False	8.53220427643464e-09	26.804433822631836
ĠSarah	1577	 Sarah	2	distilbert/distilgpt2	distilbert/distilgpt2	False	8.807925041764975e-05	13.47083854675293
Ġbecause	1577	 because	3	distilbert/distilgpt2	distilbert/distilgpt2	False	0.0048854537308216095	7.6772918701171875
Ġshe	1577	 she	4	distilbert/distilgpt2	distilbert/distilgpt2	False	0.4646061658859253	1.1059198379516602
John	1578	John	0	distilbert/distilgpt2	distilbert/distilgpt2	False	1.0	0.0
Ġdespised	1578	 despised	1	distilbert/distilgpt2	distilbert/distilgpt2	False	7.84503217943211e-09	26.925573348999023
ĠSarah	1578	 Sarah	2	distilbert/distilgpt2	distilbert/distilgpt2	False	9.709622099762782e-05	13.330224990844727
Ġbecause	1578	 because	3	distilbert/distilgpt2	distilbert/distilgpt2	False	0.00191494170576334	9.028483390808105
Ġshe	1578	 she	4	distilbert/distilgpt2	distilbert/distilgpt2	False	0.44781461358070374	1.1590265035629272
Mary	1579	Mary	0	distilbert/distilgpt2	distilbert/distilgpt2	False	1.0	0.0
Ġdespised	1579	 despised	1	distilbert/distilgpt2	distilbert/distilgpt2	False	8.53220427643464e-09	26.804433822631836
ĠSarah	1579	 Sarah	2	distilbert/distilgpt2	distilbert/distilgpt2	False	8.807925041764975e-05	13.47083854675293
Ġbecause	1579	 because	3	distilbert/distilgpt2	distilbert/distilgpt2	False	0.0048854537308216095	7.6772918701171875
Ġshe	1579	 she	4	distilbert/distilgpt2	distilbert/distilgpt2	False	0.4646061658859253	1.1059198379516602
David	1580	David	0	distilbert/distilgpt2	distilbert/distilgpt2	False	1.0	0.0
Ġdespised	1580	 despised	1	distilbert/distilgpt2	distilbert/distilgpt2	False	8.55513171416078e-09	26.800561904907227
ĠSarah	1580	 Sarah	2	distilbert/distilgpt2	distilbert/distilgpt2	False	0.000102012294519227	13.2589693069458
Ġbecause	1580	 because	3	distilbert/distilgpt2	distilbert/distilgpt2	False	0.0005482608103193343	10.832850456237793
Ġshe	1580	 she	4	distilbert/distilgpt2	distilbert/distilgpt2	False	0.45788589119911194	1.1269400119781494
Sarah	1581	Sarah	0	distilbert/distilgpt2	distilbert/distilgpt2	False	1.0	0.0
Ġdespised	1581	 despised	1	distilbert/distilgpt2	distilbert/distilgpt2	False	6.5713559038727e-09	27.181161880493164
ĠMary	1581	 Mary	2	distilbert/distilgpt2	distilbert/distilgpt2	False	0.00029925888520665467	11.706317901611328
Ġbecause	1581	 because	3	distilbert/distilgpt2	distilbert/distilgpt2	False	0.005185438320040703	7.591318130493164
Ġshe	1581	 she	4	distilbert/distilgpt2	distilbert/distilgpt2	False	0.43087100982666016	1.2146720886230469
John	1582	John	0	distilbert/distilgpt2	distilbert/distilgpt2	False	1.0	0.0
Ġdespised	1582	 despised	1	distilbert/distilgpt2	distilbert/distilgpt2	False	7.84503217943211e-09	26.925573348999023
ĠMary	1582	 Mary	2	distilbert/distilgpt2	distilbert/distilgpt2	False	0.00020825673709623516	12.229349136352539
Ġbecause	1582	 because	3	distilbert/distilgpt2	distilbert/distilgpt2	False	0.007574261631816626	7.044679164886475
Ġshe	1582	 she	4	distilbert/distilgpt2	distilbert/distilgpt2	False	0.4372614920139313	1.1934318542480469
Sarah	1583	Sarah	0	distilbert/distilgpt2	distilbert/distilgpt2	False	1.0	0.0
Ġdespised	1583	 despised	1	distilbert/distilgpt2	distilbert/distilgpt2	False	6.5713559038727e-09	27.181161880493164
ĠMary	1583	 Mary	2	distilbert/distilgpt2	distilbert/distilgpt2	False	0.00029925888520665467	11.706317901611328
Ġbecause	1583	 because	3	distilbert/distilgpt2	distilbert/distilgpt2	False	0.005185438320040703	7.591318130493164
Ġshe	1583	 she	4	distilbert/distilgpt2	distilbert/distilgpt2	False	0.43087100982666016	1.2146720886230469
David	1584	David	0	distilbert/distilgpt2	distilbert/distilgpt2	False	1.0	0.0
Ġdespised	1584	 despised	1	distilbert/distilgpt2	distilbert/distilgpt2	False	8.55513171416078e-09	26.800561904907227
ĠMary	1584	 Mary	2	distilbert/distilgpt2	distilbert/distilgpt2	False	0.0001839216420194134	12.408620834350586
Ġbecause	1584	 because	3	distilbert/distilgpt2	distilbert/distilgpt2	False	0.0018068329663947225	9.112320899963379
Ġshe	1584	 she	4	distilbert/distilgpt2	distilbert/distilgpt2	False	0.4387686550617218	1.1884676218032837
John	1585	John	0	distilbert/distilgpt2	distilbert/distilgpt2	False	1.0	0.0
Ġdet	1585	 detested	1	distilbert/distilgpt2	distilbert/distilgpt2	False	2.0846148629516392e-07	22.193716049194336
ested	1585	 detested	1	distilbert/distilgpt2	distilbert/distilgpt2	False	0.06113383173942566	4.031885147094727
ĠDavid	1585	 David	2	distilbert/distilgpt2	distilbert/distilgpt2	False	0.00025405280757695436	11.942584037780762
Ġbecause	1585	 because	3	distilbert/distilgpt2	distilbert/distilgpt2	False	0.0003853679809253663	11.341475486755371
Ġhe	1585	 he	4	distilbert/distilgpt2	distilbert/distilgpt2	False	0.4409335255622864	1.1813669204711914
Mary	1586	Mary	0	distilbert/distilgpt2	distilbert/distilgpt2	False	1.0	0.0
Ġdet	1586	 detested	1	distilbert/distilgpt2	distilbert/distilgpt2	False	2.040642641532031e-07	22.22447395324707
ested	1586	 detested	1	distilbert/distilgpt2	distilbert/distilgpt2	False	0.04995081201195717	4.323348045349121
ĠDavid	1586	 David	2	distilbert/distilgpt2	distilbert/distilgpt2	False	0.00019916563178412616	12.293744087219238
Ġbecause	1586	 because	3	distilbert/distilgpt2	distilbert/distilgpt2	False	0.0007680742419324815	10.346467018127441
Ġhe	1586	 he	4	distilbert/distilgpt2	distilbert/distilgpt2	False	0.4429914951324463	1.1746491193771362
John	1587	John	0	distilbert/distilgpt2	distilbert/distilgpt2	False	1.0	0.0
Ġdet	1587	 detested	1	distilbert/distilgpt2	distilbert/distilgpt2	False	2.0846148629516392e-07	22.193716049194336
ested	1587	 detested	1	distilbert/distilgpt2	distilbert/distilgpt2	False	0.06113383173942566	4.031885147094727
ĠDavid	1587	 David	2	distilbert/distilgpt2	distilbert/distilgpt2	False	0.00025405280757695436	11.942584037780762
Ġbecause	1587	 because	3	distilbert/distilgpt2	distilbert/distilgpt2	False	0.0003853679809253663	11.341475486755371
Ġhe	1587	 he	4	distilbert/distilgpt2	distilbert/distilgpt2	False	0.4409335255622864	1.1813669204711914
Sarah	1588	Sarah	0	distilbert/distilgpt2	distilbert/distilgpt2	False	1.0	0.0
Ġdet	1588	 detested	1	distilbert/distilgpt2	distilbert/distilgpt2	False	2.119651014709234e-07	22.16967010498047
ested	1588	 detested	1	distilbert/distilgpt2	distilbert/distilgpt2	False	0.049455445259809494	4.337726593017578
ĠDavid	1588	 David	2	distilbert/distilgpt2	distilbert/distilgpt2	False	0.0002784894313663244	11.810090065002441
Ġbecause	1588	 because	3	distilbert/distilgpt2	distilbert/distilgpt2	False	0.00047403332428075373	11.042723655700684
Ġhe	1588	 he	4	distilbert/distilgpt2	distilbert/distilgpt2	False	0.46512460708618164	1.1043108701705933
David	1589	David	0	distilbert/distilgpt2	distilbert/distilgpt2	False	1.0	0.0
Ġdet	1589	 detested	1	distilbert/distilgpt2	distilbert/distilgpt2	False	2.1652577686381846e-07	22.138957977294922
ested	1589	 detested	1	distilbert/distilgpt2	distilbert/distilgpt2	False	0.058604609221220016	4.092842102050781
ĠJohn	1589	 John	2	distilbert/distilgpt2	distilbert/distilgpt2	False	0.000716657261364162	10.446429252624512
Ġbecause	1589	 because	3	distilbert/distilgpt2	distilbert/distilgpt2	False	0.0003565842634998262	11.453469276428223
Ġhe	1589	 he	4	distilbert/distilgpt2	distilbert/distilgpt2	False	0.45464888215065	1.1371753215789795
Mary	1590	Mary	0	distilbert/distilgpt2	distilbert/distilgpt2	False	1.0	0.0
Ġdet	1590	 detested	1	distilbert/distilgpt2	distilbert/distilgpt2	False	2.040642641532031e-07	22.22447395324707
ested	1590	 detested	1	distilbert/distilgpt2	distilbert/distilgpt2	False	0.04995081201195717	4.323348045349121
ĠJohn	1590	 John	2	distilbert/distilgpt2	distilbert/distilgpt2	False	0.0003949836827814579	11.305919647216797
Ġbecause	1590	 because	3	distilbert/distilgpt2	distilbert/distilgpt2	False	0.000997778493911028	9.968993186950684
Ġhe	1590	 he	4	distilbert/distilgpt2	distilbert/distilgpt2	False	0.46145546436309814	1.115736722946167
David	1591	David	0	distilbert/distilgpt2	distilbert/distilgpt2	False	1.0	0.0
Ġdet	1591	 detested	1	distilbert/distilgpt2	distilbert/distilgpt2	False	2.1652577686381846e-07	22.138957977294922
ested	1591	 detested	1	distilbert/distilgpt2	distilbert/distilgpt2	False	0.058604609221220016	4.092842102050781
ĠJohn	1591	 John	2	distilbert/distilgpt2	distilbert/distilgpt2	False	0.000716657261364162	10.446429252624512
Ġbecause	1591	 because	3	distilbert/distilgpt2	distilbert/distilgpt2	False	0.0003565842634998262	11.453469276428223
Ġhe	1591	 he	4	distilbert/distilgpt2	distilbert/distilgpt2	False	0.45464888215065	1.1371753215789795
Sarah	1592	Sarah	0	distilbert/distilgpt2	distilbert/distilgpt2	False	1.0	0.0
Ġdet	1592	 detested	1	distilbert/distilgpt2	distilbert/distilgpt2	False	2.119651014709234e-07	22.16967010498047
ested	1592	 detested	1	distilbert/distilgpt2	distilbert/distilgpt2	False	0.049455445259809494	4.337726593017578
ĠJohn	1592	 John	2	distilbert/distilgpt2	distilbert/distilgpt2	False	0.000506044365465641	10.948448181152344
Ġbecause	1592	 because	3	distilbert/distilgpt2	distilbert/distilgpt2	False	0.0008737477473914623	10.16049575805664
Ġhe	1592	 he	4	distilbert/distilgpt2	distilbert/distilgpt2	False	0.4621642529964447	1.1135224103927612
Mary	1593	Mary	0	distilbert/distilgpt2	distilbert/distilgpt2	False	1.0	0.0
Ġdet	1593	 detested	1	distilbert/distilgpt2	distilbert/distilgpt2	False	2.040642641532031e-07	22.22447395324707
ested	1593	 detested	1	distilbert/distilgpt2	distilbert/distilgpt2	False	0.04995081201195717	4.323348045349121
ĠSarah	1593	 Sarah	2	distilbert/distilgpt2	distilbert/distilgpt2	False	6.051727905287407e-05	14.012292861938477
Ġbecause	1593	 because	3	distilbert/distilgpt2	distilbert/distilgpt2	False	0.0021641214843839407	8.85200309753418
Ġshe	1593	 she	4	distilbert/distilgpt2	distilbert/distilgpt2	False	0.48445799946784973	1.0455565452575684
John	1594	John	0	distilbert/distilgpt2	distilbert/distilgpt2	False	1.0	0.0
Ġdet	1594	 detested	1	distilbert/distilgpt2	distilbert/distilgpt2	False	2.0846148629516392e-07	22.193716049194336
ested	1594	 detested	1	distilbert/distilgpt2	distilbert/distilgpt2	False	0.06113383173942566	4.031885147094727
ĠSarah	1594	 Sarah	2	distilbert/distilgpt2	distilbert/distilgpt2	False	6.864343595225364e-05	13.83051872253418
Ġbecause	1594	 because	3	distilbert/distilgpt2	distilbert/distilgpt2	False	0.0008429706213064492	10.21222972869873
Ġshe	1594	 she	4	distilbert/distilgpt2	distilbert/distilgpt2	False	0.4661463797092438	1.1011450290679932
Mary	1595	Mary	0	distilbert/distilgpt2	distilbert/distilgpt2	False	1.0	0.0
Ġdet	1595	 detested	1	distilbert/distilgpt2	distilbert/distilgpt2	False	2.040642641532031e-07	22.22447395324707
ested	1595	 detested	1	distilbert/distilgpt2	distilbert/distilgpt2	False	0.04995081201195717	4.323348045349121
ĠSarah	1595	 Sarah	2	distilbert/distilgpt2	distilbert/distilgpt2	False	6.051727905287407e-05	14.012292861938477
Ġbecause	1595	 because	3	distilbert/distilgpt2	distilbert/distilgpt2	False	0.0021641214843839407	8.85200309753418
Ġshe	1595	 she	4	distilbert/distilgpt2	distilbert/distilgpt2	False	0.48445799946784973	1.0455565452575684
David	1596	David	0	distilbert/distilgpt2	distilbert/distilgpt2	False	1.0	0.0
Ġdet	1596	 detested	1	distilbert/distilgpt2	distilbert/distilgpt2	False	2.1652577686381846e-07	22.138957977294922
ested	1596	 detested	1	distilbert/distilgpt2	distilbert/distilgpt2	False	0.058604609221220016	4.092842102050781
ĠSarah	1596	 Sarah	2	distilbert/distilgpt2	distilbert/distilgpt2	False	8.284963405458257e-05	13.559144973754883
Ġbecause	1596	 because	3	distilbert/distilgpt2	distilbert/distilgpt2	False	0.00044709883513860404	11.127118110656738
Ġshe	1596	 she	4	distilbert/distilgpt2	distilbert/distilgpt2	False	0.45030057430267334	1.1510398387908936
Sarah	1597	Sarah	0	distilbert/distilgpt2	distilbert/distilgpt2	False	1.0	0.0
Ġdet	1597	 detested	1	distilbert/distilgpt2	distilbert/distilgpt2	False	2.119651014709234e-07	22.16967010498047
ested	1597	 detested	1	distilbert/distilgpt2	distilbert/distilgpt2	False	0.049455445259809494	4.337726593017578
ĠMary	1597	 Mary	2	distilbert/distilgpt2	distilbert/distilgpt2	False	0.0001586857542861253	12.621540069580078
Ġbecause	1597	 because	3	distilbert/distilgpt2	distilbert/distilgpt2	False	0.0009541611070744693	10.033479690551758
Ġshe	1597	 she	4	distilbert/distilgpt2	distilbert/distilgpt2	False	0.43365904688835144	1.2053669691085815
John	1598	John	0	distilbert/distilgpt2	distilbert/distilgpt2	False	1.0	0.0
Ġdet	1598	 detested	1	distilbert/distilgpt2	distilbert/distilgpt2	False	2.0846148629516392e-07	22.193716049194336
ested	1598	 detested	1	distilbert/distilgpt2	distilbert/distilgpt2	False	0.06113383173942566	4.031885147094727
ĠMary	1598	 Mary	2	distilbert/distilgpt2	distilbert/distilgpt2	False	0.00012059621076332405	13.01752758026123
Ġbecause	1598	 because	3	distilbert/distilgpt2	distilbert/distilgpt2	False	0.001275605522096157	9.614602088928223
Ġshe	1598	 she	4	distilbert/distilgpt2	distilbert/distilgpt2	False	0.4218530058860779	1.245187759399414
Sarah	1599	Sarah	0	distilbert/distilgpt2	distilbert/distilgpt2	False	1.0	0.0
Ġdet	1599	 detested	1	distilbert/distilgpt2	distilbert/distilgpt2	False	2.119651014709234e-07	22.16967010498047
ested	1599	 detested	1	distilbert/distilgpt2	distilbert/distilgpt2	False	0.049455445259809494	4.337726593017578
ĠMary	1599	 Mary	2	distilbert/distilgpt2	distilbert/distilgpt2	False	0.0001586857542861253	12.621540069580078
Ġbecause	1599	 because	3	distilbert/distilgpt2	distilbert/distilgpt2	False	0.0009541611070744693	10.033479690551758
Ġshe	1599	 she	4	distilbert/distilgpt2	distilbert/distilgpt2	False	0.43365904688835144	1.2053669691085815
David	1600	David	0	distilbert/distilgpt2	distilbert/distilgpt2	False	1.0	0.0
Ġdet	1600	 detested	1	distilbert/distilgpt2	distilbert/distilgpt2	False	2.1652577686381846e-07	22.138957977294922
ested	1600	 detested	1	distilbert/distilgpt2	distilbert/distilgpt2	False	0.058604609221220016	4.092842102050781
ĠMary	1600	 Mary	2	distilbert/distilgpt2	distilbert/distilgpt2	False	0.00013434696302283555	12.861748695373535
Ġbecause	1600	 because	3	distilbert/distilgpt2	distilbert/distilgpt2	False	0.0006242494564503431	10.645589828491211
Ġshe	1600	 she	4	distilbert/distilgpt2	distilbert/distilgpt2	False	0.4194371998310089	1.2534732818603516
John	1601	John	0	distilbert/distilgpt2	distilbert/distilgpt2	False	1.0	0.0
Ġdisappointed	1601	 disappointed	1	distilbert/distilgpt2	distilbert/distilgpt2	False	9.30782704244848e-08	23.356979370117188
ĠDavid	1601	 David	2	distilbert/distilgpt2	distilbert/distilgpt2	False	7.666629244340584e-05	13.671048164367676
Ġbecause	1601	 because	3	distilbert/distilgpt2	distilbert/distilgpt2	False	0.0009104347554966807	10.101157188415527
Ġhe	1601	 he	4	distilbert/distilgpt2	distilbert/distilgpt2	False	0.42167016863822937	1.2458131313323975
Mary	1602	Mary	0	distilbert/distilgpt2	distilbert/distilgpt2	False	1.0	0.0
Ġdisappointed	1602	 disappointed	1	distilbert/distilgpt2	distilbert/distilgpt2	False	1.1064392424486869e-07	23.107572555541992
ĠDavid	1602	 David	2	distilbert/distilgpt2	distilbert/distilgpt2	False	4.757876740768552e-05	14.359322547912598
Ġbecause	1602	 because	3	distilbert/distilgpt2	distilbert/distilgpt2	False	0.0010026732925325632	9.961933135986328
Ġhe	1602	 he	4	distilbert/distilgpt2	distilbert/distilgpt2	False	0.4125528633594513	1.2773491144180298
John	1603	John	0	distilbert/distilgpt2	distilbert/distilgpt2	False	1.0	0.0
Ġdisappointed	1603	 disappointed	1	distilbert/distilgpt2	distilbert/distilgpt2	False	9.30782704244848e-08	23.356979370117188
ĠDavid	1603	 David	2	distilbert/distilgpt2	distilbert/distilgpt2	False	7.666629244340584e-05	13.671048164367676
Ġbecause	1603	 because	3	distilbert/distilgpt2	distilbert/distilgpt2	False	0.0009104347554966807	10.101157188415527
Ġhe	1603	 he	4	distilbert/distilgpt2	distilbert/distilgpt2	False	0.42167016863822937	1.2458131313323975
Sarah	1604	Sarah	0	distilbert/distilgpt2	distilbert/distilgpt2	False	1.0	0.0
Ġdisappointed	1604	 disappointed	1	distilbert/distilgpt2	distilbert/distilgpt2	False	9.77994858430975e-08	23.285598754882812
ĠDavid	1604	 David	2	distilbert/distilgpt2	distilbert/distilgpt2	False	6.312498589977622e-05	13.95142936706543
Ġbecause	1604	 because	3	distilbert/distilgpt2	distilbert/distilgpt2	False	0.001155913807451725	9.756750106811523
Ġhe	1604	 he	4	distilbert/distilgpt2	distilbert/distilgpt2	False	0.4236101508140564	1.239190936088562
David	1605	David	0	distilbert/distilgpt2	distilbert/distilgpt2	False	1.0	0.0
Ġdisappointed	1605	 disappointed	1	distilbert/distilgpt2	distilbert/distilgpt2	False	1.1432718594051039e-07	23.060327529907227
ĠJohn	1605	 John	2	distilbert/distilgpt2	distilbert/distilgpt2	False	0.0002319269406143576	12.074042320251465
Ġbecause	1605	 because	3	distilbert/distilgpt2	distilbert/distilgpt2	False	0.0013003962812945247	9.586833000183105
Ġhe	1605	 he	4	distilbert/distilgpt2	distilbert/distilgpt2	False	0.406890869140625	1.2972862720489502
Mary	1606	Mary	0	distilbert/distilgpt2	distilbert/distilgpt2	False	1.0	0.0
Ġdisappointed	1606	 disappointed	1	distilbert/distilgpt2	distilbert/distilgpt2	False	1.1064392424486869e-07	23.107572555541992
ĠJohn	1606	 John	2	distilbert/distilgpt2	distilbert/distilgpt2	False	0.00011532419011928141	13.082016944885254
Ġbecause	1606	 because	3	distilbert/distilgpt2	distilbert/distilgpt2	False	0.0021901922300457954	8.834726333618164
Ġhe	1606	 he	4	distilbert/distilgpt2	distilbert/distilgpt2	False	0.41133615374565125	1.2816102504730225
David	1607	David	0	distilbert/distilgpt2	distilbert/distilgpt2	False	1.0	0.0
Ġdisappointed	1607	 disappointed	1	distilbert/distilgpt2	distilbert/distilgpt2	False	1.1432718594051039e-07	23.060327529907227
ĠJohn	1607	 John	2	distilbert/distilgpt2	distilbert/distilgpt2	False	0.0002319269406143576	12.074042320251465
Ġbecause	1607	 because	3	distilbert/distilgpt2	distilbert/distilgpt2	False	0.0013003962812945247	9.586833000183105
Ġhe	1607	 he	4	distilbert/distilgpt2	distilbert/distilgpt2	False	0.406890869140625	1.2972862720489502
Sarah	1608	Sarah	0	distilbert/distilgpt2	distilbert/distilgpt2	False	1.0	0.0
Ġdisappointed	1608	 disappointed	1	distilbert/distilgpt2	distilbert/distilgpt2	False	9.77994858430975e-08	23.285598754882812
ĠJohn	1608	 John	2	distilbert/distilgpt2	distilbert/distilgpt2	False	0.00016095259343273938	12.60107707977295
Ġbecause	1608	 because	3	distilbert/distilgpt2	distilbert/distilgpt2	False	0.0042837210930883884	7.866919994354248
Ġhe	1608	 he	4	distilbert/distilgpt2	distilbert/distilgpt2	False	0.410972535610199	1.2828861474990845
Mary	1609	Mary	0	distilbert/distilgpt2	distilbert/distilgpt2	False	1.0	0.0
Ġdisappointed	1609	 disappointed	1	distilbert/distilgpt2	distilbert/distilgpt2	False	1.1064392424486869e-07	23.107572555541992
ĠSarah	1609	 Sarah	2	distilbert/distilgpt2	distilbert/distilgpt2	False	1.7976932213059627e-05	15.763493537902832
Ġbecause	1609	 because	3	distilbert/distilgpt2	distilbert/distilgpt2	False	0.0026181191205978394	8.577253341674805
Ġshe	1609	 she	4	distilbert/distilgpt2	distilbert/distilgpt2	False	0.45683518052101135	1.1302543878555298
John	1610	John	0	distilbert/distilgpt2	distilbert/distilgpt2	False	1.0	0.0
Ġdisappointed	1610	 disappointed	1	distilbert/distilgpt2	distilbert/distilgpt2	False	9.30782704244848e-08	23.356979370117188
ĠSarah	1610	 Sarah	2	distilbert/distilgpt2	distilbert/distilgpt2	False	1.84688251465559e-05	15.72454833984375
Ġbecause	1610	 because	3	distilbert/distilgpt2	distilbert/distilgpt2	False	0.0025329100899398327	8.624988555908203
Ġshe	1610	 she	4	distilbert/distilgpt2	distilbert/distilgpt2	False	0.4355793595314026	1.1989924907684326
Mary	1611	Mary	0	distilbert/distilgpt2	distilbert/distilgpt2	False	1.0	0.0
Ġdisappointed	1611	 disappointed	1	distilbert/distilgpt2	distilbert/distilgpt2	False	1.1064392424486869e-07	23.107572555541992
ĠSarah	1611	 Sarah	2	distilbert/distilgpt2	distilbert/distilgpt2	False	1.7976932213059627e-05	15.763493537902832
Ġbecause	1611	 because	3	distilbert/distilgpt2	distilbert/distilgpt2	False	0.0026181191205978394	8.577253341674805
Ġshe	1611	 she	4	distilbert/distilgpt2	distilbert/distilgpt2	False	0.45683518052101135	1.1302543878555298
David	1612	David	0	distilbert/distilgpt2	distilbert/distilgpt2	False	1.0	0.0
Ġdisappointed	1612	 disappointed	1	distilbert/distilgpt2	distilbert/distilgpt2	False	1.1432718594051039e-07	23.060327529907227
ĠSarah	1612	 Sarah	2	distilbert/distilgpt2	distilbert/distilgpt2	False	2.118293195962906e-05	15.526738166809082
Ġbecause	1612	 because	3	distilbert/distilgpt2	distilbert/distilgpt2	False	0.0009493075194768608	10.040837287902832
Ġshe	1612	 she	4	distilbert/distilgpt2	distilbert/distilgpt2	False	0.4159339368343353	1.2655737400054932
Sarah	1613	Sarah	0	distilbert/distilgpt2	distilbert/distilgpt2	False	1.0	0.0
Ġdisappointed	1613	 disappointed	1	distilbert/distilgpt2	distilbert/distilgpt2	False	9.77994858430975e-08	23.285598754882812
ĠMary	1613	 Mary	2	distilbert/distilgpt2	distilbert/distilgpt2	False	6.482687604147941e-05	13.91304874420166
Ġbecause	1613	 because	3	distilbert/distilgpt2	distilbert/distilgpt2	False	0.0016107213450595737	9.278077125549316
Ġshe	1613	 she	4	distilbert/distilgpt2	distilbert/distilgpt2	False	0.4181928038597107	1.257759928703308
John	1614	John	0	distilbert/distilgpt2	distilbert/distilgpt2	False	1.0	0.0
Ġdisappointed	1614	 disappointed	1	distilbert/distilgpt2	distilbert/distilgpt2	False	9.30782704244848e-08	23.356979370117188
ĠMary	1614	 Mary	2	distilbert/distilgpt2	distilbert/distilgpt2	False	4.285849354346283e-05	14.510059356689453
Ġbecause	1614	 because	3	distilbert/distilgpt2	distilbert/distilgpt2	False	0.0016171165043488145	9.272360801696777
Ġshe	1614	 she	4	distilbert/distilgpt2	distilbert/distilgpt2	False	0.4313335716724396	1.21312415599823
Sarah	1615	Sarah	0	distilbert/distilgpt2	distilbert/distilgpt2	False	1.0	0.0
Ġdisappointed	1615	 disappointed	1	distilbert/distilgpt2	distilbert/distilgpt2	False	9.77994858430975e-08	23.285598754882812
ĠMary	1615	 Mary	2	distilbert/distilgpt2	distilbert/distilgpt2	False	6.482687604147941e-05	13.91304874420166
Ġbecause	1615	 because	3	distilbert/distilgpt2	distilbert/distilgpt2	False	0.0016107213450595737	9.278077125549316
Ġshe	1615	 she	4	distilbert/distilgpt2	distilbert/distilgpt2	False	0.4181928038597107	1.257759928703308
David	1616	David	0	distilbert/distilgpt2	distilbert/distilgpt2	False	1.0	0.0
Ġdisappointed	1616	 disappointed	1	distilbert/distilgpt2	distilbert/distilgpt2	False	1.1432718594051039e-07	23.060327529907227
ĠMary	1616	 Mary	2	distilbert/distilgpt2	distilbert/distilgpt2	False	5.1340906793484464e-05	14.249531745910645
Ġbecause	1616	 because	3	distilbert/distilgpt2	distilbert/distilgpt2	False	0.0005722673959098756	10.77102279663086
Ġshe	1616	 she	4	distilbert/distilgpt2	distilbert/distilgpt2	False	0.39631563425064087	1.3352782726287842
John	1617	John	0	distilbert/distilgpt2	distilbert/distilgpt2	False	1.0	0.0
Ġdiscouraged	1617	 discouraged	1	distilbert/distilgpt2	distilbert/distilgpt2	False	1.7588041245630848e-08	25.76082992553711
ĠDavid	1617	 David	2	distilbert/distilgpt2	distilbert/distilgpt2	False	0.00010502360964892432	13.216999053955078
Ġbecause	1617	 because	3	distilbert/distilgpt2	distilbert/distilgpt2	False	0.0009135139989666641	10.096285820007324
Ġhe	1617	 he	4	distilbert/distilgpt2	distilbert/distilgpt2	False	0.413124144077301	1.2753527164459229
Mary	1618	Mary	0	distilbert/distilgpt2	distilbert/distilgpt2	False	1.0	0.0
Ġdiscouraged	1618	 discouraged	1	distilbert/distilgpt2	distilbert/distilgpt2	False	2.393070985817758e-08	25.316560745239258
ĠDavid	1618	 David	2	distilbert/distilgpt2	distilbert/distilgpt2	False	5.373148087528534e-05	14.183873176574707
Ġbecause	1618	 because	3	distilbert/distilgpt2	distilbert/distilgpt2	False	0.00085720099741593	10.188078880310059
Ġhe	1618	 he	4	distilbert/distilgpt2	distilbert/distilgpt2	False	0.41737088561058044	1.2605981826782227
John	1619	John	0	distilbert/distilgpt2	distilbert/distilgpt2	False	1.0	0.0
Ġdiscouraged	1619	 discouraged	1	distilbert/distilgpt2	distilbert/distilgpt2	False	1.7588041245630848e-08	25.76082992553711
ĠDavid	1619	 David	2	distilbert/distilgpt2	distilbert/distilgpt2	False	0.00010502360964892432	13.216999053955078
Ġbecause	1619	 because	3	distilbert/distilgpt2	distilbert/distilgpt2	False	0.0009135139989666641	10.096285820007324
Ġhe	1619	 he	4	distilbert/distilgpt2	distilbert/distilgpt2	False	0.413124144077301	1.2753527164459229
Sarah	1620	Sarah	0	distilbert/distilgpt2	distilbert/distilgpt2	False	1.0	0.0
Ġdiscouraged	1620	 discouraged	1	distilbert/distilgpt2	distilbert/distilgpt2	False	1.7058527035374027e-08	25.804931640625
ĠDavid	1620	 David	2	distilbert/distilgpt2	distilbert/distilgpt2	False	9.015930845635012e-05	13.437164306640625
Ġbecause	1620	 because	3	distilbert/distilgpt2	distilbert/distilgpt2	False	0.0010237059323117137	9.93198299407959
Ġhe	1620	 he	4	distilbert/distilgpt2	distilbert/distilgpt2	False	0.43151238560676575	1.2125262022018433
David	1621	David	0	distilbert/distilgpt2	distilbert/distilgpt2	False	1.0	0.0
Ġdiscouraged	1621	 discouraged	1	distilbert/distilgpt2	distilbert/distilgpt2	False	2.23062563975418e-08	25.41797637939453
ĠJohn	1621	 John	2	distilbert/distilgpt2	distilbert/distilgpt2	False	0.0001695168757578358	12.526283264160156
Ġbecause	1621	 because	3	distilbert/distilgpt2	distilbert/distilgpt2	False	0.001205099863000214	9.69663143157959
Ġhe	1621	 he	4	distilbert/distilgpt2	distilbert/distilgpt2	False	0.40915048122406006	1.2892966270446777
Mary	1622	Mary	0	distilbert/distilgpt2	distilbert/distilgpt2	False	1.0	0.0
Ġdiscouraged	1622	 discouraged	1	distilbert/distilgpt2	distilbert/distilgpt2	False	2.393070985817758e-08	25.316560745239258
ĠJohn	1622	 John	2	distilbert/distilgpt2	distilbert/distilgpt2	False	9.569614485371858e-05	13.351180076599121
Ġbecause	1622	 because	3	distilbert/distilgpt2	distilbert/distilgpt2	False	0.0018456270918250084	9.081673622131348
Ġhe	1622	 he	4	distilbert/distilgpt2	distilbert/distilgpt2	False	0.4359271824359894	1.197840929031372
David	1623	David	0	distilbert/distilgpt2	distilbert/distilgpt2	False	1.0	0.0
Ġdiscouraged	1623	 discouraged	1	distilbert/distilgpt2	distilbert/distilgpt2	False	2.23062563975418e-08	25.41797637939453
ĠJohn	1623	 John	2	distilbert/distilgpt2	distilbert/distilgpt2	False	0.0001695168757578358	12.526283264160156
Ġbecause	1623	 because	3	distilbert/distilgpt2	distilbert/distilgpt2	False	0.001205099863000214	9.69663143157959
Ġhe	1623	 he	4	distilbert/distilgpt2	distilbert/distilgpt2	False	0.40915048122406006	1.2892966270446777
Sarah	1624	Sarah	0	distilbert/distilgpt2	distilbert/distilgpt2	False	1.0	0.0
Ġdiscouraged	1624	 discouraged	1	distilbert/distilgpt2	distilbert/distilgpt2	False	1.7058527035374027e-08	25.804931640625
ĠJohn	1624	 John	2	distilbert/distilgpt2	distilbert/distilgpt2	False	0.000137952491058968	12.823540687561035
Ġbecause	1624	 because	3	distilbert/distilgpt2	distilbert/distilgpt2	False	0.003765394911170006	8.052983283996582
Ġhe	1624	 he	4	distilbert/distilgpt2	distilbert/distilgpt2	False	0.4220442771911621	1.2445337772369385
Mary	1625	Mary	0	distilbert/distilgpt2	distilbert/distilgpt2	False	1.0	0.0
Ġdiscouraged	1625	 discouraged	1	distilbert/distilgpt2	distilbert/distilgpt2	False	2.393070985817758e-08	25.316560745239258
ĠSarah	1625	 Sarah	2	distilbert/distilgpt2	distilbert/distilgpt2	False	2.5597395506338216e-05	15.253643035888672
Ġbecause	1625	 because	3	distilbert/distilgpt2	distilbert/distilgpt2	False	0.003620326751843095	8.109663963317871
Ġshe	1625	 she	4	distilbert/distilgpt2	distilbert/distilgpt2	False	0.45206135511398315	1.1454095840454102
John	1626	John	0	distilbert/distilgpt2	distilbert/distilgpt2	False	1.0	0.0
Ġdiscouraged	1626	 discouraged	1	distilbert/distilgpt2	distilbert/distilgpt2	False	1.7588041245630848e-08	25.76082992553711
ĠSarah	1626	 Sarah	2	distilbert/distilgpt2	distilbert/distilgpt2	False	3.483928958303295e-05	14.80892562866211
Ġbecause	1626	 because	3	distilbert/distilgpt2	distilbert/distilgpt2	False	0.003358767367899418	8.217852592468262
Ġshe	1626	 she	4	distilbert/distilgpt2	distilbert/distilgpt2	False	0.4182713031768799	1.2574890851974487
Mary	1627	Mary	0	distilbert/distilgpt2	distilbert/distilgpt2	False	1.0	0.0
Ġdiscouraged	1627	 discouraged	1	distilbert/distilgpt2	distilbert/distilgpt2	False	2.393070985817758e-08	25.316560745239258
ĠSarah	1627	 Sarah	2	distilbert/distilgpt2	distilbert/distilgpt2	False	2.5597395506338216e-05	15.253643035888672
Ġbecause	1627	 because	3	distilbert/distilgpt2	distilbert/distilgpt2	False	0.003620326751843095	8.109663963317871
Ġshe	1627	 she	4	distilbert/distilgpt2	distilbert/distilgpt2	False	0.45206135511398315	1.1454095840454102
David	1628	David	0	distilbert/distilgpt2	distilbert/distilgpt2	False	1.0	0.0
Ġdiscouraged	1628	 discouraged	1	distilbert/distilgpt2	distilbert/distilgpt2	False	2.23062563975418e-08	25.41797637939453
ĠSarah	1628	 Sarah	2	distilbert/distilgpt2	distilbert/distilgpt2	False	4.0745864680502564e-05	14.582986831665039
Ġbecause	1628	 because	3	distilbert/distilgpt2	distilbert/distilgpt2	False	0.0012003553565591574	9.702322959899902
Ġshe	1628	 she	4	distilbert/distilgpt2	distilbert/distilgpt2	False	0.400553822517395	1.319931983947754
Sarah	1629	Sarah	0	distilbert/distilgpt2	distilbert/distilgpt2	False	1.0	0.0
Ġdiscouraged	1629	 discouraged	1	distilbert/distilgpt2	distilbert/distilgpt2	False	1.7058527035374027e-08	25.804931640625
ĠMary	1629	 Mary	2	distilbert/distilgpt2	distilbert/distilgpt2	False	6.0216421843506396e-05	14.01948356628418
Ġbecause	1629	 because	3	distilbert/distilgpt2	distilbert/distilgpt2	False	0.00210022390820086	8.895240783691406
Ġshe	1629	 she	4	distilbert/distilgpt2	distilbert/distilgpt2	False	0.38008344173431396	1.3956120014190674
John	1630	John	0	distilbert/distilgpt2	distilbert/distilgpt2	False	1.0	0.0
Ġdiscouraged	1630	 discouraged	1	distilbert/distilgpt2	distilbert/distilgpt2	False	1.7588041245630848e-08	25.76082992553711
ĠMary	1630	 Mary	2	distilbert/distilgpt2	distilbert/distilgpt2	False	4.8552210500929505e-05	14.330103874206543
Ġbecause	1630	 because	3	distilbert/distilgpt2	distilbert/distilgpt2	False	0.0028113629668951035	8.474514961242676
Ġshe	1630	 she	4	distilbert/distilgpt2	distilbert/distilgpt2	False	0.37617579102516174	1.410521149635315
Sarah	1631	Sarah	0	distilbert/distilgpt2	distilbert/distilgpt2	False	1.0	0.0
Ġdiscouraged	1631	 discouraged	1	distilbert/distilgpt2	distilbert/distilgpt2	False	1.7058527035374027e-08	25.804931640625
ĠMary	1631	 Mary	2	distilbert/distilgpt2	distilbert/distilgpt2	False	6.0216421843506396e-05	14.01948356628418
Ġbecause	1631	 because	3	distilbert/distilgpt2	distilbert/distilgpt2	False	0.00210022390820086	8.895240783691406
Ġshe	1631	 she	4	distilbert/distilgpt2	distilbert/distilgpt2	False	0.38008344173431396	1.3956120014190674
David	1632	David	0	distilbert/distilgpt2	distilbert/distilgpt2	False	1.0	0.0
Ġdiscouraged	1632	 discouraged	1	distilbert/distilgpt2	distilbert/distilgpt2	False	2.23062563975418e-08	25.41797637939453
ĠMary	1632	 Mary	2	distilbert/distilgpt2	distilbert/distilgpt2	False	4.805177013622597e-05	14.345050811767578
Ġbecause	1632	 because	3	distilbert/distilgpt2	distilbert/distilgpt2	False	0.001471413066610694	9.408581733703613
Ġshe	1632	 she	4	distilbert/distilgpt2	distilbert/distilgpt2	False	0.3611433506011963	1.4693564176559448
John	1633	John	0	distilbert/distilgpt2	distilbert/distilgpt2	False	1.0	0.0
Ġdis	1633	 disdained	1	distilbert/distilgpt2	distilbert/distilgpt2	False	4.351245479483623e-07	21.132068634033203
d	1633	 disdained	1	distilbert/distilgpt2	distilbert/distilgpt2	False	0.008073754608631134	6.952544689178467
ained	1633	 disdained	1	distilbert/distilgpt2	distilbert/distilgpt2	False	0.431575745344162	1.2123143672943115
ĠDavid	1633	 David	2	distilbert/distilgpt2	distilbert/distilgpt2	False	0.00019139109645038843	12.351188659667969
Ġbecause	1633	 because	3	distilbert/distilgpt2	distilbert/distilgpt2	False	0.0006331432959996164	10.6251802444458
Ġhe	1633	 he	4	distilbert/distilgpt2	distilbert/distilgpt2	False	0.3956138491630554	1.3378351926803589
Mary	1634	Mary	0	distilbert/distilgpt2	distilbert/distilgpt2	False	1.0	0.0
Ġdis	1634	 disdained	1	distilbert/distilgpt2	distilbert/distilgpt2	False	5.265233653517498e-07	20.856998443603516
d	1634	 disdained	1	distilbert/distilgpt2	distilbert/distilgpt2	False	0.005661561153829098	7.4645843505859375
ained	1634	 disdained	1	distilbert/distilgpt2	distilbert/distilgpt2	False	0.32046741247177124	1.641750454902649
ĠDavid	1634	 David	2	distilbert/distilgpt2	distilbert/distilgpt2	False	0.0001286674232687801	12.924065589904785
Ġbecause	1634	 because	3	distilbert/distilgpt2	distilbert/distilgpt2	False	0.0008717551245354116	10.163789749145508
Ġhe	1634	 he	4	distilbert/distilgpt2	distilbert/distilgpt2	False	0.38594934344291687	1.3735166788101196
John	1635	John	0	distilbert/distilgpt2	distilbert/distilgpt2	False	1.0	0.0
Ġdis	1635	 disdained	1	distilbert/distilgpt2	distilbert/distilgpt2	False	4.351245479483623e-07	21.132068634033203
d	1635	 disdained	1	distilbert/distilgpt2	distilbert/distilgpt2	False	0.008073754608631134	6.952544689178467
ained	1635	 disdained	1	distilbert/distilgpt2	distilbert/distilgpt2	False	0.431575745344162	1.2123143672943115
ĠDavid	1635	 David	2	distilbert/distilgpt2	distilbert/distilgpt2	False	0.00019139109645038843	12.351188659667969
Ġbecause	1635	 because	3	distilbert/distilgpt2	distilbert/distilgpt2	False	0.0006331432959996164	10.6251802444458
Ġhe	1635	 he	4	distilbert/distilgpt2	distilbert/distilgpt2	False	0.3956138491630554	1.3378351926803589
Sarah	1636	Sarah	0	distilbert/distilgpt2	distilbert/distilgpt2	False	1.0	0.0
Ġdis	1636	 disdained	1	distilbert/distilgpt2	distilbert/distilgpt2	False	3.8819251813038136e-07	21.296724319458008
d	1636	 disdained	1	distilbert/distilgpt2	distilbert/distilgpt2	False	0.006418372970074415	7.283576488494873
ained	1636	 disdained	1	distilbert/distilgpt2	distilbert/distilgpt2	False	0.4484393298625946	1.157015323638916
ĠDavid	1636	 David	2	distilbert/distilgpt2	distilbert/distilgpt2	False	0.00019253713253419846	12.342576026916504
Ġbecause	1636	 because	3	distilbert/distilgpt2	distilbert/distilgpt2	False	0.0005243208725005388	10.897262573242188
Ġhe	1636	 he	4	distilbert/distilgpt2	distilbert/distilgpt2	False	0.3992592990398407	1.3246021270751953
David	1637	David	0	distilbert/distilgpt2	distilbert/distilgpt2	False	1.0	0.0
Ġdis	1637	 disdained	1	distilbert/distilgpt2	distilbert/distilgpt2	False	5.145982981957786e-07	20.890050888061523
d	1637	 disdained	1	distilbert/distilgpt2	distilbert/distilgpt2	False	0.011029032990336418	6.502549648284912
ained	1637	 disdained	1	distilbert/distilgpt2	distilbert/distilgpt2	False	0.5858507752418518	0.7713949680328369
ĠJohn	1637	 John	2	distilbert/distilgpt2	distilbert/distilgpt2	False	0.0002928218455053866	11.737689018249512
Ġbecause	1637	 because	3	distilbert/distilgpt2	distilbert/distilgpt2	False	0.0007849751855246723	10.315065383911133
Ġhe	1637	 he	4	distilbert/distilgpt2	distilbert/distilgpt2	False	0.4049258232116699	1.3042705059051514
Mary	1638	Mary	0	distilbert/distilgpt2	distilbert/distilgpt2	False	1.0	0.0
Ġdis	1638	 disdained	1	distilbert/distilgpt2	distilbert/distilgpt2	False	5.265233653517498e-07	20.856998443603516
d	1638	 disdained	1	distilbert/distilgpt2	distilbert/distilgpt2	False	0.005661561153829098	7.4645843505859375
ained	1638	 disdained	1	distilbert/distilgpt2	distilbert/distilgpt2	False	0.32046741247177124	1.641750454902649
ĠJohn	1638	 John	2	distilbert/distilgpt2	distilbert/distilgpt2	False	0.00027785671409219503	11.813371658325195
Ġbecause	1638	 because	3	distilbert/distilgpt2	distilbert/distilgpt2	False	0.0009005949250422418	10.116833686828613
Ġhe	1638	 he	4	distilbert/distilgpt2	distilbert/distilgpt2	False	0.4119708240032196	1.2793859243392944
David	1639	David	0	distilbert/distilgpt2	distilbert/distilgpt2	False	1.0	0.0
Ġdis	1639	 disdained	1	distilbert/distilgpt2	distilbert/distilgpt2	False	5.145982981957786e-07	20.890050888061523
d	1639	 disdained	1	distilbert/distilgpt2	distilbert/distilgpt2	False	0.011029032990336418	6.502549648284912
ained	1639	 disdained	1	distilbert/distilgpt2	distilbert/distilgpt2	False	0.5858507752418518	0.7713949680328369
ĠJohn	1639	 John	2	distilbert/distilgpt2	distilbert/distilgpt2	False	0.0002928218455053866	11.737689018249512
Ġbecause	1639	 because	3	distilbert/distilgpt2	distilbert/distilgpt2	False	0.0007849751855246723	10.315065383911133
Ġhe	1639	 he	4	distilbert/distilgpt2	distilbert/distilgpt2	False	0.4049258232116699	1.3042705059051514
Sarah	1640	Sarah	0	distilbert/distilgpt2	distilbert/distilgpt2	False	1.0	0.0
Ġdis	1640	 disdained	1	distilbert/distilgpt2	distilbert/distilgpt2	False	3.8819251813038136e-07	21.296724319458008
d	1640	 disdained	1	distilbert/distilgpt2	distilbert/distilgpt2	False	0.006418372970074415	7.283576488494873
ained	1640	 disdained	1	distilbert/distilgpt2	distilbert/distilgpt2	False	0.4484393298625946	1.157015323638916
ĠJohn	1640	 John	2	distilbert/distilgpt2	distilbert/distilgpt2	False	0.0002857523213606328	11.772947311401367
Ġbecause	1640	 because	3	distilbert/distilgpt2	distilbert/distilgpt2	False	0.0012537696165964007	9.639512062072754
Ġhe	1640	 he	4	distilbert/distilgpt2	distilbert/distilgpt2	False	0.39588212966918945	1.3368571996688843
Mary	1641	Mary	0	distilbert/distilgpt2	distilbert/distilgpt2	False	1.0	0.0
Ġdis	1641	 disdained	1	distilbert/distilgpt2	distilbert/distilgpt2	False	5.265233653517498e-07	20.856998443603516
d	1641	 disdained	1	distilbert/distilgpt2	distilbert/distilgpt2	False	0.005661561153829098	7.4645843505859375
ained	1641	 disdained	1	distilbert/distilgpt2	distilbert/distilgpt2	False	0.32046741247177124	1.641750454902649
ĠSarah	1641	 Sarah	2	distilbert/distilgpt2	distilbert/distilgpt2	False	2.8902764825033955e-05	15.0784330368042
Ġbecause	1641	 because	3	distilbert/distilgpt2	distilbert/distilgpt2	False	0.002639025915414095	8.565778732299805
Ġshe	1641	 she	4	distilbert/distilgpt2	distilbert/distilgpt2	False	0.4452555477619171	1.1672945022583008
John	1642	John	0	distilbert/distilgpt2	distilbert/distilgpt2	False	1.0	0.0
Ġdis	1642	 disdained	1	distilbert/distilgpt2	distilbert/distilgpt2	False	4.351245479483623e-07	21.132068634033203
d	1642	 disdained	1	distilbert/distilgpt2	distilbert/distilgpt2	False	0.008073754608631134	6.952544689178467
ained	1642	 disdained	1	distilbert/distilgpt2	distilbert/distilgpt2	False	0.431575745344162	1.2123143672943115
ĠSarah	1642	 Sarah	2	distilbert/distilgpt2	distilbert/distilgpt2	False	3.126854062429629e-05	14.96492862701416
Ġbecause	1642	 because	3	distilbert/distilgpt2	distilbert/distilgpt2	False	0.0020783620420843363	8.910337448120117
Ġshe	1642	 she	4	distilbert/distilgpt2	distilbert/distilgpt2	False	0.43844640254974365	1.1895276308059692
Mary	1643	Mary	0	distilbert/distilgpt2	distilbert/distilgpt2	False	1.0	0.0
Ġdis	1643	 disdained	1	distilbert/distilgpt2	distilbert/distilgpt2	False	5.265233653517498e-07	20.856998443603516
d	1643	 disdained	1	distilbert/distilgpt2	distilbert/distilgpt2	False	0.005661561153829098	7.4645843505859375
ained	1643	 disdained	1	distilbert/distilgpt2	distilbert/distilgpt2	False	0.32046741247177124	1.641750454902649
ĠSarah	1643	 Sarah	2	distilbert/distilgpt2	distilbert/distilgpt2	False	2.8902764825033955e-05	15.0784330368042
Ġbecause	1643	 because	3	distilbert/distilgpt2	distilbert/distilgpt2	False	0.002639025915414095	8.565778732299805
Ġshe	1643	 she	4	distilbert/distilgpt2	distilbert/distilgpt2	False	0.4452555477619171	1.1672945022583008
David	1644	David	0	distilbert/distilgpt2	distilbert/distilgpt2	False	1.0	0.0
Ġdis	1644	 disdained	1	distilbert/distilgpt2	distilbert/distilgpt2	False	5.145982981957786e-07	20.890050888061523
d	1644	 disdained	1	distilbert/distilgpt2	distilbert/distilgpt2	False	0.011029032990336418	6.502549648284912
ained	1644	 disdained	1	distilbert/distilgpt2	distilbert/distilgpt2	False	0.5858507752418518	0.7713949680328369
ĠSarah	1644	 Sarah	2	distilbert/distilgpt2	distilbert/distilgpt2	False	2.717399001994636e-05	15.167413711547852
Ġbecause	1644	 because	3	distilbert/distilgpt2	distilbert/distilgpt2	False	0.0013042147038504481	9.582602500915527
Ġshe	1644	 she	4	distilbert/distilgpt2	distilbert/distilgpt2	False	0.43573346734046936	1.1984821557998657
Sarah	1645	Sarah	0	distilbert/distilgpt2	distilbert/distilgpt2	False	1.0	0.0
Ġdis	1645	 disdained	1	distilbert/distilgpt2	distilbert/distilgpt2	False	3.8819251813038136e-07	21.296724319458008
d	1645	 disdained	1	distilbert/distilgpt2	distilbert/distilgpt2	False	0.006418372970074415	7.283576488494873
ained	1645	 disdained	1	distilbert/distilgpt2	distilbert/distilgpt2	False	0.4484393298625946	1.157015323638916
ĠMary	1645	 Mary	2	distilbert/distilgpt2	distilbert/distilgpt2	False	7.008408283581957e-05	13.800553321838379
Ġbecause	1645	 because	3	distilbert/distilgpt2	distilbert/distilgpt2	False	0.002133510075509548	8.87255573272705
Ġshe	1645	 she	4	distilbert/distilgpt2	distilbert/distilgpt2	False	0.37874457240104675	1.400702953338623
John	1646	John	0	distilbert/distilgpt2	distilbert/distilgpt2	False	1.0	0.0
Ġdis	1646	 disdained	1	distilbert/distilgpt2	distilbert/distilgpt2	False	4.351245479483623e-07	21.132068634033203
d	1646	 disdained	1	distilbert/distilgpt2	distilbert/distilgpt2	False	0.008073754608631134	6.952544689178467
ained	1646	 disdained	1	distilbert/distilgpt2	distilbert/distilgpt2	False	0.431575745344162	1.2123143672943115
ĠMary	1646	 Mary	2	distilbert/distilgpt2	distilbert/distilgpt2	False	6.633351586060598e-05	13.879902839660645
Ġbecause	1646	 because	3	distilbert/distilgpt2	distilbert/distilgpt2	False	0.003493574680760503	8.161080360412598
Ġshe	1646	 she	4	distilbert/distilgpt2	distilbert/distilgpt2	False	0.39161455631256104	1.3524937629699707
Sarah	1647	Sarah	0	distilbert/distilgpt2	distilbert/distilgpt2	False	1.0	0.0
Ġdis	1647	 disdained	1	distilbert/distilgpt2	distilbert/distilgpt2	False	3.8819251813038136e-07	21.296724319458008
d	1647	 disdained	1	distilbert/distilgpt2	distilbert/distilgpt2	False	0.006418372970074415	7.283576488494873
ained	1647	 disdained	1	distilbert/distilgpt2	distilbert/distilgpt2	False	0.4484393298625946	1.157015323638916
ĠMary	1647	 Mary	2	distilbert/distilgpt2	distilbert/distilgpt2	False	7.008408283581957e-05	13.800553321838379
Ġbecause	1647	 because	3	distilbert/distilgpt2	distilbert/distilgpt2	False	0.002133510075509548	8.87255573272705
Ġshe	1647	 she	4	distilbert/distilgpt2	distilbert/distilgpt2	False	0.37874457240104675	1.400702953338623
David	1648	David	0	distilbert/distilgpt2	distilbert/distilgpt2	False	1.0	0.0
Ġdis	1648	 disdained	1	distilbert/distilgpt2	distilbert/distilgpt2	False	5.145982981957786e-07	20.890050888061523
d	1648	 disdained	1	distilbert/distilgpt2	distilbert/distilgpt2	False	0.011029032990336418	6.502549648284912
ained	1648	 disdained	1	distilbert/distilgpt2	distilbert/distilgpt2	False	0.5858507752418518	0.7713949680328369
ĠMary	1648	 Mary	2	distilbert/distilgpt2	distilbert/distilgpt2	False	5.3623825806425884e-05	14.186766624450684
Ġbecause	1648	 because	3	distilbert/distilgpt2	distilbert/distilgpt2	False	0.0015964865451678634	9.290884017944336
Ġshe	1648	 she	4	distilbert/distilgpt2	distilbert/distilgpt2	False	0.39342743158340454	1.3458305597305298
John	1649	John	0	distilbert/distilgpt2	distilbert/distilgpt2	False	1.0	0.0
Ġdisgruntled	1649	 disgruntled	1	distilbert/distilgpt2	distilbert/distilgpt2	False	7.390840828236378e-09	27.011613845825195
ĠDavid	1649	 David	2	distilbert/distilgpt2	distilbert/distilgpt2	False	5.038227391196415e-05	14.276723861694336
Ġbecause	1649	 because	3	distilbert/distilgpt2	distilbert/distilgpt2	False	8.601904846727848e-05	13.504984855651855
Ġhe	1649	 he	4	distilbert/distilgpt2	distilbert/distilgpt2	False	0.3892013132572174	1.3614115715026855
Mary	1650	Mary	0	distilbert/distilgpt2	distilbert/distilgpt2	False	1.0	0.0
Ġdisgruntled	1650	 disgruntled	1	distilbert/distilgpt2	distilbert/distilgpt2	False	7.808293567279634e-09	26.93234634399414
ĠDavid	1650	 David	2	distilbert/distilgpt2	distilbert/distilgpt2	False	3.930587990907952e-05	14.634895324707031
Ġbecause	1650	 because	3	distilbert/distilgpt2	distilbert/distilgpt2	False	0.00012529335799627006	12.96240234375
Ġhe	1650	 he	4	distilbert/distilgpt2	distilbert/distilgpt2	False	0.38522905111312866	1.3762116432189941
John	1651	John	0	distilbert/distilgpt2	distilbert/distilgpt2	False	1.0	0.0
Ġdisgruntled	1651	 disgruntled	1	distilbert/distilgpt2	distilbert/distilgpt2	False	7.390840828236378e-09	27.011613845825195
ĠDavid	1651	 David	2	distilbert/distilgpt2	distilbert/distilgpt2	False	5.038227391196415e-05	14.276723861694336
Ġbecause	1651	 because	3	distilbert/distilgpt2	distilbert/distilgpt2	False	8.601904846727848e-05	13.504984855651855
Ġhe	1651	 he	4	distilbert/distilgpt2	distilbert/distilgpt2	False	0.3892013132572174	1.3614115715026855
Sarah	1652	Sarah	0	distilbert/distilgpt2	distilbert/distilgpt2	False	1.0	0.0
Ġdisgruntled	1652	 disgruntled	1	distilbert/distilgpt2	distilbert/distilgpt2	False	6.214803338622232e-09	27.26164436340332
ĠDavid	1652	 David	2	distilbert/distilgpt2	distilbert/distilgpt2	False	6.081007813918404e-05	14.005330085754395
Ġbecause	1652	 because	3	distilbert/distilgpt2	distilbert/distilgpt2	False	9.776336082722992e-05	13.32034683227539
Ġhe	1652	 he	4	distilbert/distilgpt2	distilbert/distilgpt2	False	0.4022946059703827	1.3136757612228394
David	1653	David	0	distilbert/distilgpt2	distilbert/distilgpt2	False	1.0	0.0
Ġdisgruntled	1653	 disgruntled	1	distilbert/distilgpt2	distilbert/distilgpt2	False	7.509894039969822e-09	26.98855972290039
ĠJohn	1653	 John	2	distilbert/distilgpt2	distilbert/distilgpt2	False	0.0001272635126952082	12.93989372253418
Ġbecause	1653	 because	3	distilbert/distilgpt2	distilbert/distilgpt2	False	4.969501242158003e-05	14.296539306640625
Ġhe	1653	 he	4	distilbert/distilgpt2	distilbert/distilgpt2	False	0.3358220160007477	1.5742312669754028
Mary	1654	Mary	0	distilbert/distilgpt2	distilbert/distilgpt2	False	1.0	0.0
Ġdisgruntled	1654	 disgruntled	1	distilbert/distilgpt2	distilbert/distilgpt2	False	7.808293567279634e-09	26.93234634399414
ĠJohn	1654	 John	2	distilbert/distilgpt2	distilbert/distilgpt2	False	8.836252527544275e-05	13.466205596923828
Ġbecause	1654	 because	3	distilbert/distilgpt2	distilbert/distilgpt2	False	0.0002401447854936123	12.023807525634766
Ġhe	1654	 he	4	distilbert/distilgpt2	distilbert/distilgpt2	False	0.37254828214645386	1.4245007038116455
David	1655	David	0	distilbert/distilgpt2	distilbert/distilgpt2	False	1.0	0.0
Ġdisgruntled	1655	 disgruntled	1	distilbert/distilgpt2	distilbert/distilgpt2	False	7.509894039969822e-09	26.98855972290039
ĠJohn	1655	 John	2	distilbert/distilgpt2	distilbert/distilgpt2	False	0.0001272635126952082	12.93989372253418
Ġbecause	1655	 because	3	distilbert/distilgpt2	distilbert/distilgpt2	False	4.969501242158003e-05	14.296539306640625
Ġhe	1655	 he	4	distilbert/distilgpt2	distilbert/distilgpt2	False	0.3358220160007477	1.5742312669754028
Sarah	1656	Sarah	0	distilbert/distilgpt2	distilbert/distilgpt2	False	1.0	0.0
Ġdisgruntled	1656	 disgruntled	1	distilbert/distilgpt2	distilbert/distilgpt2	False	6.214803338622232e-09	27.26164436340332
ĠJohn	1656	 John	2	distilbert/distilgpt2	distilbert/distilgpt2	False	0.00014428907888941467	12.758749961853027
Ġbecause	1656	 because	3	distilbert/distilgpt2	distilbert/distilgpt2	False	0.0003567880194168538	11.452645301818848
Ġhe	1656	 he	4	distilbert/distilgpt2	distilbert/distilgpt2	False	0.3756713569164276	1.41245698928833
Mary	1657	Mary	0	distilbert/distilgpt2	distilbert/distilgpt2	False	1.0	0.0
Ġdisgruntled	1657	 disgruntled	1	distilbert/distilgpt2	distilbert/distilgpt2	False	7.808293567279634e-09	26.93234634399414
ĠSarah	1657	 Sarah	2	distilbert/distilgpt2	distilbert/distilgpt2	False	1.084475024981657e-05	16.492643356323242
Ġbecause	1657	 because	3	distilbert/distilgpt2	distilbert/distilgpt2	False	0.00043585762614384294	11.16385555267334
Ġshe	1657	 she	4	distilbert/distilgpt2	distilbert/distilgpt2	False	0.4507625699043274	1.1495604515075684
John	1658	John	0	distilbert/distilgpt2	distilbert/distilgpt2	False	1.0	0.0
Ġdisgruntled	1658	 disgruntled	1	distilbert/distilgpt2	distilbert/distilgpt2	False	7.390840828236378e-09	27.011613845825195
ĠSarah	1658	 Sarah	2	distilbert/distilgpt2	distilbert/distilgpt2	False	9.907847925205715e-06	16.622997283935547
Ġbecause	1658	 because	3	distilbert/distilgpt2	distilbert/distilgpt2	False	0.00023675945703871548	12.044290542602539
Ġshe	1658	 she	4	distilbert/distilgpt2	distilbert/distilgpt2	False	0.4254653751850128	1.2328864336013794
Mary	1659	Mary	0	distilbert/distilgpt2	distilbert/distilgpt2	False	1.0	0.0
Ġdisgruntled	1659	 disgruntled	1	distilbert/distilgpt2	distilbert/distilgpt2	False	7.808293567279634e-09	26.93234634399414
ĠSarah	1659	 Sarah	2	distilbert/distilgpt2	distilbert/distilgpt2	False	1.084475024981657e-05	16.492643356323242
Ġbecause	1659	 because	3	distilbert/distilgpt2	distilbert/distilgpt2	False	0.00043585762614384294	11.16385555267334
Ġshe	1659	 she	4	distilbert/distilgpt2	distilbert/distilgpt2	False	0.4507625699043274	1.1495604515075684
David	1660	David	0	distilbert/distilgpt2	distilbert/distilgpt2	False	1.0	0.0
Ġdisgruntled	1660	 disgruntled	1	distilbert/distilgpt2	distilbert/distilgpt2	False	7.509894039969822e-09	26.98855972290039
ĠSarah	1660	 Sarah	2	distilbert/distilgpt2	distilbert/distilgpt2	False	8.429363333561923e-06	16.856143951416016
Ġbecause	1660	 because	3	distilbert/distilgpt2	distilbert/distilgpt2	False	3.8696613046340644e-05	14.65743350982666
Ġshe	1660	 she	4	distilbert/distilgpt2	distilbert/distilgpt2	False	0.4021972417831421	1.3140249252319336
Sarah	1661	Sarah	0	distilbert/distilgpt2	distilbert/distilgpt2	False	1.0	0.0
Ġdisgruntled	1661	 disgruntled	1	distilbert/distilgpt2	distilbert/distilgpt2	False	6.214803338622232e-09	27.26164436340332
ĠMary	1661	 Mary	2	distilbert/distilgpt2	distilbert/distilgpt2	False	8.131980575853959e-05	13.586033821105957
Ġbecause	1661	 because	3	distilbert/distilgpt2	distilbert/distilgpt2	False	0.0001770904054865241	12.463226318359375
Ġshe	1661	 she	4	distilbert/distilgpt2	distilbert/distilgpt2	False	0.39412355422973633	1.3432801961898804
John	1662	John	0	distilbert/distilgpt2	distilbert/distilgpt2	False	1.0	0.0
Ġdisgruntled	1662	 disgruntled	1	distilbert/distilgpt2	distilbert/distilgpt2	False	7.390840828236378e-09	27.011613845825195
ĠMary	1662	 Mary	2	distilbert/distilgpt2	distilbert/distilgpt2	False	4.37321541539859e-05	14.480945587158203
Ġbecause	1662	 because	3	distilbert/distilgpt2	distilbert/distilgpt2	False	0.00020603806478902698	12.24480152130127
Ġshe	1662	 she	4	distilbert/distilgpt2	distilbert/distilgpt2	False	0.4036251902580261	1.308911919593811
Sarah	1663	Sarah	0	distilbert/distilgpt2	distilbert/distilgpt2	False	1.0	0.0
Ġdisgruntled	1663	 disgruntled	1	distilbert/distilgpt2	distilbert/distilgpt2	False	6.214803338622232e-09	27.26164436340332
ĠMary	1663	 Mary	2	distilbert/distilgpt2	distilbert/distilgpt2	False	8.131980575853959e-05	13.586033821105957
Ġbecause	1663	 because	3	distilbert/distilgpt2	distilbert/distilgpt2	False	0.0001770904054865241	12.463226318359375
Ġshe	1663	 she	4	distilbert/distilgpt2	distilbert/distilgpt2	False	0.39412355422973633	1.3432801961898804
David	1664	David	0	distilbert/distilgpt2	distilbert/distilgpt2	False	1.0	0.0
Ġdisgruntled	1664	 disgruntled	1	distilbert/distilgpt2	distilbert/distilgpt2	False	7.509894039969822e-09	26.98855972290039
ĠMary	1664	 Mary	2	distilbert/distilgpt2	distilbert/distilgpt2	False	3.252055466873571e-05	14.908288955688477
Ġbecause	1664	 because	3	distilbert/distilgpt2	distilbert/distilgpt2	False	5.526538734557107e-05	14.143264770507812
Ġshe	1664	 she	4	distilbert/distilgpt2	distilbert/distilgpt2	False	0.36123499274253845	1.468990445137024
John	1665	John	0	distilbert/distilgpt2	distilbert/distilgpt2	False	1.0	0.0
Ġdisliked	1665	 disliked	1	distilbert/distilgpt2	distilbert/distilgpt2	False	1.0113572201930765e-08	26.559131622314453
ĠDavid	1665	 David	2	distilbert/distilgpt2	distilbert/distilgpt2	False	0.0003031961969099939	11.687460899353027
Ġbecause	1665	 because	3	distilbert/distilgpt2	distilbert/distilgpt2	False	0.0020640280563384295	8.920321464538574
Ġhe	1665	 he	4	distilbert/distilgpt2	distilbert/distilgpt2	False	0.4583231806755066	1.1255629062652588
Mary	1666	Mary	0	distilbert/distilgpt2	distilbert/distilgpt2	False	1.0	0.0
Ġdisliked	1666	 disliked	1	distilbert/distilgpt2	distilbert/distilgpt2	False	1.1223245444114127e-08	26.408935546875
ĠDavid	1666	 David	2	distilbert/distilgpt2	distilbert/distilgpt2	False	0.00020488729933276772	12.25288200378418
Ġbecause	1666	 because	3	distilbert/distilgpt2	distilbert/distilgpt2	False	0.0029560746625065804	8.402101516723633
Ġhe	1666	 he	4	distilbert/distilgpt2	distilbert/distilgpt2	False	0.45662814378738403	1.1309083700180054
John	1667	John	0	distilbert/distilgpt2	distilbert/distilgpt2	False	1.0	0.0
Ġdisliked	1667	 disliked	1	distilbert/distilgpt2	distilbert/distilgpt2	False	1.0113572201930765e-08	26.559131622314453
ĠDavid	1667	 David	2	distilbert/distilgpt2	distilbert/distilgpt2	False	0.0003031961969099939	11.687460899353027
Ġbecause	1667	 because	3	distilbert/distilgpt2	distilbert/distilgpt2	False	0.0020640280563384295	8.920321464538574
Ġhe	1667	 he	4	distilbert/distilgpt2	distilbert/distilgpt2	False	0.4583231806755066	1.1255629062652588
Sarah	1668	Sarah	0	distilbert/distilgpt2	distilbert/distilgpt2	False	1.0	0.0
Ġdisliked	1668	 disliked	1	distilbert/distilgpt2	distilbert/distilgpt2	False	1.0096976588158668e-08	26.561500549316406
ĠDavid	1668	 David	2	distilbert/distilgpt2	distilbert/distilgpt2	False	0.00029485963750630617	11.727684020996094
Ġbecause	1668	 because	3	distilbert/distilgpt2	distilbert/distilgpt2	False	0.0018444051966071129	9.08262825012207
Ġhe	1668	 he	4	distilbert/distilgpt2	distilbert/distilgpt2	False	0.4528072774410248	1.1430310010910034
David	1669	David	0	distilbert/distilgpt2	distilbert/distilgpt2	False	1.0	0.0
Ġdisliked	1669	 disliked	1	distilbert/distilgpt2	distilbert/distilgpt2	False	1.1360415719252615e-08	26.391408920288086
ĠJohn	1669	 John	2	distilbert/distilgpt2	distilbert/distilgpt2	False	0.0014997510006651282	9.381061553955078
Ġbecause	1669	 because	3	distilbert/distilgpt2	distilbert/distilgpt2	False	0.0010367148788645864	9.913764953613281
Ġhe	1669	 he	4	distilbert/distilgpt2	distilbert/distilgpt2	False	0.4732632637023926	1.0792851448059082
Mary	1670	Mary	0	distilbert/distilgpt2	distilbert/distilgpt2	False	1.0	0.0
Ġdisliked	1670	 disliked	1	distilbert/distilgpt2	distilbert/distilgpt2	False	1.1223245444114127e-08	26.408935546875
ĠJohn	1670	 John	2	distilbert/distilgpt2	distilbert/distilgpt2	False	0.00095600780332461	10.03069019317627
Ġbecause	1670	 because	3	distilbert/distilgpt2	distilbert/distilgpt2	False	0.002796196611598134	8.482318878173828
Ġhe	1670	 he	4	distilbert/distilgpt2	distilbert/distilgpt2	False	0.48359712958335876	1.0481224060058594
David	1671	David	0	distilbert/distilgpt2	distilbert/distilgpt2	False	1.0	0.0
Ġdisliked	1671	 disliked	1	distilbert/distilgpt2	distilbert/distilgpt2	False	1.1360415719252615e-08	26.391408920288086
ĠJohn	1671	 John	2	distilbert/distilgpt2	distilbert/distilgpt2	False	0.0014997510006651282	9.381061553955078
Ġbecause	1671	 because	3	distilbert/distilgpt2	distilbert/distilgpt2	False	0.0010367148788645864	9.913764953613281
Ġhe	1671	 he	4	distilbert/distilgpt2	distilbert/distilgpt2	False	0.4732632637023926	1.0792851448059082
Sarah	1672	Sarah	0	distilbert/distilgpt2	distilbert/distilgpt2	False	1.0	0.0
Ġdisliked	1672	 disliked	1	distilbert/distilgpt2	distilbert/distilgpt2	False	1.0096976588158668e-08	26.561500549316406
ĠJohn	1672	 John	2	distilbert/distilgpt2	distilbert/distilgpt2	False	0.0012238294584676623	9.674382209777832
Ġbecause	1672	 because	3	distilbert/distilgpt2	distilbert/distilgpt2	False	0.0027131703682243824	8.52580451965332
Ġhe	1672	 he	4	distilbert/distilgpt2	distilbert/distilgpt2	False	0.45803946256637573	1.1264562606811523
Mary	1673	Mary	0	distilbert/distilgpt2	distilbert/distilgpt2	False	1.0	0.0
Ġdisliked	1673	 disliked	1	distilbert/distilgpt2	distilbert/distilgpt2	False	1.1223245444114127e-08	26.408935546875
ĠSarah	1673	 Sarah	2	distilbert/distilgpt2	distilbert/distilgpt2	False	8.95366320037283e-05	13.447162628173828
Ġbecause	1673	 because	3	distilbert/distilgpt2	distilbert/distilgpt2	False	0.005840484984219074	7.41969633102417
Ġshe	1673	 she	4	distilbert/distilgpt2	distilbert/distilgpt2	False	0.46062061190605164	1.1183491945266724
John	1674	John	0	distilbert/distilgpt2	distilbert/distilgpt2	False	1.0	0.0
Ġdisliked	1674	 disliked	1	distilbert/distilgpt2	distilbert/distilgpt2	False	1.0113572201930765e-08	26.559131622314453
ĠSarah	1674	 Sarah	2	distilbert/distilgpt2	distilbert/distilgpt2	False	0.0001133091063820757	13.10744857788086
Ġbecause	1674	 because	3	distilbert/distilgpt2	distilbert/distilgpt2	False	0.0030242358334362507	8.369214057922363
Ġshe	1674	 she	4	distilbert/distilgpt2	distilbert/distilgpt2	False	0.4360368847846985	1.19747793674469
Mary	1675	Mary	0	distilbert/distilgpt2	distilbert/distilgpt2	False	1.0	0.0
Ġdisliked	1675	 disliked	1	distilbert/distilgpt2	distilbert/distilgpt2	False	1.1223245444114127e-08	26.408935546875
ĠSarah	1675	 Sarah	2	distilbert/distilgpt2	distilbert/distilgpt2	False	8.95366320037283e-05	13.447162628173828
Ġbecause	1675	 because	3	distilbert/distilgpt2	distilbert/distilgpt2	False	0.005840484984219074	7.41969633102417
Ġshe	1675	 she	4	distilbert/distilgpt2	distilbert/distilgpt2	False	0.46062061190605164	1.1183491945266724
David	1676	David	0	distilbert/distilgpt2	distilbert/distilgpt2	False	1.0	0.0
Ġdisliked	1676	 disliked	1	distilbert/distilgpt2	distilbert/distilgpt2	False	1.1360415719252615e-08	26.391408920288086
ĠSarah	1676	 Sarah	2	distilbert/distilgpt2	distilbert/distilgpt2	False	0.0001354054402327165	12.85042667388916
Ġbecause	1676	 because	3	distilbert/distilgpt2	distilbert/distilgpt2	False	0.001048406818881631	9.89758586883545
Ġshe	1676	 she	4	distilbert/distilgpt2	distilbert/distilgpt2	False	0.43946465849876404	1.1861809492111206
Sarah	1677	Sarah	0	distilbert/distilgpt2	distilbert/distilgpt2	False	1.0	0.0
Ġdisliked	1677	 disliked	1	distilbert/distilgpt2	distilbert/distilgpt2	False	1.0096976588158668e-08	26.561500549316406
ĠMary	1677	 Mary	2	distilbert/distilgpt2	distilbert/distilgpt2	False	0.00020591274369508028	12.245678901672363
Ġbecause	1677	 because	3	distilbert/distilgpt2	distilbert/distilgpt2	False	0.004830369725823402	7.693650722503662
Ġshe	1677	 she	4	distilbert/distilgpt2	distilbert/distilgpt2	False	0.4003496766090393	1.3206675052642822
John	1678	John	0	distilbert/distilgpt2	distilbert/distilgpt2	False	1.0	0.0
Ġdisliked	1678	 disliked	1	distilbert/distilgpt2	distilbert/distilgpt2	False	1.0113572201930765e-08	26.559131622314453
ĠMary	1678	 Mary	2	distilbert/distilgpt2	distilbert/distilgpt2	False	0.00018067139899358153	12.434344291687012
Ġbecause	1678	 because	3	distilbert/distilgpt2	distilbert/distilgpt2	False	0.008765575475990772	6.833935737609863
Ġshe	1678	 she	4	distilbert/distilgpt2	distilbert/distilgpt2	False	0.42380836606025696	1.238516092300415
Sarah	1679	Sarah	0	distilbert/distilgpt2	distilbert/distilgpt2	False	1.0	0.0
Ġdisliked	1679	 disliked	1	distilbert/distilgpt2	distilbert/distilgpt2	False	1.0096976588158668e-08	26.561500549316406
ĠMary	1679	 Mary	2	distilbert/distilgpt2	distilbert/distilgpt2	False	0.00020591274369508028	12.245678901672363
Ġbecause	1679	 because	3	distilbert/distilgpt2	distilbert/distilgpt2	False	0.004830369725823402	7.693650722503662
Ġshe	1679	 she	4	distilbert/distilgpt2	distilbert/distilgpt2	False	0.4003496766090393	1.3206675052642822
David	1680	David	0	distilbert/distilgpt2	distilbert/distilgpt2	False	1.0	0.0
Ġdisliked	1680	 disliked	1	distilbert/distilgpt2	distilbert/distilgpt2	False	1.1360415719252615e-08	26.391408920288086
ĠMary	1680	 Mary	2	distilbert/distilgpt2	distilbert/distilgpt2	False	0.00018627004465088248	12.3903169631958
Ġbecause	1680	 because	3	distilbert/distilgpt2	distilbert/distilgpt2	False	0.0026076261419802904	8.583046913146973
Ġshe	1680	 she	4	distilbert/distilgpt2	distilbert/distilgpt2	False	0.4230656921863556	1.24104642868042
John	1681	John	0	distilbert/distilgpt2	distilbert/distilgpt2	False	1.0	0.0
Ġdisob	1681	 disobeyed	1	distilbert/distilgpt2	distilbert/distilgpt2	False	4.5244323843007805e-09	27.719615936279297
eyed	1681	 disobeyed	1	distilbert/distilgpt2	distilbert/distilgpt2	False	0.49173617362976074	1.0240436792373657
ĠDavid	1681	 David	2	distilbert/distilgpt2	distilbert/distilgpt2	False	0.00012719849473796785	12.940630912780762
Ġbecause	1681	 because	3	distilbert/distilgpt2	distilbert/distilgpt2	False	0.0010378098813816905	9.91224193572998
Ġhe	1681	 he	4	distilbert/distilgpt2	distilbert/distilgpt2	False	0.41999709606170654	1.2515487670898438
Mary	1682	Mary	0	distilbert/distilgpt2	distilbert/distilgpt2	False	1.0	0.0
Ġdisob	1682	 disobeyed	1	distilbert/distilgpt2	distilbert/distilgpt2	False	5.073728992499582e-09	27.554306030273438
eyed	1682	 disobeyed	1	distilbert/distilgpt2	distilbert/distilgpt2	False	0.56401127576828	0.8262041211128235
ĠDavid	1682	 David	2	distilbert/distilgpt2	distilbert/distilgpt2	False	0.0001439577026758343	12.762067794799805
Ġbecause	1682	 because	3	distilbert/distilgpt2	distilbert/distilgpt2	False	0.0016802839236333966	9.217079162597656
Ġhe	1682	 he	4	distilbert/distilgpt2	distilbert/distilgpt2	False	0.3979834020137787	1.3292198181152344
John	1683	John	0	distilbert/distilgpt2	distilbert/distilgpt2	False	1.0	0.0
Ġdisob	1683	 disobeyed	1	distilbert/distilgpt2	distilbert/distilgpt2	False	4.5244323843007805e-09	27.719615936279297
eyed	1683	 disobeyed	1	distilbert/distilgpt2	distilbert/distilgpt2	False	0.49173617362976074	1.0240436792373657
ĠDavid	1683	 David	2	distilbert/distilgpt2	distilbert/distilgpt2	False	0.00012719849473796785	12.940630912780762
Ġbecause	1683	 because	3	distilbert/distilgpt2	distilbert/distilgpt2	False	0.0010378098813816905	9.91224193572998
Ġhe	1683	 he	4	distilbert/distilgpt2	distilbert/distilgpt2	False	0.41999709606170654	1.2515487670898438
Sarah	1684	Sarah	0	distilbert/distilgpt2	distilbert/distilgpt2	False	1.0	0.0
Ġdisob	1684	 disobeyed	1	distilbert/distilgpt2	distilbert/distilgpt2	False	4.660607011430784e-09	27.676834106445312
eyed	1684	 disobeyed	1	distilbert/distilgpt2	distilbert/distilgpt2	False	0.582722008228302	0.7791202664375305
ĠDavid	1684	 David	2	distilbert/distilgpt2	distilbert/distilgpt2	False	0.00013831950491294265	12.819707870483398
Ġbecause	1684	 because	3	distilbert/distilgpt2	distilbert/distilgpt2	False	0.0008047560113482177	10.279160499572754
Ġhe	1684	 he	4	distilbert/distilgpt2	distilbert/distilgpt2	False	0.4245029091835022	1.2361537218093872
David	1685	David	0	distilbert/distilgpt2	distilbert/distilgpt2	False	1.0	0.0
Ġdisob	1685	 disobeyed	1	distilbert/distilgpt2	distilbert/distilgpt2	False	5.0887414282385635e-09	27.5500431060791
eyed	1685	 disobeyed	1	distilbert/distilgpt2	distilbert/distilgpt2	False	0.6278635859489441	0.6714769005775452
ĠJohn	1685	 John	2	distilbert/distilgpt2	distilbert/distilgpt2	False	0.000156134701683186	12.64492130279541
Ġbecause	1685	 because	3	distilbert/distilgpt2	distilbert/distilgpt2	False	0.0003414929669816047	11.515856742858887
Ġhe	1685	 he	4	distilbert/distilgpt2	distilbert/distilgpt2	False	0.42226850986480713	1.243767499923706
Mary	1686	Mary	0	distilbert/distilgpt2	distilbert/distilgpt2	False	1.0	0.0
Ġdisob	1686	 disobeyed	1	distilbert/distilgpt2	distilbert/distilgpt2	False	5.073728992499582e-09	27.554306030273438
eyed	1686	 disobeyed	1	distilbert/distilgpt2	distilbert/distilgpt2	False	0.56401127576828	0.8262041211128235
ĠJohn	1686	 John	2	distilbert/distilgpt2	distilbert/distilgpt2	False	0.0003119296452496201	11.646492004394531
Ġbecause	1686	 because	3	distilbert/distilgpt2	distilbert/distilgpt2	False	0.0014685953501611948	9.411347389221191
Ġhe	1686	 he	4	distilbert/distilgpt2	distilbert/distilgpt2	False	0.39642322063446045	1.3348866701126099
David	1687	David	0	distilbert/distilgpt2	distilbert/distilgpt2	False	1.0	0.0
Ġdisob	1687	 disobeyed	1	distilbert/distilgpt2	distilbert/distilgpt2	False	5.0887414282385635e-09	27.5500431060791
eyed	1687	 disobeyed	1	distilbert/distilgpt2	distilbert/distilgpt2	False	0.6278635859489441	0.6714769005775452
ĠJohn	1687	 John	2	distilbert/distilgpt2	distilbert/distilgpt2	False	0.000156134701683186	12.64492130279541
Ġbecause	1687	 because	3	distilbert/distilgpt2	distilbert/distilgpt2	False	0.0003414929669816047	11.515856742858887
Ġhe	1687	 he	4	distilbert/distilgpt2	distilbert/distilgpt2	False	0.42226850986480713	1.243767499923706
Sarah	1688	Sarah	0	distilbert/distilgpt2	distilbert/distilgpt2	False	1.0	0.0
Ġdisob	1688	 disobeyed	1	distilbert/distilgpt2	distilbert/distilgpt2	False	4.660607011430784e-09	27.676834106445312
eyed	1688	 disobeyed	1	distilbert/distilgpt2	distilbert/distilgpt2	False	0.582722008228302	0.7791202664375305
ĠJohn	1688	 John	2	distilbert/distilgpt2	distilbert/distilgpt2	False	0.00024438058608211577	11.99858283996582
Ġbecause	1688	 because	3	distilbert/distilgpt2	distilbert/distilgpt2	False	0.0014202940510585904	9.4595947265625
Ġhe	1688	 he	4	distilbert/distilgpt2	distilbert/distilgpt2	False	0.4171735644340515	1.2612804174423218
Mary	1689	Mary	0	distilbert/distilgpt2	distilbert/distilgpt2	False	1.0	0.0
Ġdisob	1689	 disobeyed	1	distilbert/distilgpt2	distilbert/distilgpt2	False	5.073728992499582e-09	27.554306030273438
eyed	1689	 disobeyed	1	distilbert/distilgpt2	distilbert/distilgpt2	False	0.56401127576828	0.8262041211128235
ĠSarah	1689	 Sarah	2	distilbert/distilgpt2	distilbert/distilgpt2	False	2.1178306269575842e-05	15.527052879333496
Ġbecause	1689	 because	3	distilbert/distilgpt2	distilbert/distilgpt2	False	0.0031251327600330114	8.321866989135742
Ġshe	1689	 she	4	distilbert/distilgpt2	distilbert/distilgpt2	False	0.475674033164978	1.0719548463821411
John	1690	John	0	distilbert/distilgpt2	distilbert/distilgpt2	False	1.0	0.0
Ġdisob	1690	 disobeyed	1	distilbert/distilgpt2	distilbert/distilgpt2	False	4.5244323843007805e-09	27.719615936279297
eyed	1690	 disobeyed	1	distilbert/distilgpt2	distilbert/distilgpt2	False	0.49173617362976074	1.0240436792373657
ĠSarah	1690	 Sarah	2	distilbert/distilgpt2	distilbert/distilgpt2	False	1.6730828065192327e-05	15.867131233215332
Ġbecause	1690	 because	3	distilbert/distilgpt2	distilbert/distilgpt2	False	0.0023634335957467556	8.724900245666504
Ġshe	1690	 she	4	distilbert/distilgpt2	distilbert/distilgpt2	False	0.460687518119812	1.118139624595642
Mary	1691	Mary	0	distilbert/distilgpt2	distilbert/distilgpt2	False	1.0	0.0
Ġdisob	1691	 disobeyed	1	distilbert/distilgpt2	distilbert/distilgpt2	False	5.073728992499582e-09	27.554306030273438
eyed	1691	 disobeyed	1	distilbert/distilgpt2	distilbert/distilgpt2	False	0.56401127576828	0.8262041211128235
ĠSarah	1691	 Sarah	2	distilbert/distilgpt2	distilbert/distilgpt2	False	2.1178306269575842e-05	15.527052879333496
Ġbecause	1691	 because	3	distilbert/distilgpt2	distilbert/distilgpt2	False	0.0031251327600330114	8.321866989135742
Ġshe	1691	 she	4	distilbert/distilgpt2	distilbert/distilgpt2	False	0.475674033164978	1.0719548463821411
David	1692	David	0	distilbert/distilgpt2	distilbert/distilgpt2	False	1.0	0.0
Ġdisob	1692	 disobeyed	1	distilbert/distilgpt2	distilbert/distilgpt2	False	5.0887414282385635e-09	27.5500431060791
eyed	1692	 disobeyed	1	distilbert/distilgpt2	distilbert/distilgpt2	False	0.6278635859489441	0.6714769005775452
ĠSarah	1692	 Sarah	2	distilbert/distilgpt2	distilbert/distilgpt2	False	9.287690772907808e-06	16.716249465942383
Ġbecause	1692	 because	3	distilbert/distilgpt2	distilbert/distilgpt2	False	0.0011452679755166173	9.770098686218262
Ġshe	1692	 she	4	distilbert/distilgpt2	distilbert/distilgpt2	False	0.46505674719810486	1.10452139377594
Sarah	1693	Sarah	0	distilbert/distilgpt2	distilbert/distilgpt2	False	1.0	0.0
Ġdisob	1693	 disobeyed	1	distilbert/distilgpt2	distilbert/distilgpt2	False	4.660607011430784e-09	27.676834106445312
eyed	1693	 disobeyed	1	distilbert/distilgpt2	distilbert/distilgpt2	False	0.582722008228302	0.7791202664375305
ĠMary	1693	 Mary	2	distilbert/distilgpt2	distilbert/distilgpt2	False	5.557531403610483e-05	14.135196685791016
Ġbecause	1693	 because	3	distilbert/distilgpt2	distilbert/distilgpt2	False	0.0017824384849518538	9.131932258605957
Ġshe	1693	 she	4	distilbert/distilgpt2	distilbert/distilgpt2	False	0.4008530080318451	1.318854808807373
John	1694	John	0	distilbert/distilgpt2	distilbert/distilgpt2	False	1.0	0.0
Ġdisob	1694	 disobeyed	1	distilbert/distilgpt2	distilbert/distilgpt2	False	4.5244323843007805e-09	27.719615936279297
eyed	1694	 disobeyed	1	distilbert/distilgpt2	distilbert/distilgpt2	False	0.49173617362976074	1.0240436792373657
ĠMary	1694	 Mary	2	distilbert/distilgpt2	distilbert/distilgpt2	False	5.043996497988701e-05	14.275073051452637
Ġbecause	1694	 because	3	distilbert/distilgpt2	distilbert/distilgpt2	False	0.0022003210615366697	8.828070640563965
Ġshe	1694	 she	4	distilbert/distilgpt2	distilbert/distilgpt2	False	0.39748215675354004	1.331037998199463
Sarah	1695	Sarah	0	distilbert/distilgpt2	distilbert/distilgpt2	False	1.0	0.0
Ġdisob	1695	 disobeyed	1	distilbert/distilgpt2	distilbert/distilgpt2	False	4.660607011430784e-09	27.676834106445312
eyed	1695	 disobeyed	1	distilbert/distilgpt2	distilbert/distilgpt2	False	0.582722008228302	0.7791202664375305
ĠMary	1695	 Mary	2	distilbert/distilgpt2	distilbert/distilgpt2	False	5.557531403610483e-05	14.135196685791016
Ġbecause	1695	 because	3	distilbert/distilgpt2	distilbert/distilgpt2	False	0.0017824384849518538	9.131932258605957
Ġshe	1695	 she	4	distilbert/distilgpt2	distilbert/distilgpt2	False	0.4008530080318451	1.318854808807373
David	1696	David	0	distilbert/distilgpt2	distilbert/distilgpt2	False	1.0	0.0
Ġdisob	1696	 disobeyed	1	distilbert/distilgpt2	distilbert/distilgpt2	False	5.0887414282385635e-09	27.5500431060791
eyed	1696	 disobeyed	1	distilbert/distilgpt2	distilbert/distilgpt2	False	0.6278635859489441	0.6714769005775452
ĠMary	1696	 Mary	2	distilbert/distilgpt2	distilbert/distilgpt2	False	2.5903107598423958e-05	15.236515045166016
Ġbecause	1696	 because	3	distilbert/distilgpt2	distilbert/distilgpt2	False	0.0007987043936736882	10.290050506591797
Ġshe	1696	 she	4	distilbert/distilgpt2	distilbert/distilgpt2	False	0.4057944416999817	1.301179051399231
John	1697	John	0	distilbert/distilgpt2	distilbert/distilgpt2	False	1.0	0.0
Ġdispar	1697	 disparaged	1	distilbert/distilgpt2	distilbert/distilgpt2	False	9.734106853898084e-09	26.614303588867188
aged	1697	 disparaged	1	distilbert/distilgpt2	distilbert/distilgpt2	False	0.1945689618587494	2.3616464138031006
ĠDavid	1697	 David	2	distilbert/distilgpt2	distilbert/distilgpt2	False	0.0008389526046812534	10.219122886657715
Ġbecause	1697	 because	3	distilbert/distilgpt2	distilbert/distilgpt2	False	0.00032700703013688326	11.578391075134277
Ġhe	1697	 he	4	distilbert/distilgpt2	distilbert/distilgpt2	False	0.45123597979545593	1.1480460166931152
Mary	1698	Mary	0	distilbert/distilgpt2	distilbert/distilgpt2	False	1.0	0.0
Ġdispar	1698	 disparaged	1	distilbert/distilgpt2	distilbert/distilgpt2	False	1.111714453827517e-08	26.422637939453125
aged	1698	 disparaged	1	distilbert/distilgpt2	distilbert/distilgpt2	False	0.20184345543384552	2.3086912631988525
ĠDavid	1698	 David	2	distilbert/distilgpt2	distilbert/distilgpt2	False	0.0005221288884058595	10.90330696105957
Ġbecause	1698	 because	3	distilbert/distilgpt2	distilbert/distilgpt2	False	0.0007495087338611484	10.381767272949219
Ġhe	1698	 he	4	distilbert/distilgpt2	distilbert/distilgpt2	False	0.45456641912460327	1.1374369859695435
John	1699	John	0	distilbert/distilgpt2	distilbert/distilgpt2	False	1.0	0.0
Ġdispar	1699	 disparaged	1	distilbert/distilgpt2	distilbert/distilgpt2	False	9.734106853898084e-09	26.614303588867188
aged	1699	 disparaged	1	distilbert/distilgpt2	distilbert/distilgpt2	False	0.1945689618587494	2.3616464138031006
ĠDavid	1699	 David	2	distilbert/distilgpt2	distilbert/distilgpt2	False	0.0008389526046812534	10.219122886657715
Ġbecause	1699	 because	3	distilbert/distilgpt2	distilbert/distilgpt2	False	0.00032700703013688326	11.578391075134277
Ġhe	1699	 he	4	distilbert/distilgpt2	distilbert/distilgpt2	False	0.45123597979545593	1.1480460166931152
Sarah	1700	Sarah	0	distilbert/distilgpt2	distilbert/distilgpt2	False	1.0	0.0
Ġdispar	1700	 disparaged	1	distilbert/distilgpt2	distilbert/distilgpt2	False	1.0077044976242178e-08	26.56435203552246
aged	1700	 disparaged	1	distilbert/distilgpt2	distilbert/distilgpt2	False	0.19210530817508698	2.380030632019043
ĠDavid	1700	 David	2	distilbert/distilgpt2	distilbert/distilgpt2	False	0.0007518274942412972	10.377310752868652
Ġbecause	1700	 because	3	distilbert/distilgpt2	distilbert/distilgpt2	False	0.00027742909151129425	11.815593719482422
Ġhe	1700	 he	4	distilbert/distilgpt2	distilbert/distilgpt2	False	0.4368681013584137	1.1947304010391235
David	1701	David	0	distilbert/distilgpt2	distilbert/distilgpt2	False	1.0	0.0
Ġdispar	1701	 disparaged	1	distilbert/distilgpt2	distilbert/distilgpt2	False	1.1497617080635791e-08	26.37409019470215
aged	1701	 disparaged	1	distilbert/distilgpt2	distilbert/distilgpt2	False	0.20269785821437836	2.3025972843170166
ĠJohn	1701	 John	2	distilbert/distilgpt2	distilbert/distilgpt2	False	0.0016706545138731599	9.225370407104492
Ġbecause	1701	 because	3	distilbert/distilgpt2	distilbert/distilgpt2	False	0.000206514130695723	12.241472244262695
Ġhe	1701	 he	4	distilbert/distilgpt2	distilbert/distilgpt2	False	0.4776323139667511	1.0660276412963867
Mary	1702	Mary	0	distilbert/distilgpt2	distilbert/distilgpt2	False	1.0	0.0
Ġdispar	1702	 disparaged	1	distilbert/distilgpt2	distilbert/distilgpt2	False	1.111714453827517e-08	26.422637939453125
aged	1702	 disparaged	1	distilbert/distilgpt2	distilbert/distilgpt2	False	0.20184345543384552	2.3086912631988525
ĠJohn	1702	 John	2	distilbert/distilgpt2	distilbert/distilgpt2	False	0.0012533440021798015	9.640002250671387
Ġbecause	1702	 because	3	distilbert/distilgpt2	distilbert/distilgpt2	False	0.0007477702456526458	10.385117530822754
Ġhe	1702	 he	4	distilbert/distilgpt2	distilbert/distilgpt2	False	0.49444177746772766	1.0161274671554565
David	1703	David	0	distilbert/distilgpt2	distilbert/distilgpt2	False	1.0	0.0
Ġdispar	1703	 disparaged	1	distilbert/distilgpt2	distilbert/distilgpt2	False	1.1497617080635791e-08	26.37409019470215
aged	1703	 disparaged	1	distilbert/distilgpt2	distilbert/distilgpt2	False	0.20269785821437836	2.3025972843170166
ĠJohn	1703	 John	2	distilbert/distilgpt2	distilbert/distilgpt2	False	0.0016706545138731599	9.225370407104492
Ġbecause	1703	 because	3	distilbert/distilgpt2	distilbert/distilgpt2	False	0.000206514130695723	12.241472244262695
Ġhe	1703	 he	4	distilbert/distilgpt2	distilbert/distilgpt2	False	0.4776323139667511	1.0660276412963867
Sarah	1704	Sarah	0	distilbert/distilgpt2	distilbert/distilgpt2	False	1.0	0.0
Ġdispar	1704	 disparaged	1	distilbert/distilgpt2	distilbert/distilgpt2	False	1.0077044976242178e-08	26.56435203552246
aged	1704	 disparaged	1	distilbert/distilgpt2	distilbert/distilgpt2	False	0.19210530817508698	2.380030632019043
ĠJohn	1704	 John	2	distilbert/distilgpt2	distilbert/distilgpt2	False	0.0015337544027715921	9.348716735839844
Ġbecause	1704	 because	3	distilbert/distilgpt2	distilbert/distilgpt2	False	0.0003887463826686144	11.328883171081543
Ġhe	1704	 he	4	distilbert/distilgpt2	distilbert/distilgpt2	False	0.45857492089271545	1.1247706413269043
Mary	1705	Mary	0	distilbert/distilgpt2	distilbert/distilgpt2	False	1.0	0.0
Ġdispar	1705	 disparaged	1	distilbert/distilgpt2	distilbert/distilgpt2	False	1.111714453827517e-08	26.422637939453125
aged	1705	 disparaged	1	distilbert/distilgpt2	distilbert/distilgpt2	False	0.20184345543384552	2.3086912631988525
ĠSarah	1705	 Sarah	2	distilbert/distilgpt2	distilbert/distilgpt2	False	0.00040841902955435216	11.257662773132324
Ġbecause	1705	 because	3	distilbert/distilgpt2	distilbert/distilgpt2	False	0.0020479578524827957	8.931598663330078
Ġshe	1705	 she	4	distilbert/distilgpt2	distilbert/distilgpt2	False	0.4865916967391968	1.03921639919281
John	1706	John	0	distilbert/distilgpt2	distilbert/distilgpt2	False	1.0	0.0
Ġdispar	1706	 disparaged	1	distilbert/distilgpt2	distilbert/distilgpt2	False	9.734106853898084e-09	26.614303588867188
aged	1706	 disparaged	1	distilbert/distilgpt2	distilbert/distilgpt2	False	0.1945689618587494	2.3616464138031006
ĠSarah	1706	 Sarah	2	distilbert/distilgpt2	distilbert/distilgpt2	False	0.0005405208794400096	10.853362083435059
Ġbecause	1706	 because	3	distilbert/distilgpt2	distilbert/distilgpt2	False	0.0006331324111670256	10.625205039978027
Ġshe	1706	 she	4	distilbert/distilgpt2	distilbert/distilgpt2	False	0.48703470826148987	1.0379035472869873
Mary	1707	Mary	0	distilbert/distilgpt2	distilbert/distilgpt2	False	1.0	0.0
Ġdispar	1707	 disparaged	1	distilbert/distilgpt2	distilbert/distilgpt2	False	1.111714453827517e-08	26.422637939453125
aged	1707	 disparaged	1	distilbert/distilgpt2	distilbert/distilgpt2	False	0.20184345543384552	2.3086912631988525
ĠSarah	1707	 Sarah	2	distilbert/distilgpt2	distilbert/distilgpt2	False	0.00040841902955435216	11.257662773132324
Ġbecause	1707	 because	3	distilbert/distilgpt2	distilbert/distilgpt2	False	0.0020479578524827957	8.931598663330078
Ġshe	1707	 she	4	distilbert/distilgpt2	distilbert/distilgpt2	False	0.4865916967391968	1.03921639919281
David	1708	David	0	distilbert/distilgpt2	distilbert/distilgpt2	False	1.0	0.0
Ġdispar	1708	 disparaged	1	distilbert/distilgpt2	distilbert/distilgpt2	False	1.1497617080635791e-08	26.37409019470215
aged	1708	 disparaged	1	distilbert/distilgpt2	distilbert/distilgpt2	False	0.20269785821437836	2.3025972843170166
ĠSarah	1708	 Sarah	2	distilbert/distilgpt2	distilbert/distilgpt2	False	0.0005278147291392088	10.887681007385254
Ġbecause	1708	 because	3	distilbert/distilgpt2	distilbert/distilgpt2	False	0.00026569771580398083	11.87792682647705
Ġshe	1708	 she	4	distilbert/distilgpt2	distilbert/distilgpt2	False	0.47009891271591187	1.0889637470245361
Sarah	1709	Sarah	0	distilbert/distilgpt2	distilbert/distilgpt2	False	1.0	0.0
Ġdispar	1709	 disparaged	1	distilbert/distilgpt2	distilbert/distilgpt2	False	1.0077044976242178e-08	26.56435203552246
aged	1709	 disparaged	1	distilbert/distilgpt2	distilbert/distilgpt2	False	0.19210530817508698	2.380030632019043
ĠMary	1709	 Mary	2	distilbert/distilgpt2	distilbert/distilgpt2	False	0.0005331458523869514	10.87318229675293
Ġbecause	1709	 because	3	distilbert/distilgpt2	distilbert/distilgpt2	False	0.0014837797498330474	9.396507263183594
Ġshe	1709	 she	4	distilbert/distilgpt2	distilbert/distilgpt2	False	0.4233204424381256	1.2401779890060425
John	1710	John	0	distilbert/distilgpt2	distilbert/distilgpt2	False	1.0	0.0
Ġdispar	1710	 disparaged	1	distilbert/distilgpt2	distilbert/distilgpt2	False	9.734106853898084e-09	26.614303588867188
aged	1710	 disparaged	1	distilbert/distilgpt2	distilbert/distilgpt2	False	0.1945689618587494	2.3616464138031006
ĠMary	1710	 Mary	2	distilbert/distilgpt2	distilbert/distilgpt2	False	0.00045199092710390687	11.111418724060059
Ġbecause	1710	 because	3	distilbert/distilgpt2	distilbert/distilgpt2	False	0.002323259599506855	8.7496337890625
Ġshe	1710	 she	4	distilbert/distilgpt2	distilbert/distilgpt2	False	0.4657317101955414	1.1024290323257446
Sarah	1711	Sarah	0	distilbert/distilgpt2	distilbert/distilgpt2	False	1.0	0.0
Ġdispar	1711	 disparaged	1	distilbert/distilgpt2	distilbert/distilgpt2	False	1.0077044976242178e-08	26.56435203552246
aged	1711	 disparaged	1	distilbert/distilgpt2	distilbert/distilgpt2	False	0.19210530817508698	2.380030632019043
ĠMary	1711	 Mary	2	distilbert/distilgpt2	distilbert/distilgpt2	False	0.0005331458523869514	10.87318229675293
Ġbecause	1711	 because	3	distilbert/distilgpt2	distilbert/distilgpt2	False	0.0014837797498330474	9.396507263183594
Ġshe	1711	 she	4	distilbert/distilgpt2	distilbert/distilgpt2	False	0.4233204424381256	1.2401779890060425
David	1712	David	0	distilbert/distilgpt2	distilbert/distilgpt2	False	1.0	0.0
Ġdispar	1712	 disparaged	1	distilbert/distilgpt2	distilbert/distilgpt2	False	1.1497617080635791e-08	26.37409019470215
aged	1712	 disparaged	1	distilbert/distilgpt2	distilbert/distilgpt2	False	0.20269785821437836	2.3025972843170166
ĠMary	1712	 Mary	2	distilbert/distilgpt2	distilbert/distilgpt2	False	0.00037853975663892925	11.367267608642578
Ġbecause	1712	 because	3	distilbert/distilgpt2	distilbert/distilgpt2	False	0.0007046138634905219	10.470879554748535
Ġshe	1712	 she	4	distilbert/distilgpt2	distilbert/distilgpt2	False	0.44867247343063354	1.1562654972076416
John	1713	John	0	distilbert/distilgpt2	distilbert/distilgpt2	False	1.0	0.0
Ġdistracted	1713	 distracted	1	distilbert/distilgpt2	distilbert/distilgpt2	False	1.9310791188331677e-08	25.62601661682129
ĠDavid	1713	 David	2	distilbert/distilgpt2	distilbert/distilgpt2	False	4.997399082640186e-05	14.28846263885498
Ġbecause	1713	 because	3	distilbert/distilgpt2	distilbert/distilgpt2	False	0.0007396641303785145	10.40084171295166
Ġhe	1713	 he	4	distilbert/distilgpt2	distilbert/distilgpt2	False	0.440744549036026	1.1819853782653809
Mary	1714	Mary	0	distilbert/distilgpt2	distilbert/distilgpt2	False	1.0	0.0
Ġdistracted	1714	 distracted	1	distilbert/distilgpt2	distilbert/distilgpt2	False	2.2403002120086057e-08	25.411731719970703
ĠDavid	1714	 David	2	distilbert/distilgpt2	distilbert/distilgpt2	False	2.6673238608054817e-05	15.194247245788574
Ġbecause	1714	 because	3	distilbert/distilgpt2	distilbert/distilgpt2	False	0.0007288313936442137	10.422127723693848
Ġhe	1714	 he	4	distilbert/distilgpt2	distilbert/distilgpt2	False	0.4442366063594818	1.1705998182296753
John	1715	John	0	distilbert/distilgpt2	distilbert/distilgpt2	False	1.0	0.0
Ġdistracted	1715	 distracted	1	distilbert/distilgpt2	distilbert/distilgpt2	False	1.9310791188331677e-08	25.62601661682129
ĠDavid	1715	 David	2	distilbert/distilgpt2	distilbert/distilgpt2	False	4.997399082640186e-05	14.28846263885498
Ġbecause	1715	 because	3	distilbert/distilgpt2	distilbert/distilgpt2	False	0.0007396641303785145	10.40084171295166
Ġhe	1715	 he	4	distilbert/distilgpt2	distilbert/distilgpt2	False	0.440744549036026	1.1819853782653809
Sarah	1716	Sarah	0	distilbert/distilgpt2	distilbert/distilgpt2	False	1.0	0.0
Ġdistracted	1716	 distracted	1	distilbert/distilgpt2	distilbert/distilgpt2	False	2.1191649324237005e-08	25.491928100585938
ĠDavid	1716	 David	2	distilbert/distilgpt2	distilbert/distilgpt2	False	5.637259891955182e-05	14.114645957946777
Ġbecause	1716	 because	3	distilbert/distilgpt2	distilbert/distilgpt2	False	0.000836999446619302	10.222485542297363
Ġhe	1716	 he	4	distilbert/distilgpt2	distilbert/distilgpt2	False	0.4400843679904938	1.1841479539871216
David	1717	David	0	distilbert/distilgpt2	distilbert/distilgpt2	False	1.0	0.0
Ġdistracted	1717	 distracted	1	distilbert/distilgpt2	distilbert/distilgpt2	False	1.9786311256098088e-08	25.59092140197754
ĠJohn	1717	 John	2	distilbert/distilgpt2	distilbert/distilgpt2	False	0.00018966477364301682	12.36426067352295
Ġbecause	1717	 because	3	distilbert/distilgpt2	distilbert/distilgpt2	False	0.0020879667717963457	8.903685569763184
Ġhe	1717	 he	4	distilbert/distilgpt2	distilbert/distilgpt2	False	0.39550429582595825	1.338234782218933
Mary	1718	Mary	0	distilbert/distilgpt2	distilbert/distilgpt2	False	1.0	0.0
Ġdistracted	1718	 distracted	1	distilbert/distilgpt2	distilbert/distilgpt2	False	2.2403002120086057e-08	25.411731719970703
ĠJohn	1718	 John	2	distilbert/distilgpt2	distilbert/distilgpt2	False	0.00012508322834037244	12.964823722839355
Ġbecause	1718	 because	3	distilbert/distilgpt2	distilbert/distilgpt2	False	0.0026504085399210453	8.559569358825684
Ġhe	1718	 he	4	distilbert/distilgpt2	distilbert/distilgpt2	False	0.4229598641395569	1.2414073944091797
David	1719	David	0	distilbert/distilgpt2	distilbert/distilgpt2	False	1.0	0.0
Ġdistracted	1719	 distracted	1	distilbert/distilgpt2	distilbert/distilgpt2	False	1.9786311256098088e-08	25.59092140197754
ĠJohn	1719	 John	2	distilbert/distilgpt2	distilbert/distilgpt2	False	0.00018966477364301682	12.36426067352295
Ġbecause	1719	 because	3	distilbert/distilgpt2	distilbert/distilgpt2	False	0.0020879667717963457	8.903685569763184
Ġhe	1719	 he	4	distilbert/distilgpt2	distilbert/distilgpt2	False	0.39550429582595825	1.338234782218933
Sarah	1720	Sarah	0	distilbert/distilgpt2	distilbert/distilgpt2	False	1.0	0.0
Ġdistracted	1720	 distracted	1	distilbert/distilgpt2	distilbert/distilgpt2	False	2.1191649324237005e-08	25.491928100585938
ĠJohn	1720	 John	2	distilbert/distilgpt2	distilbert/distilgpt2	False	0.00019974085444118828	12.289583206176758
Ġbecause	1720	 because	3	distilbert/distilgpt2	distilbert/distilgpt2	False	0.004786795470863581	7.706724166870117
Ġhe	1720	 he	4	distilbert/distilgpt2	distilbert/distilgpt2	False	0.4012307822704315	1.3174958229064941
Mary	1721	Mary	0	distilbert/distilgpt2	distilbert/distilgpt2	False	1.0	0.0
Ġdistracted	1721	 distracted	1	distilbert/distilgpt2	distilbert/distilgpt2	False	2.2403002120086057e-08	25.411731719970703
ĠSarah	1721	 Sarah	2	distilbert/distilgpt2	distilbert/distilgpt2	False	3.0478066037176177e-05	15.001869201660156
Ġbecause	1721	 because	3	distilbert/distilgpt2	distilbert/distilgpt2	False	0.0018665672978386283	9.065396308898926
Ġshe	1721	 she	4	distilbert/distilgpt2	distilbert/distilgpt2	False	0.500091552734375	0.9997358918190002
John	1722	John	0	distilbert/distilgpt2	distilbert/distilgpt2	False	1.0	0.0
Ġdistracted	1722	 distracted	1	distilbert/distilgpt2	distilbert/distilgpt2	False	1.9310791188331677e-08	25.62601661682129
ĠSarah	1722	 Sarah	2	distilbert/distilgpt2	distilbert/distilgpt2	False	4.320996595197357e-05	14.498276710510254
Ġbecause	1722	 because	3	distilbert/distilgpt2	distilbert/distilgpt2	False	0.0020427866838872433	8.935245513916016
Ġshe	1722	 she	4	distilbert/distilgpt2	distilbert/distilgpt2	False	0.4638620615005493	1.1082322597503662
Mary	1723	Mary	0	distilbert/distilgpt2	distilbert/distilgpt2	False	1.0	0.0
Ġdistracted	1723	 distracted	1	distilbert/distilgpt2	distilbert/distilgpt2	False	2.2403002120086057e-08	25.411731719970703
ĠSarah	1723	 Sarah	2	distilbert/distilgpt2	distilbert/distilgpt2	False	3.0478066037176177e-05	15.001869201660156
Ġbecause	1723	 because	3	distilbert/distilgpt2	distilbert/distilgpt2	False	0.0018665672978386283	9.065396308898926
Ġshe	1723	 she	4	distilbert/distilgpt2	distilbert/distilgpt2	False	0.500091552734375	0.9997358918190002
David	1724	David	0	distilbert/distilgpt2	distilbert/distilgpt2	False	1.0	0.0
Ġdistracted	1724	 distracted	1	distilbert/distilgpt2	distilbert/distilgpt2	False	1.9786311256098088e-08	25.59092140197754
ĠSarah	1724	 Sarah	2	distilbert/distilgpt2	distilbert/distilgpt2	False	4.177379378234036e-05	14.547042846679688
Ġbecause	1724	 because	3	distilbert/distilgpt2	distilbert/distilgpt2	False	0.00114250963088125	9.773577690124512
Ġshe	1724	 she	4	distilbert/distilgpt2	distilbert/distilgpt2	False	0.45359006524086	1.1405390501022339
Sarah	1725	Sarah	0	distilbert/distilgpt2	distilbert/distilgpt2	False	1.0	0.0
Ġdistracted	1725	 distracted	1	distilbert/distilgpt2	distilbert/distilgpt2	False	2.1191649324237005e-08	25.491928100585938
ĠMary	1725	 Mary	2	distilbert/distilgpt2	distilbert/distilgpt2	False	7.900110358605161e-05	13.627767562866211
Ġbecause	1725	 because	3	distilbert/distilgpt2	distilbert/distilgpt2	False	0.0011576988035812974	9.754524230957031
Ġshe	1725	 she	4	distilbert/distilgpt2	distilbert/distilgpt2	False	0.4170888066291809	1.2615735530853271
John	1726	John	0	distilbert/distilgpt2	distilbert/distilgpt2	False	1.0	0.0
Ġdistracted	1726	 distracted	1	distilbert/distilgpt2	distilbert/distilgpt2	False	1.9310791188331677e-08	25.62601661682129
ĠMary	1726	 Mary	2	distilbert/distilgpt2	distilbert/distilgpt2	False	4.861137495026924e-05	14.328346252441406
Ġbecause	1726	 because	3	distilbert/distilgpt2	distilbert/distilgpt2	False	0.0012984308414161205	9.589015007019043
Ġshe	1726	 she	4	distilbert/distilgpt2	distilbert/distilgpt2	False	0.40989017486572266	1.2866907119750977
Sarah	1727	Sarah	0	distilbert/distilgpt2	distilbert/distilgpt2	False	1.0	0.0
Ġdistracted	1727	 distracted	1	distilbert/distilgpt2	distilbert/distilgpt2	False	2.1191649324237005e-08	25.491928100585938
ĠMary	1727	 Mary	2	distilbert/distilgpt2	distilbert/distilgpt2	False	7.900110358605161e-05	13.627767562866211
Ġbecause	1727	 because	3	distilbert/distilgpt2	distilbert/distilgpt2	False	0.0011576988035812974	9.754524230957031
Ġshe	1727	 she	4	distilbert/distilgpt2	distilbert/distilgpt2	False	0.4170888066291809	1.2615735530853271
David	1728	David	0	distilbert/distilgpt2	distilbert/distilgpt2	False	1.0	0.0
Ġdistracted	1728	 distracted	1	distilbert/distilgpt2	distilbert/distilgpt2	False	1.9786311256098088e-08	25.59092140197754
ĠMary	1728	 Mary	2	distilbert/distilgpt2	distilbert/distilgpt2	False	4.2079911509063095e-05	14.536508560180664
Ġbecause	1728	 because	3	distilbert/distilgpt2	distilbert/distilgpt2	False	0.0008264256757684052	10.240827560424805
Ġshe	1728	 she	4	distilbert/distilgpt2	distilbert/distilgpt2	False	0.4032739996910095	1.3101677894592285
John	1729	John	0	distilbert/distilgpt2	distilbert/distilgpt2	False	1.0	0.0
Ġdistressed	1729	 distressed	1	distilbert/distilgpt2	distilbert/distilgpt2	False	9.233168896116695e-09	26.690526962280273
ĠDavid	1729	 David	2	distilbert/distilgpt2	distilbert/distilgpt2	False	0.0001096734922612086	13.154497146606445
Ġbecause	1729	 because	3	distilbert/distilgpt2	distilbert/distilgpt2	False	0.0004549951700028032	11.101861000061035
Ġhe	1729	 he	4	distilbert/distilgpt2	distilbert/distilgpt2	False	0.41072961688041687	1.2837392091751099
Mary	1730	Mary	0	distilbert/distilgpt2	distilbert/distilgpt2	False	1.0	0.0
Ġdistressed	1730	 distressed	1	distilbert/distilgpt2	distilbert/distilgpt2	False	1.2639059576713407e-08	26.23753547668457
ĠDavid	1730	 David	2	distilbert/distilgpt2	distilbert/distilgpt2	False	5.077795867691748e-05	14.265438079833984
Ġbecause	1730	 because	3	distilbert/distilgpt2	distilbert/distilgpt2	False	0.0004291839723009616	11.186116218566895
Ġhe	1730	 he	4	distilbert/distilgpt2	distilbert/distilgpt2	False	0.4033999443054199	1.3097172975540161
John	1731	John	0	distilbert/distilgpt2	distilbert/distilgpt2	False	1.0	0.0
Ġdistressed	1731	 distressed	1	distilbert/distilgpt2	distilbert/distilgpt2	False	9.233168896116695e-09	26.690526962280273
ĠDavid	1731	 David	2	distilbert/distilgpt2	distilbert/distilgpt2	False	0.0001096734922612086	13.154497146606445
Ġbecause	1731	 because	3	distilbert/distilgpt2	distilbert/distilgpt2	False	0.0004549951700028032	11.101861000061035
Ġhe	1731	 he	4	distilbert/distilgpt2	distilbert/distilgpt2	False	0.41072961688041687	1.2837392091751099
Sarah	1732	Sarah	0	distilbert/distilgpt2	distilbert/distilgpt2	False	1.0	0.0
Ġdistressed	1732	 distressed	1	distilbert/distilgpt2	distilbert/distilgpt2	False	9.278487311803474e-09	26.68346405029297
ĠDavid	1732	 David	2	distilbert/distilgpt2	distilbert/distilgpt2	False	0.00010224887228105217	13.255627632141113
Ġbecause	1732	 because	3	distilbert/distilgpt2	distilbert/distilgpt2	False	0.0004461798816919327	11.130086898803711
Ġhe	1732	 he	4	distilbert/distilgpt2	distilbert/distilgpt2	False	0.41964784264564514	1.252748966217041
David	1733	David	0	distilbert/distilgpt2	distilbert/distilgpt2	False	1.0	0.0
Ġdistressed	1733	 distressed	1	distilbert/distilgpt2	distilbert/distilgpt2	False	1.0526084004425229e-08	26.501455307006836
ĠJohn	1733	 John	2	distilbert/distilgpt2	distilbert/distilgpt2	False	0.00021213914442341775	12.202701568603516
Ġbecause	1733	 because	3	distilbert/distilgpt2	distilbert/distilgpt2	False	0.0007571058813482523	10.367217063903809
Ġhe	1733	 he	4	distilbert/distilgpt2	distilbert/distilgpt2	False	0.3569776713848114	1.486094355583191
Mary	1734	Mary	0	distilbert/distilgpt2	distilbert/distilgpt2	False	1.0	0.0
Ġdistressed	1734	 distressed	1	distilbert/distilgpt2	distilbert/distilgpt2	False	1.2639059576713407e-08	26.23753547668457
ĠJohn	1734	 John	2	distilbert/distilgpt2	distilbert/distilgpt2	False	0.00011880956299137324	13.039061546325684
Ġbecause	1734	 because	3	distilbert/distilgpt2	distilbert/distilgpt2	False	0.0008350488496944308	10.225852012634277
Ġhe	1734	 he	4	distilbert/distilgpt2	distilbert/distilgpt2	False	0.3898216187953949	1.3591140508651733
David	1735	David	0	distilbert/distilgpt2	distilbert/distilgpt2	False	1.0	0.0
Ġdistressed	1735	 distressed	1	distilbert/distilgpt2	distilbert/distilgpt2	False	1.0526084004425229e-08	26.501455307006836
ĠJohn	1735	 John	2	distilbert/distilgpt2	distilbert/distilgpt2	False	0.00021213914442341775	12.202701568603516
Ġbecause	1735	 because	3	distilbert/distilgpt2	distilbert/distilgpt2	False	0.0007571058813482523	10.367217063903809
Ġhe	1735	 he	4	distilbert/distilgpt2	distilbert/distilgpt2	False	0.3569776713848114	1.486094355583191
Sarah	1736	Sarah	0	distilbert/distilgpt2	distilbert/distilgpt2	False	1.0	0.0
Ġdistressed	1736	 distressed	1	distilbert/distilgpt2	distilbert/distilgpt2	False	9.278487311803474e-09	26.68346405029297
ĠJohn	1736	 John	2	distilbert/distilgpt2	distilbert/distilgpt2	False	0.00019757314294110984	12.305325508117676
Ġbecause	1736	 because	3	distilbert/distilgpt2	distilbert/distilgpt2	False	0.0015795188955962658	9.306299209594727
Ġhe	1736	 he	4	distilbert/distilgpt2	distilbert/distilgpt2	False	0.3956204354763031	1.3378112316131592
Mary	1737	Mary	0	distilbert/distilgpt2	distilbert/distilgpt2	False	1.0	0.0
Ġdistressed	1737	 distressed	1	distilbert/distilgpt2	distilbert/distilgpt2	False	1.2639059576713407e-08	26.23753547668457
ĠSarah	1737	 Sarah	2	distilbert/distilgpt2	distilbert/distilgpt2	False	2.4912009394029155e-05	15.29279899597168
Ġbecause	1737	 because	3	distilbert/distilgpt2	distilbert/distilgpt2	False	0.0012697820784524083	9.621203422546387
Ġshe	1737	 she	4	distilbert/distilgpt2	distilbert/distilgpt2	False	0.4570479393005371	1.1295826435089111
John	1738	John	0	distilbert/distilgpt2	distilbert/distilgpt2	False	1.0	0.0
Ġdistressed	1738	 distressed	1	distilbert/distilgpt2	distilbert/distilgpt2	False	9.233168896116695e-09	26.690526962280273
ĠSarah	1738	 Sarah	2	distilbert/distilgpt2	distilbert/distilgpt2	False	3.4410913940519094e-05	14.826774597167969
Ġbecause	1738	 because	3	distilbert/distilgpt2	distilbert/distilgpt2	False	0.0014493748312816024	9.430353164672852
Ġshe	1738	 she	4	distilbert/distilgpt2	distilbert/distilgpt2	False	0.4411008656024933	1.1808195114135742
Mary	1739	Mary	0	distilbert/distilgpt2	distilbert/distilgpt2	False	1.0	0.0
Ġdistressed	1739	 distressed	1	distilbert/distilgpt2	distilbert/distilgpt2	False	1.2639059576713407e-08	26.23753547668457
ĠSarah	1739	 Sarah	2	distilbert/distilgpt2	distilbert/distilgpt2	False	2.4912009394029155e-05	15.29279899597168
Ġbecause	1739	 because	3	distilbert/distilgpt2	distilbert/distilgpt2	False	0.0012697820784524083	9.621203422546387
Ġshe	1739	 she	4	distilbert/distilgpt2	distilbert/distilgpt2	False	0.4570479393005371	1.1295826435089111
David	1740	David	0	distilbert/distilgpt2	distilbert/distilgpt2	False	1.0	0.0
Ġdistressed	1740	 distressed	1	distilbert/distilgpt2	distilbert/distilgpt2	False	1.0526084004425229e-08	26.501455307006836
ĠSarah	1740	 Sarah	2	distilbert/distilgpt2	distilbert/distilgpt2	False	3.0583232728531584e-05	14.996899604797363
Ġbecause	1740	 because	3	distilbert/distilgpt2	distilbert/distilgpt2	False	0.0009645801619626582	10.017810821533203
Ġshe	1740	 she	4	distilbert/distilgpt2	distilbert/distilgpt2	False	0.42041483521461487	1.2501145601272583
Sarah	1741	Sarah	0	distilbert/distilgpt2	distilbert/distilgpt2	False	1.0	0.0
Ġdistressed	1741	 distressed	1	distilbert/distilgpt2	distilbert/distilgpt2	False	9.278487311803474e-09	26.68346405029297
ĠMary	1741	 Mary	2	distilbert/distilgpt2	distilbert/distilgpt2	False	0.00015614303993061185	12.644844055175781
Ġbecause	1741	 because	3	distilbert/distilgpt2	distilbert/distilgpt2	False	0.0007122845272533596	10.4552583694458
Ġshe	1741	 she	4	distilbert/distilgpt2	distilbert/distilgpt2	False	0.4132932126522064	1.274762511253357
John	1742	John	0	distilbert/distilgpt2	distilbert/distilgpt2	False	1.0	0.0
Ġdistressed	1742	 distressed	1	distilbert/distilgpt2	distilbert/distilgpt2	False	9.233168896116695e-09	26.690526962280273
ĠMary	1742	 Mary	2	distilbert/distilgpt2	distilbert/distilgpt2	False	0.00011566079047042876	13.077812194824219
Ġbecause	1742	 because	3	distilbert/distilgpt2	distilbert/distilgpt2	False	0.0010046871611848474	9.959037780761719
Ġshe	1742	 she	4	distilbert/distilgpt2	distilbert/distilgpt2	False	0.4012109041213989	1.3175673484802246
Sarah	1743	Sarah	0	distilbert/distilgpt2	distilbert/distilgpt2	False	1.0	0.0
Ġdistressed	1743	 distressed	1	distilbert/distilgpt2	distilbert/distilgpt2	False	9.278487311803474e-09	26.68346405029297
ĠMary	1743	 Mary	2	distilbert/distilgpt2	distilbert/distilgpt2	False	0.00015614303993061185	12.644844055175781
Ġbecause	1743	 because	3	distilbert/distilgpt2	distilbert/distilgpt2	False	0.0007122845272533596	10.4552583694458
Ġshe	1743	 she	4	distilbert/distilgpt2	distilbert/distilgpt2	False	0.4132932126522064	1.274762511253357
David	1744	David	0	distilbert/distilgpt2	distilbert/distilgpt2	False	1.0	0.0
Ġdistressed	1744	 distressed	1	distilbert/distilgpt2	distilbert/distilgpt2	False	1.0526084004425229e-08	26.501455307006836
ĠMary	1744	 Mary	2	distilbert/distilgpt2	distilbert/distilgpt2	False	9.731649333843961e-05	13.326955795288086
Ġbecause	1744	 because	3	distilbert/distilgpt2	distilbert/distilgpt2	False	0.0006407006876543164	10.608061790466309
Ġshe	1744	 she	4	distilbert/distilgpt2	distilbert/distilgpt2	False	0.37939968705177307	1.3982096910476685
John	1745	John	0	distilbert/distilgpt2	distilbert/distilgpt2	False	1.0	0.0
Ġdist	1745	 distrusted	1	distilbert/distilgpt2	distilbert/distilgpt2	False	2.853692535609298e-07	21.74066734313965
r	1745	 distrusted	1	distilbert/distilgpt2	distilbert/distilgpt2	False	0.03324010595679283	4.91093111038208
usted	1745	 distrusted	1	distilbert/distilgpt2	distilbert/distilgpt2	False	0.7963936924934387	0.32844632863998413
ĠDavid	1745	 David	2	distilbert/distilgpt2	distilbert/distilgpt2	False	0.0002072883944492787	12.236072540283203
Ġbecause	1745	 because	3	distilbert/distilgpt2	distilbert/distilgpt2	False	0.00021937658311799169	12.154302597045898
Ġhe	1745	 he	4	distilbert/distilgpt2	distilbert/distilgpt2	False	0.4231763184070587	1.2406692504882812
Mary	1746	Mary	0	distilbert/distilgpt2	distilbert/distilgpt2	False	1.0	0.0
Ġdist	1746	 distrusted	1	distilbert/distilgpt2	distilbert/distilgpt2	False	3.1856046689426876e-07	21.58193016052246
r	1746	 distrusted	1	distilbert/distilgpt2	distilbert/distilgpt2	False	0.03904467821121216	4.678730010986328
usted	1746	 distrusted	1	distilbert/distilgpt2	distilbert/distilgpt2	False	0.8098762035369873	0.30422666668891907
ĠDavid	1746	 David	2	distilbert/distilgpt2	distilbert/distilgpt2	False	0.0002357111661694944	12.050692558288574
Ġbecause	1746	 because	3	distilbert/distilgpt2	distilbert/distilgpt2	False	0.00023410937865264714	12.060529708862305
Ġhe	1746	 he	4	distilbert/distilgpt2	distilbert/distilgpt2	False	0.4391856789588928	1.1870970726013184
John	1747	John	0	distilbert/distilgpt2	distilbert/distilgpt2	False	1.0	0.0
Ġdist	1747	 distrusted	1	distilbert/distilgpt2	distilbert/distilgpt2	False	2.853692535609298e-07	21.74066734313965
r	1747	 distrusted	1	distilbert/distilgpt2	distilbert/distilgpt2	False	0.03324010595679283	4.91093111038208
usted	1747	 distrusted	1	distilbert/distilgpt2	distilbert/distilgpt2	False	0.7963936924934387	0.32844632863998413
ĠDavid	1747	 David	2	distilbert/distilgpt2	distilbert/distilgpt2	False	0.0002072883944492787	12.236072540283203
Ġbecause	1747	 because	3	distilbert/distilgpt2	distilbert/distilgpt2	False	0.00021937658311799169	12.154302597045898
Ġhe	1747	 he	4	distilbert/distilgpt2	distilbert/distilgpt2	False	0.4231763184070587	1.2406692504882812
Sarah	1748	Sarah	0	distilbert/distilgpt2	distilbert/distilgpt2	False	1.0	0.0
Ġdist	1748	 distrusted	1	distilbert/distilgpt2	distilbert/distilgpt2	False	2.6038858891297423e-07	21.872831344604492
r	1748	 distrusted	1	distilbert/distilgpt2	distilbert/distilgpt2	False	0.026826048269867897	5.220221519470215
usted	1748	 distrusted	1	distilbert/distilgpt2	distilbert/distilgpt2	False	0.8933396339416504	0.16271936893463135
ĠDavid	1748	 David	2	distilbert/distilgpt2	distilbert/distilgpt2	False	0.00045522148138843477	11.101143836975098
Ġbecause	1748	 because	3	distilbert/distilgpt2	distilbert/distilgpt2	False	0.00021028381888754666	12.215374946594238
Ġhe	1748	 he	4	distilbert/distilgpt2	distilbert/distilgpt2	False	0.4448472261428833	1.1686182022094727
David	1749	David	0	distilbert/distilgpt2	distilbert/distilgpt2	False	1.0	0.0
Ġdist	1749	 distrusted	1	distilbert/distilgpt2	distilbert/distilgpt2	False	3.514667525905679e-07	21.440109252929688
r	1749	 distrusted	1	distilbert/distilgpt2	distilbert/distilgpt2	False	0.022930122911930084	5.4466118812561035
usted	1749	 distrusted	1	distilbert/distilgpt2	distilbert/distilgpt2	False	0.8911060690879822	0.16633088886737823
ĠJohn	1749	 John	2	distilbert/distilgpt2	distilbert/distilgpt2	False	0.0005458504892885685	10.83920669555664
Ġbecause	1749	 because	3	distilbert/distilgpt2	distilbert/distilgpt2	False	9.997462620958686e-05	13.288078308105469
Ġhe	1749	 he	4	distilbert/distilgpt2	distilbert/distilgpt2	False	0.41811344027519226	1.2580337524414062
Mary	1750	Mary	0	distilbert/distilgpt2	distilbert/distilgpt2	False	1.0	0.0
Ġdist	1750	 distrusted	1	distilbert/distilgpt2	distilbert/distilgpt2	False	3.1856046689426876e-07	21.58193016052246
r	1750	 distrusted	1	distilbert/distilgpt2	distilbert/distilgpt2	False	0.03904467821121216	4.678730010986328
usted	1750	 distrusted	1	distilbert/distilgpt2	distilbert/distilgpt2	False	0.8098762035369873	0.30422666668891907
ĠJohn	1750	 John	2	distilbert/distilgpt2	distilbert/distilgpt2	False	0.0005845000850968063	10.740509033203125
Ġbecause	1750	 because	3	distilbert/distilgpt2	distilbert/distilgpt2	False	0.00010693671356420964	13.19095516204834
Ġhe	1750	 he	4	distilbert/distilgpt2	distilbert/distilgpt2	False	0.43599948287010193	1.1976016759872437
David	1751	David	0	distilbert/distilgpt2	distilbert/distilgpt2	False	1.0	0.0
Ġdist	1751	 distrusted	1	distilbert/distilgpt2	distilbert/distilgpt2	False	3.514667525905679e-07	21.440109252929688
r	1751	 distrusted	1	distilbert/distilgpt2	distilbert/distilgpt2	False	0.022930122911930084	5.4466118812561035
usted	1751	 distrusted	1	distilbert/distilgpt2	distilbert/distilgpt2	False	0.8911060690879822	0.16633088886737823
ĠJohn	1751	 John	2	distilbert/distilgpt2	distilbert/distilgpt2	False	0.0005458504892885685	10.83920669555664
Ġbecause	1751	 because	3	distilbert/distilgpt2	distilbert/distilgpt2	False	9.997462620958686e-05	13.288078308105469
Ġhe	1751	 he	4	distilbert/distilgpt2	distilbert/distilgpt2	False	0.41811344027519226	1.2580337524414062
Sarah	1752	Sarah	0	distilbert/distilgpt2	distilbert/distilgpt2	False	1.0	0.0
Ġdist	1752	 distrusted	1	distilbert/distilgpt2	distilbert/distilgpt2	False	2.6038858891297423e-07	21.872831344604492
r	1752	 distrusted	1	distilbert/distilgpt2	distilbert/distilgpt2	False	0.026826048269867897	5.220221519470215
usted	1752	 distrusted	1	distilbert/distilgpt2	distilbert/distilgpt2	False	0.8933396339416504	0.16271936893463135
ĠJohn	1752	 John	2	distilbert/distilgpt2	distilbert/distilgpt2	False	0.0009057029383257031	10.108674049377441
Ġbecause	1752	 because	3	distilbert/distilgpt2	distilbert/distilgpt2	False	0.0001549622102174908	12.65579605102539
Ġhe	1752	 he	4	distilbert/distilgpt2	distilbert/distilgpt2	False	0.4308980405330658	1.2145816087722778
Mary	1753	Mary	0	distilbert/distilgpt2	distilbert/distilgpt2	False	1.0	0.0
Ġdist	1753	 distrusted	1	distilbert/distilgpt2	distilbert/distilgpt2	False	3.1856046689426876e-07	21.58193016052246
r	1753	 distrusted	1	distilbert/distilgpt2	distilbert/distilgpt2	False	0.03904467821121216	4.678730010986328
usted	1753	 distrusted	1	distilbert/distilgpt2	distilbert/distilgpt2	False	0.8098762035369873	0.30422666668891907
ĠSarah	1753	 Sarah	2	distilbert/distilgpt2	distilbert/distilgpt2	False	5.292756759445183e-05	14.205620765686035
Ġbecause	1753	 because	3	distilbert/distilgpt2	distilbert/distilgpt2	False	0.0006596230668947101	10.566070556640625
Ġshe	1753	 she	4	distilbert/distilgpt2	distilbert/distilgpt2	False	0.5041638016700745	0.9880356192588806
John	1754	John	0	distilbert/distilgpt2	distilbert/distilgpt2	False	1.0	0.0
Ġdist	1754	 distrusted	1	distilbert/distilgpt2	distilbert/distilgpt2	False	2.853692535609298e-07	21.74066734313965
r	1754	 distrusted	1	distilbert/distilgpt2	distilbert/distilgpt2	False	0.03324010595679283	4.91093111038208
usted	1754	 distrusted	1	distilbert/distilgpt2	distilbert/distilgpt2	False	0.7963936924934387	0.32844632863998413
ĠSarah	1754	 Sarah	2	distilbert/distilgpt2	distilbert/distilgpt2	False	4.1041712393052876e-05	14.572549819946289
Ġbecause	1754	 because	3	distilbert/distilgpt2	distilbert/distilgpt2	False	0.000386666739359498	11.336621284484863
Ġshe	1754	 she	4	distilbert/distilgpt2	distilbert/distilgpt2	False	0.4626869857311249	1.1118916273117065
Mary	1755	Mary	0	distilbert/distilgpt2	distilbert/distilgpt2	False	1.0	0.0
Ġdist	1755	 distrusted	1	distilbert/distilgpt2	distilbert/distilgpt2	False	3.1856046689426876e-07	21.58193016052246
r	1755	 distrusted	1	distilbert/distilgpt2	distilbert/distilgpt2	False	0.03904467821121216	4.678730010986328
usted	1755	 distrusted	1	distilbert/distilgpt2	distilbert/distilgpt2	False	0.8098762035369873	0.30422666668891907
ĠSarah	1755	 Sarah	2	distilbert/distilgpt2	distilbert/distilgpt2	False	5.292756759445183e-05	14.205620765686035
Ġbecause	1755	 because	3	distilbert/distilgpt2	distilbert/distilgpt2	False	0.0006596230668947101	10.566070556640625
Ġshe	1755	 she	4	distilbert/distilgpt2	distilbert/distilgpt2	False	0.5041638016700745	0.9880356192588806
David	1756	David	0	distilbert/distilgpt2	distilbert/distilgpt2	False	1.0	0.0
Ġdist	1756	 distrusted	1	distilbert/distilgpt2	distilbert/distilgpt2	False	3.514667525905679e-07	21.440109252929688
r	1756	 distrusted	1	distilbert/distilgpt2	distilbert/distilgpt2	False	0.022930122911930084	5.4466118812561035
usted	1756	 distrusted	1	distilbert/distilgpt2	distilbert/distilgpt2	False	0.8911060690879822	0.16633088886737823
ĠSarah	1756	 Sarah	2	distilbert/distilgpt2	distilbert/distilgpt2	False	5.196036727284081e-05	14.232229232788086
Ġbecause	1756	 because	3	distilbert/distilgpt2	distilbert/distilgpt2	False	0.00017697762814350426	12.46414566040039
Ġshe	1756	 she	4	distilbert/distilgpt2	distilbert/distilgpt2	False	0.4582928419113159	1.125658392906189
Sarah	1757	Sarah	0	distilbert/distilgpt2	distilbert/distilgpt2	False	1.0	0.0
Ġdist	1757	 distrusted	1	distilbert/distilgpt2	distilbert/distilgpt2	False	2.6038858891297423e-07	21.872831344604492
r	1757	 distrusted	1	distilbert/distilgpt2	distilbert/distilgpt2	False	0.026826048269867897	5.220221519470215
usted	1757	 distrusted	1	distilbert/distilgpt2	distilbert/distilgpt2	False	0.8933396339416504	0.16271936893463135
ĠMary	1757	 Mary	2	distilbert/distilgpt2	distilbert/distilgpt2	False	0.00017757629393599927	12.459273338317871
Ġbecause	1757	 because	3	distilbert/distilgpt2	distilbert/distilgpt2	False	0.000309479160932824	11.657870292663574
Ġshe	1757	 she	4	distilbert/distilgpt2	distilbert/distilgpt2	False	0.4477032423019409	1.159385323524475
John	1758	John	0	distilbert/distilgpt2	distilbert/distilgpt2	False	1.0	0.0
Ġdist	1758	 distrusted	1	distilbert/distilgpt2	distilbert/distilgpt2	False	2.853692535609298e-07	21.74066734313965
r	1758	 distrusted	1	distilbert/distilgpt2	distilbert/distilgpt2	False	0.03324010595679283	4.91093111038208
usted	1758	 distrusted	1	distilbert/distilgpt2	distilbert/distilgpt2	False	0.7963936924934387	0.32844632863998413
ĠMary	1758	 Mary	2	distilbert/distilgpt2	distilbert/distilgpt2	False	8.493415225530043e-05	13.523295402526855
Ġbecause	1758	 because	3	distilbert/distilgpt2	distilbert/distilgpt2	False	0.00033699566847644746	11.534982681274414
Ġshe	1758	 she	4	distilbert/distilgpt2	distilbert/distilgpt2	False	0.42881354689598083	1.2215776443481445
Sarah	1759	Sarah	0	distilbert/distilgpt2	distilbert/distilgpt2	False	1.0	0.0
Ġdist	1759	 distrusted	1	distilbert/distilgpt2	distilbert/distilgpt2	False	2.6038858891297423e-07	21.872831344604492
r	1759	 distrusted	1	distilbert/distilgpt2	distilbert/distilgpt2	False	0.026826048269867897	5.220221519470215
usted	1759	 distrusted	1	distilbert/distilgpt2	distilbert/distilgpt2	False	0.8933396339416504	0.16271936893463135
ĠMary	1759	 Mary	2	distilbert/distilgpt2	distilbert/distilgpt2	False	0.00017757629393599927	12.459273338317871
Ġbecause	1759	 because	3	distilbert/distilgpt2	distilbert/distilgpt2	False	0.000309479160932824	11.657870292663574
Ġshe	1759	 she	4	distilbert/distilgpt2	distilbert/distilgpt2	False	0.4477032423019409	1.159385323524475
David	1760	David	0	distilbert/distilgpt2	distilbert/distilgpt2	False	1.0	0.0
Ġdist	1760	 distrusted	1	distilbert/distilgpt2	distilbert/distilgpt2	False	3.514667525905679e-07	21.440109252929688
r	1760	 distrusted	1	distilbert/distilgpt2	distilbert/distilgpt2	False	0.022930122911930084	5.4466118812561035
usted	1760	 distrusted	1	distilbert/distilgpt2	distilbert/distilgpt2	False	0.8911060690879822	0.16633088886737823
ĠMary	1760	 Mary	2	distilbert/distilgpt2	distilbert/distilgpt2	False	9.712400787975639e-05	13.329812049865723
Ġbecause	1760	 because	3	distilbert/distilgpt2	distilbert/distilgpt2	False	0.00014448584988713264	12.756784439086914
Ġshe	1760	 she	4	distilbert/distilgpt2	distilbert/distilgpt2	False	0.43915075063705444	1.1872118711471558
John	1761	John	0	distilbert/distilgpt2	distilbert/distilgpt2	False	1.0	0.0
Ġdivorced	1761	 divorced	1	distilbert/distilgpt2	distilbert/distilgpt2	False	7.199449214567721e-08	23.7275390625
ĠDavid	1761	 David	2	distilbert/distilgpt2	distilbert/distilgpt2	False	0.0002709841064643115	11.849504470825195
Ġbecause	1761	 because	3	distilbert/distilgpt2	distilbert/distilgpt2	False	0.0037705840077251196	8.050995826721191
Ġhe	1761	 he	4	distilbert/distilgpt2	distilbert/distilgpt2	False	0.33299100399017334	1.5864449739456177
Mary	1762	Mary	0	distilbert/distilgpt2	distilbert/distilgpt2	False	1.0	0.0
Ġdivorced	1762	 divorced	1	distilbert/distilgpt2	distilbert/distilgpt2	False	9.718807092440329e-08	23.294645309448242
ĠDavid	1762	 David	2	distilbert/distilgpt2	distilbert/distilgpt2	False	0.00012924728798680007	12.91757869720459
Ġbecause	1762	 because	3	distilbert/distilgpt2	distilbert/distilgpt2	False	0.002340271370485425	8.739108085632324
Ġhe	1762	 he	4	distilbert/distilgpt2	distilbert/distilgpt2	False	0.32945334911346436	1.6018539667129517
John	1763	John	0	distilbert/distilgpt2	distilbert/distilgpt2	False	1.0	0.0
Ġdivorced	1763	 divorced	1	distilbert/distilgpt2	distilbert/distilgpt2	False	7.199449214567721e-08	23.7275390625
ĠDavid	1763	 David	2	distilbert/distilgpt2	distilbert/distilgpt2	False	0.0002709841064643115	11.849504470825195
Ġbecause	1763	 because	3	distilbert/distilgpt2	distilbert/distilgpt2	False	0.0037705840077251196	8.050995826721191
Ġhe	1763	 he	4	distilbert/distilgpt2	distilbert/distilgpt2	False	0.33299100399017334	1.5864449739456177
Sarah	1764	Sarah	0	distilbert/distilgpt2	distilbert/distilgpt2	False	1.0	0.0
Ġdivorced	1764	 divorced	1	distilbert/distilgpt2	distilbert/distilgpt2	False	8.97677665534502e-08	23.40922737121582
ĠDavid	1764	 David	2	distilbert/distilgpt2	distilbert/distilgpt2	False	0.0002572984085418284	11.924269676208496
Ġbecause	1764	 because	3	distilbert/distilgpt2	distilbert/distilgpt2	False	0.0037965113297104836	8.041110038757324
Ġhe	1764	 he	4	distilbert/distilgpt2	distilbert/distilgpt2	False	0.3326750099658966	1.5878145694732666
David	1765	David	0	distilbert/distilgpt2	distilbert/distilgpt2	False	1.0	0.0
Ġdivorced	1765	 divorced	1	distilbert/distilgpt2	distilbert/distilgpt2	False	9.14564353138303e-08	23.382339477539062
ĠJohn	1765	 John	2	distilbert/distilgpt2	distilbert/distilgpt2	False	0.0005205934285186231	10.90755558013916
Ġbecause	1765	 because	3	distilbert/distilgpt2	distilbert/distilgpt2	False	0.003706360701471567	8.075780868530273
Ġhe	1765	 he	4	distilbert/distilgpt2	distilbert/distilgpt2	False	0.35497432947158813	1.4942134618759155
Mary	1766	Mary	0	distilbert/distilgpt2	distilbert/distilgpt2	False	1.0	0.0
Ġdivorced	1766	 divorced	1	distilbert/distilgpt2	distilbert/distilgpt2	False	9.718807092440329e-08	23.294645309448242
ĠJohn	1766	 John	2	distilbert/distilgpt2	distilbert/distilgpt2	False	0.00023225785116665065	12.071985244750977
Ġbecause	1766	 because	3	distilbert/distilgpt2	distilbert/distilgpt2	False	0.002754924353212118	8.503771781921387
Ġhe	1766	 he	4	distilbert/distilgpt2	distilbert/distilgpt2	False	0.34895795583724976	1.5188748836517334
David	1767	David	0	distilbert/distilgpt2	distilbert/distilgpt2	False	1.0	0.0
Ġdivorced	1767	 divorced	1	distilbert/distilgpt2	distilbert/distilgpt2	False	9.14564353138303e-08	23.382339477539062
ĠJohn	1767	 John	2	distilbert/distilgpt2	distilbert/distilgpt2	False	0.0005205934285186231	10.90755558013916
Ġbecause	1767	 because	3	distilbert/distilgpt2	distilbert/distilgpt2	False	0.003706360701471567	8.075780868530273
Ġhe	1767	 he	4	distilbert/distilgpt2	distilbert/distilgpt2	False	0.35497432947158813	1.4942134618759155
Sarah	1768	Sarah	0	distilbert/distilgpt2	distilbert/distilgpt2	False	1.0	0.0
Ġdivorced	1768	 divorced	1	distilbert/distilgpt2	distilbert/distilgpt2	False	8.97677665534502e-08	23.40922737121582
ĠJohn	1768	 John	2	distilbert/distilgpt2	distilbert/distilgpt2	False	0.00039130786899477243	11.319408416748047
Ġbecause	1768	 because	3	distilbert/distilgpt2	distilbert/distilgpt2	False	0.005290839355438948	7.5622878074646
Ġhe	1768	 he	4	distilbert/distilgpt2	distilbert/distilgpt2	False	0.3436790108680725	1.5408663749694824
Mary	1769	Mary	0	distilbert/distilgpt2	distilbert/distilgpt2	False	1.0	0.0
Ġdivorced	1769	 divorced	1	distilbert/distilgpt2	distilbert/distilgpt2	False	9.718807092440329e-08	23.294645309448242
ĠSarah	1769	 Sarah	2	distilbert/distilgpt2	distilbert/distilgpt2	False	7.724187889834866e-05	13.660257339477539
Ġbecause	1769	 because	3	distilbert/distilgpt2	distilbert/distilgpt2	False	0.0027918468695133924	8.484564781188965
Ġshe	1769	 she	4	distilbert/distilgpt2	distilbert/distilgpt2	False	0.3947426676750183	1.3410156965255737
John	1770	John	0	distilbert/distilgpt2	distilbert/distilgpt2	False	1.0	0.0
Ġdivorced	1770	 divorced	1	distilbert/distilgpt2	distilbert/distilgpt2	False	7.199449214567721e-08	23.7275390625
ĠSarah	1770	 Sarah	2	distilbert/distilgpt2	distilbert/distilgpt2	False	0.00016928667901083827	12.528244018554688
Ġbecause	1770	 because	3	distilbert/distilgpt2	distilbert/distilgpt2	False	0.003701041219756007	8.077853202819824
Ġshe	1770	 she	4	distilbert/distilgpt2	distilbert/distilgpt2	False	0.392426997423172	1.3495038747787476
Mary	1771	Mary	0	distilbert/distilgpt2	distilbert/distilgpt2	False	1.0	0.0
Ġdivorced	1771	 divorced	1	distilbert/distilgpt2	distilbert/distilgpt2	False	9.718807092440329e-08	23.294645309448242
ĠSarah	1771	 Sarah	2	distilbert/distilgpt2	distilbert/distilgpt2	False	7.724187889834866e-05	13.660257339477539
Ġbecause	1771	 because	3	distilbert/distilgpt2	distilbert/distilgpt2	False	0.0027918468695133924	8.484564781188965
Ġshe	1771	 she	4	distilbert/distilgpt2	distilbert/distilgpt2	False	0.3947426676750183	1.3410156965255737
David	1772	David	0	distilbert/distilgpt2	distilbert/distilgpt2	False	1.0	0.0
Ġdivorced	1772	 divorced	1	distilbert/distilgpt2	distilbert/distilgpt2	False	9.14564353138303e-08	23.382339477539062
ĠSarah	1772	 Sarah	2	distilbert/distilgpt2	distilbert/distilgpt2	False	0.00021576260041911155	12.178267478942871
Ġbecause	1772	 because	3	distilbert/distilgpt2	distilbert/distilgpt2	False	0.003230854170396924	8.273868560791016
Ġshe	1772	 she	4	distilbert/distilgpt2	distilbert/distilgpt2	False	0.3866892158985138	1.3707536458969116
Sarah	1773	Sarah	0	distilbert/distilgpt2	distilbert/distilgpt2	False	1.0	0.0
Ġdivorced	1773	 divorced	1	distilbert/distilgpt2	distilbert/distilgpt2	False	8.97677665534502e-08	23.40922737121582
ĠMary	1773	 Mary	2	distilbert/distilgpt2	distilbert/distilgpt2	False	0.00024761896929703653	11.97959041595459
Ġbecause	1773	 because	3	distilbert/distilgpt2	distilbert/distilgpt2	False	0.0015462260926142335	9.33703327178955
Ġshe	1773	 she	4	distilbert/distilgpt2	distilbert/distilgpt2	False	0.32650211453437805	1.6148358583450317
John	1774	John	0	distilbert/distilgpt2	distilbert/distilgpt2	False	1.0	0.0
Ġdivorced	1774	 divorced	1	distilbert/distilgpt2	distilbert/distilgpt2	False	7.199449214567721e-08	23.7275390625
ĠMary	1774	 Mary	2	distilbert/distilgpt2	distilbert/distilgpt2	False	0.00044550083111971617	11.132284164428711
Ġbecause	1774	 because	3	distilbert/distilgpt2	distilbert/distilgpt2	False	0.0018391120247542858	9.086774826049805
Ġshe	1774	 she	4	distilbert/distilgpt2	distilbert/distilgpt2	False	0.34790852665901184	1.5232200622558594
Sarah	1775	Sarah	0	distilbert/distilgpt2	distilbert/distilgpt2	False	1.0	0.0
Ġdivorced	1775	 divorced	1	distilbert/distilgpt2	distilbert/distilgpt2	False	8.97677665534502e-08	23.40922737121582
ĠMary	1775	 Mary	2	distilbert/distilgpt2	distilbert/distilgpt2	False	0.00024761896929703653	11.97959041595459
Ġbecause	1775	 because	3	distilbert/distilgpt2	distilbert/distilgpt2	False	0.0015462260926142335	9.33703327178955
Ġshe	1775	 she	4	distilbert/distilgpt2	distilbert/distilgpt2	False	0.32650211453437805	1.6148358583450317
David	1776	David	0	distilbert/distilgpt2	distilbert/distilgpt2	False	1.0	0.0
Ġdivorced	1776	 divorced	1	distilbert/distilgpt2	distilbert/distilgpt2	False	9.14564353138303e-08	23.382339477539062
ĠMary	1776	 Mary	2	distilbert/distilgpt2	distilbert/distilgpt2	False	0.0005970546044409275	10.70984935760498
Ġbecause	1776	 because	3	distilbert/distilgpt2	distilbert/distilgpt2	False	0.0014090409968048334	9.471071243286133
Ġshe	1776	 she	4	distilbert/distilgpt2	distilbert/distilgpt2	False	0.34554094076156616	1.533071517944336
John	1777	John	0	distilbert/distilgpt2	distilbert/distilgpt2	False	1.0	0.0
Ġdominated	1777	 dominated	1	distilbert/distilgpt2	distilbert/distilgpt2	False	1.8036847393432254e-07	22.402549743652344
ĠDavid	1777	 David	2	distilbert/distilgpt2	distilbert/distilgpt2	False	4.2928160837618634e-05	14.507716178894043
Ġbecause	1777	 because	3	distilbert/distilgpt2	distilbert/distilgpt2	False	2.3736454750178382e-05	15.362536430358887
Ġhe	1777	 he	4	distilbert/distilgpt2	distilbert/distilgpt2	False	0.3596159815788269	1.475471019744873
Mary	1778	Mary	0	distilbert/distilgpt2	distilbert/distilgpt2	False	1.0	0.0
Ġdominated	1778	 dominated	1	distilbert/distilgpt2	distilbert/distilgpt2	False	2.063728459233971e-07	22.20824432373047
ĠDavid	1778	 David	2	distilbert/distilgpt2	distilbert/distilgpt2	False	3.6723828088724986e-05	14.732924461364746
Ġbecause	1778	 because	3	distilbert/distilgpt2	distilbert/distilgpt2	False	5.102533759782091e-05	14.258426666259766
Ġhe	1778	 he	4	distilbert/distilgpt2	distilbert/distilgpt2	False	0.34319403767585754	1.5429036617279053
John	1779	John	0	distilbert/distilgpt2	distilbert/distilgpt2	False	1.0	0.0
Ġdominated	1779	 dominated	1	distilbert/distilgpt2	distilbert/distilgpt2	False	1.8036847393432254e-07	22.402549743652344
ĠDavid	1779	 David	2	distilbert/distilgpt2	distilbert/distilgpt2	False	4.2928160837618634e-05	14.507716178894043
Ġbecause	1779	 because	3	distilbert/distilgpt2	distilbert/distilgpt2	False	2.3736454750178382e-05	15.362536430358887
Ġhe	1779	 he	4	distilbert/distilgpt2	distilbert/distilgpt2	False	0.3596159815788269	1.475471019744873
Sarah	1780	Sarah	0	distilbert/distilgpt2	distilbert/distilgpt2	False	1.0	0.0
Ġdominated	1780	 dominated	1	distilbert/distilgpt2	distilbert/distilgpt2	False	1.7278257757880056e-07	22.46453857421875
ĠDavid	1780	 David	2	distilbert/distilgpt2	distilbert/distilgpt2	False	5.845059422426857e-05	14.062422752380371
Ġbecause	1780	 because	3	distilbert/distilgpt2	distilbert/distilgpt2	False	2.4961975213955157e-05	15.289908409118652
Ġhe	1780	 he	4	distilbert/distilgpt2	distilbert/distilgpt2	False	0.3638058602809906	1.4587593078613281
David	1781	David	0	distilbert/distilgpt2	distilbert/distilgpt2	False	1.0	0.0
Ġdominated	1781	 dominated	1	distilbert/distilgpt2	distilbert/distilgpt2	False	1.8494873188501515e-07	22.366371154785156
ĠJohn	1781	 John	2	distilbert/distilgpt2	distilbert/distilgpt2	False	6.576880696229637e-05	13.892236709594727
Ġbecause	1781	 because	3	distilbert/distilgpt2	distilbert/distilgpt2	False	2.972571201098617e-05	15.037928581237793
Ġhe	1781	 he	4	distilbert/distilgpt2	distilbert/distilgpt2	False	0.35496753454208374	1.4942409992218018
Mary	1782	Mary	0	distilbert/distilgpt2	distilbert/distilgpt2	False	1.0	0.0
Ġdominated	1782	 dominated	1	distilbert/distilgpt2	distilbert/distilgpt2	False	2.063728459233971e-07	22.20824432373047
ĠJohn	1782	 John	2	distilbert/distilgpt2	distilbert/distilgpt2	False	6.934668635949492e-05	13.815813064575195
Ġbecause	1782	 because	3	distilbert/distilgpt2	distilbert/distilgpt2	False	9.114763815887272e-05	13.421435356140137
Ġhe	1782	 he	4	distilbert/distilgpt2	distilbert/distilgpt2	False	0.3563478887081146	1.4886417388916016
David	1783	David	0	distilbert/distilgpt2	distilbert/distilgpt2	False	1.0	0.0
Ġdominated	1783	 dominated	1	distilbert/distilgpt2	distilbert/distilgpt2	False	1.8494873188501515e-07	22.366371154785156
ĠJohn	1783	 John	2	distilbert/distilgpt2	distilbert/distilgpt2	False	6.576880696229637e-05	13.892236709594727
Ġbecause	1783	 because	3	distilbert/distilgpt2	distilbert/distilgpt2	False	2.972571201098617e-05	15.037928581237793
Ġhe	1783	 he	4	distilbert/distilgpt2	distilbert/distilgpt2	False	0.35496753454208374	1.4942409992218018
Sarah	1784	Sarah	0	distilbert/distilgpt2	distilbert/distilgpt2	False	1.0	0.0
Ġdominated	1784	 dominated	1	distilbert/distilgpt2	distilbert/distilgpt2	False	1.7278257757880056e-07	22.46453857421875
ĠJohn	1784	 John	2	distilbert/distilgpt2	distilbert/distilgpt2	False	9.521839092485607e-05	13.358400344848633
Ġbecause	1784	 because	3	distilbert/distilgpt2	distilbert/distilgpt2	False	6.179303454700857e-05	13.982196807861328
Ġhe	1784	 he	4	distilbert/distilgpt2	distilbert/distilgpt2	False	0.3612552881240845	1.4689092636108398
Mary	1785	Mary	0	distilbert/distilgpt2	distilbert/distilgpt2	False	1.0	0.0
Ġdominated	1785	 dominated	1	distilbert/distilgpt2	distilbert/distilgpt2	False	2.063728459233971e-07	22.20824432373047
ĠSarah	1785	 Sarah	2	distilbert/distilgpt2	distilbert/distilgpt2	False	4.805133812624263e-06	17.6669921875
Ġbecause	1785	 because	3	distilbert/distilgpt2	distilbert/distilgpt2	False	0.00012811778287868947	12.930241584777832
Ġshe	1785	 she	4	distilbert/distilgpt2	distilbert/distilgpt2	False	0.361041396856308	1.4697638750076294
John	1786	John	0	distilbert/distilgpt2	distilbert/distilgpt2	False	1.0	0.0
Ġdominated	1786	 dominated	1	distilbert/distilgpt2	distilbert/distilgpt2	False	1.8036847393432254e-07	22.402549743652344
ĠSarah	1786	 Sarah	2	distilbert/distilgpt2	distilbert/distilgpt2	False	3.538750661391532e-06	18.108327865600586
Ġbecause	1786	 because	3	distilbert/distilgpt2	distilbert/distilgpt2	False	4.105909465579316e-05	14.571938514709473
Ġshe	1786	 she	4	distilbert/distilgpt2	distilbert/distilgpt2	False	0.3455282747745514	1.533124327659607
Mary	1787	Mary	0	distilbert/distilgpt2	distilbert/distilgpt2	False	1.0	0.0
Ġdominated	1787	 dominated	1	distilbert/distilgpt2	distilbert/distilgpt2	False	2.063728459233971e-07	22.20824432373047
ĠSarah	1787	 Sarah	2	distilbert/distilgpt2	distilbert/distilgpt2	False	4.805133812624263e-06	17.6669921875
Ġbecause	1787	 because	3	distilbert/distilgpt2	distilbert/distilgpt2	False	0.00012811778287868947	12.930241584777832
Ġshe	1787	 she	4	distilbert/distilgpt2	distilbert/distilgpt2	False	0.361041396856308	1.4697638750076294
David	1788	David	0	distilbert/distilgpt2	distilbert/distilgpt2	False	1.0	0.0
Ġdominated	1788	 dominated	1	distilbert/distilgpt2	distilbert/distilgpt2	False	1.8494873188501515e-07	22.366371154785156
ĠSarah	1788	 Sarah	2	distilbert/distilgpt2	distilbert/distilgpt2	False	2.6944846922560828e-06	18.501558303833008
Ġbecause	1788	 because	3	distilbert/distilgpt2	distilbert/distilgpt2	False	1.9767856429098174e-05	15.626483917236328
Ġshe	1788	 she	4	distilbert/distilgpt2	distilbert/distilgpt2	False	0.36392486095428467	1.4582874774932861
Sarah	1789	Sarah	0	distilbert/distilgpt2	distilbert/distilgpt2	False	1.0	0.0
Ġdominated	1789	 dominated	1	distilbert/distilgpt2	distilbert/distilgpt2	False	1.7278257757880056e-07	22.46453857421875
ĠMary	1789	 Mary	2	distilbert/distilgpt2	distilbert/distilgpt2	False	3.542773993103765e-05	14.784761428833008
Ġbecause	1789	 because	3	distilbert/distilgpt2	distilbert/distilgpt2	False	0.000138217699714005	12.820770263671875
Ġshe	1789	 she	4	distilbert/distilgpt2	distilbert/distilgpt2	False	0.3148227334022522	1.6673884391784668
John	1790	John	0	distilbert/distilgpt2	distilbert/distilgpt2	False	1.0	0.0
Ġdominated	1790	 dominated	1	distilbert/distilgpt2	distilbert/distilgpt2	False	1.8036847393432254e-07	22.402549743652344
ĠMary	1790	 Mary	2	distilbert/distilgpt2	distilbert/distilgpt2	False	2.3412132577504963e-05	15.382384300231934
Ġbecause	1790	 because	3	distilbert/distilgpt2	distilbert/distilgpt2	False	0.000226887539611198	12.105734825134277
Ġshe	1790	 she	4	distilbert/distilgpt2	distilbert/distilgpt2	False	0.31050172448158264	1.6873269081115723
Sarah	1791	Sarah	0	distilbert/distilgpt2	distilbert/distilgpt2	False	1.0	0.0
Ġdominated	1791	 dominated	1	distilbert/distilgpt2	distilbert/distilgpt2	False	1.7278257757880056e-07	22.46453857421875
ĠMary	1791	 Mary	2	distilbert/distilgpt2	distilbert/distilgpt2	False	3.542773993103765e-05	14.784761428833008
Ġbecause	1791	 because	3	distilbert/distilgpt2	distilbert/distilgpt2	False	0.000138217699714005	12.820770263671875
Ġshe	1791	 she	4	distilbert/distilgpt2	distilbert/distilgpt2	False	0.3148227334022522	1.6673884391784668
David	1792	David	0	distilbert/distilgpt2	distilbert/distilgpt2	False	1.0	0.0
Ġdominated	1792	 dominated	1	distilbert/distilgpt2	distilbert/distilgpt2	False	1.8494873188501515e-07	22.366371154785156
ĠMary	1792	 Mary	2	distilbert/distilgpt2	distilbert/distilgpt2	False	2.0052995751029812e-05	15.605822563171387
Ġbecause	1792	 because	3	distilbert/distilgpt2	distilbert/distilgpt2	False	5.7106659369310364e-05	14.09598159790039
Ġshe	1792	 she	4	distilbert/distilgpt2	distilbert/distilgpt2	False	0.31533870100975037	1.6650259494781494
John	1793	John	0	distilbert/distilgpt2	distilbert/distilgpt2	False	1.0	0.0
Ġdreaded	1793	 dreaded	1	distilbert/distilgpt2	distilbert/distilgpt2	False	1.3027314338387441e-08	26.193885803222656
ĠDavid	1793	 David	2	distilbert/distilgpt2	distilbert/distilgpt2	False	6.813425716245547e-05	13.841259956359863
Ġbecause	1793	 because	3	distilbert/distilgpt2	distilbert/distilgpt2	False	0.0004970112931914628	10.974433898925781
Ġhe	1793	 he	4	distilbert/distilgpt2	distilbert/distilgpt2	False	0.3443939983844757	1.5378681421279907
Mary	1794	Mary	0	distilbert/distilgpt2	distilbert/distilgpt2	False	1.0	0.0
Ġdreaded	1794	 dreaded	1	distilbert/distilgpt2	distilbert/distilgpt2	False	1.1352466522396298e-08	26.392419815063477
ĠDavid	1794	 David	2	distilbert/distilgpt2	distilbert/distilgpt2	False	5.975373642286286e-05	14.030611991882324
Ġbecause	1794	 because	3	distilbert/distilgpt2	distilbert/distilgpt2	False	0.0007117895293049514	10.45626163482666
Ġhe	1794	 he	4	distilbert/distilgpt2	distilbert/distilgpt2	False	0.3413964509963989	1.5504801273345947
John	1795	John	0	distilbert/distilgpt2	distilbert/distilgpt2	False	1.0	0.0
Ġdreaded	1795	 dreaded	1	distilbert/distilgpt2	distilbert/distilgpt2	False	1.3027314338387441e-08	26.193885803222656
ĠDavid	1795	 David	2	distilbert/distilgpt2	distilbert/distilgpt2	False	6.813425716245547e-05	13.841259956359863
Ġbecause	1795	 because	3	distilbert/distilgpt2	distilbert/distilgpt2	False	0.0004970112931914628	10.974433898925781
Ġhe	1795	 he	4	distilbert/distilgpt2	distilbert/distilgpt2	False	0.3443939983844757	1.5378681421279907
Sarah	1796	Sarah	0	distilbert/distilgpt2	distilbert/distilgpt2	False	1.0	0.0
Ġdreaded	1796	 dreaded	1	distilbert/distilgpt2	distilbert/distilgpt2	False	1.1187766268960786e-08	26.413503646850586
ĠDavid	1796	 David	2	distilbert/distilgpt2	distilbert/distilgpt2	False	7.522294617956504e-05	13.698467254638672
Ġbecause	1796	 because	3	distilbert/distilgpt2	distilbert/distilgpt2	False	0.0003445073089096695	11.503177642822266
Ġhe	1796	 he	4	distilbert/distilgpt2	distilbert/distilgpt2	False	0.35075122117996216	1.5114799737930298
David	1797	David	0	distilbert/distilgpt2	distilbert/distilgpt2	False	1.0	0.0
Ġdreaded	1797	 dreaded	1	distilbert/distilgpt2	distilbert/distilgpt2	False	1.1036418001708626e-08	26.43315315246582
ĠJohn	1797	 John	2	distilbert/distilgpt2	distilbert/distilgpt2	False	0.00017596549878362566	12.472419738769531
Ġbecause	1797	 because	3	distilbert/distilgpt2	distilbert/distilgpt2	False	0.0002500590053386986	11.96544361114502
Ġhe	1797	 he	4	distilbert/distilgpt2	distilbert/distilgpt2	False	0.36412346363067627	1.4575004577636719
Mary	1798	Mary	0	distilbert/distilgpt2	distilbert/distilgpt2	False	1.0	0.0
Ġdreaded	1798	 dreaded	1	distilbert/distilgpt2	distilbert/distilgpt2	False	1.1352466522396298e-08	26.392419815063477
ĠJohn	1798	 John	2	distilbert/distilgpt2	distilbert/distilgpt2	False	0.0001643759896978736	12.57071304321289
Ġbecause	1798	 because	3	distilbert/distilgpt2	distilbert/distilgpt2	False	0.0006242262315936387	10.64564323425293
Ġhe	1798	 he	4	distilbert/distilgpt2	distilbert/distilgpt2	False	0.3644006848335266	1.4564024209976196
David	1799	David	0	distilbert/distilgpt2	distilbert/distilgpt2	False	1.0	0.0
Ġdreaded	1799	 dreaded	1	distilbert/distilgpt2	distilbert/distilgpt2	False	1.1036418001708626e-08	26.43315315246582
ĠJohn	1799	 John	2	distilbert/distilgpt2	distilbert/distilgpt2	False	0.00017596549878362566	12.472419738769531
Ġbecause	1799	 because	3	distilbert/distilgpt2	distilbert/distilgpt2	False	0.0002500590053386986	11.96544361114502
Ġhe	1799	 he	4	distilbert/distilgpt2	distilbert/distilgpt2	False	0.36412346363067627	1.4575004577636719
Sarah	1800	Sarah	0	distilbert/distilgpt2	distilbert/distilgpt2	False	1.0	0.0
Ġdreaded	1800	 dreaded	1	distilbert/distilgpt2	distilbert/distilgpt2	False	1.1187766268960786e-08	26.413503646850586
ĠJohn	1800	 John	2	distilbert/distilgpt2	distilbert/distilgpt2	False	0.00017373092123307288	12.49085807800293
Ġbecause	1800	 because	3	distilbert/distilgpt2	distilbert/distilgpt2	False	0.0004959622747264802	10.977481842041016
Ġhe	1800	 he	4	distilbert/distilgpt2	distilbert/distilgpt2	False	0.35202616453170776	1.506245493888855
Mary	1801	Mary	0	distilbert/distilgpt2	distilbert/distilgpt2	False	1.0	0.0
Ġdreaded	1801	 dreaded	1	distilbert/distilgpt2	distilbert/distilgpt2	False	1.1352466522396298e-08	26.392419815063477
ĠSarah	1801	 Sarah	2	distilbert/distilgpt2	distilbert/distilgpt2	False	2.048666647169739e-05	15.574954986572266
Ġbecause	1801	 because	3	distilbert/distilgpt2	distilbert/distilgpt2	False	0.0013116933405399323	9.57435417175293
Ġshe	1801	 she	4	distilbert/distilgpt2	distilbert/distilgpt2	False	0.3567368686199188	1.4870678186416626
John	1802	John	0	distilbert/distilgpt2	distilbert/distilgpt2	False	1.0	0.0
Ġdreaded	1802	 dreaded	1	distilbert/distilgpt2	distilbert/distilgpt2	False	1.3027314338387441e-08	26.193885803222656
ĠSarah	1802	 Sarah	2	distilbert/distilgpt2	distilbert/distilgpt2	False	1.3970479812996928e-05	16.12725830078125
Ġbecause	1802	 because	3	distilbert/distilgpt2	distilbert/distilgpt2	False	0.0007792802643962204	10.325570106506348
Ġshe	1802	 she	4	distilbert/distilgpt2	distilbert/distilgpt2	False	0.3210541605949402	1.6391113996505737
Mary	1803	Mary	0	distilbert/distilgpt2	distilbert/distilgpt2	False	1.0	0.0
Ġdreaded	1803	 dreaded	1	distilbert/distilgpt2	distilbert/distilgpt2	False	1.1352466522396298e-08	26.392419815063477
ĠSarah	1803	 Sarah	2	distilbert/distilgpt2	distilbert/distilgpt2	False	2.048666647169739e-05	15.574954986572266
Ġbecause	1803	 because	3	distilbert/distilgpt2	distilbert/distilgpt2	False	0.0013116933405399323	9.57435417175293
Ġshe	1803	 she	4	distilbert/distilgpt2	distilbert/distilgpt2	False	0.3567368686199188	1.4870678186416626
David	1804	David	0	distilbert/distilgpt2	distilbert/distilgpt2	False	1.0	0.0
Ġdreaded	1804	 dreaded	1	distilbert/distilgpt2	distilbert/distilgpt2	False	1.1036418001708626e-08	26.43315315246582
ĠSarah	1804	 Sarah	2	distilbert/distilgpt2	distilbert/distilgpt2	False	1.7263238987652585e-05	15.821937561035156
Ġbecause	1804	 because	3	distilbert/distilgpt2	distilbert/distilgpt2	False	0.0003668665303848684	11.412457466125488
Ġshe	1804	 she	4	distilbert/distilgpt2	distilbert/distilgpt2	False	0.3355424106121063	1.5754330158233643
Sarah	1805	Sarah	0	distilbert/distilgpt2	distilbert/distilgpt2	False	1.0	0.0
Ġdreaded	1805	 dreaded	1	distilbert/distilgpt2	distilbert/distilgpt2	False	1.1187766268960786e-08	26.413503646850586
ĠMary	1805	 Mary	2	distilbert/distilgpt2	distilbert/distilgpt2	False	6.677667988697067e-05	13.870296478271484
Ġbecause	1805	 because	3	distilbert/distilgpt2	distilbert/distilgpt2	False	0.0008329320116899908	10.229513168334961
Ġshe	1805	 she	4	distilbert/distilgpt2	distilbert/distilgpt2	False	0.2708810865879059	1.8842685222625732
John	1806	John	0	distilbert/distilgpt2	distilbert/distilgpt2	False	1.0	0.0
Ġdreaded	1806	 dreaded	1	distilbert/distilgpt2	distilbert/distilgpt2	False	1.3027314338387441e-08	26.193885803222656
ĠMary	1806	 Mary	2	distilbert/distilgpt2	distilbert/distilgpt2	False	3.5007018595933914e-05	14.801996231079102
Ġbecause	1806	 because	3	distilbert/distilgpt2	distilbert/distilgpt2	False	0.0017867153510451317	9.128474235534668
Ġshe	1806	 she	4	distilbert/distilgpt2	distilbert/distilgpt2	False	0.27832934260368347	1.8451350927352905
Sarah	1807	Sarah	0	distilbert/distilgpt2	distilbert/distilgpt2	False	1.0	0.0
Ġdreaded	1807	 dreaded	1	distilbert/distilgpt2	distilbert/distilgpt2	False	1.1187766268960786e-08	26.413503646850586
ĠMary	1807	 Mary	2	distilbert/distilgpt2	distilbert/distilgpt2	False	6.677667988697067e-05	13.870296478271484
Ġbecause	1807	 because	3	distilbert/distilgpt2	distilbert/distilgpt2	False	0.0008329320116899908	10.229513168334961
Ġshe	1807	 she	4	distilbert/distilgpt2	distilbert/distilgpt2	False	0.2708810865879059	1.8842685222625732
David	1808	David	0	distilbert/distilgpt2	distilbert/distilgpt2	False	1.0	0.0
Ġdreaded	1808	 dreaded	1	distilbert/distilgpt2	distilbert/distilgpt2	False	1.1036418001708626e-08	26.43315315246582
ĠMary	1808	 Mary	2	distilbert/distilgpt2	distilbert/distilgpt2	False	4.06560066039674e-05	14.586172103881836
Ġbecause	1808	 because	3	distilbert/distilgpt2	distilbert/distilgpt2	False	0.0009632320725359023	10.019828796386719
Ġshe	1808	 she	4	distilbert/distilgpt2	distilbert/distilgpt2	False	0.29131975769996643	1.7793245315551758
John	1809	John	0	distilbert/distilgpt2	distilbert/distilgpt2	False	1.0	0.0
Ġdreamed	1809	 dreamed	1	distilbert/distilgpt2	distilbert/distilgpt2	False	3.250013591582501e-08	24.87497901916504
Ġabout	1809	 about	2	distilbert/distilgpt2	distilbert/distilgpt2	False	0.04754914715886116	4.394436836242676
ĠDavid	1809	 David	3	distilbert/distilgpt2	distilbert/distilgpt2	False	6.692548049613833e-05	13.867084503173828
Ġbecause	1809	 because	4	distilbert/distilgpt2	distilbert/distilgpt2	False	0.0005492268246598542	10.830309867858887
Ġhe	1809	 he	5	distilbert/distilgpt2	distilbert/distilgpt2	False	0.4583752751350403	1.125398874282837
Mary	1810	Mary	0	distilbert/distilgpt2	distilbert/distilgpt2	False	1.0	0.0
Ġdreamed	1810	 dreamed	1	distilbert/distilgpt2	distilbert/distilgpt2	False	3.576808893512862e-08	24.736751556396484
Ġabout	1810	 about	2	distilbert/distilgpt2	distilbert/distilgpt2	False	0.037362728267908096	4.7422566413879395
ĠDavid	1810	 David	3	distilbert/distilgpt2	distilbert/distilgpt2	False	7.388664380414411e-05	13.724327087402344
Ġbecause	1810	 because	4	distilbert/distilgpt2	distilbert/distilgpt2	False	0.0008002151153050363	10.287324905395508
Ġhe	1810	 he	5	distilbert/distilgpt2	distilbert/distilgpt2	False	0.46673518419265747	1.0993238687515259
John	1811	John	0	distilbert/distilgpt2	distilbert/distilgpt2	False	1.0	0.0
Ġdreamed	1811	 dreamed	1	distilbert/distilgpt2	distilbert/distilgpt2	False	3.250013591582501e-08	24.87497901916504
Ġabout	1811	 about	2	distilbert/distilgpt2	distilbert/distilgpt2	False	0.04754914715886116	4.394436836242676
ĠDavid	1811	 David	3	distilbert/distilgpt2	distilbert/distilgpt2	False	6.692548049613833e-05	13.867084503173828
Ġbecause	1811	 because	4	distilbert/distilgpt2	distilbert/distilgpt2	False	0.0005492268246598542	10.830309867858887
Ġhe	1811	 he	5	distilbert/distilgpt2	distilbert/distilgpt2	False	0.4583752751350403	1.125398874282837
Sarah	1812	Sarah	0	distilbert/distilgpt2	distilbert/distilgpt2	False	1.0	0.0
Ġdreamed	1812	 dreamed	1	distilbert/distilgpt2	distilbert/distilgpt2	False	3.4250923874878936e-08	24.79928207397461
Ġabout	1812	 about	2	distilbert/distilgpt2	distilbert/distilgpt2	False	0.05439130589365959	4.200479984283447
ĠDavid	1812	 David	3	distilbert/distilgpt2	distilbert/distilgpt2	False	5.822809907840565e-05	14.067924499511719
Ġbecause	1812	 because	4	distilbert/distilgpt2	distilbert/distilgpt2	False	0.0004842726048082113	11.011893272399902
Ġhe	1812	 he	5	distilbert/distilgpt2	distilbert/distilgpt2	False	0.470277339220047	1.088416337966919
David	1813	David	0	distilbert/distilgpt2	distilbert/distilgpt2	False	1.0	0.0
Ġdreamed	1813	 dreamed	1	distilbert/distilgpt2	distilbert/distilgpt2	False	3.176871743448828e-08	24.907817840576172
Ġabout	1813	 about	2	distilbert/distilgpt2	distilbert/distilgpt2	False	0.035312846302986145	4.823663234710693
ĠJohn	1813	 John	3	distilbert/distilgpt2	distilbert/distilgpt2	False	0.00014794412709306926	12.722660064697266
Ġbecause	1813	 because	4	distilbert/distilgpt2	distilbert/distilgpt2	False	0.00021323688270058483	12.195255279541016
Ġhe	1813	 he	5	distilbert/distilgpt2	distilbert/distilgpt2	False	0.47599074244499207	1.0709946155548096
Mary	1814	Mary	0	distilbert/distilgpt2	distilbert/distilgpt2	False	1.0	0.0
Ġdreamed	1814	 dreamed	1	distilbert/distilgpt2	distilbert/distilgpt2	False	3.576808893512862e-08	24.736751556396484
Ġabout	1814	 about	2	distilbert/distilgpt2	distilbert/distilgpt2	False	0.037362728267908096	4.7422566413879395
ĠJohn	1814	 John	3	distilbert/distilgpt2	distilbert/distilgpt2	False	0.00023141612473409623	12.07722282409668
Ġbecause	1814	 because	4	distilbert/distilgpt2	distilbert/distilgpt2	False	0.0006870654178783298	10.507265090942383
Ġhe	1814	 he	5	distilbert/distilgpt2	distilbert/distilgpt2	False	0.5050604343414307	0.9854722023010254
David	1815	David	0	distilbert/distilgpt2	distilbert/distilgpt2	False	1.0	0.0
Ġdreamed	1815	 dreamed	1	distilbert/distilgpt2	distilbert/distilgpt2	False	3.176871743448828e-08	24.907817840576172
Ġabout	1815	 about	2	distilbert/distilgpt2	distilbert/distilgpt2	False	0.035312846302986145	4.823663234710693
ĠJohn	1815	 John	3	distilbert/distilgpt2	distilbert/distilgpt2	False	0.00014794412709306926	12.722660064697266
Ġbecause	1815	 because	4	distilbert/distilgpt2	distilbert/distilgpt2	False	0.00021323688270058483	12.195255279541016
Ġhe	1815	 he	5	distilbert/distilgpt2	distilbert/distilgpt2	False	0.47599074244499207	1.0709946155548096
Sarah	1816	Sarah	0	distilbert/distilgpt2	distilbert/distilgpt2	False	1.0	0.0
Ġdreamed	1816	 dreamed	1	distilbert/distilgpt2	distilbert/distilgpt2	False	3.4250923874878936e-08	24.79928207397461
Ġabout	1816	 about	2	distilbert/distilgpt2	distilbert/distilgpt2	False	0.05439130589365959	4.200479984283447
ĠJohn	1816	 John	3	distilbert/distilgpt2	distilbert/distilgpt2	False	0.00014365707465913147	12.765083312988281
Ġbecause	1816	 because	4	distilbert/distilgpt2	distilbert/distilgpt2	False	0.0005465862923301756	10.837263107299805
Ġhe	1816	 he	5	distilbert/distilgpt2	distilbert/distilgpt2	False	0.4935646951198578	1.0186889171600342
Mary	1817	Mary	0	distilbert/distilgpt2	distilbert/distilgpt2	False	1.0	0.0
Ġdreamed	1817	 dreamed	1	distilbert/distilgpt2	distilbert/distilgpt2	False	3.576808893512862e-08	24.736751556396484
Ġabout	1817	 about	2	distilbert/distilgpt2	distilbert/distilgpt2	False	0.037362728267908096	4.7422566413879395
ĠSarah	1817	 Sarah	3	distilbert/distilgpt2	distilbert/distilgpt2	False	6.0642705648206174e-05	14.009305953979492
Ġbecause	1817	 because	4	distilbert/distilgpt2	distilbert/distilgpt2	False	0.0027081528678536415	8.528474807739258
Ġshe	1817	 she	5	distilbert/distilgpt2	distilbert/distilgpt2	False	0.5342070460319519	0.9045292735099792
John	1818	John	0	distilbert/distilgpt2	distilbert/distilgpt2	False	1.0	0.0
Ġdreamed	1818	 dreamed	1	distilbert/distilgpt2	distilbert/distilgpt2	False	3.250013591582501e-08	24.87497901916504
Ġabout	1818	 about	2	distilbert/distilgpt2	distilbert/distilgpt2	False	0.04754914715886116	4.394436836242676
ĠSarah	1818	 Sarah	3	distilbert/distilgpt2	distilbert/distilgpt2	False	3.7694764614570886e-05	14.695276260375977
Ġbecause	1818	 because	4	distilbert/distilgpt2	distilbert/distilgpt2	False	0.0015853592194616795	9.30097484588623
Ġshe	1818	 she	5	distilbert/distilgpt2	distilbert/distilgpt2	False	0.505734384059906	0.9835482239723206
Mary	1819	Mary	0	distilbert/distilgpt2	distilbert/distilgpt2	False	1.0	0.0
Ġdreamed	1819	 dreamed	1	distilbert/distilgpt2	distilbert/distilgpt2	False	3.576808893512862e-08	24.736751556396484
Ġabout	1819	 about	2	distilbert/distilgpt2	distilbert/distilgpt2	False	0.037362728267908096	4.7422566413879395
ĠSarah	1819	 Sarah	3	distilbert/distilgpt2	distilbert/distilgpt2	False	6.0642705648206174e-05	14.009305953979492
Ġbecause	1819	 because	4	distilbert/distilgpt2	distilbert/distilgpt2	False	0.0027081528678536415	8.528474807739258
Ġshe	1819	 she	5	distilbert/distilgpt2	distilbert/distilgpt2	False	0.5342070460319519	0.9045292735099792
David	1820	David	0	distilbert/distilgpt2	distilbert/distilgpt2	False	1.0	0.0
Ġdreamed	1820	 dreamed	1	distilbert/distilgpt2	distilbert/distilgpt2	False	3.176871743448828e-08	24.907817840576172
Ġabout	1820	 about	2	distilbert/distilgpt2	distilbert/distilgpt2	False	0.035312846302986145	4.823663234710693
ĠSarah	1820	 Sarah	3	distilbert/distilgpt2	distilbert/distilgpt2	False	2.856366518244613e-05	15.095458984375
Ġbecause	1820	 because	4	distilbert/distilgpt2	distilbert/distilgpt2	False	0.0007531311130151153	10.374811172485352
Ġshe	1820	 she	5	distilbert/distilgpt2	distilbert/distilgpt2	False	0.5028471350669861	0.991808295249939
Sarah	1821	Sarah	0	distilbert/distilgpt2	distilbert/distilgpt2	False	1.0	0.0
Ġdreamed	1821	 dreamed	1	distilbert/distilgpt2	distilbert/distilgpt2	False	3.4250923874878936e-08	24.79928207397461
Ġabout	1821	 about	2	distilbert/distilgpt2	distilbert/distilgpt2	False	0.05439130589365959	4.200479984283447
ĠMary	1821	 Mary	3	distilbert/distilgpt2	distilbert/distilgpt2	False	0.00010891147394431755	13.164556503295898
Ġbecause	1821	 because	4	distilbert/distilgpt2	distilbert/distilgpt2	False	0.0008756016031838953	10.157437324523926
Ġshe	1821	 she	5	distilbert/distilgpt2	distilbert/distilgpt2	False	0.4962867796421051	1.010754108428955
John	1822	John	0	distilbert/distilgpt2	distilbert/distilgpt2	False	1.0	0.0
Ġdreamed	1822	 dreamed	1	distilbert/distilgpt2	distilbert/distilgpt2	False	3.250013591582501e-08	24.87497901916504
Ġabout	1822	 about	2	distilbert/distilgpt2	distilbert/distilgpt2	False	0.04754914715886116	4.394436836242676
ĠMary	1822	 Mary	3	distilbert/distilgpt2	distilbert/distilgpt2	False	8.9070679678116e-05	13.454689979553223
Ġbecause	1822	 because	4	distilbert/distilgpt2	distilbert/distilgpt2	False	0.001290119020268321	9.59827995300293
Ġshe	1822	 she	5	distilbert/distilgpt2	distilbert/distilgpt2	False	0.4982295036315918	1.005117654800415
Sarah	1823	Sarah	0	distilbert/distilgpt2	distilbert/distilgpt2	False	1.0	0.0
Ġdreamed	1823	 dreamed	1	distilbert/distilgpt2	distilbert/distilgpt2	False	3.4250923874878936e-08	24.79928207397461
Ġabout	1823	 about	2	distilbert/distilgpt2	distilbert/distilgpt2	False	0.05439130589365959	4.200479984283447
ĠMary	1823	 Mary	3	distilbert/distilgpt2	distilbert/distilgpt2	False	0.00010891147394431755	13.164556503295898
Ġbecause	1823	 because	4	distilbert/distilgpt2	distilbert/distilgpt2	False	0.0008756016031838953	10.157437324523926
Ġshe	1823	 she	5	distilbert/distilgpt2	distilbert/distilgpt2	False	0.4962867796421051	1.010754108428955
David	1824	David	0	distilbert/distilgpt2	distilbert/distilgpt2	False	1.0	0.0
Ġdreamed	1824	 dreamed	1	distilbert/distilgpt2	distilbert/distilgpt2	False	3.176871743448828e-08	24.907817840576172
Ġabout	1824	 about	2	distilbert/distilgpt2	distilbert/distilgpt2	False	0.035312846302986145	4.823663234710693
ĠMary	1824	 Mary	3	distilbert/distilgpt2	distilbert/distilgpt2	False	6.45324689685367e-05	13.919615745544434
Ġbecause	1824	 because	4	distilbert/distilgpt2	distilbert/distilgpt2	False	0.0005376393091864884	10.86107349395752
Ġshe	1824	 she	5	distilbert/distilgpt2	distilbert/distilgpt2	False	0.4937949776649475	1.01801598072052
John	1825	John	0	distilbert/distilgpt2	distilbert/distilgpt2	False	1.0	0.0
Ġdumb	1825	 dumbfounded	1	distilbert/distilgpt2	distilbert/distilgpt2	False	4.498482297776718e-08	24.405986785888672
founded	1825	 dumbfounded	1	distilbert/distilgpt2	distilbert/distilgpt2	False	0.02713855542242527	5.203512191772461
ĠDavid	1825	 David	2	distilbert/distilgpt2	distilbert/distilgpt2	False	0.00030423980206251144	11.682503700256348
Ġbecause	1825	 because	3	distilbert/distilgpt2	distilbert/distilgpt2	False	0.00023734408023301512	12.040732383728027
Ġhe	1825	 he	4	distilbert/distilgpt2	distilbert/distilgpt2	False	0.3506976068019867	1.5117005109786987
Mary	1826	Mary	0	distilbert/distilgpt2	distilbert/distilgpt2	False	1.0	0.0
Ġdumb	1826	 dumbfounded	1	distilbert/distilgpt2	distilbert/distilgpt2	False	5.150133119968814e-08	24.2108154296875
founded	1826	 dumbfounded	1	distilbert/distilgpt2	distilbert/distilgpt2	False	0.02779303304851055	5.169132709503174
ĠDavid	1826	 David	2	distilbert/distilgpt2	distilbert/distilgpt2	False	0.00019451264233794063	12.327848434448242
Ġbecause	1826	 because	3	distilbert/distilgpt2	distilbert/distilgpt2	False	0.0006065872730687261	10.686997413635254
Ġhe	1826	 he	4	distilbert/distilgpt2	distilbert/distilgpt2	False	0.4058767855167389	1.3008862733840942
John	1827	John	0	distilbert/distilgpt2	distilbert/distilgpt2	False	1.0	0.0
Ġdumb	1827	 dumbfounded	1	distilbert/distilgpt2	distilbert/distilgpt2	False	4.498482297776718e-08	24.405986785888672
founded	1827	 dumbfounded	1	distilbert/distilgpt2	distilbert/distilgpt2	False	0.02713855542242527	5.203512191772461
ĠDavid	1827	 David	2	distilbert/distilgpt2	distilbert/distilgpt2	False	0.00030423980206251144	11.682503700256348
Ġbecause	1827	 because	3	distilbert/distilgpt2	distilbert/distilgpt2	False	0.00023734408023301512	12.040732383728027
Ġhe	1827	 he	4	distilbert/distilgpt2	distilbert/distilgpt2	False	0.3506976068019867	1.5117005109786987
Sarah	1828	Sarah	0	distilbert/distilgpt2	distilbert/distilgpt2	False	1.0	0.0
Ġdumb	1828	 dumbfounded	1	distilbert/distilgpt2	distilbert/distilgpt2	False	4.593326963231448e-08	24.375885009765625
founded	1828	 dumbfounded	1	distilbert/distilgpt2	distilbert/distilgpt2	False	0.06435681134462357	3.957763433456421
ĠDavid	1828	 David	2	distilbert/distilgpt2	distilbert/distilgpt2	False	0.00026015241746790707	11.908355712890625
Ġbecause	1828	 because	3	distilbert/distilgpt2	distilbert/distilgpt2	False	0.000373708491679281	11.385799407958984
Ġhe	1828	 he	4	distilbert/distilgpt2	distilbert/distilgpt2	False	0.3635852038860321	1.4596346616744995
David	1829	David	0	distilbert/distilgpt2	distilbert/distilgpt2	False	1.0	0.0
Ġdumb	1829	 dumbfounded	1	distilbert/distilgpt2	distilbert/distilgpt2	False	5.397282976105089e-08	24.143192291259766
founded	1829	 dumbfounded	1	distilbert/distilgpt2	distilbert/distilgpt2	False	0.04077942669391632	4.61601448059082
ĠJohn	1829	 John	2	distilbert/distilgpt2	distilbert/distilgpt2	False	0.00040438727592118084	11.271974563598633
Ġbecause	1829	 because	3	distilbert/distilgpt2	distilbert/distilgpt2	False	0.00041160499677062035	11.246451377868652
Ġhe	1829	 he	4	distilbert/distilgpt2	distilbert/distilgpt2	False	0.3480093777179718	1.5228019952774048
Mary	1830	Mary	0	distilbert/distilgpt2	distilbert/distilgpt2	False	1.0	0.0
Ġdumb	1830	 dumbfounded	1	distilbert/distilgpt2	distilbert/distilgpt2	False	5.150133119968814e-08	24.2108154296875
founded	1830	 dumbfounded	1	distilbert/distilgpt2	distilbert/distilgpt2	False	0.02779303304851055	5.169132709503174
ĠJohn	1830	 John	2	distilbert/distilgpt2	distilbert/distilgpt2	False	0.00017765317170415074	12.458648681640625
Ġbecause	1830	 because	3	distilbert/distilgpt2	distilbert/distilgpt2	False	0.0009962747571989894	9.971168518066406
Ġhe	1830	 he	4	distilbert/distilgpt2	distilbert/distilgpt2	False	0.40322229266166687	1.3103526830673218
David	1831	David	0	distilbert/distilgpt2	distilbert/distilgpt2	False	1.0	0.0
Ġdumb	1831	 dumbfounded	1	distilbert/distilgpt2	distilbert/distilgpt2	False	5.397282976105089e-08	24.143192291259766
founded	1831	 dumbfounded	1	distilbert/distilgpt2	distilbert/distilgpt2	False	0.04077942669391632	4.61601448059082
ĠJohn	1831	 John	2	distilbert/distilgpt2	distilbert/distilgpt2	False	0.00040438727592118084	11.271974563598633
Ġbecause	1831	 because	3	distilbert/distilgpt2	distilbert/distilgpt2	False	0.00041160499677062035	11.246451377868652
Ġhe	1831	 he	4	distilbert/distilgpt2	distilbert/distilgpt2	False	0.3480093777179718	1.5228019952774048
Sarah	1832	Sarah	0	distilbert/distilgpt2	distilbert/distilgpt2	False	1.0	0.0
Ġdumb	1832	 dumbfounded	1	distilbert/distilgpt2	distilbert/distilgpt2	False	4.593326963231448e-08	24.375885009765625
founded	1832	 dumbfounded	1	distilbert/distilgpt2	distilbert/distilgpt2	False	0.06435681134462357	3.957763433456421
ĠJohn	1832	 John	2	distilbert/distilgpt2	distilbert/distilgpt2	False	0.00018874525267165154	12.371272087097168
Ġbecause	1832	 because	3	distilbert/distilgpt2	distilbert/distilgpt2	False	0.001135249505750835	9.782774925231934
Ġhe	1832	 he	4	distilbert/distilgpt2	distilbert/distilgpt2	False	0.36099058389663696	1.4699668884277344
Mary	1833	Mary	0	distilbert/distilgpt2	distilbert/distilgpt2	False	1.0	0.0
Ġdumb	1833	 dumbfounded	1	distilbert/distilgpt2	distilbert/distilgpt2	False	5.150133119968814e-08	24.2108154296875
founded	1833	 dumbfounded	1	distilbert/distilgpt2	distilbert/distilgpt2	False	0.02779303304851055	5.169132709503174
ĠSarah	1833	 Sarah	2	distilbert/distilgpt2	distilbert/distilgpt2	False	3.097672015428543e-05	14.978456497192383
Ġbecause	1833	 because	3	distilbert/distilgpt2	distilbert/distilgpt2	False	0.0018701683729887009	9.062616348266602
Ġshe	1833	 she	4	distilbert/distilgpt2	distilbert/distilgpt2	False	0.44651415944099426	1.1632221937179565
John	1834	John	0	distilbert/distilgpt2	distilbert/distilgpt2	False	1.0	0.0
Ġdumb	1834	 dumbfounded	1	distilbert/distilgpt2	distilbert/distilgpt2	False	4.498482297776718e-08	24.405986785888672
founded	1834	 dumbfounded	1	distilbert/distilgpt2	distilbert/distilgpt2	False	0.02713855542242527	5.203512191772461
ĠSarah	1834	 Sarah	2	distilbert/distilgpt2	distilbert/distilgpt2	False	5.675300053553656e-05	14.104944229125977
Ġbecause	1834	 because	3	distilbert/distilgpt2	distilbert/distilgpt2	False	0.0007622329867444932	10.3574800491333
Ġshe	1834	 she	4	distilbert/distilgpt2	distilbert/distilgpt2	False	0.3761928677558899	1.410455584526062
Mary	1835	Mary	0	distilbert/distilgpt2	distilbert/distilgpt2	False	1.0	0.0
Ġdumb	1835	 dumbfounded	1	distilbert/distilgpt2	distilbert/distilgpt2	False	5.150133119968814e-08	24.2108154296875
founded	1835	 dumbfounded	1	distilbert/distilgpt2	distilbert/distilgpt2	False	0.02779303304851055	5.169132709503174
ĠSarah	1835	 Sarah	2	distilbert/distilgpt2	distilbert/distilgpt2	False	3.097672015428543e-05	14.978456497192383
Ġbecause	1835	 because	3	distilbert/distilgpt2	distilbert/distilgpt2	False	0.0018701683729887009	9.062616348266602
Ġshe	1835	 she	4	distilbert/distilgpt2	distilbert/distilgpt2	False	0.44651415944099426	1.1632221937179565
David	1836	David	0	distilbert/distilgpt2	distilbert/distilgpt2	False	1.0	0.0
Ġdumb	1836	 dumbfounded	1	distilbert/distilgpt2	distilbert/distilgpt2	False	5.397282976105089e-08	24.143192291259766
founded	1836	 dumbfounded	1	distilbert/distilgpt2	distilbert/distilgpt2	False	0.04077942669391632	4.61601448059082
ĠSarah	1836	 Sarah	2	distilbert/distilgpt2	distilbert/distilgpt2	False	7.174771599238738e-05	13.766707420349121
Ġbecause	1836	 because	3	distilbert/distilgpt2	distilbert/distilgpt2	False	0.00046759829274378717	11.062442779541016
Ġshe	1836	 she	4	distilbert/distilgpt2	distilbert/distilgpt2	False	0.3700992465019226	1.4340159893035889
Sarah	1837	Sarah	0	distilbert/distilgpt2	distilbert/distilgpt2	False	1.0	0.0
Ġdumb	1837	 dumbfounded	1	distilbert/distilgpt2	distilbert/distilgpt2	False	4.593326963231448e-08	24.375885009765625
founded	1837	 dumbfounded	1	distilbert/distilgpt2	distilbert/distilgpt2	False	0.06435681134462357	3.957763433456421
ĠMary	1837	 Mary	2	distilbert/distilgpt2	distilbert/distilgpt2	False	9.817070531425998e-05	13.314348220825195
Ġbecause	1837	 because	3	distilbert/distilgpt2	distilbert/distilgpt2	False	0.000553988094907254	10.81785774230957
Ġshe	1837	 she	4	distilbert/distilgpt2	distilbert/distilgpt2	False	0.3753523528575897	1.4136825799942017
John	1838	John	0	distilbert/distilgpt2	distilbert/distilgpt2	False	1.0	0.0
Ġdumb	1838	 dumbfounded	1	distilbert/distilgpt2	distilbert/distilgpt2	False	4.498482297776718e-08	24.405986785888672
founded	1838	 dumbfounded	1	distilbert/distilgpt2	distilbert/distilgpt2	False	0.02713855542242527	5.203512191772461
ĠMary	1838	 Mary	2	distilbert/distilgpt2	distilbert/distilgpt2	False	0.00011244051711400971	13.118550300598145
Ġbecause	1838	 because	3	distilbert/distilgpt2	distilbert/distilgpt2	False	0.0006385613814927638	10.612887382507324
Ġshe	1838	 she	4	distilbert/distilgpt2	distilbert/distilgpt2	False	0.35851767659187317	1.4798839092254639
Sarah	1839	Sarah	0	distilbert/distilgpt2	distilbert/distilgpt2	False	1.0	0.0
Ġdumb	1839	 dumbfounded	1	distilbert/distilgpt2	distilbert/distilgpt2	False	4.593326963231448e-08	24.375885009765625
founded	1839	 dumbfounded	1	distilbert/distilgpt2	distilbert/distilgpt2	False	0.06435681134462357	3.957763433456421
ĠMary	1839	 Mary	2	distilbert/distilgpt2	distilbert/distilgpt2	False	9.817070531425998e-05	13.314348220825195
Ġbecause	1839	 because	3	distilbert/distilgpt2	distilbert/distilgpt2	False	0.000553988094907254	10.81785774230957
Ġshe	1839	 she	4	distilbert/distilgpt2	distilbert/distilgpt2	False	0.3753523528575897	1.4136825799942017
David	1840	David	0	distilbert/distilgpt2	distilbert/distilgpt2	False	1.0	0.0
Ġdumb	1840	 dumbfounded	1	distilbert/distilgpt2	distilbert/distilgpt2	False	5.397282976105089e-08	24.143192291259766
founded	1840	 dumbfounded	1	distilbert/distilgpt2	distilbert/distilgpt2	False	0.04077942669391632	4.61601448059082
ĠMary	1840	 Mary	2	distilbert/distilgpt2	distilbert/distilgpt2	False	0.00010894908336922526	13.164058685302734
Ġbecause	1840	 because	3	distilbert/distilgpt2	distilbert/distilgpt2	False	0.00040596615872345865	11.266352653503418
Ġshe	1840	 she	4	distilbert/distilgpt2	distilbert/distilgpt2	False	0.3578028976917267	1.4827630519866943
John	1841	John	0	distilbert/distilgpt2	distilbert/distilgpt2	False	1.0	0.0
Ġechoed	1841	 echoed	1	distilbert/distilgpt2	distilbert/distilgpt2	False	1.82316469476973e-07	22.387052536010742
ĠDavid	1841	 David	2	distilbert/distilgpt2	distilbert/distilgpt2	False	0.0007732081576250494	10.3368558883667
Ġbecause	1841	 because	3	distilbert/distilgpt2	distilbert/distilgpt2	False	1.8824201106326655e-05	15.697052001953125
Ġhe	1841	 he	4	distilbert/distilgpt2	distilbert/distilgpt2	False	0.2536262571811676	1.9792242050170898
Mary	1842	Mary	0	distilbert/distilgpt2	distilbert/distilgpt2	False	1.0	0.0
Ġechoed	1842	 echoed	1	distilbert/distilgpt2	distilbert/distilgpt2	False	2.0066691774900391e-07	22.248693466186523
ĠDavid	1842	 David	2	distilbert/distilgpt2	distilbert/distilgpt2	False	0.0005475031794048846	10.834844589233398
Ġbecause	1842	 because	3	distilbert/distilgpt2	distilbert/distilgpt2	False	3.5469325666781515e-05	14.783068656921387
Ġhe	1842	 he	4	distilbert/distilgpt2	distilbert/distilgpt2	False	0.27194011211395264	1.8786391019821167
John	1843	John	0	distilbert/distilgpt2	distilbert/distilgpt2	False	1.0	0.0
Ġechoed	1843	 echoed	1	distilbert/distilgpt2	distilbert/distilgpt2	False	1.82316469476973e-07	22.387052536010742
ĠDavid	1843	 David	2	distilbert/distilgpt2	distilbert/distilgpt2	False	0.0007732081576250494	10.3368558883667
Ġbecause	1843	 because	3	distilbert/distilgpt2	distilbert/distilgpt2	False	1.8824201106326655e-05	15.697052001953125
Ġhe	1843	 he	4	distilbert/distilgpt2	distilbert/distilgpt2	False	0.2536262571811676	1.9792242050170898
Sarah	1844	Sarah	0	distilbert/distilgpt2	distilbert/distilgpt2	False	1.0	0.0
Ġechoed	1844	 echoed	1	distilbert/distilgpt2	distilbert/distilgpt2	False	2.16115239481951e-07	22.141695022583008
ĠDavid	1844	 David	2	distilbert/distilgpt2	distilbert/distilgpt2	False	0.0009123843628913164	10.098071098327637
Ġbecause	1844	 because	3	distilbert/distilgpt2	distilbert/distilgpt2	False	1.5838328181416728e-05	15.946220397949219
Ġhe	1844	 he	4	distilbert/distilgpt2	distilbert/distilgpt2	False	0.2642958164215088	1.9197745323181152
David	1845	David	0	distilbert/distilgpt2	distilbert/distilgpt2	False	1.0	0.0
Ġechoed	1845	 echoed	1	distilbert/distilgpt2	distilbert/distilgpt2	False	2.0600278105575853e-07	22.210832595825195
ĠJohn	1845	 John	2	distilbert/distilgpt2	distilbert/distilgpt2	False	0.0010764143662527204	9.859550476074219
Ġbecause	1845	 because	3	distilbert/distilgpt2	distilbert/distilgpt2	False	2.263441274408251e-05	15.431122779846191
Ġhe	1845	 he	4	distilbert/distilgpt2	distilbert/distilgpt2	False	0.2549455463886261	1.9717391729354858
Mary	1846	Mary	0	distilbert/distilgpt2	distilbert/distilgpt2	False	1.0	0.0
Ġechoed	1846	 echoed	1	distilbert/distilgpt2	distilbert/distilgpt2	False	2.0066691774900391e-07	22.248693466186523
ĠJohn	1846	 John	2	distilbert/distilgpt2	distilbert/distilgpt2	False	0.0008360185893252492	10.224177360534668
Ġbecause	1846	 because	3	distilbert/distilgpt2	distilbert/distilgpt2	False	5.0312028179178014e-05	14.27873706817627
Ġhe	1846	 he	4	distilbert/distilgpt2	distilbert/distilgpt2	False	0.2887808084487915	1.7919533252716064
David	1847	David	0	distilbert/distilgpt2	distilbert/distilgpt2	False	1.0	0.0
Ġechoed	1847	 echoed	1	distilbert/distilgpt2	distilbert/distilgpt2	False	2.0600278105575853e-07	22.210832595825195
ĠJohn	1847	 John	2	distilbert/distilgpt2	distilbert/distilgpt2	False	0.0010764143662527204	9.859550476074219
Ġbecause	1847	 because	3	distilbert/distilgpt2	distilbert/distilgpt2	False	2.263441274408251e-05	15.431122779846191
Ġhe	1847	 he	4	distilbert/distilgpt2	distilbert/distilgpt2	False	0.2549455463886261	1.9717391729354858
Sarah	1848	Sarah	0	distilbert/distilgpt2	distilbert/distilgpt2	False	1.0	0.0
Ġechoed	1848	 echoed	1	distilbert/distilgpt2	distilbert/distilgpt2	False	2.16115239481951e-07	22.141695022583008
ĠJohn	1848	 John	2	distilbert/distilgpt2	distilbert/distilgpt2	False	0.0011488917516544461	9.765542030334473
Ġbecause	1848	 because	3	distilbert/distilgpt2	distilbert/distilgpt2	False	5.783616143162362e-05	14.077669143676758
Ġhe	1848	 he	4	distilbert/distilgpt2	distilbert/distilgpt2	False	0.27291902899742126	1.8734551668167114
Mary	1849	Mary	0	distilbert/distilgpt2	distilbert/distilgpt2	False	1.0	0.0
Ġechoed	1849	 echoed	1	distilbert/distilgpt2	distilbert/distilgpt2	False	2.0066691774900391e-07	22.248693466186523
ĠSarah	1849	 Sarah	2	distilbert/distilgpt2	distilbert/distilgpt2	False	7.350977830355987e-05	13.731704711914062
Ġbecause	1849	 because	3	distilbert/distilgpt2	distilbert/distilgpt2	False	0.0002165983896702528	12.172689437866211
Ġshe	1849	 she	4	distilbert/distilgpt2	distilbert/distilgpt2	False	0.3215305805206299	1.636972188949585
John	1850	John	0	distilbert/distilgpt2	distilbert/distilgpt2	False	1.0	0.0
Ġechoed	1850	 echoed	1	distilbert/distilgpt2	distilbert/distilgpt2	False	1.82316469476973e-07	22.387052536010742
ĠSarah	1850	 Sarah	2	distilbert/distilgpt2	distilbert/distilgpt2	False	7.3791787144728e-05	13.726180076599121
Ġbecause	1850	 because	3	distilbert/distilgpt2	distilbert/distilgpt2	False	8.909081952879205e-05	13.454363822937012
Ġshe	1850	 she	4	distilbert/distilgpt2	distilbert/distilgpt2	False	0.2822958528995514	1.8247201442718506
Mary	1851	Mary	0	distilbert/distilgpt2	distilbert/distilgpt2	False	1.0	0.0
Ġechoed	1851	 echoed	1	distilbert/distilgpt2	distilbert/distilgpt2	False	2.0066691774900391e-07	22.248693466186523
ĠSarah	1851	 Sarah	2	distilbert/distilgpt2	distilbert/distilgpt2	False	7.350977830355987e-05	13.731704711914062
Ġbecause	1851	 because	3	distilbert/distilgpt2	distilbert/distilgpt2	False	0.0002165983896702528	12.172689437866211
Ġshe	1851	 she	4	distilbert/distilgpt2	distilbert/distilgpt2	False	0.3215305805206299	1.636972188949585
David	1852	David	0	distilbert/distilgpt2	distilbert/distilgpt2	False	1.0	0.0
Ġechoed	1852	 echoed	1	distilbert/distilgpt2	distilbert/distilgpt2	False	2.0600278105575853e-07	22.210832595825195
ĠSarah	1852	 Sarah	2	distilbert/distilgpt2	distilbert/distilgpt2	False	7.17976872692816e-05	13.765703201293945
Ġbecause	1852	 because	3	distilbert/distilgpt2	distilbert/distilgpt2	False	4.6835986722726375e-05	14.382022857666016
Ġshe	1852	 she	4	distilbert/distilgpt2	distilbert/distilgpt2	False	0.2583763897418976	1.9524539709091187
Sarah	1853	Sarah	0	distilbert/distilgpt2	distilbert/distilgpt2	False	1.0	0.0
Ġechoed	1853	 echoed	1	distilbert/distilgpt2	distilbert/distilgpt2	False	2.16115239481951e-07	22.141695022583008
ĠMary	1853	 Mary	2	distilbert/distilgpt2	distilbert/distilgpt2	False	0.00022789159265812486	12.099364280700684
Ġbecause	1853	 because	3	distilbert/distilgpt2	distilbert/distilgpt2	False	4.067392728757113e-05	14.585536003112793
Ġshe	1853	 she	4	distilbert/distilgpt2	distilbert/distilgpt2	False	0.2822412848472595	1.8249990940093994
John	1854	John	0	distilbert/distilgpt2	distilbert/distilgpt2	False	1.0	0.0
Ġechoed	1854	 echoed	1	distilbert/distilgpt2	distilbert/distilgpt2	False	1.82316469476973e-07	22.387052536010742
ĠMary	1854	 Mary	2	distilbert/distilgpt2	distilbert/distilgpt2	False	0.00016593560576438904	12.557088851928711
Ġbecause	1854	 because	3	distilbert/distilgpt2	distilbert/distilgpt2	False	5.381348091759719e-05	14.181673049926758
Ġshe	1854	 she	4	distilbert/distilgpt2	distilbert/distilgpt2	False	0.2836228311061859	1.817954421043396
Sarah	1855	Sarah	0	distilbert/distilgpt2	distilbert/distilgpt2	False	1.0	0.0
Ġechoed	1855	 echoed	1	distilbert/distilgpt2	distilbert/distilgpt2	False	2.16115239481951e-07	22.141695022583008
ĠMary	1855	 Mary	2	distilbert/distilgpt2	distilbert/distilgpt2	False	0.00022789159265812486	12.099364280700684
Ġbecause	1855	 because	3	distilbert/distilgpt2	distilbert/distilgpt2	False	4.067392728757113e-05	14.585536003112793
Ġshe	1855	 she	4	distilbert/distilgpt2	distilbert/distilgpt2	False	0.2822412848472595	1.8249990940093994
David	1856	David	0	distilbert/distilgpt2	distilbert/distilgpt2	False	1.0	0.0
Ġechoed	1856	 echoed	1	distilbert/distilgpt2	distilbert/distilgpt2	False	2.0600278105575853e-07	22.210832595825195
ĠMary	1856	 Mary	2	distilbert/distilgpt2	distilbert/distilgpt2	False	0.0001480471546528861	12.72165584564209
Ġbecause	1856	 because	3	distilbert/distilgpt2	distilbert/distilgpt2	False	1.8665814423002303e-05	15.70924186706543
Ġshe	1856	 she	4	distilbert/distilgpt2	distilbert/distilgpt2	False	0.25526857376098633	1.9699122905731201
John	1857	John	0	distilbert/distilgpt2	distilbert/distilgpt2	False	1.0	0.0
Ġembraced	1857	 embraced	1	distilbert/distilgpt2	distilbert/distilgpt2	False	5.682299075715491e-08	24.068950653076172
ĠDavid	1857	 David	2	distilbert/distilgpt2	distilbert/distilgpt2	False	0.0004986299900338054	10.969742774963379
Ġbecause	1857	 because	3	distilbert/distilgpt2	distilbert/distilgpt2	False	0.0003124357608612627	11.644152641296387
Ġhe	1857	 he	4	distilbert/distilgpt2	distilbert/distilgpt2	False	0.4290470778942108	1.2207921743392944
Mary	1858	Mary	0	distilbert/distilgpt2	distilbert/distilgpt2	False	1.0	0.0
Ġembraced	1858	 embraced	1	distilbert/distilgpt2	distilbert/distilgpt2	False	6.81899336996139e-08	23.805866241455078
ĠDavid	1858	 David	2	distilbert/distilgpt2	distilbert/distilgpt2	False	0.00037831996451132	11.3681058883667
Ġbecause	1858	 because	3	distilbert/distilgpt2	distilbert/distilgpt2	False	0.0004848860844504088	11.010066032409668
Ġhe	1858	 he	4	distilbert/distilgpt2	distilbert/distilgpt2	False	0.4209674596786499	1.24821937084198
John	1859	John	0	distilbert/distilgpt2	distilbert/distilgpt2	False	1.0	0.0
Ġembraced	1859	 embraced	1	distilbert/distilgpt2	distilbert/distilgpt2	False	5.682299075715491e-08	24.068950653076172
ĠDavid	1859	 David	2	distilbert/distilgpt2	distilbert/distilgpt2	False	0.0004986299900338054	10.969742774963379
Ġbecause	1859	 because	3	distilbert/distilgpt2	distilbert/distilgpt2	False	0.0003124357608612627	11.644152641296387
Ġhe	1859	 he	4	distilbert/distilgpt2	distilbert/distilgpt2	False	0.4290470778942108	1.2207921743392944
Sarah	1860	Sarah	0	distilbert/distilgpt2	distilbert/distilgpt2	False	1.0	0.0
Ġembraced	1860	 embraced	1	distilbert/distilgpt2	distilbert/distilgpt2	False	5.8632004140690697e-08	24.02373695373535
ĠDavid	1860	 David	2	distilbert/distilgpt2	distilbert/distilgpt2	False	0.000520880741532892	10.906759262084961
Ġbecause	1860	 because	3	distilbert/distilgpt2	distilbert/distilgpt2	False	0.0004151000175625086	11.234253883361816
Ġhe	1860	 he	4	distilbert/distilgpt2	distilbert/distilgpt2	False	0.4383574426174164	1.189820408821106
David	1861	David	0	distilbert/distilgpt2	distilbert/distilgpt2	False	1.0	0.0
Ġembraced	1861	 embraced	1	distilbert/distilgpt2	distilbert/distilgpt2	False	6.845225186680182e-08	23.80032730102539
ĠJohn	1861	 John	2	distilbert/distilgpt2	distilbert/distilgpt2	False	0.0006430982612073421	10.602673530578613
Ġbecause	1861	 because	3	distilbert/distilgpt2	distilbert/distilgpt2	False	0.00032795831793919206	11.574199676513672
Ġhe	1861	 he	4	distilbert/distilgpt2	distilbert/distilgpt2	False	0.4552502930164337	1.135268211364746
Mary	1862	Mary	0	distilbert/distilgpt2	distilbert/distilgpt2	False	1.0	0.0
Ġembraced	1862	 embraced	1	distilbert/distilgpt2	distilbert/distilgpt2	False	6.81899336996139e-08	23.805866241455078
ĠJohn	1862	 John	2	distilbert/distilgpt2	distilbert/distilgpt2	False	0.000660813704598695	10.563468933105469
Ġbecause	1862	 because	3	distilbert/distilgpt2	distilbert/distilgpt2	False	0.000795063329860568	10.296642303466797
Ġhe	1862	 he	4	distilbert/distilgpt2	distilbert/distilgpt2	False	0.4591245651245117	1.1230424642562866
David	1863	David	0	distilbert/distilgpt2	distilbert/distilgpt2	False	1.0	0.0
Ġembraced	1863	 embraced	1	distilbert/distilgpt2	distilbert/distilgpt2	False	6.845225186680182e-08	23.80032730102539
ĠJohn	1863	 John	2	distilbert/distilgpt2	distilbert/distilgpt2	False	0.0006430982612073421	10.602673530578613
Ġbecause	1863	 because	3	distilbert/distilgpt2	distilbert/distilgpt2	False	0.00032795831793919206	11.574199676513672
Ġhe	1863	 he	4	distilbert/distilgpt2	distilbert/distilgpt2	False	0.4552502930164337	1.135268211364746
Sarah	1864	Sarah	0	distilbert/distilgpt2	distilbert/distilgpt2	False	1.0	0.0
Ġembraced	1864	 embraced	1	distilbert/distilgpt2	distilbert/distilgpt2	False	5.8632004140690697e-08	24.02373695373535
ĠJohn	1864	 John	2	distilbert/distilgpt2	distilbert/distilgpt2	False	0.0007171740871854126	10.445388793945312
Ġbecause	1864	 because	3	distilbert/distilgpt2	distilbert/distilgpt2	False	0.0009810785995796323	9.993343353271484
Ġhe	1864	 he	4	distilbert/distilgpt2	distilbert/distilgpt2	False	0.45427632331848145	1.1383579969406128
Mary	1865	Mary	0	distilbert/distilgpt2	distilbert/distilgpt2	False	1.0	0.0
Ġembraced	1865	 embraced	1	distilbert/distilgpt2	distilbert/distilgpt2	False	6.81899336996139e-08	23.805866241455078
ĠSarah	1865	 Sarah	2	distilbert/distilgpt2	distilbert/distilgpt2	False	0.00014172421651892364	12.784626007080078
Ġbecause	1865	 because	3	distilbert/distilgpt2	distilbert/distilgpt2	False	0.0018534321570768952	9.07558536529541
Ġshe	1865	 she	4	distilbert/distilgpt2	distilbert/distilgpt2	False	0.5131548047065735	0.9625340104103088
John	1866	John	0	distilbert/distilgpt2	distilbert/distilgpt2	False	1.0	0.0
Ġembraced	1866	 embraced	1	distilbert/distilgpt2	distilbert/distilgpt2	False	5.682299075715491e-08	24.068950653076172
ĠSarah	1866	 Sarah	2	distilbert/distilgpt2	distilbert/distilgpt2	False	9.869489440461621e-05	13.306665420532227
Ġbecause	1866	 because	3	distilbert/distilgpt2	distilbert/distilgpt2	False	0.0006279394146986306	10.637086868286133
Ġshe	1866	 she	4	distilbert/distilgpt2	distilbert/distilgpt2	False	0.4976598024368286	1.0067682266235352
Mary	1867	Mary	0	distilbert/distilgpt2	distilbert/distilgpt2	False	1.0	0.0
Ġembraced	1867	 embraced	1	distilbert/distilgpt2	distilbert/distilgpt2	False	6.81899336996139e-08	23.805866241455078
ĠSarah	1867	 Sarah	2	distilbert/distilgpt2	distilbert/distilgpt2	False	0.00014172421651892364	12.784626007080078
Ġbecause	1867	 because	3	distilbert/distilgpt2	distilbert/distilgpt2	False	0.0018534321570768952	9.07558536529541
Ġshe	1867	 she	4	distilbert/distilgpt2	distilbert/distilgpt2	False	0.5131548047065735	0.9625340104103088
David	1868	David	0	distilbert/distilgpt2	distilbert/distilgpt2	False	1.0	0.0
Ġembraced	1868	 embraced	1	distilbert/distilgpt2	distilbert/distilgpt2	False	6.845225186680182e-08	23.80032730102539
ĠSarah	1868	 Sarah	2	distilbert/distilgpt2	distilbert/distilgpt2	False	9.049534855876118e-05	13.43179702758789
Ġbecause	1868	 because	3	distilbert/distilgpt2	distilbert/distilgpt2	False	0.0003068442165385932	11.670206069946289
Ġshe	1868	 she	4	distilbert/distilgpt2	distilbert/distilgpt2	False	0.5049654841423035	0.9857433438301086
Sarah	1869	Sarah	0	distilbert/distilgpt2	distilbert/distilgpt2	False	1.0	0.0
Ġembraced	1869	 embraced	1	distilbert/distilgpt2	distilbert/distilgpt2	False	5.8632004140690697e-08	24.02373695373535
ĠMary	1869	 Mary	2	distilbert/distilgpt2	distilbert/distilgpt2	False	0.00037833096575923264	11.368063926696777
Ġbecause	1869	 because	3	distilbert/distilgpt2	distilbert/distilgpt2	False	0.0008992921211756766	10.118922233581543
Ġshe	1869	 she	4	distilbert/distilgpt2	distilbert/distilgpt2	False	0.46525412797927856	1.1039091348648071
John	1870	John	0	distilbert/distilgpt2	distilbert/distilgpt2	False	1.0	0.0
Ġembraced	1870	 embraced	1	distilbert/distilgpt2	distilbert/distilgpt2	False	5.682299075715491e-08	24.068950653076172
ĠMary	1870	 Mary	2	distilbert/distilgpt2	distilbert/distilgpt2	False	0.00021812468185089529	12.162559509277344
Ġbecause	1870	 because	3	distilbert/distilgpt2	distilbert/distilgpt2	False	0.0009667503763921559	10.014569282531738
Ġshe	1870	 she	4	distilbert/distilgpt2	distilbert/distilgpt2	False	0.457621693611145	1.1277726888656616
Sarah	1871	Sarah	0	distilbert/distilgpt2	distilbert/distilgpt2	False	1.0	0.0
Ġembraced	1871	 embraced	1	distilbert/distilgpt2	distilbert/distilgpt2	False	5.8632004140690697e-08	24.02373695373535
ĠMary	1871	 Mary	2	distilbert/distilgpt2	distilbert/distilgpt2	False	0.00037833096575923264	11.368063926696777
Ġbecause	1871	 because	3	distilbert/distilgpt2	distilbert/distilgpt2	False	0.0008992921211756766	10.118922233581543
Ġshe	1871	 she	4	distilbert/distilgpt2	distilbert/distilgpt2	False	0.46525412797927856	1.1039091348648071
David	1872	David	0	distilbert/distilgpt2	distilbert/distilgpt2	False	1.0	0.0
Ġembraced	1872	 embraced	1	distilbert/distilgpt2	distilbert/distilgpt2	False	6.845225186680182e-08	23.80032730102539
ĠMary	1872	 Mary	2	distilbert/distilgpt2	distilbert/distilgpt2	False	0.00017621202277950943	12.470399856567383
Ġbecause	1872	 because	3	distilbert/distilgpt2	distilbert/distilgpt2	False	0.00037000494194217026	11.400167465209961
Ġshe	1872	 she	4	distilbert/distilgpt2	distilbert/distilgpt2	False	0.4599669873714447	1.1203978061676025
John	1873	John	0	distilbert/distilgpt2	distilbert/distilgpt2	False	1.0	0.0
Ġemployed	1873	 employed	1	distilbert/distilgpt2	distilbert/distilgpt2	False	5.4194618570591047e-08	24.13727569580078
ĠDavid	1873	 David	2	distilbert/distilgpt2	distilbert/distilgpt2	False	0.00010329385258955881	13.240958213806152
Ġbecause	1873	 because	3	distilbert/distilgpt2	distilbert/distilgpt2	False	0.00011213393008802086	13.122489929199219
Ġhe	1873	 he	4	distilbert/distilgpt2	distilbert/distilgpt2	False	0.4095992147922516	1.287715196609497
Mary	1874	Mary	0	distilbert/distilgpt2	distilbert/distilgpt2	False	1.0	0.0
Ġemployed	1874	 employed	1	distilbert/distilgpt2	distilbert/distilgpt2	False	6.785700890077351e-08	23.81292724609375
ĠDavid	1874	 David	2	distilbert/distilgpt2	distilbert/distilgpt2	False	6.389332702383399e-05	13.933975219726562
Ġbecause	1874	 because	3	distilbert/distilgpt2	distilbert/distilgpt2	False	0.00013846824003849179	12.818157196044922
Ġhe	1874	 he	4	distilbert/distilgpt2	distilbert/distilgpt2	False	0.40815192461013794	1.2928218841552734
John	1875	John	0	distilbert/distilgpt2	distilbert/distilgpt2	False	1.0	0.0
Ġemployed	1875	 employed	1	distilbert/distilgpt2	distilbert/distilgpt2	False	5.4194618570591047e-08	24.13727569580078
ĠDavid	1875	 David	2	distilbert/distilgpt2	distilbert/distilgpt2	False	0.00010329385258955881	13.240958213806152
Ġbecause	1875	 because	3	distilbert/distilgpt2	distilbert/distilgpt2	False	0.00011213393008802086	13.122489929199219
Ġhe	1875	 he	4	distilbert/distilgpt2	distilbert/distilgpt2	False	0.4095992147922516	1.287715196609497
Sarah	1876	Sarah	0	distilbert/distilgpt2	distilbert/distilgpt2	False	1.0	0.0
Ġemployed	1876	 employed	1	distilbert/distilgpt2	distilbert/distilgpt2	False	5.752275100689985e-08	24.051292419433594
ĠDavid	1876	 David	2	distilbert/distilgpt2	distilbert/distilgpt2	False	0.00010771193046821281	13.180534362792969
Ġbecause	1876	 because	3	distilbert/distilgpt2	distilbert/distilgpt2	False	0.00011727632227120921	13.05780029296875
Ġhe	1876	 he	4	distilbert/distilgpt2	distilbert/distilgpt2	False	0.4091472327709198	1.2893080711364746
David	1877	David	0	distilbert/distilgpt2	distilbert/distilgpt2	False	1.0	0.0
Ġemployed	1877	 employed	1	distilbert/distilgpt2	distilbert/distilgpt2	False	6.581532119298572e-08	23.85700035095215
ĠJohn	1877	 John	2	distilbert/distilgpt2	distilbert/distilgpt2	False	0.00017449556617066264	12.484521865844727
Ġbecause	1877	 because	3	distilbert/distilgpt2	distilbert/distilgpt2	False	0.00019648631860036403	12.313283920288086
Ġhe	1877	 he	4	distilbert/distilgpt2	distilbert/distilgpt2	False	0.4104486107826233	1.2847265005111694
Mary	1878	Mary	0	distilbert/distilgpt2	distilbert/distilgpt2	False	1.0	0.0
Ġemployed	1878	 employed	1	distilbert/distilgpt2	distilbert/distilgpt2	False	6.785700890077351e-08	23.81292724609375
ĠJohn	1878	 John	2	distilbert/distilgpt2	distilbert/distilgpt2	False	0.00011619079305091873	13.071216583251953
Ġbecause	1878	 because	3	distilbert/distilgpt2	distilbert/distilgpt2	False	0.00020319766190368682	12.2648286819458
Ġhe	1878	 he	4	distilbert/distilgpt2	distilbert/distilgpt2	False	0.43508070707321167	1.200645089149475
David	1879	David	0	distilbert/distilgpt2	distilbert/distilgpt2	False	1.0	0.0
Ġemployed	1879	 employed	1	distilbert/distilgpt2	distilbert/distilgpt2	False	6.581532119298572e-08	23.85700035095215
ĠJohn	1879	 John	2	distilbert/distilgpt2	distilbert/distilgpt2	False	0.00017449556617066264	12.484521865844727
Ġbecause	1879	 because	3	distilbert/distilgpt2	distilbert/distilgpt2	False	0.00019648631860036403	12.313283920288086
Ġhe	1879	 he	4	distilbert/distilgpt2	distilbert/distilgpt2	False	0.4104486107826233	1.2847265005111694
Sarah	1880	Sarah	0	distilbert/distilgpt2	distilbert/distilgpt2	False	1.0	0.0
Ġemployed	1880	 employed	1	distilbert/distilgpt2	distilbert/distilgpt2	False	5.752275100689985e-08	24.051292419433594
ĠJohn	1880	 John	2	distilbert/distilgpt2	distilbert/distilgpt2	False	0.00013371309614740312	12.868571281433105
Ġbecause	1880	 because	3	distilbert/distilgpt2	distilbert/distilgpt2	False	0.0003258604556322098	11.583457946777344
Ġhe	1880	 he	4	distilbert/distilgpt2	distilbert/distilgpt2	False	0.40685272216796875	1.2974214553833008
Mary	1881	Mary	0	distilbert/distilgpt2	distilbert/distilgpt2	False	1.0	0.0
Ġemployed	1881	 employed	1	distilbert/distilgpt2	distilbert/distilgpt2	False	6.785700890077351e-08	23.81292724609375
ĠSarah	1881	 Sarah	2	distilbert/distilgpt2	distilbert/distilgpt2	False	2.6532279662205838e-05	15.201891899108887
Ġbecause	1881	 because	3	distilbert/distilgpt2	distilbert/distilgpt2	False	0.0006345871370285749	10.621893882751465
Ġshe	1881	 she	4	distilbert/distilgpt2	distilbert/distilgpt2	False	0.4754963219165802	1.0724939107894897
John	1882	John	0	distilbert/distilgpt2	distilbert/distilgpt2	False	1.0	0.0
Ġemployed	1882	 employed	1	distilbert/distilgpt2	distilbert/distilgpt2	False	5.4194618570591047e-08	24.13727569580078
ĠSarah	1882	 Sarah	2	distilbert/distilgpt2	distilbert/distilgpt2	False	2.99741168419132e-05	15.025923728942871
Ġbecause	1882	 because	3	distilbert/distilgpt2	distilbert/distilgpt2	False	0.00048658339073881507	11.005024909973145
Ġshe	1882	 she	4	distilbert/distilgpt2	distilbert/distilgpt2	False	0.4556301236152649	1.13406503200531
Mary	1883	Mary	0	distilbert/distilgpt2	distilbert/distilgpt2	False	1.0	0.0
Ġemployed	1883	 employed	1	distilbert/distilgpt2	distilbert/distilgpt2	False	6.785700890077351e-08	23.81292724609375
ĠSarah	1883	 Sarah	2	distilbert/distilgpt2	distilbert/distilgpt2	False	2.6532279662205838e-05	15.201891899108887
Ġbecause	1883	 because	3	distilbert/distilgpt2	distilbert/distilgpt2	False	0.0006345871370285749	10.621893882751465
Ġshe	1883	 she	4	distilbert/distilgpt2	distilbert/distilgpt2	False	0.4754963219165802	1.0724939107894897
David	1884	David	0	distilbert/distilgpt2	distilbert/distilgpt2	False	1.0	0.0
Ġemployed	1884	 employed	1	distilbert/distilgpt2	distilbert/distilgpt2	False	6.581532119298572e-08	23.85700035095215
ĠSarah	1884	 Sarah	2	distilbert/distilgpt2	distilbert/distilgpt2	False	3.6330682632979006e-05	14.748452186584473
Ġbecause	1884	 because	3	distilbert/distilgpt2	distilbert/distilgpt2	False	0.0003434128302615136	11.507768630981445
Ġshe	1884	 she	4	distilbert/distilgpt2	distilbert/distilgpt2	False	0.4567340612411499	1.1305737495422363
Sarah	1885	Sarah	0	distilbert/distilgpt2	distilbert/distilgpt2	False	1.0	0.0
Ġemployed	1885	 employed	1	distilbert/distilgpt2	distilbert/distilgpt2	False	5.752275100689985e-08	24.051292419433594
ĠMary	1885	 Mary	2	distilbert/distilgpt2	distilbert/distilgpt2	False	6.317798397503793e-05	13.950218200683594
Ġbecause	1885	 because	3	distilbert/distilgpt2	distilbert/distilgpt2	False	0.00023795101151335984	12.037047386169434
Ġshe	1885	 she	4	distilbert/distilgpt2	distilbert/distilgpt2	False	0.4168340563774109	1.2624549865722656
John	1886	John	0	distilbert/distilgpt2	distilbert/distilgpt2	False	1.0	0.0
Ġemployed	1886	 employed	1	distilbert/distilgpt2	distilbert/distilgpt2	False	5.4194618570591047e-08	24.13727569580078
ĠMary	1886	 Mary	2	distilbert/distilgpt2	distilbert/distilgpt2	False	4.624982102541253e-05	14.400192260742188
Ġbecause	1886	 because	3	distilbert/distilgpt2	distilbert/distilgpt2	False	0.00027577305445447564	11.824231147766113
Ġshe	1886	 she	4	distilbert/distilgpt2	distilbert/distilgpt2	False	0.4243033230304718	1.2368321418762207
Sarah	1887	Sarah	0	distilbert/distilgpt2	distilbert/distilgpt2	False	1.0	0.0
Ġemployed	1887	 employed	1	distilbert/distilgpt2	distilbert/distilgpt2	False	5.752275100689985e-08	24.051292419433594
ĠMary	1887	 Mary	2	distilbert/distilgpt2	distilbert/distilgpt2	False	6.317798397503793e-05	13.950218200683594
Ġbecause	1887	 because	3	distilbert/distilgpt2	distilbert/distilgpt2	False	0.00023795101151335984	12.037047386169434
Ġshe	1887	 she	4	distilbert/distilgpt2	distilbert/distilgpt2	False	0.4168340563774109	1.2624549865722656
David	1888	David	0	distilbert/distilgpt2	distilbert/distilgpt2	False	1.0	0.0
Ġemployed	1888	 employed	1	distilbert/distilgpt2	distilbert/distilgpt2	False	6.581532119298572e-08	23.85700035095215
ĠMary	1888	 Mary	2	distilbert/distilgpt2	distilbert/distilgpt2	False	5.2841074648313224e-05	14.20798110961914
Ġbecause	1888	 because	3	distilbert/distilgpt2	distilbert/distilgpt2	False	0.00011827889829874039	13.045519828796387
Ġshe	1888	 she	4	distilbert/distilgpt2	distilbert/distilgpt2	False	0.42730817198753357	1.2266511917114258
John	1889	John	0	distilbert/distilgpt2	distilbert/distilgpt2	False	1.0	0.0
Ġencouraged	1889	 encouraged	1	distilbert/distilgpt2	distilbert/distilgpt2	False	4.76770992463571e-07	21.000200271606445
ĠDavid	1889	 David	2	distilbert/distilgpt2	distilbert/distilgpt2	False	0.000329974660417065	11.565357208251953
Ġbecause	1889	 because	3	distilbert/distilgpt2	distilbert/distilgpt2	False	0.0002788253186736256	11.808350563049316
Ġhe	1889	 he	4	distilbert/distilgpt2	distilbert/distilgpt2	False	0.3685852587223053	1.439929723739624
Mary	1890	Mary	0	distilbert/distilgpt2	distilbert/distilgpt2	False	1.0	0.0
Ġencouraged	1890	 encouraged	1	distilbert/distilgpt2	distilbert/distilgpt2	False	6.166375214888831e-07	20.629074096679688
ĠDavid	1890	 David	2	distilbert/distilgpt2	distilbert/distilgpt2	False	0.00018640155030880123	12.389298439025879
Ġbecause	1890	 because	3	distilbert/distilgpt2	distilbert/distilgpt2	False	0.00028352290973998606	11.784247398376465
Ġhe	1890	 he	4	distilbert/distilgpt2	distilbert/distilgpt2	False	0.39794692397117615	1.3293521404266357
John	1891	John	0	distilbert/distilgpt2	distilbert/distilgpt2	False	1.0	0.0
Ġencouraged	1891	 encouraged	1	distilbert/distilgpt2	distilbert/distilgpt2	False	4.76770992463571e-07	21.000200271606445
ĠDavid	1891	 David	2	distilbert/distilgpt2	distilbert/distilgpt2	False	0.000329974660417065	11.565357208251953
Ġbecause	1891	 because	3	distilbert/distilgpt2	distilbert/distilgpt2	False	0.0002788253186736256	11.808350563049316
Ġhe	1891	 he	4	distilbert/distilgpt2	distilbert/distilgpt2	False	0.3685852587223053	1.439929723739624
Sarah	1892	Sarah	0	distilbert/distilgpt2	distilbert/distilgpt2	False	1.0	0.0
Ġencouraged	1892	 encouraged	1	distilbert/distilgpt2	distilbert/distilgpt2	False	5.355600478651468e-07	20.832448959350586
ĠDavid	1892	 David	2	distilbert/distilgpt2	distilbert/distilgpt2	False	0.00026806240202859044	11.865143775939941
Ġbecause	1892	 because	3	distilbert/distilgpt2	distilbert/distilgpt2	False	0.0003399203415028751	11.522515296936035
Ġhe	1892	 he	4	distilbert/distilgpt2	distilbert/distilgpt2	False	0.37351855635643005	1.420748233795166
David	1893	David	0	distilbert/distilgpt2	distilbert/distilgpt2	False	1.0	0.0
Ġencouraged	1893	 encouraged	1	distilbert/distilgpt2	distilbert/distilgpt2	False	6.22621143975266e-07	20.615142822265625
ĠJohn	1893	 John	2	distilbert/distilgpt2	distilbert/distilgpt2	False	0.00045609843800775707	11.098366737365723
Ġbecause	1893	 because	3	distilbert/distilgpt2	distilbert/distilgpt2	False	0.0007743951282463968	10.33464241027832
Ġhe	1893	 he	4	distilbert/distilgpt2	distilbert/distilgpt2	False	0.4003506004810333	1.3206641674041748
Mary	1894	Mary	0	distilbert/distilgpt2	distilbert/distilgpt2	False	1.0	0.0
Ġencouraged	1894	 encouraged	1	distilbert/distilgpt2	distilbert/distilgpt2	False	6.166375214888831e-07	20.629074096679688
ĠJohn	1894	 John	2	distilbert/distilgpt2	distilbert/distilgpt2	False	0.00027557401335798204	11.825272560119629
Ġbecause	1894	 because	3	distilbert/distilgpt2	distilbert/distilgpt2	False	0.0007763954345136881	10.330921173095703
Ġhe	1894	 he	4	distilbert/distilgpt2	distilbert/distilgpt2	False	0.44027358293533325	1.1835278272628784
David	1895	David	0	distilbert/distilgpt2	distilbert/distilgpt2	False	1.0	0.0
Ġencouraged	1895	 encouraged	1	distilbert/distilgpt2	distilbert/distilgpt2	False	6.22621143975266e-07	20.615142822265625
ĠJohn	1895	 John	2	distilbert/distilgpt2	distilbert/distilgpt2	False	0.00045609843800775707	11.098366737365723
Ġbecause	1895	 because	3	distilbert/distilgpt2	distilbert/distilgpt2	False	0.0007743951282463968	10.33464241027832
Ġhe	1895	 he	4	distilbert/distilgpt2	distilbert/distilgpt2	False	0.4003506004810333	1.3206641674041748
Sarah	1896	Sarah	0	distilbert/distilgpt2	distilbert/distilgpt2	False	1.0	0.0
Ġencouraged	1896	 encouraged	1	distilbert/distilgpt2	distilbert/distilgpt2	False	5.355600478651468e-07	20.832448959350586
ĠJohn	1896	 John	2	distilbert/distilgpt2	distilbert/distilgpt2	False	0.00035875773755833507	11.4447021484375
Ġbecause	1896	 because	3	distilbert/distilgpt2	distilbert/distilgpt2	False	0.0013162081595510244	9.56939697265625
Ġhe	1896	 he	4	distilbert/distilgpt2	distilbert/distilgpt2	False	0.39725056290626526	1.331878900527954
Mary	1897	Mary	0	distilbert/distilgpt2	distilbert/distilgpt2	False	1.0	0.0
Ġencouraged	1897	 encouraged	1	distilbert/distilgpt2	distilbert/distilgpt2	False	6.166375214888831e-07	20.629074096679688
ĠSarah	1897	 Sarah	2	distilbert/distilgpt2	distilbert/distilgpt2	False	0.00011705184442689642	13.060564994812012
Ġbecause	1897	 because	3	distilbert/distilgpt2	distilbert/distilgpt2	False	0.0007969900616444647	10.293150901794434
Ġshe	1897	 she	4	distilbert/distilgpt2	distilbert/distilgpt2	False	0.47386714816093445	1.0774455070495605
John	1898	John	0	distilbert/distilgpt2	distilbert/distilgpt2	False	1.0	0.0
Ġencouraged	1898	 encouraged	1	distilbert/distilgpt2	distilbert/distilgpt2	False	4.76770992463571e-07	21.000200271606445
ĠSarah	1898	 Sarah	2	distilbert/distilgpt2	distilbert/distilgpt2	False	0.0001278402196476236	12.933370590209961
Ġbecause	1898	 because	3	distilbert/distilgpt2	distilbert/distilgpt2	False	0.0007551963208243251	10.370861053466797
Ġshe	1898	 she	4	distilbert/distilgpt2	distilbert/distilgpt2	False	0.42892733216285706	1.221194863319397
Mary	1899	Mary	0	distilbert/distilgpt2	distilbert/distilgpt2	False	1.0	0.0
Ġencouraged	1899	 encouraged	1	distilbert/distilgpt2	distilbert/distilgpt2	False	6.166375214888831e-07	20.629074096679688
ĠSarah	1899	 Sarah	2	distilbert/distilgpt2	distilbert/distilgpt2	False	0.00011705184442689642	13.060564994812012
Ġbecause	1899	 because	3	distilbert/distilgpt2	distilbert/distilgpt2	False	0.0007969900616444647	10.293150901794434
Ġshe	1899	 she	4	distilbert/distilgpt2	distilbert/distilgpt2	False	0.47386714816093445	1.0774455070495605
David	1900	David	0	distilbert/distilgpt2	distilbert/distilgpt2	False	1.0	0.0
Ġencouraged	1900	 encouraged	1	distilbert/distilgpt2	distilbert/distilgpt2	False	6.22621143975266e-07	20.615142822265625
ĠSarah	1900	 Sarah	2	distilbert/distilgpt2	distilbert/distilgpt2	False	0.00013582175597548485	12.84599781036377
Ġbecause	1900	 because	3	distilbert/distilgpt2	distilbert/distilgpt2	False	0.0005481507396325469	10.833139419555664
Ġshe	1900	 she	4	distilbert/distilgpt2	distilbert/distilgpt2	False	0.4189794957637787	1.2550485134124756
Sarah	1901	Sarah	0	distilbert/distilgpt2	distilbert/distilgpt2	False	1.0	0.0
Ġencouraged	1901	 encouraged	1	distilbert/distilgpt2	distilbert/distilgpt2	False	5.355600478651468e-07	20.832448959350586
ĠMary	1901	 Mary	2	distilbert/distilgpt2	distilbert/distilgpt2	False	0.0002015260251937434	12.276745796203613
Ġbecause	1901	 because	3	distilbert/distilgpt2	distilbert/distilgpt2	False	0.0003986775118391961	11.292490005493164
Ġshe	1901	 she	4	distilbert/distilgpt2	distilbert/distilgpt2	False	0.3798002302646637	1.396687388420105
John	1902	John	0	distilbert/distilgpt2	distilbert/distilgpt2	False	1.0	0.0
Ġencouraged	1902	 encouraged	1	distilbert/distilgpt2	distilbert/distilgpt2	False	4.76770992463571e-07	21.000200271606445
ĠMary	1902	 Mary	2	distilbert/distilgpt2	distilbert/distilgpt2	False	0.000152977867401205	12.674389839172363
Ġbecause	1902	 because	3	distilbert/distilgpt2	distilbert/distilgpt2	False	0.0004933455493301153	10.985114097595215
Ġshe	1902	 she	4	distilbert/distilgpt2	distilbert/distilgpt2	False	0.3982737958431244	1.3281675577163696
Sarah	1903	Sarah	0	distilbert/distilgpt2	distilbert/distilgpt2	False	1.0	0.0
Ġencouraged	1903	 encouraged	1	distilbert/distilgpt2	distilbert/distilgpt2	False	5.355600478651468e-07	20.832448959350586
ĠMary	1903	 Mary	2	distilbert/distilgpt2	distilbert/distilgpt2	False	0.0002015260251937434	12.276745796203613
Ġbecause	1903	 because	3	distilbert/distilgpt2	distilbert/distilgpt2	False	0.0003986775118391961	11.292490005493164
Ġshe	1903	 she	4	distilbert/distilgpt2	distilbert/distilgpt2	False	0.3798002302646637	1.396687388420105
David	1904	David	0	distilbert/distilgpt2	distilbert/distilgpt2	False	1.0	0.0
Ġencouraged	1904	 encouraged	1	distilbert/distilgpt2	distilbert/distilgpt2	False	6.22621143975266e-07	20.615142822265625
ĠMary	1904	 Mary	2	distilbert/distilgpt2	distilbert/distilgpt2	False	0.00014817851479165256	12.720376014709473
Ġbecause	1904	 because	3	distilbert/distilgpt2	distilbert/distilgpt2	False	0.0003694901242852211	11.402176856994629
Ġshe	1904	 she	4	distilbert/distilgpt2	distilbert/distilgpt2	False	0.3841980993747711	1.3800777196884155
John	1905	John	0	distilbert/distilgpt2	distilbert/distilgpt2	False	1.0	0.0
Ġenlightened	1905	 enlightened	1	distilbert/distilgpt2	distilbert/distilgpt2	False	2.245352348495544e-08	25.408483505249023
ĠDavid	1905	 David	2	distilbert/distilgpt2	distilbert/distilgpt2	False	9.056760609382764e-05	13.430644989013672
Ġbecause	1905	 because	3	distilbert/distilgpt2	distilbert/distilgpt2	False	0.0004101735830772668	11.25147819519043
Ġhe	1905	 he	4	distilbert/distilgpt2	distilbert/distilgpt2	False	0.3455660939216614	1.5329664945602417
Mary	1906	Mary	0	distilbert/distilgpt2	distilbert/distilgpt2	False	1.0	0.0
Ġenlightened	1906	 enlightened	1	distilbert/distilgpt2	distilbert/distilgpt2	False	2.962011436125067e-08	25.008848190307617
ĠDavid	1906	 David	2	distilbert/distilgpt2	distilbert/distilgpt2	False	7.5508862209972e-05	13.692994117736816
Ġbecause	1906	 because	3	distilbert/distilgpt2	distilbert/distilgpt2	False	0.0006192012806423008	10.657303810119629
Ġhe	1906	 he	4	distilbert/distilgpt2	distilbert/distilgpt2	False	0.3437722325325012	1.5404751300811768
John	1907	John	0	distilbert/distilgpt2	distilbert/distilgpt2	False	1.0	0.0
Ġenlightened	1907	 enlightened	1	distilbert/distilgpt2	distilbert/distilgpt2	False	2.245352348495544e-08	25.408483505249023
ĠDavid	1907	 David	2	distilbert/distilgpt2	distilbert/distilgpt2	False	9.056760609382764e-05	13.430644989013672
Ġbecause	1907	 because	3	distilbert/distilgpt2	distilbert/distilgpt2	False	0.0004101735830772668	11.25147819519043
Ġhe	1907	 he	4	distilbert/distilgpt2	distilbert/distilgpt2	False	0.3455660939216614	1.5329664945602417
Sarah	1908	Sarah	0	distilbert/distilgpt2	distilbert/distilgpt2	False	1.0	0.0
Ġenlightened	1908	 enlightened	1	distilbert/distilgpt2	distilbert/distilgpt2	False	1.857876519295587e-08	25.68177032470703
ĠDavid	1908	 David	2	distilbert/distilgpt2	distilbert/distilgpt2	False	0.00010639300307957456	13.198308944702148
Ġbecause	1908	 because	3	distilbert/distilgpt2	distilbert/distilgpt2	False	0.0006049754447303712	10.690835952758789
Ġhe	1908	 he	4	distilbert/distilgpt2	distilbert/distilgpt2	False	0.34799668192863464	1.5228545665740967
David	1909	David	0	distilbert/distilgpt2	distilbert/distilgpt2	False	1.0	0.0
Ġenlightened	1909	 enlightened	1	distilbert/distilgpt2	distilbert/distilgpt2	False	2.5714333773407816e-08	25.212852478027344
ĠJohn	1909	 John	2	distilbert/distilgpt2	distilbert/distilgpt2	False	7.460325286956504e-05	13.71040153503418
Ġbecause	1909	 because	3	distilbert/distilgpt2	distilbert/distilgpt2	False	0.00031501028570346534	11.63231372833252
Ġhe	1909	 he	4	distilbert/distilgpt2	distilbert/distilgpt2	False	0.3593176305294037	1.476668357849121
Mary	1910	Mary	0	distilbert/distilgpt2	distilbert/distilgpt2	False	1.0	0.0
Ġenlightened	1910	 enlightened	1	distilbert/distilgpt2	distilbert/distilgpt2	False	2.962011436125067e-08	25.008848190307617
ĠJohn	1910	 John	2	distilbert/distilgpt2	distilbert/distilgpt2	False	0.0001091308513423428	13.161653518676758
Ġbecause	1910	 because	3	distilbert/distilgpt2	distilbert/distilgpt2	False	0.0004665991000365466	11.065528869628906
Ġhe	1910	 he	4	distilbert/distilgpt2	distilbert/distilgpt2	False	0.3789551854133606	1.3999009132385254
David	1911	David	0	distilbert/distilgpt2	distilbert/distilgpt2	False	1.0	0.0
Ġenlightened	1911	 enlightened	1	distilbert/distilgpt2	distilbert/distilgpt2	False	2.5714333773407816e-08	25.212852478027344
ĠJohn	1911	 John	2	distilbert/distilgpt2	distilbert/distilgpt2	False	7.460325286956504e-05	13.71040153503418
Ġbecause	1911	 because	3	distilbert/distilgpt2	distilbert/distilgpt2	False	0.00031501028570346534	11.63231372833252
Ġhe	1911	 he	4	distilbert/distilgpt2	distilbert/distilgpt2	False	0.3593176305294037	1.476668357849121
Sarah	1912	Sarah	0	distilbert/distilgpt2	distilbert/distilgpt2	False	1.0	0.0
Ġenlightened	1912	 enlightened	1	distilbert/distilgpt2	distilbert/distilgpt2	False	1.857876519295587e-08	25.68177032470703
ĠJohn	1912	 John	2	distilbert/distilgpt2	distilbert/distilgpt2	False	0.00011766752868425101	13.052995681762695
Ġbecause	1912	 because	3	distilbert/distilgpt2	distilbert/distilgpt2	False	0.0008391162264160812	10.218841552734375
Ġhe	1912	 he	4	distilbert/distilgpt2	distilbert/distilgpt2	False	0.36392372846603394	1.458292007446289
Mary	1913	Mary	0	distilbert/distilgpt2	distilbert/distilgpt2	False	1.0	0.0
Ġenlightened	1913	 enlightened	1	distilbert/distilgpt2	distilbert/distilgpt2	False	2.962011436125067e-08	25.008848190307617
ĠSarah	1913	 Sarah	2	distilbert/distilgpt2	distilbert/distilgpt2	False	1.3077299627184402e-05	16.222576141357422
Ġbecause	1913	 because	3	distilbert/distilgpt2	distilbert/distilgpt2	False	0.001430498668923974	9.44926643371582
Ġshe	1913	 she	4	distilbert/distilgpt2	distilbert/distilgpt2	False	0.44159331917762756	1.17920982837677
John	1914	John	0	distilbert/distilgpt2	distilbert/distilgpt2	False	1.0	0.0
Ġenlightened	1914	 enlightened	1	distilbert/distilgpt2	distilbert/distilgpt2	False	2.245352348495544e-08	25.408483505249023
ĠSarah	1914	 Sarah	2	distilbert/distilgpt2	distilbert/distilgpt2	False	1.1051453839172609e-05	16.465404510498047
Ġbecause	1914	 because	3	distilbert/distilgpt2	distilbert/distilgpt2	False	0.0008783104713074863	10.152981758117676
Ġshe	1914	 she	4	distilbert/distilgpt2	distilbert/distilgpt2	False	0.40246325731277466	1.3130710124969482
Mary	1915	Mary	0	distilbert/distilgpt2	distilbert/distilgpt2	False	1.0	0.0
Ġenlightened	1915	 enlightened	1	distilbert/distilgpt2	distilbert/distilgpt2	False	2.962011436125067e-08	25.008848190307617
ĠSarah	1915	 Sarah	2	distilbert/distilgpt2	distilbert/distilgpt2	False	1.3077299627184402e-05	16.222576141357422
Ġbecause	1915	 because	3	distilbert/distilgpt2	distilbert/distilgpt2	False	0.001430498668923974	9.44926643371582
Ġshe	1915	 she	4	distilbert/distilgpt2	distilbert/distilgpt2	False	0.44159331917762756	1.17920982837677
David	1916	David	0	distilbert/distilgpt2	distilbert/distilgpt2	False	1.0	0.0
Ġenlightened	1916	 enlightened	1	distilbert/distilgpt2	distilbert/distilgpt2	False	2.5714333773407816e-08	25.212852478027344
ĠSarah	1916	 Sarah	2	distilbert/distilgpt2	distilbert/distilgpt2	False	9.053510439116508e-06	16.75309181213379
Ġbecause	1916	 because	3	distilbert/distilgpt2	distilbert/distilgpt2	False	0.0007602155674248934	10.36130428314209
Ġshe	1916	 she	4	distilbert/distilgpt2	distilbert/distilgpt2	False	0.3903541564941406	1.3571444749832153
Sarah	1917	Sarah	0	distilbert/distilgpt2	distilbert/distilgpt2	False	1.0	0.0
Ġenlightened	1917	 enlightened	1	distilbert/distilgpt2	distilbert/distilgpt2	False	1.857876519295587e-08	25.68177032470703
ĠMary	1917	 Mary	2	distilbert/distilgpt2	distilbert/distilgpt2	False	2.600369589345064e-05	15.230923652648926
Ġbecause	1917	 because	3	distilbert/distilgpt2	distilbert/distilgpt2	False	0.0007641427800990641	10.353870391845703
Ġshe	1917	 she	4	distilbert/distilgpt2	distilbert/distilgpt2	False	0.3823460042476654	1.3870493173599243
John	1918	John	0	distilbert/distilgpt2	distilbert/distilgpt2	False	1.0	0.0
Ġenlightened	1918	 enlightened	1	distilbert/distilgpt2	distilbert/distilgpt2	False	2.245352348495544e-08	25.408483505249023
ĠMary	1918	 Mary	2	distilbert/distilgpt2	distilbert/distilgpt2	False	1.939398134709336e-05	15.654031753540039
Ġbecause	1918	 because	3	distilbert/distilgpt2	distilbert/distilgpt2	False	0.000541091023478657	10.85184097290039
Ġshe	1918	 she	4	distilbert/distilgpt2	distilbert/distilgpt2	False	0.3823734521865845	1.3869457244873047
Sarah	1919	Sarah	0	distilbert/distilgpt2	distilbert/distilgpt2	False	1.0	0.0
Ġenlightened	1919	 enlightened	1	distilbert/distilgpt2	distilbert/distilgpt2	False	1.857876519295587e-08	25.68177032470703
ĠMary	1919	 Mary	2	distilbert/distilgpt2	distilbert/distilgpt2	False	2.600369589345064e-05	15.230923652648926
Ġbecause	1919	 because	3	distilbert/distilgpt2	distilbert/distilgpt2	False	0.0007641427800990641	10.353870391845703
Ġshe	1919	 she	4	distilbert/distilgpt2	distilbert/distilgpt2	False	0.3823460042476654	1.3870493173599243
David	1920	David	0	distilbert/distilgpt2	distilbert/distilgpt2	False	1.0	0.0
Ġenlightened	1920	 enlightened	1	distilbert/distilgpt2	distilbert/distilgpt2	False	2.5714333773407816e-08	25.212852478027344
ĠMary	1920	 Mary	2	distilbert/distilgpt2	distilbert/distilgpt2	False	1.3314436728251167e-05	16.1966495513916
Ġbecause	1920	 because	3	distilbert/distilgpt2	distilbert/distilgpt2	False	0.00038396826130338013	11.346725463867188
Ġshe	1920	 she	4	distilbert/distilgpt2	distilbert/distilgpt2	False	0.36436593532562256	1.4565401077270508
John	1921	John	0	distilbert/distilgpt2	distilbert/distilgpt2	False	1.0	0.0
Ġen	1921	 enlivened	1	distilbert/distilgpt2	distilbert/distilgpt2	False	2.8856616154371295e-06	18.402666091918945
l	1921	 enlivened	1	distilbert/distilgpt2	distilbert/distilgpt2	False	0.003702684538438916	8.0772123336792
iven	1921	 enlivened	1	distilbert/distilgpt2	distilbert/distilgpt2	False	0.8528734445571899	0.22959643602371216
ed	1921	 enlivened	1	distilbert/distilgpt2	distilbert/distilgpt2	False	0.3981195092201233	1.3287265300750732
ĠDavid	1921	 David	2	distilbert/distilgpt2	distilbert/distilgpt2	False	6.360460974974558e-05	13.940508842468262
Ġbecause	1921	 because	3	distilbert/distilgpt2	distilbert/distilgpt2	False	8.464781421935186e-05	13.528167724609375
Ġhe	1921	 he	4	distilbert/distilgpt2	distilbert/distilgpt2	False	0.3338671326637268	1.5826539993286133
Mary	1922	Mary	0	distilbert/distilgpt2	distilbert/distilgpt2	False	1.0	0.0
Ġen	1922	 enlivened	1	distilbert/distilgpt2	distilbert/distilgpt2	False	3.717505705935764e-06	18.037233352661133
l	1922	 enlivened	1	distilbert/distilgpt2	distilbert/distilgpt2	False	0.004966218490153551	7.653636455535889
iven	1922	 enlivened	1	distilbert/distilgpt2	distilbert/distilgpt2	False	0.8393129110336304	0.2527194023132324
ed	1922	 enlivened	1	distilbert/distilgpt2	distilbert/distilgpt2	False	0.45254722237586975	1.1438597440719604
ĠDavid	1922	 David	2	distilbert/distilgpt2	distilbert/distilgpt2	False	4.30213549407199e-05	14.504587173461914
Ġbecause	1922	 because	3	distilbert/distilgpt2	distilbert/distilgpt2	False	0.00011918053496629	13.034564018249512
Ġhe	1922	 he	4	distilbert/distilgpt2	distilbert/distilgpt2	False	0.3294069468975067	1.6020572185516357
John	1923	John	0	distilbert/distilgpt2	distilbert/distilgpt2	False	1.0	0.0
Ġen	1923	 enlivened	1	distilbert/distilgpt2	distilbert/distilgpt2	False	2.8856616154371295e-06	18.402666091918945
l	1923	 enlivened	1	distilbert/distilgpt2	distilbert/distilgpt2	False	0.003702684538438916	8.0772123336792
iven	1923	 enlivened	1	distilbert/distilgpt2	distilbert/distilgpt2	False	0.8528734445571899	0.22959643602371216
ed	1923	 enlivened	1	distilbert/distilgpt2	distilbert/distilgpt2	False	0.3981195092201233	1.3287265300750732
ĠDavid	1923	 David	2	distilbert/distilgpt2	distilbert/distilgpt2	False	6.360460974974558e-05	13.940508842468262
Ġbecause	1923	 because	3	distilbert/distilgpt2	distilbert/distilgpt2	False	8.464781421935186e-05	13.528167724609375
Ġhe	1923	 he	4	distilbert/distilgpt2	distilbert/distilgpt2	False	0.3338671326637268	1.5826539993286133
Sarah	1924	Sarah	0	distilbert/distilgpt2	distilbert/distilgpt2	False	1.0	0.0
Ġen	1924	 enlivened	1	distilbert/distilgpt2	distilbert/distilgpt2	False	3.3423063996451674e-06	18.190725326538086
l	1924	 enlivened	1	distilbert/distilgpt2	distilbert/distilgpt2	False	0.0030870481859892607	8.339556694030762
iven	1924	 enlivened	1	distilbert/distilgpt2	distilbert/distilgpt2	False	0.8422304391860962	0.24771299958229065
ed	1924	 enlivened	1	distilbert/distilgpt2	distilbert/distilgpt2	False	0.33377084136009216	1.583070158958435
ĠDavid	1924	 David	2	distilbert/distilgpt2	distilbert/distilgpt2	False	5.9144949773326516e-05	14.045385360717773
Ġbecause	1924	 because	3	distilbert/distilgpt2	distilbert/distilgpt2	False	9.111512918025255e-05	13.42194938659668
Ġhe	1924	 he	4	distilbert/distilgpt2	distilbert/distilgpt2	False	0.34673720598220825	1.528085470199585
David	1925	David	0	distilbert/distilgpt2	distilbert/distilgpt2	False	1.0	0.0
Ġen	1925	 enlivened	1	distilbert/distilgpt2	distilbert/distilgpt2	False	3.6240451208868762e-06	18.07396697998047
l	1925	 enlivened	1	distilbert/distilgpt2	distilbert/distilgpt2	False	0.004805718082934618	7.7010321617126465
iven	1925	 enlivened	1	distilbert/distilgpt2	distilbert/distilgpt2	False	0.8933312892913818	0.16273273527622223
ed	1925	 enlivened	1	distilbert/distilgpt2	distilbert/distilgpt2	False	0.5877920985221863	0.7666221857070923
ĠJohn	1925	 John	2	distilbert/distilgpt2	distilbert/distilgpt2	False	0.00011783294030465186	13.050969123840332
Ġbecause	1925	 because	3	distilbert/distilgpt2	distilbert/distilgpt2	False	0.00014103106514085084	12.791699409484863
Ġhe	1925	 he	4	distilbert/distilgpt2	distilbert/distilgpt2	False	0.34899958968162537	1.518702745437622
Mary	1926	Mary	0	distilbert/distilgpt2	distilbert/distilgpt2	False	1.0	0.0
Ġen	1926	 enlivened	1	distilbert/distilgpt2	distilbert/distilgpt2	False	3.717505705935764e-06	18.037233352661133
l	1926	 enlivened	1	distilbert/distilgpt2	distilbert/distilgpt2	False	0.004966218490153551	7.653636455535889
iven	1926	 enlivened	1	distilbert/distilgpt2	distilbert/distilgpt2	False	0.8393129110336304	0.2527194023132324
ed	1926	 enlivened	1	distilbert/distilgpt2	distilbert/distilgpt2	False	0.45254722237586975	1.1438597440719604
ĠJohn	1926	 John	2	distilbert/distilgpt2	distilbert/distilgpt2	False	8.135697135003284e-05	13.58537483215332
Ġbecause	1926	 because	3	distilbert/distilgpt2	distilbert/distilgpt2	False	0.00016491173300892115	12.566018104553223
Ġhe	1926	 he	4	distilbert/distilgpt2	distilbert/distilgpt2	False	0.358417272567749	1.480288028717041
David	1927	David	0	distilbert/distilgpt2	distilbert/distilgpt2	False	1.0	0.0
Ġen	1927	 enlivened	1	distilbert/distilgpt2	distilbert/distilgpt2	False	3.6240451208868762e-06	18.07396697998047
l	1927	 enlivened	1	distilbert/distilgpt2	distilbert/distilgpt2	False	0.004805718082934618	7.7010321617126465
iven	1927	 enlivened	1	distilbert/distilgpt2	distilbert/distilgpt2	False	0.8933312892913818	0.16273273527622223
ed	1927	 enlivened	1	distilbert/distilgpt2	distilbert/distilgpt2	False	0.5877920985221863	0.7666221857070923
ĠJohn	1927	 John	2	distilbert/distilgpt2	distilbert/distilgpt2	False	0.00011783294030465186	13.050969123840332
Ġbecause	1927	 because	3	distilbert/distilgpt2	distilbert/distilgpt2	False	0.00014103106514085084	12.791699409484863
Ġhe	1927	 he	4	distilbert/distilgpt2	distilbert/distilgpt2	False	0.34899958968162537	1.518702745437622
Sarah	1928	Sarah	0	distilbert/distilgpt2	distilbert/distilgpt2	False	1.0	0.0
Ġen	1928	 enlivened	1	distilbert/distilgpt2	distilbert/distilgpt2	False	3.3423063996451674e-06	18.190725326538086
l	1928	 enlivened	1	distilbert/distilgpt2	distilbert/distilgpt2	False	0.0030870481859892607	8.339556694030762
iven	1928	 enlivened	1	distilbert/distilgpt2	distilbert/distilgpt2	False	0.8422304391860962	0.24771299958229065
ed	1928	 enlivened	1	distilbert/distilgpt2	distilbert/distilgpt2	False	0.33377084136009216	1.583070158958435
ĠJohn	1928	 John	2	distilbert/distilgpt2	distilbert/distilgpt2	False	6.894121906952932e-05	13.824274063110352
Ġbecause	1928	 because	3	distilbert/distilgpt2	distilbert/distilgpt2	False	0.0002358379861107096	12.04991626739502
Ġhe	1928	 he	4	distilbert/distilgpt2	distilbert/distilgpt2	False	0.3520730435848236	1.5060533285140991
Mary	1929	Mary	0	distilbert/distilgpt2	distilbert/distilgpt2	False	1.0	0.0
Ġen	1929	 enlivened	1	distilbert/distilgpt2	distilbert/distilgpt2	False	3.717505705935764e-06	18.037233352661133
l	1929	 enlivened	1	distilbert/distilgpt2	distilbert/distilgpt2	False	0.004966218490153551	7.653636455535889
iven	1929	 enlivened	1	distilbert/distilgpt2	distilbert/distilgpt2	False	0.8393129110336304	0.2527194023132324
ed	1929	 enlivened	1	distilbert/distilgpt2	distilbert/distilgpt2	False	0.45254722237586975	1.1438597440719604
ĠSarah	1929	 Sarah	2	distilbert/distilgpt2	distilbert/distilgpt2	False	1.036261073750211e-05	16.558252334594727
Ġbecause	1929	 because	3	distilbert/distilgpt2	distilbert/distilgpt2	False	0.0004424098879098892	11.142328262329102
Ġshe	1929	 she	4	distilbert/distilgpt2	distilbert/distilgpt2	False	0.4145505726337433	1.2703800201416016
John	1930	John	0	distilbert/distilgpt2	distilbert/distilgpt2	False	1.0	0.0
Ġen	1930	 enlivened	1	distilbert/distilgpt2	distilbert/distilgpt2	False	2.8856616154371295e-06	18.402666091918945
l	1930	 enlivened	1	distilbert/distilgpt2	distilbert/distilgpt2	False	0.003702684538438916	8.0772123336792
iven	1930	 enlivened	1	distilbert/distilgpt2	distilbert/distilgpt2	False	0.8528734445571899	0.22959643602371216
ed	1930	 enlivened	1	distilbert/distilgpt2	distilbert/distilgpt2	False	0.3981195092201233	1.3287265300750732
ĠSarah	1930	 Sarah	2	distilbert/distilgpt2	distilbert/distilgpt2	False	9.15357577468967e-06	16.737234115600586
Ġbecause	1930	 because	3	distilbert/distilgpt2	distilbert/distilgpt2	False	0.0003065742494072765	11.671476364135742
Ġshe	1930	 she	4	distilbert/distilgpt2	distilbert/distilgpt2	False	0.38332656025886536	1.3833541870117188
Mary	1931	Mary	0	distilbert/distilgpt2	distilbert/distilgpt2	False	1.0	0.0
Ġen	1931	 enlivened	1	distilbert/distilgpt2	distilbert/distilgpt2	False	3.717505705935764e-06	18.037233352661133
l	1931	 enlivened	1	distilbert/distilgpt2	distilbert/distilgpt2	False	0.004966218490153551	7.653636455535889
iven	1931	 enlivened	1	distilbert/distilgpt2	distilbert/distilgpt2	False	0.8393129110336304	0.2527194023132324
ed	1931	 enlivened	1	distilbert/distilgpt2	distilbert/distilgpt2	False	0.45254722237586975	1.1438597440719604
ĠSarah	1931	 Sarah	2	distilbert/distilgpt2	distilbert/distilgpt2	False	1.036261073750211e-05	16.558252334594727
Ġbecause	1931	 because	3	distilbert/distilgpt2	distilbert/distilgpt2	False	0.0004424098879098892	11.142328262329102
Ġshe	1931	 she	4	distilbert/distilgpt2	distilbert/distilgpt2	False	0.4145505726337433	1.2703800201416016
David	1932	David	0	distilbert/distilgpt2	distilbert/distilgpt2	False	1.0	0.0
Ġen	1932	 enlivened	1	distilbert/distilgpt2	distilbert/distilgpt2	False	3.6240451208868762e-06	18.07396697998047
l	1932	 enlivened	1	distilbert/distilgpt2	distilbert/distilgpt2	False	0.004805718082934618	7.7010321617126465
iven	1932	 enlivened	1	distilbert/distilgpt2	distilbert/distilgpt2	False	0.8933312892913818	0.16273273527622223
ed	1932	 enlivened	1	distilbert/distilgpt2	distilbert/distilgpt2	False	0.5877920985221863	0.7666221857070923
ĠSarah	1932	 Sarah	2	distilbert/distilgpt2	distilbert/distilgpt2	False	1.1087039638368879e-05	16.460765838623047
Ġbecause	1932	 because	3	distilbert/distilgpt2	distilbert/distilgpt2	False	0.00020524459250736982	12.250368118286133
Ġshe	1932	 she	4	distilbert/distilgpt2	distilbert/distilgpt2	False	0.3810279071331024	1.3920314311981201
Sarah	1933	Sarah	0	distilbert/distilgpt2	distilbert/distilgpt2	False	1.0	0.0
Ġen	1933	 enlivened	1	distilbert/distilgpt2	distilbert/distilgpt2	False	3.3423063996451674e-06	18.190725326538086
l	1933	 enlivened	1	distilbert/distilgpt2	distilbert/distilgpt2	False	0.0030870481859892607	8.339556694030762
iven	1933	 enlivened	1	distilbert/distilgpt2	distilbert/distilgpt2	False	0.8422304391860962	0.24771299958229065
ed	1933	 enlivened	1	distilbert/distilgpt2	distilbert/distilgpt2	False	0.33377084136009216	1.583070158958435
ĠMary	1933	 Mary	2	distilbert/distilgpt2	distilbert/distilgpt2	False	2.3121945559978485e-05	15.40037727355957
Ġbecause	1933	 because	3	distilbert/distilgpt2	distilbert/distilgpt2	False	0.00022780596918892115	12.099906921386719
Ġshe	1933	 she	4	distilbert/distilgpt2	distilbert/distilgpt2	False	0.3560509979724884	1.4898442029953003
John	1934	John	0	distilbert/distilgpt2	distilbert/distilgpt2	False	1.0	0.0
Ġen	1934	 enlivened	1	distilbert/distilgpt2	distilbert/distilgpt2	False	2.8856616154371295e-06	18.402666091918945
l	1934	 enlivened	1	distilbert/distilgpt2	distilbert/distilgpt2	False	0.003702684538438916	8.0772123336792
iven	1934	 enlivened	1	distilbert/distilgpt2	distilbert/distilgpt2	False	0.8528734445571899	0.22959643602371216
ed	1934	 enlivened	1	distilbert/distilgpt2	distilbert/distilgpt2	False	0.3981195092201233	1.3287265300750732
ĠMary	1934	 Mary	2	distilbert/distilgpt2	distilbert/distilgpt2	False	2.1096706404932775e-05	15.532622337341309
Ġbecause	1934	 because	3	distilbert/distilgpt2	distilbert/distilgpt2	False	0.00032742394250817597	11.576552391052246
Ġshe	1934	 she	4	distilbert/distilgpt2	distilbert/distilgpt2	False	0.35951218008995056	1.4758875370025635
Sarah	1935	Sarah	0	distilbert/distilgpt2	distilbert/distilgpt2	False	1.0	0.0
Ġen	1935	 enlivened	1	distilbert/distilgpt2	distilbert/distilgpt2	False	3.3423063996451674e-06	18.190725326538086
l	1935	 enlivened	1	distilbert/distilgpt2	distilbert/distilgpt2	False	0.0030870481859892607	8.339556694030762
iven	1935	 enlivened	1	distilbert/distilgpt2	distilbert/distilgpt2	False	0.8422304391860962	0.24771299958229065
ed	1935	 enlivened	1	distilbert/distilgpt2	distilbert/distilgpt2	False	0.33377084136009216	1.583070158958435
ĠMary	1935	 Mary	2	distilbert/distilgpt2	distilbert/distilgpt2	False	2.3121945559978485e-05	15.40037727355957
Ġbecause	1935	 because	3	distilbert/distilgpt2	distilbert/distilgpt2	False	0.00022780596918892115	12.099906921386719
Ġshe	1935	 she	4	distilbert/distilgpt2	distilbert/distilgpt2	False	0.3560509979724884	1.4898442029953003
David	1936	David	0	distilbert/distilgpt2	distilbert/distilgpt2	False	1.0	0.0
Ġen	1936	 enlivened	1	distilbert/distilgpt2	distilbert/distilgpt2	False	3.6240451208868762e-06	18.07396697998047
l	1936	 enlivened	1	distilbert/distilgpt2	distilbert/distilgpt2	False	0.004805718082934618	7.7010321617126465
iven	1936	 enlivened	1	distilbert/distilgpt2	distilbert/distilgpt2	False	0.8933312892913818	0.16273273527622223
ed	1936	 enlivened	1	distilbert/distilgpt2	distilbert/distilgpt2	False	0.5877920985221863	0.7666221857070923
ĠMary	1936	 Mary	2	distilbert/distilgpt2	distilbert/distilgpt2	False	2.5671371986391023e-05	15.249480247497559
Ġbecause	1936	 because	3	distilbert/distilgpt2	distilbert/distilgpt2	False	0.0002255119034089148	12.114508628845215
Ġshe	1936	 she	4	distilbert/distilgpt2	distilbert/distilgpt2	False	0.3552412688732147	1.4931288957595825
John	1937	John	0	distilbert/distilgpt2	distilbert/distilgpt2	False	1.0	0.0
Ġenraged	1937	 enraged	1	distilbert/distilgpt2	distilbert/distilgpt2	False	9.039881732064714e-09	26.72104835510254
ĠDavid	1937	 David	2	distilbert/distilgpt2	distilbert/distilgpt2	False	0.00019348472415003926	12.335493087768555
Ġbecause	1937	 because	3	distilbert/distilgpt2	distilbert/distilgpt2	False	0.0004412955604493618	11.145967483520508
Ġhe	1937	 he	4	distilbert/distilgpt2	distilbert/distilgpt2	False	0.40589848160743713	1.3008091449737549
Mary	1938	Mary	0	distilbert/distilgpt2	distilbert/distilgpt2	False	1.0	0.0
Ġenraged	1938	 enraged	1	distilbert/distilgpt2	distilbert/distilgpt2	False	9.901230058062538e-09	26.589744567871094
ĠDavid	1938	 David	2	distilbert/distilgpt2	distilbert/distilgpt2	False	0.00011993808584520593	13.025422096252441
Ġbecause	1938	 because	3	distilbert/distilgpt2	distilbert/distilgpt2	False	0.0007287580519914627	10.422272682189941
Ġhe	1938	 he	4	distilbert/distilgpt2	distilbert/distilgpt2	False	0.4002295136451721	1.3211005926132202
John	1939	John	0	distilbert/distilgpt2	distilbert/distilgpt2	False	1.0	0.0
Ġenraged	1939	 enraged	1	distilbert/distilgpt2	distilbert/distilgpt2	False	9.039881732064714e-09	26.72104835510254
ĠDavid	1939	 David	2	distilbert/distilgpt2	distilbert/distilgpt2	False	0.00019348472415003926	12.335493087768555
Ġbecause	1939	 because	3	distilbert/distilgpt2	distilbert/distilgpt2	False	0.0004412955604493618	11.145967483520508
Ġhe	1939	 he	4	distilbert/distilgpt2	distilbert/distilgpt2	False	0.40589848160743713	1.3008091449737549
Sarah	1940	Sarah	0	distilbert/distilgpt2	distilbert/distilgpt2	False	1.0	0.0
Ġenraged	1940	 enraged	1	distilbert/distilgpt2	distilbert/distilgpt2	False	8.922728333971008e-09	26.7398681640625
ĠDavid	1940	 David	2	distilbert/distilgpt2	distilbert/distilgpt2	False	0.00021745194680988789	12.16701602935791
Ġbecause	1940	 because	3	distilbert/distilgpt2	distilbert/distilgpt2	False	0.0003358531685080379	11.539881706237793
Ġhe	1940	 he	4	distilbert/distilgpt2	distilbert/distilgpt2	False	0.4032191336154938	1.310364007949829
David	1941	David	0	distilbert/distilgpt2	distilbert/distilgpt2	False	1.0	0.0
Ġenraged	1941	 enraged	1	distilbert/distilgpt2	distilbert/distilgpt2	False	9.705668269077705e-09	26.6185245513916
ĠJohn	1941	 John	2	distilbert/distilgpt2	distilbert/distilgpt2	False	0.00026712429826147854	11.870201110839844
Ġbecause	1941	 because	3	distilbert/distilgpt2	distilbert/distilgpt2	False	0.0005932991043664515	10.718953132629395
Ġhe	1941	 he	4	distilbert/distilgpt2	distilbert/distilgpt2	False	0.40234020352363586	1.3135122060775757
Mary	1942	Mary	0	distilbert/distilgpt2	distilbert/distilgpt2	False	1.0	0.0
Ġenraged	1942	 enraged	1	distilbert/distilgpt2	distilbert/distilgpt2	False	9.901230058062538e-09	26.589744567871094
ĠJohn	1942	 John	2	distilbert/distilgpt2	distilbert/distilgpt2	False	0.00018656195607036352	12.388057708740234
Ġbecause	1942	 because	3	distilbert/distilgpt2	distilbert/distilgpt2	False	0.001444985973648727	9.434728622436523
Ġhe	1942	 he	4	distilbert/distilgpt2	distilbert/distilgpt2	False	0.3966379761695862	1.334105372428894
David	1943	David	0	distilbert/distilgpt2	distilbert/distilgpt2	False	1.0	0.0
Ġenraged	1943	 enraged	1	distilbert/distilgpt2	distilbert/distilgpt2	False	9.705668269077705e-09	26.6185245513916
ĠJohn	1943	 John	2	distilbert/distilgpt2	distilbert/distilgpt2	False	0.00026712429826147854	11.870201110839844
Ġbecause	1943	 because	3	distilbert/distilgpt2	distilbert/distilgpt2	False	0.0005932991043664515	10.718953132629395
Ġhe	1943	 he	4	distilbert/distilgpt2	distilbert/distilgpt2	False	0.40234020352363586	1.3135122060775757
Sarah	1944	Sarah	0	distilbert/distilgpt2	distilbert/distilgpt2	False	1.0	0.0
Ġenraged	1944	 enraged	1	distilbert/distilgpt2	distilbert/distilgpt2	False	8.922728333971008e-09	26.7398681640625
ĠJohn	1944	 John	2	distilbert/distilgpt2	distilbert/distilgpt2	False	0.0003156673919875175	11.62930679321289
Ġbecause	1944	 because	3	distilbert/distilgpt2	distilbert/distilgpt2	False	0.0018676616018638015	9.06455135345459
Ġhe	1944	 he	4	distilbert/distilgpt2	distilbert/distilgpt2	False	0.3953099548816681	1.3389438390731812
Mary	1945	Mary	0	distilbert/distilgpt2	distilbert/distilgpt2	False	1.0	0.0
Ġenraged	1945	 enraged	1	distilbert/distilgpt2	distilbert/distilgpt2	False	9.901230058062538e-09	26.589744567871094
ĠSarah	1945	 Sarah	2	distilbert/distilgpt2	distilbert/distilgpt2	False	3.674183608382009e-05	14.732216835021973
Ġbecause	1945	 because	3	distilbert/distilgpt2	distilbert/distilgpt2	False	0.0026213093660771847	8.575496673583984
Ġshe	1945	 she	4	distilbert/distilgpt2	distilbert/distilgpt2	False	0.47426605224609375	1.0762314796447754
John	1946	John	0	distilbert/distilgpt2	distilbert/distilgpt2	False	1.0	0.0
Ġenraged	1946	 enraged	1	distilbert/distilgpt2	distilbert/distilgpt2	False	9.039881732064714e-09	26.72104835510254
ĠSarah	1946	 Sarah	2	distilbert/distilgpt2	distilbert/distilgpt2	False	5.928703467361629e-05	14.041923522949219
Ġbecause	1946	 because	3	distilbert/distilgpt2	distilbert/distilgpt2	False	0.0012049688957631588	9.696788787841797
Ġshe	1946	 she	4	distilbert/distilgpt2	distilbert/distilgpt2	False	0.4643864929676056	1.1066020727157593
Mary	1947	Mary	0	distilbert/distilgpt2	distilbert/distilgpt2	False	1.0	0.0
Ġenraged	1947	 enraged	1	distilbert/distilgpt2	distilbert/distilgpt2	False	9.901230058062538e-09	26.589744567871094
ĠSarah	1947	 Sarah	2	distilbert/distilgpt2	distilbert/distilgpt2	False	3.674183608382009e-05	14.732216835021973
Ġbecause	1947	 because	3	distilbert/distilgpt2	distilbert/distilgpt2	False	0.0026213093660771847	8.575496673583984
Ġshe	1947	 she	4	distilbert/distilgpt2	distilbert/distilgpt2	False	0.47426605224609375	1.0762314796447754
David	1948	David	0	distilbert/distilgpt2	distilbert/distilgpt2	False	1.0	0.0
Ġenraged	1948	 enraged	1	distilbert/distilgpt2	distilbert/distilgpt2	False	9.705668269077705e-09	26.6185245513916
ĠSarah	1948	 Sarah	2	distilbert/distilgpt2	distilbert/distilgpt2	False	4.886790702585131e-05	14.32075309753418
Ġbecause	1948	 because	3	distilbert/distilgpt2	distilbert/distilgpt2	False	0.0003194310120306909	11.612208366394043
Ġshe	1948	 she	4	distilbert/distilgpt2	distilbert/distilgpt2	False	0.4430820941925049	1.174354076385498
Sarah	1949	Sarah	0	distilbert/distilgpt2	distilbert/distilgpt2	False	1.0	0.0
Ġenraged	1949	 enraged	1	distilbert/distilgpt2	distilbert/distilgpt2	False	8.922728333971008e-09	26.7398681640625
ĠMary	1949	 Mary	2	distilbert/distilgpt2	distilbert/distilgpt2	False	0.00014149112394079566	12.78700065612793
Ġbecause	1949	 because	3	distilbert/distilgpt2	distilbert/distilgpt2	False	0.001600281335413456	9.287458419799805
Ġshe	1949	 she	4	distilbert/distilgpt2	distilbert/distilgpt2	False	0.42008957266807556	1.2512311935424805
John	1950	John	0	distilbert/distilgpt2	distilbert/distilgpt2	False	1.0	0.0
Ġenraged	1950	 enraged	1	distilbert/distilgpt2	distilbert/distilgpt2	False	9.039881732064714e-09	26.72104835510254
ĠMary	1950	 Mary	2	distilbert/distilgpt2	distilbert/distilgpt2	False	0.00012008973862975836	13.023599624633789
Ġbecause	1950	 because	3	distilbert/distilgpt2	distilbert/distilgpt2	False	0.0018218475161120296	9.100381851196289
Ġshe	1950	 she	4	distilbert/distilgpt2	distilbert/distilgpt2	False	0.4263903498649597	1.2297533750534058
Sarah	1951	Sarah	0	distilbert/distilgpt2	distilbert/distilgpt2	False	1.0	0.0
Ġenraged	1951	 enraged	1	distilbert/distilgpt2	distilbert/distilgpt2	False	8.922728333971008e-09	26.7398681640625
ĠMary	1951	 Mary	2	distilbert/distilgpt2	distilbert/distilgpt2	False	0.00014149112394079566	12.78700065612793
Ġbecause	1951	 because	3	distilbert/distilgpt2	distilbert/distilgpt2	False	0.001600281335413456	9.287458419799805
Ġshe	1951	 she	4	distilbert/distilgpt2	distilbert/distilgpt2	False	0.42008957266807556	1.2512311935424805
David	1952	David	0	distilbert/distilgpt2	distilbert/distilgpt2	False	1.0	0.0
Ġenraged	1952	 enraged	1	distilbert/distilgpt2	distilbert/distilgpt2	False	9.705668269077705e-09	26.6185245513916
ĠMary	1952	 Mary	2	distilbert/distilgpt2	distilbert/distilgpt2	False	8.605555922258645e-05	13.504372596740723
Ġbecause	1952	 because	3	distilbert/distilgpt2	distilbert/distilgpt2	False	0.0009167282842099667	10.091217994689941
Ġshe	1952	 she	4	distilbert/distilgpt2	distilbert/distilgpt2	False	0.41212382912635803	1.2788501977920532
John	1953	John	0	distilbert/distilgpt2	distilbert/distilgpt2	False	1.0	0.0
Ġent	1953	 enthralled	1	distilbert/distilgpt2	distilbert/distilgpt2	False	4.6933814701333176e-07	21.022869110107422
hr	1953	 enthralled	1	distilbert/distilgpt2	distilbert/distilgpt2	False	0.049098432064056396	4.348179340362549
alled	1953	 enthralled	1	distilbert/distilgpt2	distilbert/distilgpt2	False	0.6911625862121582	0.5329030156135559
ĠDavid	1953	 David	2	distilbert/distilgpt2	distilbert/distilgpt2	False	0.0007760712178424001	10.331522941589355
Ġbecause	1953	 because	3	distilbert/distilgpt2	distilbert/distilgpt2	False	0.0004068732960149646	11.26313304901123
Ġhe	1953	 he	4	distilbert/distilgpt2	distilbert/distilgpt2	False	0.3824653625488281	1.386599063873291
Mary	1954	Mary	0	distilbert/distilgpt2	distilbert/distilgpt2	False	1.0	0.0
Ġent	1954	 enthralled	1	distilbert/distilgpt2	distilbert/distilgpt2	False	4.609565849023056e-07	21.048866271972656
hr	1954	 enthralled	1	distilbert/distilgpt2	distilbert/distilgpt2	False	0.04718964546918869	4.405385971069336
alled	1954	 enthralled	1	distilbert/distilgpt2	distilbert/distilgpt2	False	0.5567392110824585	0.8449265360832214
ĠDavid	1954	 David	2	distilbert/distilgpt2	distilbert/distilgpt2	False	0.0005223359912633896	10.90273380279541
Ġbecause	1954	 because	3	distilbert/distilgpt2	distilbert/distilgpt2	False	0.0008127271430566907	10.264941215515137
Ġhe	1954	 he	4	distilbert/distilgpt2	distilbert/distilgpt2	False	0.3905477225780487	1.3564293384552002
John	1955	John	0	distilbert/distilgpt2	distilbert/distilgpt2	False	1.0	0.0
Ġent	1955	 enthralled	1	distilbert/distilgpt2	distilbert/distilgpt2	False	4.6933814701333176e-07	21.022869110107422
hr	1955	 enthralled	1	distilbert/distilgpt2	distilbert/distilgpt2	False	0.049098432064056396	4.348179340362549
alled	1955	 enthralled	1	distilbert/distilgpt2	distilbert/distilgpt2	False	0.6911625862121582	0.5329030156135559
ĠDavid	1955	 David	2	distilbert/distilgpt2	distilbert/distilgpt2	False	0.0007760712178424001	10.331522941589355
Ġbecause	1955	 because	3	distilbert/distilgpt2	distilbert/distilgpt2	False	0.0004068732960149646	11.26313304901123
Ġhe	1955	 he	4	distilbert/distilgpt2	distilbert/distilgpt2	False	0.3824653625488281	1.386599063873291
Sarah	1956	Sarah	0	distilbert/distilgpt2	distilbert/distilgpt2	False	1.0	0.0
Ġent	1956	 enthralled	1	distilbert/distilgpt2	distilbert/distilgpt2	False	4.59623890947114e-07	21.053043365478516
hr	1956	 enthralled	1	distilbert/distilgpt2	distilbert/distilgpt2	False	0.06225801631808281	4.00559663772583
alled	1956	 enthralled	1	distilbert/distilgpt2	distilbert/distilgpt2	False	0.7263059020042419	0.46135076880455017
ĠDavid	1956	 David	2	distilbert/distilgpt2	distilbert/distilgpt2	False	0.0006018602289259434	10.698284149169922
Ġbecause	1956	 because	3	distilbert/distilgpt2	distilbert/distilgpt2	False	0.0004764276382047683	11.035455703735352
Ġhe	1956	 he	4	distilbert/distilgpt2	distilbert/distilgpt2	False	0.38473108410835266	1.378077745437622
David	1957	David	0	distilbert/distilgpt2	distilbert/distilgpt2	False	1.0	0.0
Ġent	1957	 enthralled	1	distilbert/distilgpt2	distilbert/distilgpt2	False	5.439637789095286e-07	20.809986114501953
hr	1957	 enthralled	1	distilbert/distilgpt2	distilbert/distilgpt2	False	0.046353839337825775	4.4311676025390625
alled	1957	 enthralled	1	distilbert/distilgpt2	distilbert/distilgpt2	False	0.9193294048309326	0.12134616076946259
ĠJohn	1957	 John	2	distilbert/distilgpt2	distilbert/distilgpt2	False	0.0012229264248162508	9.675446510314941
Ġbecause	1957	 because	3	distilbert/distilgpt2	distilbert/distilgpt2	False	0.0006148169049993157	10.667555809020996
Ġhe	1957	 he	4	distilbert/distilgpt2	distilbert/distilgpt2	False	0.3690401315689087	1.438150405883789
Mary	1958	Mary	0	distilbert/distilgpt2	distilbert/distilgpt2	False	1.0	0.0
Ġent	1958	 enthralled	1	distilbert/distilgpt2	distilbert/distilgpt2	False	4.609565849023056e-07	21.048866271972656
hr	1958	 enthralled	1	distilbert/distilgpt2	distilbert/distilgpt2	False	0.04718964546918869	4.405385971069336
alled	1958	 enthralled	1	distilbert/distilgpt2	distilbert/distilgpt2	False	0.5567392110824585	0.8449265360832214
ĠJohn	1958	 John	2	distilbert/distilgpt2	distilbert/distilgpt2	False	0.0010185729479417205	9.939234733581543
Ġbecause	1958	 because	3	distilbert/distilgpt2	distilbert/distilgpt2	False	0.0010595371713861823	9.882349967956543
Ġhe	1958	 he	4	distilbert/distilgpt2	distilbert/distilgpt2	False	0.40956705808639526	1.2878284454345703
David	1959	David	0	distilbert/distilgpt2	distilbert/distilgpt2	False	1.0	0.0
Ġent	1959	 enthralled	1	distilbert/distilgpt2	distilbert/distilgpt2	False	5.439637789095286e-07	20.809986114501953
hr	1959	 enthralled	1	distilbert/distilgpt2	distilbert/distilgpt2	False	0.046353839337825775	4.4311676025390625
alled	1959	 enthralled	1	distilbert/distilgpt2	distilbert/distilgpt2	False	0.9193294048309326	0.12134616076946259
ĠJohn	1959	 John	2	distilbert/distilgpt2	distilbert/distilgpt2	False	0.0012229264248162508	9.675446510314941
Ġbecause	1959	 because	3	distilbert/distilgpt2	distilbert/distilgpt2	False	0.0006148169049993157	10.667555809020996
Ġhe	1959	 he	4	distilbert/distilgpt2	distilbert/distilgpt2	False	0.3690401315689087	1.438150405883789
Sarah	1960	Sarah	0	distilbert/distilgpt2	distilbert/distilgpt2	False	1.0	0.0
Ġent	1960	 enthralled	1	distilbert/distilgpt2	distilbert/distilgpt2	False	4.59623890947114e-07	21.053043365478516
hr	1960	 enthralled	1	distilbert/distilgpt2	distilbert/distilgpt2	False	0.06225801631808281	4.00559663772583
alled	1960	 enthralled	1	distilbert/distilgpt2	distilbert/distilgpt2	False	0.7263059020042419	0.46135076880455017
ĠJohn	1960	 John	2	distilbert/distilgpt2	distilbert/distilgpt2	False	0.0008207583450712264	10.250754356384277
Ġbecause	1960	 because	3	distilbert/distilgpt2	distilbert/distilgpt2	False	0.001240370562300086	9.655013084411621
Ġhe	1960	 he	4	distilbert/distilgpt2	distilbert/distilgpt2	False	0.39287474751472473	1.3478586673736572
Mary	1961	Mary	0	distilbert/distilgpt2	distilbert/distilgpt2	False	1.0	0.0
Ġent	1961	 enthralled	1	distilbert/distilgpt2	distilbert/distilgpt2	False	4.609565849023056e-07	21.048866271972656
hr	1961	 enthralled	1	distilbert/distilgpt2	distilbert/distilgpt2	False	0.04718964546918869	4.405385971069336
alled	1961	 enthralled	1	distilbert/distilgpt2	distilbert/distilgpt2	False	0.5567392110824585	0.8449265360832214
ĠSarah	1961	 Sarah	2	distilbert/distilgpt2	distilbert/distilgpt2	False	0.00013472751015797257	12.857667922973633
Ġbecause	1961	 because	3	distilbert/distilgpt2	distilbert/distilgpt2	False	0.001796174212358892	9.120857238769531
Ġshe	1961	 she	4	distilbert/distilgpt2	distilbert/distilgpt2	False	0.4662228524684906	1.1009083986282349
John	1962	John	0	distilbert/distilgpt2	distilbert/distilgpt2	False	1.0	0.0
Ġent	1962	 enthralled	1	distilbert/distilgpt2	distilbert/distilgpt2	False	4.6933814701333176e-07	21.022869110107422
hr	1962	 enthralled	1	distilbert/distilgpt2	distilbert/distilgpt2	False	0.049098432064056396	4.348179340362549
alled	1962	 enthralled	1	distilbert/distilgpt2	distilbert/distilgpt2	False	0.6911625862121582	0.5329030156135559
ĠSarah	1962	 Sarah	2	distilbert/distilgpt2	distilbert/distilgpt2	False	0.00012857529509346932	12.925098419189453
Ġbecause	1962	 because	3	distilbert/distilgpt2	distilbert/distilgpt2	False	0.0008102251449599862	10.269389152526855
Ġshe	1962	 she	4	distilbert/distilgpt2	distilbert/distilgpt2	False	0.43126264214515686	1.213361382484436
Mary	1963	Mary	0	distilbert/distilgpt2	distilbert/distilgpt2	False	1.0	0.0
Ġent	1963	 enthralled	1	distilbert/distilgpt2	distilbert/distilgpt2	False	4.609565849023056e-07	21.048866271972656
hr	1963	 enthralled	1	distilbert/distilgpt2	distilbert/distilgpt2	False	0.04718964546918869	4.405385971069336
alled	1963	 enthralled	1	distilbert/distilgpt2	distilbert/distilgpt2	False	0.5567392110824585	0.8449265360832214
ĠSarah	1963	 Sarah	2	distilbert/distilgpt2	distilbert/distilgpt2	False	0.00013472751015797257	12.857667922973633
Ġbecause	1963	 because	3	distilbert/distilgpt2	distilbert/distilgpt2	False	0.001796174212358892	9.120857238769531
Ġshe	1963	 she	4	distilbert/distilgpt2	distilbert/distilgpt2	False	0.4662228524684906	1.1009083986282349
David	1964	David	0	distilbert/distilgpt2	distilbert/distilgpt2	False	1.0	0.0
Ġent	1964	 enthralled	1	distilbert/distilgpt2	distilbert/distilgpt2	False	5.439637789095286e-07	20.809986114501953
hr	1964	 enthralled	1	distilbert/distilgpt2	distilbert/distilgpt2	False	0.046353839337825775	4.4311676025390625
alled	1964	 enthralled	1	distilbert/distilgpt2	distilbert/distilgpt2	False	0.9193294048309326	0.12134616076946259
ĠSarah	1964	 Sarah	2	distilbert/distilgpt2	distilbert/distilgpt2	False	0.0001312343229074031	12.895566940307617
Ġbecause	1964	 because	3	distilbert/distilgpt2	distilbert/distilgpt2	False	0.0004787642101291567	11.028397560119629
Ġshe	1964	 she	4	distilbert/distilgpt2	distilbert/distilgpt2	False	0.40860649943351746	1.2912160158157349
Sarah	1965	Sarah	0	distilbert/distilgpt2	distilbert/distilgpt2	False	1.0	0.0
Ġent	1965	 enthralled	1	distilbert/distilgpt2	distilbert/distilgpt2	False	4.59623890947114e-07	21.053043365478516
hr	1965	 enthralled	1	distilbert/distilgpt2	distilbert/distilgpt2	False	0.06225801631808281	4.00559663772583
alled	1965	 enthralled	1	distilbert/distilgpt2	distilbert/distilgpt2	False	0.7263059020042419	0.46135076880455017
ĠMary	1965	 Mary	2	distilbert/distilgpt2	distilbert/distilgpt2	False	0.00023550850164610893	12.051933288574219
Ġbecause	1965	 because	3	distilbert/distilgpt2	distilbert/distilgpt2	False	0.0009628270636312664	10.020435333251953
Ġshe	1965	 she	4	distilbert/distilgpt2	distilbert/distilgpt2	False	0.4072819948196411	1.2959001064300537
John	1966	John	0	distilbert/distilgpt2	distilbert/distilgpt2	False	1.0	0.0
Ġent	1966	 enthralled	1	distilbert/distilgpt2	distilbert/distilgpt2	False	4.6933814701333176e-07	21.022869110107422
hr	1966	 enthralled	1	distilbert/distilgpt2	distilbert/distilgpt2	False	0.049098432064056396	4.348179340362549
alled	1966	 enthralled	1	distilbert/distilgpt2	distilbert/distilgpt2	False	0.6911625862121582	0.5329030156135559
ĠMary	1966	 Mary	2	distilbert/distilgpt2	distilbert/distilgpt2	False	0.00020703313930425793	12.237850189208984
Ġbecause	1966	 because	3	distilbert/distilgpt2	distilbert/distilgpt2	False	0.0012927522184327245	9.595338821411133
Ġshe	1966	 she	4	distilbert/distilgpt2	distilbert/distilgpt2	False	0.4097896218299866	1.287044644355774
Sarah	1967	Sarah	0	distilbert/distilgpt2	distilbert/distilgpt2	False	1.0	0.0
Ġent	1967	 enthralled	1	distilbert/distilgpt2	distilbert/distilgpt2	False	4.59623890947114e-07	21.053043365478516
hr	1967	 enthralled	1	distilbert/distilgpt2	distilbert/distilgpt2	False	0.06225801631808281	4.00559663772583
alled	1967	 enthralled	1	distilbert/distilgpt2	distilbert/distilgpt2	False	0.7263059020042419	0.46135076880455017
ĠMary	1967	 Mary	2	distilbert/distilgpt2	distilbert/distilgpt2	False	0.00023550850164610893	12.051933288574219
Ġbecause	1967	 because	3	distilbert/distilgpt2	distilbert/distilgpt2	False	0.0009628270636312664	10.020435333251953
Ġshe	1967	 she	4	distilbert/distilgpt2	distilbert/distilgpt2	False	0.4072819948196411	1.2959001064300537
David	1968	David	0	distilbert/distilgpt2	distilbert/distilgpt2	False	1.0	0.0
Ġent	1968	 enthralled	1	distilbert/distilgpt2	distilbert/distilgpt2	False	5.439637789095286e-07	20.809986114501953
hr	1968	 enthralled	1	distilbert/distilgpt2	distilbert/distilgpt2	False	0.046353839337825775	4.4311676025390625
alled	1968	 enthralled	1	distilbert/distilgpt2	distilbert/distilgpt2	False	0.9193294048309326	0.12134616076946259
ĠMary	1968	 Mary	2	distilbert/distilgpt2	distilbert/distilgpt2	False	0.0002047288726316765	12.253997802734375
Ġbecause	1968	 because	3	distilbert/distilgpt2	distilbert/distilgpt2	False	0.0006174184381961823	10.661463737487793
Ġshe	1968	 she	4	distilbert/distilgpt2	distilbert/distilgpt2	False	0.3835219144821167	1.3826191425323486
John	1969	John	0	distilbert/distilgpt2	distilbert/distilgpt2	False	1.0	0.0
Ġent	1969	 enticed	1	distilbert/distilgpt2	distilbert/distilgpt2	False	4.6933814701333176e-07	21.022869110107422
iced	1969	 enticed	1	distilbert/distilgpt2	distilbert/distilgpt2	False	0.06416211277246475	3.962134599685669
ĠDavid	1969	 David	2	distilbert/distilgpt2	distilbert/distilgpt2	False	0.0008515528170391917	10.197616577148438
Ġbecause	1969	 because	3	distilbert/distilgpt2	distilbert/distilgpt2	False	0.00038563692942261696	11.340469360351562
Ġhe	1969	 he	4	distilbert/distilgpt2	distilbert/distilgpt2	False	0.37225669622421265	1.4256303310394287
Mary	1970	Mary	0	distilbert/distilgpt2	distilbert/distilgpt2	False	1.0	0.0
Ġent	1970	 enticed	1	distilbert/distilgpt2	distilbert/distilgpt2	False	4.609565849023056e-07	21.048866271972656
iced	1970	 enticed	1	distilbert/distilgpt2	distilbert/distilgpt2	False	0.03958667069673538	4.658841609954834
ĠDavid	1970	 David	2	distilbert/distilgpt2	distilbert/distilgpt2	False	0.00031438423320651054	11.635183334350586
Ġbecause	1970	 because	3	distilbert/distilgpt2	distilbert/distilgpt2	False	0.0005765132373198867	10.760358810424805
Ġhe	1970	 he	4	distilbert/distilgpt2	distilbert/distilgpt2	False	0.4045493006706238	1.305612564086914
John	1971	John	0	distilbert/distilgpt2	distilbert/distilgpt2	False	1.0	0.0
Ġent	1971	 enticed	1	distilbert/distilgpt2	distilbert/distilgpt2	False	4.6933814701333176e-07	21.022869110107422
iced	1971	 enticed	1	distilbert/distilgpt2	distilbert/distilgpt2	False	0.06416211277246475	3.962134599685669
ĠDavid	1971	 David	2	distilbert/distilgpt2	distilbert/distilgpt2	False	0.0008515528170391917	10.197616577148438
Ġbecause	1971	 because	3	distilbert/distilgpt2	distilbert/distilgpt2	False	0.00038563692942261696	11.340469360351562
Ġhe	1971	 he	4	distilbert/distilgpt2	distilbert/distilgpt2	False	0.37225669622421265	1.4256303310394287
Sarah	1972	Sarah	0	distilbert/distilgpt2	distilbert/distilgpt2	False	1.0	0.0
Ġent	1972	 enticed	1	distilbert/distilgpt2	distilbert/distilgpt2	False	4.59623890947114e-07	21.053043365478516
iced	1972	 enticed	1	distilbert/distilgpt2	distilbert/distilgpt2	False	0.07724672555923462	3.694382429122925
ĠDavid	1972	 David	2	distilbert/distilgpt2	distilbert/distilgpt2	False	0.0004966679844073951	10.975430488586426
Ġbecause	1972	 because	3	distilbert/distilgpt2	distilbert/distilgpt2	False	0.00046904152259230614	11.05799674987793
Ġhe	1972	 he	4	distilbert/distilgpt2	distilbert/distilgpt2	False	0.38610750436782837	1.3729255199432373
David	1973	David	0	distilbert/distilgpt2	distilbert/distilgpt2	False	1.0	0.0
Ġent	1973	 enticed	1	distilbert/distilgpt2	distilbert/distilgpt2	False	5.439637789095286e-07	20.809986114501953
iced	1973	 enticed	1	distilbert/distilgpt2	distilbert/distilgpt2	False	0.14169254899024963	2.819164276123047
ĠJohn	1973	 John	2	distilbert/distilgpt2	distilbert/distilgpt2	False	0.0013923661317676306	9.488245964050293
Ġbecause	1973	 because	3	distilbert/distilgpt2	distilbert/distilgpt2	False	0.0005538280820474029	10.81827449798584
Ġhe	1973	 he	4	distilbert/distilgpt2	distilbert/distilgpt2	False	0.36795270442962646	1.4424078464508057
Mary	1974	Mary	0	distilbert/distilgpt2	distilbert/distilgpt2	False	1.0	0.0
Ġent	1974	 enticed	1	distilbert/distilgpt2	distilbert/distilgpt2	False	4.609565849023056e-07	21.048866271972656
iced	1974	 enticed	1	distilbert/distilgpt2	distilbert/distilgpt2	False	0.03958667069673538	4.658841609954834
ĠJohn	1974	 John	2	distilbert/distilgpt2	distilbert/distilgpt2	False	0.0006613250006921589	10.562353134155273
Ġbecause	1974	 because	3	distilbert/distilgpt2	distilbert/distilgpt2	False	0.0010561435483396053	9.886978149414062
Ġhe	1974	 he	4	distilbert/distilgpt2	distilbert/distilgpt2	False	0.4283614158630371	1.2230995893478394
David	1975	David	0	distilbert/distilgpt2	distilbert/distilgpt2	False	1.0	0.0
Ġent	1975	 enticed	1	distilbert/distilgpt2	distilbert/distilgpt2	False	5.439637789095286e-07	20.809986114501953
iced	1975	 enticed	1	distilbert/distilgpt2	distilbert/distilgpt2	False	0.14169254899024963	2.819164276123047
ĠJohn	1975	 John	2	distilbert/distilgpt2	distilbert/distilgpt2	False	0.0013923661317676306	9.488245964050293
Ġbecause	1975	 because	3	distilbert/distilgpt2	distilbert/distilgpt2	False	0.0005538280820474029	10.81827449798584
Ġhe	1975	 he	4	distilbert/distilgpt2	distilbert/distilgpt2	False	0.36795270442962646	1.4424078464508057
Sarah	1976	Sarah	0	distilbert/distilgpt2	distilbert/distilgpt2	False	1.0	0.0
Ġent	1976	 enticed	1	distilbert/distilgpt2	distilbert/distilgpt2	False	4.59623890947114e-07	21.053043365478516
iced	1976	 enticed	1	distilbert/distilgpt2	distilbert/distilgpt2	False	0.07724672555923462	3.694382429122925
ĠJohn	1976	 John	2	distilbert/distilgpt2	distilbert/distilgpt2	False	0.0008196953567676246	10.25262451171875
Ġbecause	1976	 because	3	distilbert/distilgpt2	distilbert/distilgpt2	False	0.0012073389953002334	9.693953514099121
Ġhe	1976	 he	4	distilbert/distilgpt2	distilbert/distilgpt2	False	0.3847368359565735	1.3780561685562134
Mary	1977	Mary	0	distilbert/distilgpt2	distilbert/distilgpt2	False	1.0	0.0
Ġent	1977	 enticed	1	distilbert/distilgpt2	distilbert/distilgpt2	False	4.609565849023056e-07	21.048866271972656
iced	1977	 enticed	1	distilbert/distilgpt2	distilbert/distilgpt2	False	0.03958667069673538	4.658841609954834
ĠSarah	1977	 Sarah	2	distilbert/distilgpt2	distilbert/distilgpt2	False	9.431751823285595e-05	13.372115135192871
Ġbecause	1977	 because	3	distilbert/distilgpt2	distilbert/distilgpt2	False	0.0011599080171436071	9.751773834228516
Ġshe	1977	 she	4	distilbert/distilgpt2	distilbert/distilgpt2	False	0.4602724313735962	1.1194400787353516
John	1978	John	0	distilbert/distilgpt2	distilbert/distilgpt2	False	1.0	0.0
Ġent	1978	 enticed	1	distilbert/distilgpt2	distilbert/distilgpt2	False	4.6933814701333176e-07	21.022869110107422
iced	1978	 enticed	1	distilbert/distilgpt2	distilbert/distilgpt2	False	0.06416211277246475	3.962134599685669
ĠSarah	1978	 Sarah	2	distilbert/distilgpt2	distilbert/distilgpt2	False	0.00014239673328120261	12.777796745300293
Ġbecause	1978	 because	3	distilbert/distilgpt2	distilbert/distilgpt2	False	0.0007922077202238142	10.301834106445312
Ġshe	1978	 she	4	distilbert/distilgpt2	distilbert/distilgpt2	False	0.4126921594142914	1.2768621444702148
Mary	1979	Mary	0	distilbert/distilgpt2	distilbert/distilgpt2	False	1.0	0.0
Ġent	1979	 enticed	1	distilbert/distilgpt2	distilbert/distilgpt2	False	4.609565849023056e-07	21.048866271972656
iced	1979	 enticed	1	distilbert/distilgpt2	distilbert/distilgpt2	False	0.03958667069673538	4.658841609954834
ĠSarah	1979	 Sarah	2	distilbert/distilgpt2	distilbert/distilgpt2	False	9.431751823285595e-05	13.372115135192871
Ġbecause	1979	 because	3	distilbert/distilgpt2	distilbert/distilgpt2	False	0.0011599080171436071	9.751773834228516
Ġshe	1979	 she	4	distilbert/distilgpt2	distilbert/distilgpt2	False	0.4602724313735962	1.1194400787353516
David	1980	David	0	distilbert/distilgpt2	distilbert/distilgpt2	False	1.0	0.0
Ġent	1980	 enticed	1	distilbert/distilgpt2	distilbert/distilgpt2	False	5.439637789095286e-07	20.809986114501953
iced	1980	 enticed	1	distilbert/distilgpt2	distilbert/distilgpt2	False	0.14169254899024963	2.819164276123047
ĠSarah	1980	 Sarah	2	distilbert/distilgpt2	distilbert/distilgpt2	False	0.00016035628505051136	12.606431007385254
Ġbecause	1980	 because	3	distilbert/distilgpt2	distilbert/distilgpt2	False	0.0005979358684271574	10.707721710205078
Ġshe	1980	 she	4	distilbert/distilgpt2	distilbert/distilgpt2	False	0.41647565364837646	1.2636959552764893
Sarah	1981	Sarah	0	distilbert/distilgpt2	distilbert/distilgpt2	False	1.0	0.0
Ġent	1981	 enticed	1	distilbert/distilgpt2	distilbert/distilgpt2	False	4.59623890947114e-07	21.053043365478516
iced	1981	 enticed	1	distilbert/distilgpt2	distilbert/distilgpt2	False	0.07724672555923462	3.694382429122925
ĠMary	1981	 Mary	2	distilbert/distilgpt2	distilbert/distilgpt2	False	0.00021232737344689667	12.201421737670898
Ġbecause	1981	 because	3	distilbert/distilgpt2	distilbert/distilgpt2	False	0.0005837333155795932	10.742403030395508
Ġshe	1981	 she	4	distilbert/distilgpt2	distilbert/distilgpt2	False	0.3625158369541168	1.4638841152191162
John	1982	John	0	distilbert/distilgpt2	distilbert/distilgpt2	False	1.0	0.0
Ġent	1982	 enticed	1	distilbert/distilgpt2	distilbert/distilgpt2	False	4.6933814701333176e-07	21.022869110107422
iced	1982	 enticed	1	distilbert/distilgpt2	distilbert/distilgpt2	False	0.06416211277246475	3.962134599685669
ĠMary	1982	 Mary	2	distilbert/distilgpt2	distilbert/distilgpt2	False	0.00020016760390717536	12.286503791809082
Ġbecause	1982	 because	3	distilbert/distilgpt2	distilbert/distilgpt2	False	0.0007536623743362725	10.373793601989746
Ġshe	1982	 she	4	distilbert/distilgpt2	distilbert/distilgpt2	False	0.3743865191936493	1.4173996448516846
Sarah	1983	Sarah	0	distilbert/distilgpt2	distilbert/distilgpt2	False	1.0	0.0
Ġent	1983	 enticed	1	distilbert/distilgpt2	distilbert/distilgpt2	False	4.59623890947114e-07	21.053043365478516
iced	1983	 enticed	1	distilbert/distilgpt2	distilbert/distilgpt2	False	0.07724672555923462	3.694382429122925
ĠMary	1983	 Mary	2	distilbert/distilgpt2	distilbert/distilgpt2	False	0.00021232737344689667	12.201421737670898
Ġbecause	1983	 because	3	distilbert/distilgpt2	distilbert/distilgpt2	False	0.0005837333155795932	10.742403030395508
Ġshe	1983	 she	4	distilbert/distilgpt2	distilbert/distilgpt2	False	0.3625158369541168	1.4638841152191162
David	1984	David	0	distilbert/distilgpt2	distilbert/distilgpt2	False	1.0	0.0
Ġent	1984	 enticed	1	distilbert/distilgpt2	distilbert/distilgpt2	False	5.439637789095286e-07	20.809986114501953
iced	1984	 enticed	1	distilbert/distilgpt2	distilbert/distilgpt2	False	0.14169254899024963	2.819164276123047
ĠMary	1984	 Mary	2	distilbert/distilgpt2	distilbert/distilgpt2	False	0.0002168672945117578	12.170899391174316
Ġbecause	1984	 because	3	distilbert/distilgpt2	distilbert/distilgpt2	False	0.0004983573453500867	10.970531463623047
Ġshe	1984	 she	4	distilbert/distilgpt2	distilbert/distilgpt2	False	0.3618110418319702	1.4666917324066162
John	1985	John	0	distilbert/distilgpt2	distilbert/distilgpt2	False	1.0	0.0
Ġent	1985	 entranced	1	distilbert/distilgpt2	distilbert/distilgpt2	False	4.6933814701333176e-07	21.022869110107422
ran	1985	 entranced	1	distilbert/distilgpt2	distilbert/distilgpt2	False	0.0032462954986840487	8.266989707946777
ced	1985	 entranced	1	distilbert/distilgpt2	distilbert/distilgpt2	False	0.9953212141990662	0.006765901576727629
ĠDavid	1985	 David	2	distilbert/distilgpt2	distilbert/distilgpt2	False	0.0002787466219160706	11.808757781982422
Ġbecause	1985	 because	3	distilbert/distilgpt2	distilbert/distilgpt2	False	0.0002291722339577973	12.091279983520508
Ġhe	1985	 he	4	distilbert/distilgpt2	distilbert/distilgpt2	False	0.35314425826072693	1.501670479774475
Mary	1986	Mary	0	distilbert/distilgpt2	distilbert/distilgpt2	False	1.0	0.0
Ġent	1986	 entranced	1	distilbert/distilgpt2	distilbert/distilgpt2	False	4.609565849023056e-07	21.048866271972656
ran	1986	 entranced	1	distilbert/distilgpt2	distilbert/distilgpt2	False	0.0025252329651266336	8.62936782836914
ced	1986	 entranced	1	distilbert/distilgpt2	distilbert/distilgpt2	False	0.9920791983604431	0.011472798883914948
ĠDavid	1986	 David	2	distilbert/distilgpt2	distilbert/distilgpt2	False	0.00027422988205216825	11.832326889038086
Ġbecause	1986	 because	3	distilbert/distilgpt2	distilbert/distilgpt2	False	0.00046380431740544736	11.074195861816406
Ġhe	1986	 he	4	distilbert/distilgpt2	distilbert/distilgpt2	False	0.3735264241695404	1.4207178354263306
John	1987	John	0	distilbert/distilgpt2	distilbert/distilgpt2	False	1.0	0.0
Ġent	1987	 entranced	1	distilbert/distilgpt2	distilbert/distilgpt2	False	4.6933814701333176e-07	21.022869110107422
ran	1987	 entranced	1	distilbert/distilgpt2	distilbert/distilgpt2	False	0.0032462954986840487	8.266989707946777
ced	1987	 entranced	1	distilbert/distilgpt2	distilbert/distilgpt2	False	0.9953212141990662	0.006765901576727629
ĠDavid	1987	 David	2	distilbert/distilgpt2	distilbert/distilgpt2	False	0.0002787466219160706	11.808757781982422
Ġbecause	1987	 because	3	distilbert/distilgpt2	distilbert/distilgpt2	False	0.0002291722339577973	12.091279983520508
Ġhe	1987	 he	4	distilbert/distilgpt2	distilbert/distilgpt2	False	0.35314425826072693	1.501670479774475
Sarah	1988	Sarah	0	distilbert/distilgpt2	distilbert/distilgpt2	False	1.0	0.0
Ġent	1988	 entranced	1	distilbert/distilgpt2	distilbert/distilgpt2	False	4.59623890947114e-07	21.053043365478516
ran	1988	 entranced	1	distilbert/distilgpt2	distilbert/distilgpt2	False	0.004543575458228588	7.781956195831299
ced	1988	 entranced	1	distilbert/distilgpt2	distilbert/distilgpt2	False	0.9965614676475525	0.00496929744258523
ĠDavid	1988	 David	2	distilbert/distilgpt2	distilbert/distilgpt2	False	0.00028695855871774256	11.76686954498291
Ġbecause	1988	 because	3	distilbert/distilgpt2	distilbert/distilgpt2	False	0.00023072461772244424	12.08154010772705
Ġhe	1988	 he	4	distilbert/distilgpt2	distilbert/distilgpt2	False	0.3663509488105774	1.4487017393112183
David	1989	David	0	distilbert/distilgpt2	distilbert/distilgpt2	False	1.0	0.0
Ġent	1989	 entranced	1	distilbert/distilgpt2	distilbert/distilgpt2	False	5.439637789095286e-07	20.809986114501953
ran	1989	 entranced	1	distilbert/distilgpt2	distilbert/distilgpt2	False	0.0035094362683594227	8.154544830322266
ced	1989	 entranced	1	distilbert/distilgpt2	distilbert/distilgpt2	False	0.9973633885383606	0.003808855079114437
ĠJohn	1989	 John	2	distilbert/distilgpt2	distilbert/distilgpt2	False	0.0008446399588137865	10.209375381469727
Ġbecause	1989	 because	3	distilbert/distilgpt2	distilbert/distilgpt2	False	0.00023157465329859406	12.076234817504883
Ġhe	1989	 he	4	distilbert/distilgpt2	distilbert/distilgpt2	False	0.34840127825737	1.5211782455444336
Mary	1990	Mary	0	distilbert/distilgpt2	distilbert/distilgpt2	False	1.0	0.0
Ġent	1990	 entranced	1	distilbert/distilgpt2	distilbert/distilgpt2	False	4.609565849023056e-07	21.048866271972656
ran	1990	 entranced	1	distilbert/distilgpt2	distilbert/distilgpt2	False	0.0025252329651266336	8.62936782836914
ced	1990	 entranced	1	distilbert/distilgpt2	distilbert/distilgpt2	False	0.9920791983604431	0.011472798883914948
ĠJohn	1990	 John	2	distilbert/distilgpt2	distilbert/distilgpt2	False	0.0004747458442579955	11.040556907653809
Ġbecause	1990	 because	3	distilbert/distilgpt2	distilbert/distilgpt2	False	0.0006260874797590077	10.641347885131836
Ġhe	1990	 he	4	distilbert/distilgpt2	distilbert/distilgpt2	False	0.4133496582508087	1.2745654582977295
David	1991	David	0	distilbert/distilgpt2	distilbert/distilgpt2	False	1.0	0.0
Ġent	1991	 entranced	1	distilbert/distilgpt2	distilbert/distilgpt2	False	5.439637789095286e-07	20.809986114501953
ran	1991	 entranced	1	distilbert/distilgpt2	distilbert/distilgpt2	False	0.0035094362683594227	8.154544830322266
ced	1991	 entranced	1	distilbert/distilgpt2	distilbert/distilgpt2	False	0.9973633885383606	0.003808855079114437
ĠJohn	1991	 John	2	distilbert/distilgpt2	distilbert/distilgpt2	False	0.0008446399588137865	10.209375381469727
Ġbecause	1991	 because	3	distilbert/distilgpt2	distilbert/distilgpt2	False	0.00023157465329859406	12.076234817504883
Ġhe	1991	 he	4	distilbert/distilgpt2	distilbert/distilgpt2	False	0.34840127825737	1.5211782455444336
Sarah	1992	Sarah	0	distilbert/distilgpt2	distilbert/distilgpt2	False	1.0	0.0
Ġent	1992	 entranced	1	distilbert/distilgpt2	distilbert/distilgpt2	False	4.59623890947114e-07	21.053043365478516
ran	1992	 entranced	1	distilbert/distilgpt2	distilbert/distilgpt2	False	0.004543575458228588	7.781956195831299
ced	1992	 entranced	1	distilbert/distilgpt2	distilbert/distilgpt2	False	0.9965614676475525	0.00496929744258523
ĠJohn	1992	 John	2	distilbert/distilgpt2	distilbert/distilgpt2	False	0.0003599541378207505	11.439899444580078
Ġbecause	1992	 because	3	distilbert/distilgpt2	distilbert/distilgpt2	False	0.0006658898200839758	10.55242919921875
Ġhe	1992	 he	4	distilbert/distilgpt2	distilbert/distilgpt2	False	0.373625785112381	1.4203341007232666
Mary	1993	Mary	0	distilbert/distilgpt2	distilbert/distilgpt2	False	1.0	0.0
Ġent	1993	 entranced	1	distilbert/distilgpt2	distilbert/distilgpt2	False	4.609565849023056e-07	21.048866271972656
ran	1993	 entranced	1	distilbert/distilgpt2	distilbert/distilgpt2	False	0.0025252329651266336	8.62936782836914
ced	1993	 entranced	1	distilbert/distilgpt2	distilbert/distilgpt2	False	0.9920791983604431	0.011472798883914948
ĠSarah	1993	 Sarah	2	distilbert/distilgpt2	distilbert/distilgpt2	False	9.311002213507891e-05	13.390704154968262
Ġbecause	1993	 because	3	distilbert/distilgpt2	distilbert/distilgpt2	False	0.0013867678353562951	9.494057655334473
Ġshe	1993	 she	4	distilbert/distilgpt2	distilbert/distilgpt2	False	0.48100218176841736	1.0558847188949585
John	1994	John	0	distilbert/distilgpt2	distilbert/distilgpt2	False	1.0	0.0
Ġent	1994	 entranced	1	distilbert/distilgpt2	distilbert/distilgpt2	False	4.6933814701333176e-07	21.022869110107422
ran	1994	 entranced	1	distilbert/distilgpt2	distilbert/distilgpt2	False	0.0032462954986840487	8.266989707946777
ced	1994	 entranced	1	distilbert/distilgpt2	distilbert/distilgpt2	False	0.9953212141990662	0.006765901576727629
ĠSarah	1994	 Sarah	2	distilbert/distilgpt2	distilbert/distilgpt2	False	7.541559898527339e-05	13.694777488708496
Ġbecause	1994	 because	3	distilbert/distilgpt2	distilbert/distilgpt2	False	0.0006825893651694059	10.516694068908691
Ġshe	1994	 she	4	distilbert/distilgpt2	distilbert/distilgpt2	False	0.4359845519065857	1.1976511478424072
Mary	1995	Mary	0	distilbert/distilgpt2	distilbert/distilgpt2	False	1.0	0.0
Ġent	1995	 entranced	1	distilbert/distilgpt2	distilbert/distilgpt2	False	4.609565849023056e-07	21.048866271972656
ran	1995	 entranced	1	distilbert/distilgpt2	distilbert/distilgpt2	False	0.0025252329651266336	8.62936782836914
ced	1995	 entranced	1	distilbert/distilgpt2	distilbert/distilgpt2	False	0.9920791983604431	0.011472798883914948
ĠSarah	1995	 Sarah	2	distilbert/distilgpt2	distilbert/distilgpt2	False	9.311002213507891e-05	13.390704154968262
Ġbecause	1995	 because	3	distilbert/distilgpt2	distilbert/distilgpt2	False	0.0013867678353562951	9.494057655334473
Ġshe	1995	 she	4	distilbert/distilgpt2	distilbert/distilgpt2	False	0.48100218176841736	1.0558847188949585
David	1996	David	0	distilbert/distilgpt2	distilbert/distilgpt2	False	1.0	0.0
Ġent	1996	 entranced	1	distilbert/distilgpt2	distilbert/distilgpt2	False	5.439637789095286e-07	20.809986114501953
ran	1996	 entranced	1	distilbert/distilgpt2	distilbert/distilgpt2	False	0.0035094362683594227	8.154544830322266
ced	1996	 entranced	1	distilbert/distilgpt2	distilbert/distilgpt2	False	0.9973633885383606	0.003808855079114437
ĠSarah	1996	 Sarah	2	distilbert/distilgpt2	distilbert/distilgpt2	False	0.0001251887297257781	12.963607788085938
Ġbecause	1996	 because	3	distilbert/distilgpt2	distilbert/distilgpt2	False	0.00036728294799104333	11.410820007324219
Ġshe	1996	 she	4	distilbert/distilgpt2	distilbert/distilgpt2	False	0.41349318623542786	1.274064540863037
Sarah	1997	Sarah	0	distilbert/distilgpt2	distilbert/distilgpt2	False	1.0	0.0
Ġent	1997	 entranced	1	distilbert/distilgpt2	distilbert/distilgpt2	False	4.59623890947114e-07	21.053043365478516
ran	1997	 entranced	1	distilbert/distilgpt2	distilbert/distilgpt2	False	0.004543575458228588	7.781956195831299
ced	1997	 entranced	1	distilbert/distilgpt2	distilbert/distilgpt2	False	0.9965614676475525	0.00496929744258523
ĠMary	1997	 Mary	2	distilbert/distilgpt2	distilbert/distilgpt2	False	0.00016786101332399994	12.540445327758789
Ġbecause	1997	 because	3	distilbert/distilgpt2	distilbert/distilgpt2	False	0.0005791428848169744	10.753792762756348
Ġshe	1997	 she	4	distilbert/distilgpt2	distilbert/distilgpt2	False	0.4107585847377777	1.2836374044418335
John	1998	John	0	distilbert/distilgpt2	distilbert/distilgpt2	False	1.0	0.0
Ġent	1998	 entranced	1	distilbert/distilgpt2	distilbert/distilgpt2	False	4.6933814701333176e-07	21.022869110107422
ran	1998	 entranced	1	distilbert/distilgpt2	distilbert/distilgpt2	False	0.0032462954986840487	8.266989707946777
ced	1998	 entranced	1	distilbert/distilgpt2	distilbert/distilgpt2	False	0.9953212141990662	0.006765901576727629
ĠMary	1998	 Mary	2	distilbert/distilgpt2	distilbert/distilgpt2	False	0.00014732124691363424	12.728747367858887
Ġbecause	1998	 because	3	distilbert/distilgpt2	distilbert/distilgpt2	False	0.0008240917231887579	10.24490737915039
Ġshe	1998	 she	4	distilbert/distilgpt2	distilbert/distilgpt2	False	0.40640538930892944	1.2990086078643799
Sarah	1999	Sarah	0	distilbert/distilgpt2	distilbert/distilgpt2	False	1.0	0.0
Ġent	1999	 entranced	1	distilbert/distilgpt2	distilbert/distilgpt2	False	4.59623890947114e-07	21.053043365478516
ran	1999	 entranced	1	distilbert/distilgpt2	distilbert/distilgpt2	False	0.004543575458228588	7.781956195831299
ced	1999	 entranced	1	distilbert/distilgpt2	distilbert/distilgpt2	False	0.9965614676475525	0.00496929744258523
ĠMary	1999	 Mary	2	distilbert/distilgpt2	distilbert/distilgpt2	False	0.00016786101332399994	12.540445327758789
Ġbecause	1999	 because	3	distilbert/distilgpt2	distilbert/distilgpt2	False	0.0005791428848169744	10.753792762756348
Ġshe	1999	 she	4	distilbert/distilgpt2	distilbert/distilgpt2	False	0.4107585847377777	1.2836374044418335
David	2000	David	0	distilbert/distilgpt2	distilbert/distilgpt2	False	1.0	0.0
Ġent	2000	 entranced	1	distilbert/distilgpt2	distilbert/distilgpt2	False	5.439637789095286e-07	20.809986114501953
ran	2000	 entranced	1	distilbert/distilgpt2	distilbert/distilgpt2	False	0.0035094362683594227	8.154544830322266
ced	2000	 entranced	1	distilbert/distilgpt2	distilbert/distilgpt2	False	0.9973633885383606	0.003808855079114437
ĠMary	2000	 Mary	2	distilbert/distilgpt2	distilbert/distilgpt2	False	0.0002134623209713027	12.193731307983398
Ġbecause	2000	 because	3	distilbert/distilgpt2	distilbert/distilgpt2	False	0.00041123482515104115	11.247750282287598
Ġshe	2000	 she	4	distilbert/distilgpt2	distilbert/distilgpt2	False	0.38743969798088074	1.3679563999176025
John	2001	John	0	distilbert/distilgpt2	distilbert/distilgpt2	False	1.0	0.0
Ġenv	2001	 envied	1	distilbert/distilgpt2	distilbert/distilgpt2	False	1.1446170589124449e-07	23.058631896972656
ied	2001	 envied	1	distilbert/distilgpt2	distilbert/distilgpt2	False	0.020343802869319916	5.619266986846924
ĠDavid	2001	 David	2	distilbert/distilgpt2	distilbert/distilgpt2	False	0.00026979867834597826	11.855829238891602
Ġbecause	2001	 because	3	distilbert/distilgpt2	distilbert/distilgpt2	False	0.00026352921850048006	11.889749526977539
Ġhe	2001	 he	4	distilbert/distilgpt2	distilbert/distilgpt2	False	0.4167274534702301	1.2628239393234253
Mary	2002	Mary	0	distilbert/distilgpt2	distilbert/distilgpt2	False	1.0	0.0
Ġenv	2002	 envied	1	distilbert/distilgpt2	distilbert/distilgpt2	False	1.2970767215847445e-07	22.878232955932617
ied	2002	 envied	1	distilbert/distilgpt2	distilbert/distilgpt2	False	0.018713021650910378	5.739813804626465
ĠDavid	2002	 David	2	distilbert/distilgpt2	distilbert/distilgpt2	False	0.00027119842707179487	11.848363876342773
Ġbecause	2002	 because	3	distilbert/distilgpt2	distilbert/distilgpt2	False	0.0005389293655753136	10.857616424560547
Ġhe	2002	 he	4	distilbert/distilgpt2	distilbert/distilgpt2	False	0.4133598208427429	1.2745299339294434
John	2003	John	0	distilbert/distilgpt2	distilbert/distilgpt2	False	1.0	0.0
Ġenv	2003	 envied	1	distilbert/distilgpt2	distilbert/distilgpt2	False	1.1446170589124449e-07	23.058631896972656
ied	2003	 envied	1	distilbert/distilgpt2	distilbert/distilgpt2	False	0.020343802869319916	5.619266986846924
ĠDavid	2003	 David	2	distilbert/distilgpt2	distilbert/distilgpt2	False	0.00026979867834597826	11.855829238891602
Ġbecause	2003	 because	3	distilbert/distilgpt2	distilbert/distilgpt2	False	0.00026352921850048006	11.889749526977539
Ġhe	2003	 he	4	distilbert/distilgpt2	distilbert/distilgpt2	False	0.4167274534702301	1.2628239393234253
Sarah	2004	Sarah	0	distilbert/distilgpt2	distilbert/distilgpt2	False	1.0	0.0
Ġenv	2004	 envied	1	distilbert/distilgpt2	distilbert/distilgpt2	False	1.5061054625675752e-07	22.662673950195312
ied	2004	 envied	1	distilbert/distilgpt2	distilbert/distilgpt2	False	0.019962076097726822	5.646594524383545
ĠDavid	2004	 David	2	distilbert/distilgpt2	distilbert/distilgpt2	False	0.00027720085927285254	11.816781044006348
Ġbecause	2004	 because	3	distilbert/distilgpt2	distilbert/distilgpt2	False	0.0002486948505975306	11.973336219787598
Ġhe	2004	 he	4	distilbert/distilgpt2	distilbert/distilgpt2	False	0.4338378310203552	1.2047722339630127
David	2005	David	0	distilbert/distilgpt2	distilbert/distilgpt2	False	1.0	0.0
Ġenv	2005	 envied	1	distilbert/distilgpt2	distilbert/distilgpt2	False	1.543701984019208e-07	22.62710189819336
ied	2005	 envied	1	distilbert/distilgpt2	distilbert/distilgpt2	False	0.013337720185518265	6.228343963623047
ĠJohn	2005	 John	2	distilbert/distilgpt2	distilbert/distilgpt2	False	0.0003774251963477582	11.371521949768066
Ġbecause	2005	 because	3	distilbert/distilgpt2	distilbert/distilgpt2	False	0.00013341874000616372	12.871750831604004
Ġhe	2005	 he	4	distilbert/distilgpt2	distilbert/distilgpt2	False	0.4401191473007202	1.184033989906311
Mary	2006	Mary	0	distilbert/distilgpt2	distilbert/distilgpt2	False	1.0	0.0
Ġenv	2006	 envied	1	distilbert/distilgpt2	distilbert/distilgpt2	False	1.2970767215847445e-07	22.878232955932617
ied	2006	 envied	1	distilbert/distilgpt2	distilbert/distilgpt2	False	0.018713021650910378	5.739813804626465
ĠJohn	2006	 John	2	distilbert/distilgpt2	distilbert/distilgpt2	False	0.0004969980218447745	10.974472045898438
Ġbecause	2006	 because	3	distilbert/distilgpt2	distilbert/distilgpt2	False	0.0005825651460327208	10.745292663574219
Ġhe	2006	 he	4	distilbert/distilgpt2	distilbert/distilgpt2	False	0.4529269337654114	1.14264976978302
David	2007	David	0	distilbert/distilgpt2	distilbert/distilgpt2	False	1.0	0.0
Ġenv	2007	 envied	1	distilbert/distilgpt2	distilbert/distilgpt2	False	1.543701984019208e-07	22.62710189819336
ied	2007	 envied	1	distilbert/distilgpt2	distilbert/distilgpt2	False	0.013337720185518265	6.228343963623047
ĠJohn	2007	 John	2	distilbert/distilgpt2	distilbert/distilgpt2	False	0.0003774251963477582	11.371521949768066
Ġbecause	2007	 because	3	distilbert/distilgpt2	distilbert/distilgpt2	False	0.00013341874000616372	12.871750831604004
Ġhe	2007	 he	4	distilbert/distilgpt2	distilbert/distilgpt2	False	0.4401191473007202	1.184033989906311
Sarah	2008	Sarah	0	distilbert/distilgpt2	distilbert/distilgpt2	False	1.0	0.0
Ġenv	2008	 envied	1	distilbert/distilgpt2	distilbert/distilgpt2	False	1.5061054625675752e-07	22.662673950195312
ied	2008	 envied	1	distilbert/distilgpt2	distilbert/distilgpt2	False	0.019962076097726822	5.646594524383545
ĠJohn	2008	 John	2	distilbert/distilgpt2	distilbert/distilgpt2	False	0.00042786396807059646	11.190560340881348
Ġbecause	2008	 because	3	distilbert/distilgpt2	distilbert/distilgpt2	False	0.0003153156430926174	11.630915641784668
Ġhe	2008	 he	4	distilbert/distilgpt2	distilbert/distilgpt2	False	0.4525417685508728	1.1438771486282349
Mary	2009	Mary	0	distilbert/distilgpt2	distilbert/distilgpt2	False	1.0	0.0
Ġenv	2009	 envied	1	distilbert/distilgpt2	distilbert/distilgpt2	False	1.2970767215847445e-07	22.878232955932617
ied	2009	 envied	1	distilbert/distilgpt2	distilbert/distilgpt2	False	0.018713021650910378	5.739813804626465
ĠSarah	2009	 Sarah	2	distilbert/distilgpt2	distilbert/distilgpt2	False	4.470502244657837e-05	14.449203491210938
Ġbecause	2009	 because	3	distilbert/distilgpt2	distilbert/distilgpt2	False	0.0016837664879858494	9.214092254638672
Ġshe	2009	 she	4	distilbert/distilgpt2	distilbert/distilgpt2	False	0.49189111590385437	1.0235891342163086
John	2010	John	0	distilbert/distilgpt2	distilbert/distilgpt2	False	1.0	0.0
Ġenv	2010	 envied	1	distilbert/distilgpt2	distilbert/distilgpt2	False	1.1446170589124449e-07	23.058631896972656
ied	2010	 envied	1	distilbert/distilgpt2	distilbert/distilgpt2	False	0.020343802869319916	5.619266986846924
ĠSarah	2010	 Sarah	2	distilbert/distilgpt2	distilbert/distilgpt2	False	3.2161704439204186e-05	14.924296379089355
Ġbecause	2010	 because	3	distilbert/distilgpt2	distilbert/distilgpt2	False	0.0006823661969974637	10.517166137695312
Ġshe	2010	 she	4	distilbert/distilgpt2	distilbert/distilgpt2	False	0.4721735417842865	1.0826109647750854
Mary	2011	Mary	0	distilbert/distilgpt2	distilbert/distilgpt2	False	1.0	0.0
Ġenv	2011	 envied	1	distilbert/distilgpt2	distilbert/distilgpt2	False	1.2970767215847445e-07	22.878232955932617
ied	2011	 envied	1	distilbert/distilgpt2	distilbert/distilgpt2	False	0.018713021650910378	5.739813804626465
ĠSarah	2011	 Sarah	2	distilbert/distilgpt2	distilbert/distilgpt2	False	4.470502244657837e-05	14.449203491210938
Ġbecause	2011	 because	3	distilbert/distilgpt2	distilbert/distilgpt2	False	0.0016837664879858494	9.214092254638672
Ġshe	2011	 she	4	distilbert/distilgpt2	distilbert/distilgpt2	False	0.49189111590385437	1.0235891342163086
David	2012	David	0	distilbert/distilgpt2	distilbert/distilgpt2	False	1.0	0.0
Ġenv	2012	 envied	1	distilbert/distilgpt2	distilbert/distilgpt2	False	1.543701984019208e-07	22.62710189819336
ied	2012	 envied	1	distilbert/distilgpt2	distilbert/distilgpt2	False	0.013337720185518265	6.228343963623047
ĠSarah	2012	 Sarah	2	distilbert/distilgpt2	distilbert/distilgpt2	False	2.685701838345267e-05	15.184341430664062
Ġbecause	2012	 because	3	distilbert/distilgpt2	distilbert/distilgpt2	False	0.000256279919994995	11.929991722106934
Ġshe	2012	 she	4	distilbert/distilgpt2	distilbert/distilgpt2	False	0.45943132042884827	1.1220788955688477
Sarah	2013	Sarah	0	distilbert/distilgpt2	distilbert/distilgpt2	False	1.0	0.0
Ġenv	2013	 envied	1	distilbert/distilgpt2	distilbert/distilgpt2	False	1.5061054625675752e-07	22.662673950195312
ied	2013	 envied	1	distilbert/distilgpt2	distilbert/distilgpt2	False	0.019962076097726822	5.646594524383545
ĠMary	2013	 Mary	2	distilbert/distilgpt2	distilbert/distilgpt2	False	7.948241545818746e-05	13.61900520324707
Ġbecause	2013	 because	3	distilbert/distilgpt2	distilbert/distilgpt2	False	0.0008790583815425634	10.151753425598145
Ġshe	2013	 she	4	distilbert/distilgpt2	distilbert/distilgpt2	False	0.45778411626815796	1.127260684967041
John	2014	John	0	distilbert/distilgpt2	distilbert/distilgpt2	False	1.0	0.0
Ġenv	2014	 envied	1	distilbert/distilgpt2	distilbert/distilgpt2	False	1.1446170589124449e-07	23.058631896972656
ied	2014	 envied	1	distilbert/distilgpt2	distilbert/distilgpt2	False	0.020343802869319916	5.619266986846924
ĠMary	2014	 Mary	2	distilbert/distilgpt2	distilbert/distilgpt2	False	6.641327490797266e-05	13.878169059753418
Ġbecause	2014	 because	3	distilbert/distilgpt2	distilbert/distilgpt2	False	0.0012762370752170682	9.613887786865234
Ġshe	2014	 she	4	distilbert/distilgpt2	distilbert/distilgpt2	False	0.44585946202278137	1.1653391122817993
Sarah	2015	Sarah	0	distilbert/distilgpt2	distilbert/distilgpt2	False	1.0	0.0
Ġenv	2015	 envied	1	distilbert/distilgpt2	distilbert/distilgpt2	False	1.5061054625675752e-07	22.662673950195312
ied	2015	 envied	1	distilbert/distilgpt2	distilbert/distilgpt2	False	0.019962076097726822	5.646594524383545
ĠMary	2015	 Mary	2	distilbert/distilgpt2	distilbert/distilgpt2	False	7.948241545818746e-05	13.61900520324707
Ġbecause	2015	 because	3	distilbert/distilgpt2	distilbert/distilgpt2	False	0.0008790583815425634	10.151753425598145
Ġshe	2015	 she	4	distilbert/distilgpt2	distilbert/distilgpt2	False	0.45778411626815796	1.127260684967041
David	2016	David	0	distilbert/distilgpt2	distilbert/distilgpt2	False	1.0	0.0
Ġenv	2016	 envied	1	distilbert/distilgpt2	distilbert/distilgpt2	False	1.543701984019208e-07	22.62710189819336
ied	2016	 envied	1	distilbert/distilgpt2	distilbert/distilgpt2	False	0.013337720185518265	6.228343963623047
ĠMary	2016	 Mary	2	distilbert/distilgpt2	distilbert/distilgpt2	False	5.3895193559583277e-05	14.179483413696289
Ġbecause	2016	 because	3	distilbert/distilgpt2	distilbert/distilgpt2	False	0.00045319797936826944	11.10757064819336
Ġshe	2016	 she	4	distilbert/distilgpt2	distilbert/distilgpt2	False	0.43535444140434265	1.1997376680374146
John	2017	John	0	distilbert/distilgpt2	distilbert/distilgpt2	False	1.0	0.0
Ġescorted	2017	 escorted	1	distilbert/distilgpt2	distilbert/distilgpt2	False	3.931166858706092e-08	24.600467681884766
ĠDavid	2017	 David	2	distilbert/distilgpt2	distilbert/distilgpt2	False	0.00045266925008036196	11.109254837036133
Ġbecause	2017	 because	3	distilbert/distilgpt2	distilbert/distilgpt2	False	0.00011016460484825075	13.148051261901855
Ġhe	2017	 he	4	distilbert/distilgpt2	distilbert/distilgpt2	False	0.43105384707450867	1.2140600681304932
Mary	2018	Mary	0	distilbert/distilgpt2	distilbert/distilgpt2	False	1.0	0.0
Ġescorted	2018	 escorted	1	distilbert/distilgpt2	distilbert/distilgpt2	False	4.765148275964748e-08	24.32290267944336
ĠDavid	2018	 David	2	distilbert/distilgpt2	distilbert/distilgpt2	False	0.0002687130181584507	11.861645698547363
Ġbecause	2018	 because	3	distilbert/distilgpt2	distilbert/distilgpt2	False	0.00010855621076188982	13.169270515441895
Ġhe	2018	 he	4	distilbert/distilgpt2	distilbert/distilgpt2	False	0.4316383898258209	1.2121049165725708
John	2019	John	0	distilbert/distilgpt2	distilbert/distilgpt2	False	1.0	0.0
Ġescorted	2019	 escorted	1	distilbert/distilgpt2	distilbert/distilgpt2	False	3.931166858706092e-08	24.600467681884766
ĠDavid	2019	 David	2	distilbert/distilgpt2	distilbert/distilgpt2	False	0.00045266925008036196	11.109254837036133
Ġbecause	2019	 because	3	distilbert/distilgpt2	distilbert/distilgpt2	False	0.00011016460484825075	13.148051261901855
Ġhe	2019	 he	4	distilbert/distilgpt2	distilbert/distilgpt2	False	0.43105384707450867	1.2140600681304932
Sarah	2020	Sarah	0	distilbert/distilgpt2	distilbert/distilgpt2	False	1.0	0.0
Ġescorted	2020	 escorted	1	distilbert/distilgpt2	distilbert/distilgpt2	False	4.064466807562894e-08	24.552358627319336
ĠDavid	2020	 David	2	distilbert/distilgpt2	distilbert/distilgpt2	False	0.00047590609756298363	11.03703498840332
Ġbecause	2020	 because	3	distilbert/distilgpt2	distilbert/distilgpt2	False	7.837711746105924e-05	13.63920783996582
Ġhe	2020	 he	4	distilbert/distilgpt2	distilbert/distilgpt2	False	0.4366191625595093	1.1955527067184448
David	2021	David	0	distilbert/distilgpt2	distilbert/distilgpt2	False	1.0	0.0
Ġescorted	2021	 escorted	1	distilbert/distilgpt2	distilbert/distilgpt2	False	3.773923751282382e-08	24.659358978271484
ĠJohn	2021	 John	2	distilbert/distilgpt2	distilbert/distilgpt2	False	0.0007642412092536688	10.353684425354004
Ġbecause	2021	 because	3	distilbert/distilgpt2	distilbert/distilgpt2	False	0.0005040635587647557	10.954106330871582
Ġhe	2021	 he	4	distilbert/distilgpt2	distilbert/distilgpt2	False	0.419986754655838	1.2515842914581299
Mary	2022	Mary	0	distilbert/distilgpt2	distilbert/distilgpt2	False	1.0	0.0
Ġescorted	2022	 escorted	1	distilbert/distilgpt2	distilbert/distilgpt2	False	4.765148275964748e-08	24.32290267944336
ĠJohn	2022	 John	2	distilbert/distilgpt2	distilbert/distilgpt2	False	0.00047711055958643556	11.0333890914917
Ġbecause	2022	 because	3	distilbert/distilgpt2	distilbert/distilgpt2	False	0.00039483944419771433	11.306446075439453
Ġhe	2022	 he	4	distilbert/distilgpt2	distilbert/distilgpt2	False	0.44329795241355896	1.1736514568328857
David	2023	David	0	distilbert/distilgpt2	distilbert/distilgpt2	False	1.0	0.0
Ġescorted	2023	 escorted	1	distilbert/distilgpt2	distilbert/distilgpt2	False	3.773923751282382e-08	24.659358978271484
ĠJohn	2023	 John	2	distilbert/distilgpt2	distilbert/distilgpt2	False	0.0007642412092536688	10.353684425354004
Ġbecause	2023	 because	3	distilbert/distilgpt2	distilbert/distilgpt2	False	0.0005040635587647557	10.954106330871582
Ġhe	2023	 he	4	distilbert/distilgpt2	distilbert/distilgpt2	False	0.419986754655838	1.2515842914581299
Sarah	2024	Sarah	0	distilbert/distilgpt2	distilbert/distilgpt2	False	1.0	0.0
Ġescorted	2024	 escorted	1	distilbert/distilgpt2	distilbert/distilgpt2	False	4.064466807562894e-08	24.552358627319336
ĠJohn	2024	 John	2	distilbert/distilgpt2	distilbert/distilgpt2	False	0.0007005748338997364	10.47917366027832
Ġbecause	2024	 because	3	distilbert/distilgpt2	distilbert/distilgpt2	False	0.0006312140612863004	10.629583358764648
Ġhe	2024	 he	4	distilbert/distilgpt2	distilbert/distilgpt2	False	0.4221797585487366	1.2440707683563232
Mary	2025	Mary	0	distilbert/distilgpt2	distilbert/distilgpt2	False	1.0	0.0
Ġescorted	2025	 escorted	1	distilbert/distilgpt2	distilbert/distilgpt2	False	4.765148275964748e-08	24.32290267944336
ĠSarah	2025	 Sarah	2	distilbert/distilgpt2	distilbert/distilgpt2	False	0.00013187767763156444	12.888511657714844
Ġbecause	2025	 because	3	distilbert/distilgpt2	distilbert/distilgpt2	False	0.0004759117728099227	11.037017822265625
Ġshe	2025	 she	4	distilbert/distilgpt2	distilbert/distilgpt2	False	0.4956682622432709	1.0125532150268555
John	2026	John	0	distilbert/distilgpt2	distilbert/distilgpt2	False	1.0	0.0
Ġescorted	2026	 escorted	1	distilbert/distilgpt2	distilbert/distilgpt2	False	3.931166858706092e-08	24.600467681884766
ĠSarah	2026	 Sarah	2	distilbert/distilgpt2	distilbert/distilgpt2	False	0.00018443628505337983	12.404589653015137
Ġbecause	2026	 because	3	distilbert/distilgpt2	distilbert/distilgpt2	False	0.0005608662031590939	10.800055503845215
Ġshe	2026	 she	4	distilbert/distilgpt2	distilbert/distilgpt2	False	0.4736884534358978	1.0779895782470703
Mary	2027	Mary	0	distilbert/distilgpt2	distilbert/distilgpt2	False	1.0	0.0
Ġescorted	2027	 escorted	1	distilbert/distilgpt2	distilbert/distilgpt2	False	4.765148275964748e-08	24.32290267944336
ĠSarah	2027	 Sarah	2	distilbert/distilgpt2	distilbert/distilgpt2	False	0.00013187767763156444	12.888511657714844
Ġbecause	2027	 because	3	distilbert/distilgpt2	distilbert/distilgpt2	False	0.0004759117728099227	11.037017822265625
Ġshe	2027	 she	4	distilbert/distilgpt2	distilbert/distilgpt2	False	0.4956682622432709	1.0125532150268555
David	2028	David	0	distilbert/distilgpt2	distilbert/distilgpt2	False	1.0	0.0
Ġescorted	2028	 escorted	1	distilbert/distilgpt2	distilbert/distilgpt2	False	3.773923751282382e-08	24.659358978271484
ĠSarah	2028	 Sarah	2	distilbert/distilgpt2	distilbert/distilgpt2	False	0.00018870241183321923	12.371599197387695
Ġbecause	2028	 because	3	distilbert/distilgpt2	distilbert/distilgpt2	False	0.0005323185469023883	10.875422477722168
Ġshe	2028	 she	4	distilbert/distilgpt2	distilbert/distilgpt2	False	0.47825056314468384	1.0641614198684692
Sarah	2029	Sarah	0	distilbert/distilgpt2	distilbert/distilgpt2	False	1.0	0.0
Ġescorted	2029	 escorted	1	distilbert/distilgpt2	distilbert/distilgpt2	False	4.064466807562894e-08	24.552358627319336
ĠMary	2029	 Mary	2	distilbert/distilgpt2	distilbert/distilgpt2	False	0.0004775792476721108	11.03197193145752
Ġbecause	2029	 because	3	distilbert/distilgpt2	distilbert/distilgpt2	False	0.00032966796425171196	11.566699028015137
Ġshe	2029	 she	4	distilbert/distilgpt2	distilbert/distilgpt2	False	0.4305698871612549	1.215680718421936
John	2030	John	0	distilbert/distilgpt2	distilbert/distilgpt2	False	1.0	0.0
Ġescorted	2030	 escorted	1	distilbert/distilgpt2	distilbert/distilgpt2	False	3.931166858706092e-08	24.600467681884766
ĠMary	2030	 Mary	2	distilbert/distilgpt2	distilbert/distilgpt2	False	0.00040141312638297677	11.282624244689941
Ġbecause	2030	 because	3	distilbert/distilgpt2	distilbert/distilgpt2	False	0.000400559016270563	11.285697937011719
Ġshe	2030	 she	4	distilbert/distilgpt2	distilbert/distilgpt2	False	0.41916486620903015	1.2544103860855103
Sarah	2031	Sarah	0	distilbert/distilgpt2	distilbert/distilgpt2	False	1.0	0.0
Ġescorted	2031	 escorted	1	distilbert/distilgpt2	distilbert/distilgpt2	False	4.064466807562894e-08	24.552358627319336
ĠMary	2031	 Mary	2	distilbert/distilgpt2	distilbert/distilgpt2	False	0.0004775792476721108	11.03197193145752
Ġbecause	2031	 because	3	distilbert/distilgpt2	distilbert/distilgpt2	False	0.00032966796425171196	11.566699028015137
Ġshe	2031	 she	4	distilbert/distilgpt2	distilbert/distilgpt2	False	0.4305698871612549	1.215680718421936
David	2032	David	0	distilbert/distilgpt2	distilbert/distilgpt2	False	1.0	0.0
Ġescorted	2032	 escorted	1	distilbert/distilgpt2	distilbert/distilgpt2	False	3.773923751282382e-08	24.659358978271484
ĠMary	2032	 Mary	2	distilbert/distilgpt2	distilbert/distilgpt2	False	0.00036836654180660844	11.406570434570312
Ġbecause	2032	 because	3	distilbert/distilgpt2	distilbert/distilgpt2	False	0.00036913491203449667	11.403564453125
Ġshe	2032	 she	4	distilbert/distilgpt2	distilbert/distilgpt2	False	0.4223584234714508	1.2434602975845337
John	2033	John	0	distilbert/distilgpt2	distilbert/distilgpt2	False	1.0	0.0
Ġesteemed	2033	 esteemed	1	distilbert/distilgpt2	distilbert/distilgpt2	False	2.5755564792007135e-08	25.210540771484375
ĠDavid	2033	 David	2	distilbert/distilgpt2	distilbert/distilgpt2	False	0.0002307464019395411	12.081403732299805
Ġbecause	2033	 because	3	distilbert/distilgpt2	distilbert/distilgpt2	False	1.3091637811157852e-05	16.22099494934082
Ġhe	2033	 he	4	distilbert/distilgpt2	distilbert/distilgpt2	False	0.40485280752182007	1.3045306205749512
Mary	2034	Mary	0	distilbert/distilgpt2	distilbert/distilgpt2	False	1.0	0.0
Ġesteemed	2034	 esteemed	1	distilbert/distilgpt2	distilbert/distilgpt2	False	2.847202473788002e-08	25.065879821777344
ĠDavid	2034	 David	2	distilbert/distilgpt2	distilbert/distilgpt2	False	0.00017049013695213944	12.518024444580078
Ġbecause	2034	 because	3	distilbert/distilgpt2	distilbert/distilgpt2	False	5.465487265610136e-05	14.159290313720703
Ġhe	2034	 he	4	distilbert/distilgpt2	distilbert/distilgpt2	False	0.4093046188354492	1.2887531518936157
John	2035	John	0	distilbert/distilgpt2	distilbert/distilgpt2	False	1.0	0.0
Ġesteemed	2035	 esteemed	1	distilbert/distilgpt2	distilbert/distilgpt2	False	2.5755564792007135e-08	25.210540771484375
ĠDavid	2035	 David	2	distilbert/distilgpt2	distilbert/distilgpt2	False	0.0002307464019395411	12.081403732299805
Ġbecause	2035	 because	3	distilbert/distilgpt2	distilbert/distilgpt2	False	1.3091637811157852e-05	16.22099494934082
Ġhe	2035	 he	4	distilbert/distilgpt2	distilbert/distilgpt2	False	0.40485280752182007	1.3045306205749512
Sarah	2036	Sarah	0	distilbert/distilgpt2	distilbert/distilgpt2	False	1.0	0.0
Ġesteemed	2036	 esteemed	1	distilbert/distilgpt2	distilbert/distilgpt2	False	2.0144144130540553e-08	25.5650634765625
ĠDavid	2036	 David	2	distilbert/distilgpt2	distilbert/distilgpt2	False	0.00032341587939299643	11.594322204589844
Ġbecause	2036	 because	3	distilbert/distilgpt2	distilbert/distilgpt2	False	1.4237792129279114e-05	16.09991455078125
Ġhe	2036	 he	4	distilbert/distilgpt2	distilbert/distilgpt2	False	0.4285393953323364	1.2225003242492676
David	2037	David	0	distilbert/distilgpt2	distilbert/distilgpt2	False	1.0	0.0
Ġesteemed	2037	 esteemed	1	distilbert/distilgpt2	distilbert/distilgpt2	False	2.7405782532241574e-08	25.12094497680664
ĠJohn	2037	 John	2	distilbert/distilgpt2	distilbert/distilgpt2	False	0.0004806822689715773	11.022628784179688
Ġbecause	2037	 because	3	distilbert/distilgpt2	distilbert/distilgpt2	False	7.429252491419902e-06	17.03835105895996
Ġhe	2037	 he	4	distilbert/distilgpt2	distilbert/distilgpt2	False	0.49309539794921875	1.0200613737106323
Mary	2038	Mary	0	distilbert/distilgpt2	distilbert/distilgpt2	False	1.0	0.0
Ġesteemed	2038	 esteemed	1	distilbert/distilgpt2	distilbert/distilgpt2	False	2.847202473788002e-08	25.065879821777344
ĠJohn	2038	 John	2	distilbert/distilgpt2	distilbert/distilgpt2	False	0.00032222169102169573	11.599658966064453
Ġbecause	2038	 because	3	distilbert/distilgpt2	distilbert/distilgpt2	False	2.7682213840307668e-05	15.140681266784668
Ġhe	2038	 he	4	distilbert/distilgpt2	distilbert/distilgpt2	False	0.4837607145309448	1.047634482383728
David	2039	David	0	distilbert/distilgpt2	distilbert/distilgpt2	False	1.0	0.0
Ġesteemed	2039	 esteemed	1	distilbert/distilgpt2	distilbert/distilgpt2	False	2.7405782532241574e-08	25.12094497680664
ĠJohn	2039	 John	2	distilbert/distilgpt2	distilbert/distilgpt2	False	0.0004806822689715773	11.022628784179688
Ġbecause	2039	 because	3	distilbert/distilgpt2	distilbert/distilgpt2	False	7.429252491419902e-06	17.03835105895996
Ġhe	2039	 he	4	distilbert/distilgpt2	distilbert/distilgpt2	False	0.49309539794921875	1.0200613737106323
Sarah	2040	Sarah	0	distilbert/distilgpt2	distilbert/distilgpt2	False	1.0	0.0
Ġesteemed	2040	 esteemed	1	distilbert/distilgpt2	distilbert/distilgpt2	False	2.0144144130540553e-08	25.5650634765625
ĠJohn	2040	 John	2	distilbert/distilgpt2	distilbert/distilgpt2	False	0.00039935752283781767	11.290031433105469
Ġbecause	2040	 because	3	distilbert/distilgpt2	distilbert/distilgpt2	False	1.396706920786528e-05	16.12761116027832
Ġhe	2040	 he	4	distilbert/distilgpt2	distilbert/distilgpt2	False	0.4778408408164978	1.0653979778289795
Mary	2041	Mary	0	distilbert/distilgpt2	distilbert/distilgpt2	False	1.0	0.0
Ġesteemed	2041	 esteemed	1	distilbert/distilgpt2	distilbert/distilgpt2	False	2.847202473788002e-08	25.065879821777344
ĠSarah	2041	 Sarah	2	distilbert/distilgpt2	distilbert/distilgpt2	False	2.6555720978649333e-05	15.200617790222168
Ġbecause	2041	 because	3	distilbert/distilgpt2	distilbert/distilgpt2	False	0.0001551726454636082	12.653838157653809
Ġshe	2041	 she	4	distilbert/distilgpt2	distilbert/distilgpt2	False	0.5155349373817444	0.9558579921722412
John	2042	John	0	distilbert/distilgpt2	distilbert/distilgpt2	False	1.0	0.0
Ġesteemed	2042	 esteemed	1	distilbert/distilgpt2	distilbert/distilgpt2	False	2.5755564792007135e-08	25.210540771484375
ĠSarah	2042	 Sarah	2	distilbert/distilgpt2	distilbert/distilgpt2	False	2.2809717847849242e-05	15.419991493225098
Ġbecause	2042	 because	3	distilbert/distilgpt2	distilbert/distilgpt2	False	3.79241282644216e-05	14.686524391174316
Ġshe	2042	 she	4	distilbert/distilgpt2	distilbert/distilgpt2	False	0.46538087725639343	1.1035162210464478
Mary	2043	Mary	0	distilbert/distilgpt2	distilbert/distilgpt2	False	1.0	0.0
Ġesteemed	2043	 esteemed	1	distilbert/distilgpt2	distilbert/distilgpt2	False	2.847202473788002e-08	25.065879821777344
ĠSarah	2043	 Sarah	2	distilbert/distilgpt2	distilbert/distilgpt2	False	2.6555720978649333e-05	15.200617790222168
Ġbecause	2043	 because	3	distilbert/distilgpt2	distilbert/distilgpt2	False	0.0001551726454636082	12.653838157653809
Ġshe	2043	 she	4	distilbert/distilgpt2	distilbert/distilgpt2	False	0.5155349373817444	0.9558579921722412
David	2044	David	0	distilbert/distilgpt2	distilbert/distilgpt2	False	1.0	0.0
Ġesteemed	2044	 esteemed	1	distilbert/distilgpt2	distilbert/distilgpt2	False	2.7405782532241574e-08	25.12094497680664
ĠSarah	2044	 Sarah	2	distilbert/distilgpt2	distilbert/distilgpt2	False	3.305779682705179e-05	14.884650230407715
Ġbecause	2044	 because	3	distilbert/distilgpt2	distilbert/distilgpt2	False	3.0494114980683662e-05	15.001110076904297
Ġshe	2044	 she	4	distilbert/distilgpt2	distilbert/distilgpt2	False	0.48705819249153137	1.0378339290618896
Sarah	2045	Sarah	0	distilbert/distilgpt2	distilbert/distilgpt2	False	1.0	0.0
Ġesteemed	2045	 esteemed	1	distilbert/distilgpt2	distilbert/distilgpt2	False	2.0144144130540553e-08	25.5650634765625
ĠMary	2045	 Mary	2	distilbert/distilgpt2	distilbert/distilgpt2	False	0.00010242825374007225	13.253098487854004
Ġbecause	2045	 because	3	distilbert/distilgpt2	distilbert/distilgpt2	False	1.6232830603257753e-05	15.910725593566895
Ġshe	2045	 she	4	distilbert/distilgpt2	distilbert/distilgpt2	False	0.4559856951236725	1.1329395771026611
John	2046	John	0	distilbert/distilgpt2	distilbert/distilgpt2	False	1.0	0.0
Ġesteemed	2046	 esteemed	1	distilbert/distilgpt2	distilbert/distilgpt2	False	2.5755564792007135e-08	25.210540771484375
ĠMary	2046	 Mary	2	distilbert/distilgpt2	distilbert/distilgpt2	False	5.83217988605611e-05	14.065605163574219
Ġbecause	2046	 because	3	distilbert/distilgpt2	distilbert/distilgpt2	False	1.4569205632142257e-05	16.06671905517578
Ġshe	2046	 she	4	distilbert/distilgpt2	distilbert/distilgpt2	False	0.4466649293899536	1.162735104560852
Sarah	2047	Sarah	0	distilbert/distilgpt2	distilbert/distilgpt2	False	1.0	0.0
Ġesteemed	2047	 esteemed	1	distilbert/distilgpt2	distilbert/distilgpt2	False	2.0144144130540553e-08	25.5650634765625
ĠMary	2047	 Mary	2	distilbert/distilgpt2	distilbert/distilgpt2	False	0.00010242825374007225	13.253098487854004
Ġbecause	2047	 because	3	distilbert/distilgpt2	distilbert/distilgpt2	False	1.6232830603257753e-05	15.910725593566895
Ġshe	2047	 she	4	distilbert/distilgpt2	distilbert/distilgpt2	False	0.4559856951236725	1.1329395771026611
David	2048	David	0	distilbert/distilgpt2	distilbert/distilgpt2	False	1.0	0.0
Ġesteemed	2048	 esteemed	1	distilbert/distilgpt2	distilbert/distilgpt2	False	2.7405782532241574e-08	25.12094497680664
ĠMary	2048	 Mary	2	distilbert/distilgpt2	distilbert/distilgpt2	False	7.169327000156045e-05	13.767803192138672
Ġbecause	2048	 because	3	distilbert/distilgpt2	distilbert/distilgpt2	False	1.0047284376923926e-05	16.602834701538086
Ġshe	2048	 she	4	distilbert/distilgpt2	distilbert/distilgpt2	False	0.4676579535007477	1.0964744091033936
John	2049	John	0	distilbert/distilgpt2	distilbert/distilgpt2	False	1.0	0.0
Ġexalted	2049	 exalted	1	distilbert/distilgpt2	distilbert/distilgpt2	False	2.1875898426060303e-08	25.446083068847656
ĠDavid	2049	 David	2	distilbert/distilgpt2	distilbert/distilgpt2	False	0.00022100884234532714	12.143608093261719
Ġbecause	2049	 because	3	distilbert/distilgpt2	distilbert/distilgpt2	False	0.0005377464694902301	10.860786437988281
Ġhe	2049	 he	4	distilbert/distilgpt2	distilbert/distilgpt2	False	0.3671889901161194	1.44540536403656
Mary	2050	Mary	0	distilbert/distilgpt2	distilbert/distilgpt2	False	1.0	0.0
Ġexalted	2050	 exalted	1	distilbert/distilgpt2	distilbert/distilgpt2	False	2.7228059806816418e-08	25.13033103942871
ĠDavid	2050	 David	2	distilbert/distilgpt2	distilbert/distilgpt2	False	0.00019603523833211511	12.31659984588623
Ġbecause	2050	 because	3	distilbert/distilgpt2	distilbert/distilgpt2	False	0.0006581508205272257	10.569293975830078
Ġhe	2050	 he	4	distilbert/distilgpt2	distilbert/distilgpt2	False	0.34226974844932556	1.5467942953109741
John	2051	John	0	distilbert/distilgpt2	distilbert/distilgpt2	False	1.0	0.0
Ġexalted	2051	 exalted	1	distilbert/distilgpt2	distilbert/distilgpt2	False	2.1875898426060303e-08	25.446083068847656
ĠDavid	2051	 David	2	distilbert/distilgpt2	distilbert/distilgpt2	False	0.00022100884234532714	12.143608093261719
Ġbecause	2051	 because	3	distilbert/distilgpt2	distilbert/distilgpt2	False	0.0005377464694902301	10.860786437988281
Ġhe	2051	 he	4	distilbert/distilgpt2	distilbert/distilgpt2	False	0.3671889901161194	1.44540536403656
Sarah	2052	Sarah	0	distilbert/distilgpt2	distilbert/distilgpt2	False	1.0	0.0
Ġexalted	2052	 exalted	1	distilbert/distilgpt2	distilbert/distilgpt2	False	2.0911867792960948e-08	25.5111026763916
ĠDavid	2052	 David	2	distilbert/distilgpt2	distilbert/distilgpt2	False	0.00022532787988893688	12.115686416625977
Ġbecause	2052	 because	3	distilbert/distilgpt2	distilbert/distilgpt2	False	0.0004040062485728413	11.273334503173828
Ġhe	2052	 he	4	distilbert/distilgpt2	distilbert/distilgpt2	False	0.3812532126903534	1.3911786079406738
David	2053	David	0	distilbert/distilgpt2	distilbert/distilgpt2	False	1.0	0.0
Ġexalted	2053	 exalted	1	distilbert/distilgpt2	distilbert/distilgpt2	False	2.6174333811468387e-08	25.187271118164062
ĠJohn	2053	 John	2	distilbert/distilgpt2	distilbert/distilgpt2	False	0.00023480229720007628	12.056265830993652
Ġbecause	2053	 because	3	distilbert/distilgpt2	distilbert/distilgpt2	False	0.00037691727629862726	11.373464584350586
Ġhe	2053	 he	4	distilbert/distilgpt2	distilbert/distilgpt2	False	0.4413479268550873	1.1800117492675781
Mary	2054	Mary	0	distilbert/distilgpt2	distilbert/distilgpt2	False	1.0	0.0
Ġexalted	2054	 exalted	1	distilbert/distilgpt2	distilbert/distilgpt2	False	2.7228059806816418e-08	25.13033103942871
ĠJohn	2054	 John	2	distilbert/distilgpt2	distilbert/distilgpt2	False	0.00014478129742201418	12.753836631774902
Ġbecause	2054	 because	3	distilbert/distilgpt2	distilbert/distilgpt2	False	0.0006574742146767676	10.570777893066406
Ġhe	2054	 he	4	distilbert/distilgpt2	distilbert/distilgpt2	False	0.4135529100894928	1.2738561630249023
David	2055	David	0	distilbert/distilgpt2	distilbert/distilgpt2	False	1.0	0.0
Ġexalted	2055	 exalted	1	distilbert/distilgpt2	distilbert/distilgpt2	False	2.6174333811468387e-08	25.187271118164062
ĠJohn	2055	 John	2	distilbert/distilgpt2	distilbert/distilgpt2	False	0.00023480229720007628	12.056265830993652
Ġbecause	2055	 because	3	distilbert/distilgpt2	distilbert/distilgpt2	False	0.00037691727629862726	11.373464584350586
Ġhe	2055	 he	4	distilbert/distilgpt2	distilbert/distilgpt2	False	0.4413479268550873	1.1800117492675781
Sarah	2056	Sarah	0	distilbert/distilgpt2	distilbert/distilgpt2	False	1.0	0.0
Ġexalted	2056	 exalted	1	distilbert/distilgpt2	distilbert/distilgpt2	False	2.0911867792960948e-08	25.5111026763916
ĠJohn	2056	 John	2	distilbert/distilgpt2	distilbert/distilgpt2	False	0.00016729878552723676	12.54528522491455
Ġbecause	2056	 because	3	distilbert/distilgpt2	distilbert/distilgpt2	False	0.0006003084708936512	10.702008247375488
Ġhe	2056	 he	4	distilbert/distilgpt2	distilbert/distilgpt2	False	0.4167950451374054	1.2625900506973267
Mary	2057	Mary	0	distilbert/distilgpt2	distilbert/distilgpt2	False	1.0	0.0
Ġexalted	2057	 exalted	1	distilbert/distilgpt2	distilbert/distilgpt2	False	2.7228059806816418e-08	25.13033103942871
ĠSarah	2057	 Sarah	2	distilbert/distilgpt2	distilbert/distilgpt2	False	2.164958459616173e-05	15.495301246643066
Ġbecause	2057	 because	3	distilbert/distilgpt2	distilbert/distilgpt2	False	0.0013568387366831303	9.525534629821777
Ġshe	2057	 she	4	distilbert/distilgpt2	distilbert/distilgpt2	False	0.466487854719162	1.1000885963439941
John	2058	John	0	distilbert/distilgpt2	distilbert/distilgpt2	False	1.0	0.0
Ġexalted	2058	 exalted	1	distilbert/distilgpt2	distilbert/distilgpt2	False	2.1875898426060303e-08	25.446083068847656
ĠSarah	2058	 Sarah	2	distilbert/distilgpt2	distilbert/distilgpt2	False	1.711573167995084e-05	15.834317207336426
Ġbecause	2058	 because	3	distilbert/distilgpt2	distilbert/distilgpt2	False	0.0009832574287429452	9.990143775939941
Ġshe	2058	 she	4	distilbert/distilgpt2	distilbert/distilgpt2	False	0.45106956362724304	1.14857816696167
Mary	2059	Mary	0	distilbert/distilgpt2	distilbert/distilgpt2	False	1.0	0.0
Ġexalted	2059	 exalted	1	distilbert/distilgpt2	distilbert/distilgpt2	False	2.7228059806816418e-08	25.13033103942871
ĠSarah	2059	 Sarah	2	distilbert/distilgpt2	distilbert/distilgpt2	False	2.164958459616173e-05	15.495301246643066
Ġbecause	2059	 because	3	distilbert/distilgpt2	distilbert/distilgpt2	False	0.0013568387366831303	9.525534629821777
Ġshe	2059	 she	4	distilbert/distilgpt2	distilbert/distilgpt2	False	0.466487854719162	1.1000885963439941
David	2060	David	0	distilbert/distilgpt2	distilbert/distilgpt2	False	1.0	0.0
Ġexalted	2060	 exalted	1	distilbert/distilgpt2	distilbert/distilgpt2	False	2.6174333811468387e-08	25.187271118164062
ĠSarah	2060	 Sarah	2	distilbert/distilgpt2	distilbert/distilgpt2	False	2.9572036510217004e-05	15.04540729522705
Ġbecause	2060	 because	3	distilbert/distilgpt2	distilbert/distilgpt2	False	0.0007217760430648923	10.436161041259766
Ġshe	2060	 she	4	distilbert/distilgpt2	distilbert/distilgpt2	False	0.4653603732585907	1.1035797595977783
Sarah	2061	Sarah	0	distilbert/distilgpt2	distilbert/distilgpt2	False	1.0	0.0
Ġexalted	2061	 exalted	1	distilbert/distilgpt2	distilbert/distilgpt2	False	2.0911867792960948e-08	25.5111026763916
ĠMary	2061	 Mary	2	distilbert/distilgpt2	distilbert/distilgpt2	False	6.415833195205778e-05	13.928004264831543
Ġbecause	2061	 because	3	distilbert/distilgpt2	distilbert/distilgpt2	False	0.0008647817885503173	10.175375938415527
Ġshe	2061	 she	4	distilbert/distilgpt2	distilbert/distilgpt2	False	0.4117740988731384	1.2800750732421875
John	2062	John	0	distilbert/distilgpt2	distilbert/distilgpt2	False	1.0	0.0
Ġexalted	2062	 exalted	1	distilbert/distilgpt2	distilbert/distilgpt2	False	2.1875898426060303e-08	25.446083068847656
ĠMary	2062	 Mary	2	distilbert/distilgpt2	distilbert/distilgpt2	False	4.6547040255973116e-05	14.390951156616211
Ġbecause	2062	 because	3	distilbert/distilgpt2	distilbert/distilgpt2	False	0.0009829713962972164	9.99056339263916
Ġshe	2062	 she	4	distilbert/distilgpt2	distilbert/distilgpt2	False	0.40462711453437805	1.3053351640701294
Sarah	2063	Sarah	0	distilbert/distilgpt2	distilbert/distilgpt2	False	1.0	0.0
Ġexalted	2063	 exalted	1	distilbert/distilgpt2	distilbert/distilgpt2	False	2.0911867792960948e-08	25.5111026763916
ĠMary	2063	 Mary	2	distilbert/distilgpt2	distilbert/distilgpt2	False	6.415833195205778e-05	13.928004264831543
Ġbecause	2063	 because	3	distilbert/distilgpt2	distilbert/distilgpt2	False	0.0008647817885503173	10.175375938415527
Ġshe	2063	 she	4	distilbert/distilgpt2	distilbert/distilgpt2	False	0.4117740988731384	1.2800750732421875
David	2064	David	0	distilbert/distilgpt2	distilbert/distilgpt2	False	1.0	0.0
Ġexalted	2064	 exalted	1	distilbert/distilgpt2	distilbert/distilgpt2	False	2.6174333811468387e-08	25.187271118164062
ĠMary	2064	 Mary	2	distilbert/distilgpt2	distilbert/distilgpt2	False	7.106205157469958e-05	13.780561447143555
Ġbecause	2064	 because	3	distilbert/distilgpt2	distilbert/distilgpt2	False	0.0007746201008558273	10.334223747253418
Ġshe	2064	 she	4	distilbert/distilgpt2	distilbert/distilgpt2	False	0.41985568404197693	1.2520346641540527
John	2065	John	0	distilbert/distilgpt2	distilbert/distilgpt2	False	1.0	0.0
Ġexasper	2065	 exasperated	1	distilbert/distilgpt2	distilbert/distilgpt2	False	2.2798154475367483e-08	25.386507034301758
ated	2065	 exasperated	1	distilbert/distilgpt2	distilbert/distilgpt2	False	0.9185391068458557	0.1225869432091713
ĠDavid	2065	 David	2	distilbert/distilgpt2	distilbert/distilgpt2	False	0.0005861233221367002	10.7365083694458
Ġbecause	2065	 because	3	distilbert/distilgpt2	distilbert/distilgpt2	False	0.00033915293170139194	11.525776863098145
Ġhe	2065	 he	4	distilbert/distilgpt2	distilbert/distilgpt2	False	0.3780139088630676	1.4034888744354248
Mary	2066	Mary	0	distilbert/distilgpt2	distilbert/distilgpt2	False	1.0	0.0
Ġexasper	2066	 exasperated	1	distilbert/distilgpt2	distilbert/distilgpt2	False	2.7971536198379e-08	25.09146499633789
ated	2066	 exasperated	1	distilbert/distilgpt2	distilbert/distilgpt2	False	0.9055356979370117	0.14315661787986755
ĠDavid	2066	 David	2	distilbert/distilgpt2	distilbert/distilgpt2	False	0.00041173023055307567	11.246012687683105
Ġbecause	2066	 because	3	distilbert/distilgpt2	distilbert/distilgpt2	False	0.000869382347445935	10.16772174835205
Ġhe	2066	 he	4	distilbert/distilgpt2	distilbert/distilgpt2	False	0.3862883746623993	1.3722498416900635
John	2067	John	0	distilbert/distilgpt2	distilbert/distilgpt2	False	1.0	0.0
Ġexasper	2067	 exasperated	1	distilbert/distilgpt2	distilbert/distilgpt2	False	2.2798154475367483e-08	25.386507034301758
ated	2067	 exasperated	1	distilbert/distilgpt2	distilbert/distilgpt2	False	0.9185391068458557	0.1225869432091713
ĠDavid	2067	 David	2	distilbert/distilgpt2	distilbert/distilgpt2	False	0.0005861233221367002	10.7365083694458
Ġbecause	2067	 because	3	distilbert/distilgpt2	distilbert/distilgpt2	False	0.00033915293170139194	11.525776863098145
Ġhe	2067	 he	4	distilbert/distilgpt2	distilbert/distilgpt2	False	0.3780139088630676	1.4034888744354248
Sarah	2068	Sarah	0	distilbert/distilgpt2	distilbert/distilgpt2	False	1.0	0.0
Ġexasper	2068	 exasperated	1	distilbert/distilgpt2	distilbert/distilgpt2	False	2.1911937153618055e-08	25.443708419799805
ated	2068	 exasperated	1	distilbert/distilgpt2	distilbert/distilgpt2	False	0.9690629839897156	0.04533757269382477
ĠDavid	2068	 David	2	distilbert/distilgpt2	distilbert/distilgpt2	False	0.00036648957757279277	11.4139404296875
Ġbecause	2068	 because	3	distilbert/distilgpt2	distilbert/distilgpt2	False	0.0002630263043101877	11.892505645751953
Ġhe	2068	 he	4	distilbert/distilgpt2	distilbert/distilgpt2	False	0.37544164061546326	1.4133394956588745
David	2069	David	0	distilbert/distilgpt2	distilbert/distilgpt2	False	1.0	0.0
Ġexasper	2069	 exasperated	1	distilbert/distilgpt2	distilbert/distilgpt2	False	2.491957573624859e-08	25.25814437866211
ated	2069	 exasperated	1	distilbert/distilgpt2	distilbert/distilgpt2	False	0.9489455819129944	0.0756026953458786
ĠJohn	2069	 John	2	distilbert/distilgpt2	distilbert/distilgpt2	False	0.0008808660204522312	10.148789405822754
Ġbecause	2069	 because	3	distilbert/distilgpt2	distilbert/distilgpt2	False	0.0003631178697105497	11.427274703979492
Ġhe	2069	 he	4	distilbert/distilgpt2	distilbert/distilgpt2	False	0.38251161575317383	1.3864245414733887
Mary	2070	Mary	0	distilbert/distilgpt2	distilbert/distilgpt2	False	1.0	0.0
Ġexasper	2070	 exasperated	1	distilbert/distilgpt2	distilbert/distilgpt2	False	2.7971536198379e-08	25.09146499633789
ated	2070	 exasperated	1	distilbert/distilgpt2	distilbert/distilgpt2	False	0.9055356979370117	0.14315661787986755
ĠJohn	2070	 John	2	distilbert/distilgpt2	distilbert/distilgpt2	False	0.0005415892228484154	10.850513458251953
Ġbecause	2070	 because	3	distilbert/distilgpt2	distilbert/distilgpt2	False	0.0011275456054136157	9.792598724365234
Ġhe	2070	 he	4	distilbert/distilgpt2	distilbert/distilgpt2	False	0.39635854959487915	1.335121989250183
David	2071	David	0	distilbert/distilgpt2	distilbert/distilgpt2	False	1.0	0.0
Ġexasper	2071	 exasperated	1	distilbert/distilgpt2	distilbert/distilgpt2	False	2.491957573624859e-08	25.25814437866211
ated	2071	 exasperated	1	distilbert/distilgpt2	distilbert/distilgpt2	False	0.9489455819129944	0.0756026953458786
ĠJohn	2071	 John	2	distilbert/distilgpt2	distilbert/distilgpt2	False	0.0008808660204522312	10.148789405822754
Ġbecause	2071	 because	3	distilbert/distilgpt2	distilbert/distilgpt2	False	0.0003631178697105497	11.427274703979492
Ġhe	2071	 he	4	distilbert/distilgpt2	distilbert/distilgpt2	False	0.38251161575317383	1.3864245414733887
Sarah	2072	Sarah	0	distilbert/distilgpt2	distilbert/distilgpt2	False	1.0	0.0
Ġexasper	2072	 exasperated	1	distilbert/distilgpt2	distilbert/distilgpt2	False	2.1911937153618055e-08	25.443708419799805
ated	2072	 exasperated	1	distilbert/distilgpt2	distilbert/distilgpt2	False	0.9690629839897156	0.04533757269382477
ĠJohn	2072	 John	2	distilbert/distilgpt2	distilbert/distilgpt2	False	0.0003931199316866696	11.312743186950684
Ġbecause	2072	 because	3	distilbert/distilgpt2	distilbert/distilgpt2	False	0.0011334947776049376	9.785006523132324
Ġhe	2072	 he	4	distilbert/distilgpt2	distilbert/distilgpt2	False	0.3772783577442169	1.4062987565994263
Mary	2073	Mary	0	distilbert/distilgpt2	distilbert/distilgpt2	False	1.0	0.0
Ġexasper	2073	 exasperated	1	distilbert/distilgpt2	distilbert/distilgpt2	False	2.7971536198379e-08	25.09146499633789
ated	2073	 exasperated	1	distilbert/distilgpt2	distilbert/distilgpt2	False	0.9055356979370117	0.14315661787986755
ĠSarah	2073	 Sarah	2	distilbert/distilgpt2	distilbert/distilgpt2	False	9.181758650811389e-05	13.410869598388672
Ġbecause	2073	 because	3	distilbert/distilgpt2	distilbert/distilgpt2	False	0.002208605408668518	8.822649002075195
Ġshe	2073	 she	4	distilbert/distilgpt2	distilbert/distilgpt2	False	0.4767340421676636	1.0687434673309326
John	2074	John	0	distilbert/distilgpt2	distilbert/distilgpt2	False	1.0	0.0
Ġexasper	2074	 exasperated	1	distilbert/distilgpt2	distilbert/distilgpt2	False	2.2798154475367483e-08	25.386507034301758
ated	2074	 exasperated	1	distilbert/distilgpt2	distilbert/distilgpt2	False	0.9185391068458557	0.1225869432091713
ĠSarah	2074	 Sarah	2	distilbert/distilgpt2	distilbert/distilgpt2	False	0.00010562305396888405	13.20878791809082
Ġbecause	2074	 because	3	distilbert/distilgpt2	distilbert/distilgpt2	False	0.0008187800995074213	10.254236221313477
Ġshe	2074	 she	4	distilbert/distilgpt2	distilbert/distilgpt2	False	0.44025540351867676	1.1835874319076538
Mary	2075	Mary	0	distilbert/distilgpt2	distilbert/distilgpt2	False	1.0	0.0
Ġexasper	2075	 exasperated	1	distilbert/distilgpt2	distilbert/distilgpt2	False	2.7971536198379e-08	25.09146499633789
ated	2075	 exasperated	1	distilbert/distilgpt2	distilbert/distilgpt2	False	0.9055356979370117	0.14315661787986755
ĠSarah	2075	 Sarah	2	distilbert/distilgpt2	distilbert/distilgpt2	False	9.181758650811389e-05	13.410869598388672
Ġbecause	2075	 because	3	distilbert/distilgpt2	distilbert/distilgpt2	False	0.002208605408668518	8.822649002075195
Ġshe	2075	 she	4	distilbert/distilgpt2	distilbert/distilgpt2	False	0.4767340421676636	1.0687434673309326
David	2076	David	0	distilbert/distilgpt2	distilbert/distilgpt2	False	1.0	0.0
Ġexasper	2076	 exasperated	1	distilbert/distilgpt2	distilbert/distilgpt2	False	2.491957573624859e-08	25.25814437866211
ated	2076	 exasperated	1	distilbert/distilgpt2	distilbert/distilgpt2	False	0.9489455819129944	0.0756026953458786
ĠSarah	2076	 Sarah	2	distilbert/distilgpt2	distilbert/distilgpt2	False	0.00011425412230892107	13.095466613769531
Ġbecause	2076	 because	3	distilbert/distilgpt2	distilbert/distilgpt2	False	0.00027143440092913806	11.847108840942383
Ġshe	2076	 she	4	distilbert/distilgpt2	distilbert/distilgpt2	False	0.4064173698425293	1.2989660501480103
Sarah	2077	Sarah	0	distilbert/distilgpt2	distilbert/distilgpt2	False	1.0	0.0
Ġexasper	2077	 exasperated	1	distilbert/distilgpt2	distilbert/distilgpt2	False	2.1911937153618055e-08	25.443708419799805
ated	2077	 exasperated	1	distilbert/distilgpt2	distilbert/distilgpt2	False	0.9690629839897156	0.04533757269382477
ĠMary	2077	 Mary	2	distilbert/distilgpt2	distilbert/distilgpt2	False	0.00020526768639683723	12.250205993652344
Ġbecause	2077	 because	3	distilbert/distilgpt2	distilbert/distilgpt2	False	0.0004993752227164805	10.967588424682617
Ġshe	2077	 she	4	distilbert/distilgpt2	distilbert/distilgpt2	False	0.4131920039653778	1.2751158475875854
John	2078	John	0	distilbert/distilgpt2	distilbert/distilgpt2	False	1.0	0.0
Ġexasper	2078	 exasperated	1	distilbert/distilgpt2	distilbert/distilgpt2	False	2.2798154475367483e-08	25.386507034301758
ated	2078	 exasperated	1	distilbert/distilgpt2	distilbert/distilgpt2	False	0.9185391068458557	0.1225869432091713
ĠMary	2078	 Mary	2	distilbert/distilgpt2	distilbert/distilgpt2	False	0.00027471466455608606	11.829778671264648
Ġbecause	2078	 because	3	distilbert/distilgpt2	distilbert/distilgpt2	False	0.0007265032036229968	10.426743507385254
Ġshe	2078	 she	4	distilbert/distilgpt2	distilbert/distilgpt2	False	0.418334037065506	1.257272720336914
Sarah	2079	Sarah	0	distilbert/distilgpt2	distilbert/distilgpt2	False	1.0	0.0
Ġexasper	2079	 exasperated	1	distilbert/distilgpt2	distilbert/distilgpt2	False	2.1911937153618055e-08	25.443708419799805
ated	2079	 exasperated	1	distilbert/distilgpt2	distilbert/distilgpt2	False	0.9690629839897156	0.04533757269382477
ĠMary	2079	 Mary	2	distilbert/distilgpt2	distilbert/distilgpt2	False	0.00020526768639683723	12.250205993652344
Ġbecause	2079	 because	3	distilbert/distilgpt2	distilbert/distilgpt2	False	0.0004993752227164805	10.967588424682617
Ġshe	2079	 she	4	distilbert/distilgpt2	distilbert/distilgpt2	False	0.4131920039653778	1.2751158475875854
David	2080	David	0	distilbert/distilgpt2	distilbert/distilgpt2	False	1.0	0.0
Ġexasper	2080	 exasperated	1	distilbert/distilgpt2	distilbert/distilgpt2	False	2.491957573624859e-08	25.25814437866211
ated	2080	 exasperated	1	distilbert/distilgpt2	distilbert/distilgpt2	False	0.9489455819129944	0.0756026953458786
ĠMary	2080	 Mary	2	distilbert/distilgpt2	distilbert/distilgpt2	False	0.00026356743182986975	11.889540672302246
Ġbecause	2080	 because	3	distilbert/distilgpt2	distilbert/distilgpt2	False	0.00030726674594916403	11.668220520019531
Ġshe	2080	 she	4	distilbert/distilgpt2	distilbert/distilgpt2	False	0.38557010889053345	1.3749349117279053
John	2081	John	0	distilbert/distilgpt2	distilbert/distilgpt2	False	1.0	0.0
Ġexcited	2081	 excited	1	distilbert/distilgpt2	distilbert/distilgpt2	False	2.781723367206723e-07	21.777517318725586
ĠDavid	2081	 David	2	distilbert/distilgpt2	distilbert/distilgpt2	False	3.3868473110487685e-05	14.84969711303711
Ġbecause	2081	 because	3	distilbert/distilgpt2	distilbert/distilgpt2	False	0.0010903477668762207	9.840995788574219
Ġhe	2081	 he	4	distilbert/distilgpt2	distilbert/distilgpt2	False	0.4150824546813965	1.2685301303863525
Mary	2082	Mary	0	distilbert/distilgpt2	distilbert/distilgpt2	False	1.0	0.0
Ġexcited	2082	 excited	1	distilbert/distilgpt2	distilbert/distilgpt2	False	2.923029853718617e-07	21.706031799316406
ĠDavid	2082	 David	2	distilbert/distilgpt2	distilbert/distilgpt2	False	2.972999391204212e-05	15.037721633911133
Ġbecause	2082	 because	3	distilbert/distilgpt2	distilbert/distilgpt2	False	0.0011122464202344418	9.812307357788086
Ġhe	2082	 he	4	distilbert/distilgpt2	distilbert/distilgpt2	False	0.4196617603302002	1.2527011632919312
John	2083	John	0	distilbert/distilgpt2	distilbert/distilgpt2	False	1.0	0.0
Ġexcited	2083	 excited	1	distilbert/distilgpt2	distilbert/distilgpt2	False	2.781723367206723e-07	21.777517318725586
ĠDavid	2083	 David	2	distilbert/distilgpt2	distilbert/distilgpt2	False	3.3868473110487685e-05	14.84969711303711
Ġbecause	2083	 because	3	distilbert/distilgpt2	distilbert/distilgpt2	False	0.0010903477668762207	9.840995788574219
Ġhe	2083	 he	4	distilbert/distilgpt2	distilbert/distilgpt2	False	0.4150824546813965	1.2685301303863525
Sarah	2084	Sarah	0	distilbert/distilgpt2	distilbert/distilgpt2	False	1.0	0.0
Ġexcited	2084	 excited	1	distilbert/distilgpt2	distilbert/distilgpt2	False	2.954621436401794e-07	21.690523147583008
ĠDavid	2084	 David	2	distilbert/distilgpt2	distilbert/distilgpt2	False	2.442213190079201e-05	15.321451187133789
Ġbecause	2084	 because	3	distilbert/distilgpt2	distilbert/distilgpt2	False	0.001473019365221262	9.407008171081543
Ġhe	2084	 he	4	distilbert/distilgpt2	distilbert/distilgpt2	False	0.4141715168952942	1.2716997861862183
David	2085	David	0	distilbert/distilgpt2	distilbert/distilgpt2	False	1.0	0.0
Ġexcited	2085	 excited	1	distilbert/distilgpt2	distilbert/distilgpt2	False	2.735096416017768e-07	21.801904678344727
ĠJohn	2085	 John	2	distilbert/distilgpt2	distilbert/distilgpt2	False	6.247976125450805e-05	13.966251373291016
Ġbecause	2085	 because	3	distilbert/distilgpt2	distilbert/distilgpt2	False	0.002439887495711446	8.678969383239746
Ġhe	2085	 he	4	distilbert/distilgpt2	distilbert/distilgpt2	False	0.43366456031799316	1.2053486108779907
Mary	2086	Mary	0	distilbert/distilgpt2	distilbert/distilgpt2	False	1.0	0.0
Ġexcited	2086	 excited	1	distilbert/distilgpt2	distilbert/distilgpt2	False	2.923029853718617e-07	21.706031799316406
ĠJohn	2086	 John	2	distilbert/distilgpt2	distilbert/distilgpt2	False	4.134645132580772e-05	14.561877250671387
Ġbecause	2086	 because	3	distilbert/distilgpt2	distilbert/distilgpt2	False	0.0022391099482774734	8.80285930633545
Ġhe	2086	 he	4	distilbert/distilgpt2	distilbert/distilgpt2	False	0.4435499608516693	1.1728315353393555
David	2087	David	0	distilbert/distilgpt2	distilbert/distilgpt2	False	1.0	0.0
Ġexcited	2087	 excited	1	distilbert/distilgpt2	distilbert/distilgpt2	False	2.735096416017768e-07	21.801904678344727
ĠJohn	2087	 John	2	distilbert/distilgpt2	distilbert/distilgpt2	False	6.247976125450805e-05	13.966251373291016
Ġbecause	2087	 because	3	distilbert/distilgpt2	distilbert/distilgpt2	False	0.002439887495711446	8.678969383239746
Ġhe	2087	 he	4	distilbert/distilgpt2	distilbert/distilgpt2	False	0.43366456031799316	1.2053486108779907
Sarah	2088	Sarah	0	distilbert/distilgpt2	distilbert/distilgpt2	False	1.0	0.0
Ġexcited	2088	 excited	1	distilbert/distilgpt2	distilbert/distilgpt2	False	2.954621436401794e-07	21.690523147583008
ĠJohn	2088	 John	2	distilbert/distilgpt2	distilbert/distilgpt2	False	3.1161285733105615e-05	14.96988582611084
Ġbecause	2088	 because	3	distilbert/distilgpt2	distilbert/distilgpt2	False	0.003674954641610384	8.088057518005371
Ġhe	2088	 he	4	distilbert/distilgpt2	distilbert/distilgpt2	False	0.4231315553188324	1.2408218383789062
Mary	2089	Mary	0	distilbert/distilgpt2	distilbert/distilgpt2	False	1.0	0.0
Ġexcited	2089	 excited	1	distilbert/distilgpt2	distilbert/distilgpt2	False	2.923029853718617e-07	21.706031799316406
ĠSarah	2089	 Sarah	2	distilbert/distilgpt2	distilbert/distilgpt2	False	2.7928212148253806e-05	15.127917289733887
Ġbecause	2089	 because	3	distilbert/distilgpt2	distilbert/distilgpt2	False	0.002807227661833167	8.476637840270996
Ġshe	2089	 she	4	distilbert/distilgpt2	distilbert/distilgpt2	False	0.4781416356563568	1.0644900798797607
John	2090	John	0	distilbert/distilgpt2	distilbert/distilgpt2	False	1.0	0.0
Ġexcited	2090	 excited	1	distilbert/distilgpt2	distilbert/distilgpt2	False	2.781723367206723e-07	21.777517318725586
ĠSarah	2090	 Sarah	2	distilbert/distilgpt2	distilbert/distilgpt2	False	1.802250881155487e-05	15.759840965270996
Ġbecause	2090	 because	3	distilbert/distilgpt2	distilbert/distilgpt2	False	0.002937984885647893	8.410957336425781
Ġshe	2090	 she	4	distilbert/distilgpt2	distilbert/distilgpt2	False	0.41661062836647034	1.2632285356521606
Mary	2091	Mary	0	distilbert/distilgpt2	distilbert/distilgpt2	False	1.0	0.0
Ġexcited	2091	 excited	1	distilbert/distilgpt2	distilbert/distilgpt2	False	2.923029853718617e-07	21.706031799316406
ĠSarah	2091	 Sarah	2	distilbert/distilgpt2	distilbert/distilgpt2	False	2.7928212148253806e-05	15.127917289733887
Ġbecause	2091	 because	3	distilbert/distilgpt2	distilbert/distilgpt2	False	0.002807227661833167	8.476637840270996
Ġshe	2091	 she	4	distilbert/distilgpt2	distilbert/distilgpt2	False	0.4781416356563568	1.0644900798797607
David	2092	David	0	distilbert/distilgpt2	distilbert/distilgpt2	False	1.0	0.0
Ġexcited	2092	 excited	1	distilbert/distilgpt2	distilbert/distilgpt2	False	2.735096416017768e-07	21.801904678344727
ĠSarah	2092	 Sarah	2	distilbert/distilgpt2	distilbert/distilgpt2	False	2.567139563325327e-05	15.249478340148926
Ġbecause	2092	 because	3	distilbert/distilgpt2	distilbert/distilgpt2	False	0.002322161104530096	8.750316619873047
Ġshe	2092	 she	4	distilbert/distilgpt2	distilbert/distilgpt2	False	0.42934712767601013	1.2197835445404053
Sarah	2093	Sarah	0	distilbert/distilgpt2	distilbert/distilgpt2	False	1.0	0.0
Ġexcited	2093	 excited	1	distilbert/distilgpt2	distilbert/distilgpt2	False	2.954621436401794e-07	21.690523147583008
ĠMary	2093	 Mary	2	distilbert/distilgpt2	distilbert/distilgpt2	False	4.052802614751272e-05	14.590720176696777
Ġbecause	2093	 because	3	distilbert/distilgpt2	distilbert/distilgpt2	False	0.0010803749319165945	9.854251861572266
Ġshe	2093	 she	4	distilbert/distilgpt2	distilbert/distilgpt2	False	0.40705135464668274	1.2967172861099243
John	2094	John	0	distilbert/distilgpt2	distilbert/distilgpt2	False	1.0	0.0
Ġexcited	2094	 excited	1	distilbert/distilgpt2	distilbert/distilgpt2	False	2.781723367206723e-07	21.777517318725586
ĠMary	2094	 Mary	2	distilbert/distilgpt2	distilbert/distilgpt2	False	2.729445077420678e-05	15.161032676696777
Ġbecause	2094	 because	3	distilbert/distilgpt2	distilbert/distilgpt2	False	0.001320781302638352	9.564393043518066
Ġshe	2094	 she	4	distilbert/distilgpt2	distilbert/distilgpt2	False	0.39468905329704285	1.3412116765975952
Sarah	2095	Sarah	0	distilbert/distilgpt2	distilbert/distilgpt2	False	1.0	0.0
Ġexcited	2095	 excited	1	distilbert/distilgpt2	distilbert/distilgpt2	False	2.954621436401794e-07	21.690523147583008
ĠMary	2095	 Mary	2	distilbert/distilgpt2	distilbert/distilgpt2	False	4.052802614751272e-05	14.590720176696777
Ġbecause	2095	 because	3	distilbert/distilgpt2	distilbert/distilgpt2	False	0.0010803749319165945	9.854251861572266
Ġshe	2095	 she	4	distilbert/distilgpt2	distilbert/distilgpt2	False	0.40705135464668274	1.2967172861099243
David	2096	David	0	distilbert/distilgpt2	distilbert/distilgpt2	False	1.0	0.0
Ġexcited	2096	 excited	1	distilbert/distilgpt2	distilbert/distilgpt2	False	2.735096416017768e-07	21.801904678344727
ĠMary	2096	 Mary	2	distilbert/distilgpt2	distilbert/distilgpt2	False	3.9704100345261395e-05	14.620352745056152
Ġbecause	2096	 because	3	distilbert/distilgpt2	distilbert/distilgpt2	False	0.0009456065017729998	10.046472549438477
Ġshe	2096	 she	4	distilbert/distilgpt2	distilbert/distilgpt2	False	0.3983076512813568	1.3280448913574219
John	2097	John	0	distilbert/distilgpt2	distilbert/distilgpt2	False	1.0	0.0
Ġexc	2097	 excused	1	distilbert/distilgpt2	distilbert/distilgpt2	False	2.56355292549415e-07	21.89535140991211
used	2097	 excused	1	distilbert/distilgpt2	distilbert/distilgpt2	False	0.09965752810239792	3.3268773555755615
ĠDavid	2097	 David	2	distilbert/distilgpt2	distilbert/distilgpt2	False	0.00016672236961312592	12.550264358520508
Ġbecause	2097	 because	3	distilbert/distilgpt2	distilbert/distilgpt2	False	0.0008326528477482498	10.229997634887695
Ġhe	2097	 he	4	distilbert/distilgpt2	distilbert/distilgpt2	False	0.4787469804286957	1.0626647472381592
Mary	2098	Mary	0	distilbert/distilgpt2	distilbert/distilgpt2	False	1.0	0.0
Ġexc	2098	 excused	1	distilbert/distilgpt2	distilbert/distilgpt2	False	2.596575257030054e-07	21.87688636779785
used	2098	 excused	1	distilbert/distilgpt2	distilbert/distilgpt2	False	0.057015325874090195	4.132506370544434
ĠDavid	2098	 David	2	distilbert/distilgpt2	distilbert/distilgpt2	False	0.00011788160918513313	13.050374031066895
Ġbecause	2098	 because	3	distilbert/distilgpt2	distilbert/distilgpt2	False	0.0011649230727925897	9.745549201965332
Ġhe	2098	 he	4	distilbert/distilgpt2	distilbert/distilgpt2	False	0.48160865902900696	1.054066777229309
John	2099	John	0	distilbert/distilgpt2	distilbert/distilgpt2	False	1.0	0.0
Ġexc	2099	 excused	1	distilbert/distilgpt2	distilbert/distilgpt2	False	2.56355292549415e-07	21.89535140991211
used	2099	 excused	1	distilbert/distilgpt2	distilbert/distilgpt2	False	0.09965752810239792	3.3268773555755615
ĠDavid	2099	 David	2	distilbert/distilgpt2	distilbert/distilgpt2	False	0.00016672236961312592	12.550264358520508
Ġbecause	2099	 because	3	distilbert/distilgpt2	distilbert/distilgpt2	False	0.0008326528477482498	10.229997634887695
Ġhe	2099	 he	4	distilbert/distilgpt2	distilbert/distilgpt2	False	0.4787469804286957	1.0626647472381592
Sarah	2100	Sarah	0	distilbert/distilgpt2	distilbert/distilgpt2	False	1.0	0.0
Ġexc	2100	 excused	1	distilbert/distilgpt2	distilbert/distilgpt2	False	2.7264141522209684e-07	21.80649185180664
used	2100	 excused	1	distilbert/distilgpt2	distilbert/distilgpt2	False	0.13232411444187164	2.9178521633148193
ĠDavid	2100	 David	2	distilbert/distilgpt2	distilbert/distilgpt2	False	7.825552893336862e-05	13.641448020935059
Ġbecause	2100	 because	3	distilbert/distilgpt2	distilbert/distilgpt2	False	0.0007572152535431087	10.367009162902832
Ġhe	2100	 he	4	distilbert/distilgpt2	distilbert/distilgpt2	False	0.48389723896980286	1.047227382659912
David	2101	David	0	distilbert/distilgpt2	distilbert/distilgpt2	False	1.0	0.0
Ġexc	2101	 excused	1	distilbert/distilgpt2	distilbert/distilgpt2	False	3.1247583365257015e-07	21.609752655029297
used	2101	 excused	1	distilbert/distilgpt2	distilbert/distilgpt2	False	0.19116036593914032	2.3871445655822754
ĠJohn	2101	 John	2	distilbert/distilgpt2	distilbert/distilgpt2	False	0.0004230657359585166	11.206830024719238
Ġbecause	2101	 because	3	distilbert/distilgpt2	distilbert/distilgpt2	False	0.0007462307694368064	10.388090133666992
Ġhe	2101	 he	4	distilbert/distilgpt2	distilbert/distilgpt2	False	0.4711783826351166	1.0856547355651855
Mary	2102	Mary	0	distilbert/distilgpt2	distilbert/distilgpt2	False	1.0	0.0
Ġexc	2102	 excused	1	distilbert/distilgpt2	distilbert/distilgpt2	False	2.596575257030054e-07	21.87688636779785
used	2102	 excused	1	distilbert/distilgpt2	distilbert/distilgpt2	False	0.057015325874090195	4.132506370544434
ĠJohn	2102	 John	2	distilbert/distilgpt2	distilbert/distilgpt2	False	0.00022431866091210395	12.122162818908691
Ġbecause	2102	 because	3	distilbert/distilgpt2	distilbert/distilgpt2	False	0.001671775709837675	9.224403381347656
Ġhe	2102	 he	4	distilbert/distilgpt2	distilbert/distilgpt2	False	0.5001992583274841	0.9994252920150757
David	2103	David	0	distilbert/distilgpt2	distilbert/distilgpt2	False	1.0	0.0
Ġexc	2103	 excused	1	distilbert/distilgpt2	distilbert/distilgpt2	False	3.1247583365257015e-07	21.609752655029297
used	2103	 excused	1	distilbert/distilgpt2	distilbert/distilgpt2	False	0.19116036593914032	2.3871445655822754
ĠJohn	2103	 John	2	distilbert/distilgpt2	distilbert/distilgpt2	False	0.0004230657359585166	11.206830024719238
Ġbecause	2103	 because	3	distilbert/distilgpt2	distilbert/distilgpt2	False	0.0007462307694368064	10.388090133666992
Ġhe	2103	 he	4	distilbert/distilgpt2	distilbert/distilgpt2	False	0.4711783826351166	1.0856547355651855
Sarah	2104	Sarah	0	distilbert/distilgpt2	distilbert/distilgpt2	False	1.0	0.0
Ġexc	2104	 excused	1	distilbert/distilgpt2	distilbert/distilgpt2	False	2.7264141522209684e-07	21.80649185180664
used	2104	 excused	1	distilbert/distilgpt2	distilbert/distilgpt2	False	0.13232411444187164	2.9178521633148193
ĠJohn	2104	 John	2	distilbert/distilgpt2	distilbert/distilgpt2	False	0.00011233644181629643	13.11988639831543
Ġbecause	2104	 because	3	distilbert/distilgpt2	distilbert/distilgpt2	False	0.0019753677770495415	8.983662605285645
Ġhe	2104	 he	4	distilbert/distilgpt2	distilbert/distilgpt2	False	0.4793943166732788	1.0607153177261353
Mary	2105	Mary	0	distilbert/distilgpt2	distilbert/distilgpt2	False	1.0	0.0
Ġexc	2105	 excused	1	distilbert/distilgpt2	distilbert/distilgpt2	False	2.596575257030054e-07	21.87688636779785
used	2105	 excused	1	distilbert/distilgpt2	distilbert/distilgpt2	False	0.057015325874090195	4.132506370544434
ĠSarah	2105	 Sarah	2	distilbert/distilgpt2	distilbert/distilgpt2	False	6.59442157484591e-05	13.888394355773926
Ġbecause	2105	 because	3	distilbert/distilgpt2	distilbert/distilgpt2	False	0.006724758073687553	7.216301918029785
Ġshe	2105	 she	4	distilbert/distilgpt2	distilbert/distilgpt2	False	0.5437001585960388	0.8791168928146362
John	2106	John	0	distilbert/distilgpt2	distilbert/distilgpt2	False	1.0	0.0
Ġexc	2106	 excused	1	distilbert/distilgpt2	distilbert/distilgpt2	False	2.56355292549415e-07	21.89535140991211
used	2106	 excused	1	distilbert/distilgpt2	distilbert/distilgpt2	False	0.09965752810239792	3.3268773555755615
ĠSarah	2106	 Sarah	2	distilbert/distilgpt2	distilbert/distilgpt2	False	8.37639017845504e-05	13.543312072753906
Ġbecause	2106	 because	3	distilbert/distilgpt2	distilbert/distilgpt2	False	0.004173976369202137	7.904361724853516
Ġshe	2106	 she	4	distilbert/distilgpt2	distilbert/distilgpt2	False	0.5239864587783813	0.9323984980583191
Mary	2107	Mary	0	distilbert/distilgpt2	distilbert/distilgpt2	False	1.0	0.0
Ġexc	2107	 excused	1	distilbert/distilgpt2	distilbert/distilgpt2	False	2.596575257030054e-07	21.87688636779785
used	2107	 excused	1	distilbert/distilgpt2	distilbert/distilgpt2	False	0.057015325874090195	4.132506370544434
ĠSarah	2107	 Sarah	2	distilbert/distilgpt2	distilbert/distilgpt2	False	6.59442157484591e-05	13.888394355773926
Ġbecause	2107	 because	3	distilbert/distilgpt2	distilbert/distilgpt2	False	0.006724758073687553	7.216301918029785
Ġshe	2107	 she	4	distilbert/distilgpt2	distilbert/distilgpt2	False	0.5437001585960388	0.8791168928146362
David	2108	David	0	distilbert/distilgpt2	distilbert/distilgpt2	False	1.0	0.0
Ġexc	2108	 excused	1	distilbert/distilgpt2	distilbert/distilgpt2	False	3.1247583365257015e-07	21.609752655029297
used	2108	 excused	1	distilbert/distilgpt2	distilbert/distilgpt2	False	0.19116036593914032	2.3871445655822754
ĠSarah	2108	 Sarah	2	distilbert/distilgpt2	distilbert/distilgpt2	False	0.0001136708160629496	13.102850914001465
Ġbecause	2108	 because	3	distilbert/distilgpt2	distilbert/distilgpt2	False	0.0014948026509955525	9.385828971862793
Ġshe	2108	 she	4	distilbert/distilgpt2	distilbert/distilgpt2	False	0.4960774779319763	1.0113626718521118
Sarah	2109	Sarah	0	distilbert/distilgpt2	distilbert/distilgpt2	False	1.0	0.0
Ġexc	2109	 excused	1	distilbert/distilgpt2	distilbert/distilgpt2	False	2.7264141522209684e-07	21.80649185180664
used	2109	 excused	1	distilbert/distilgpt2	distilbert/distilgpt2	False	0.13232411444187164	2.9178521633148193
ĠMary	2109	 Mary	2	distilbert/distilgpt2	distilbert/distilgpt2	False	4.658541365643032e-05	14.389761924743652
Ġbecause	2109	 because	3	distilbert/distilgpt2	distilbert/distilgpt2	False	0.002905373927205801	8.4270601272583
Ġshe	2109	 she	4	distilbert/distilgpt2	distilbert/distilgpt2	False	0.48780661821365356	1.035618782043457
John	2110	John	0	distilbert/distilgpt2	distilbert/distilgpt2	False	1.0	0.0
Ġexc	2110	 excused	1	distilbert/distilgpt2	distilbert/distilgpt2	False	2.56355292549415e-07	21.89535140991211
used	2110	 excused	1	distilbert/distilgpt2	distilbert/distilgpt2	False	0.09965752810239792	3.3268773555755615
ĠMary	2110	 Mary	2	distilbert/distilgpt2	distilbert/distilgpt2	False	8.829766738926992e-05	13.467265129089355
Ġbecause	2110	 because	3	distilbert/distilgpt2	distilbert/distilgpt2	False	0.004072531592100859	7.939858436584473
Ġshe	2110	 she	4	distilbert/distilgpt2	distilbert/distilgpt2	False	0.48667779564857483	1.0389611721038818
Sarah	2111	Sarah	0	distilbert/distilgpt2	distilbert/distilgpt2	False	1.0	0.0
Ġexc	2111	 excused	1	distilbert/distilgpt2	distilbert/distilgpt2	False	2.7264141522209684e-07	21.80649185180664
used	2111	 excused	1	distilbert/distilgpt2	distilbert/distilgpt2	False	0.13232411444187164	2.9178521633148193
ĠMary	2111	 Mary	2	distilbert/distilgpt2	distilbert/distilgpt2	False	4.658541365643032e-05	14.389761924743652
Ġbecause	2111	 because	3	distilbert/distilgpt2	distilbert/distilgpt2	False	0.002905373927205801	8.4270601272583
Ġshe	2111	 she	4	distilbert/distilgpt2	distilbert/distilgpt2	False	0.48780661821365356	1.035618782043457
David	2112	David	0	distilbert/distilgpt2	distilbert/distilgpt2	False	1.0	0.0
Ġexc	2112	 excused	1	distilbert/distilgpt2	distilbert/distilgpt2	False	3.1247583365257015e-07	21.609752655029297
used	2112	 excused	1	distilbert/distilgpt2	distilbert/distilgpt2	False	0.19116036593914032	2.3871445655822754
ĠMary	2112	 Mary	2	distilbert/distilgpt2	distilbert/distilgpt2	False	0.00010704854503273964	13.189447402954102
Ġbecause	2112	 because	3	distilbert/distilgpt2	distilbert/distilgpt2	False	0.0016068925615400076	9.281511306762695
Ġshe	2112	 she	4	distilbert/distilgpt2	distilbert/distilgpt2	False	0.46880611777305603	1.0929367542266846
John	2113	John	0	distilbert/distilgpt2	distilbert/distilgpt2	False	1.0	0.0
Ġexhausted	2113	 exhausted	1	distilbert/distilgpt2	distilbert/distilgpt2	False	2.110432006929841e-08	25.497886657714844
ĠDavid	2113	 David	2	distilbert/distilgpt2	distilbert/distilgpt2	False	2.5604500478948466e-05	15.253243446350098
Ġbecause	2113	 because	3	distilbert/distilgpt2	distilbert/distilgpt2	False	0.00034624888212420046	11.495903015136719
Ġhe	2113	 he	4	distilbert/distilgpt2	distilbert/distilgpt2	False	0.4028443992137909	1.311705470085144
Mary	2114	Mary	0	distilbert/distilgpt2	distilbert/distilgpt2	False	1.0	0.0
Ġexhausted	2114	 exhausted	1	distilbert/distilgpt2	distilbert/distilgpt2	False	2.9894135167296554e-08	24.995561599731445
ĠDavid	2114	 David	2	distilbert/distilgpt2	distilbert/distilgpt2	False	2.00293925445294e-05	15.607522010803223
Ġbecause	2114	 because	3	distilbert/distilgpt2	distilbert/distilgpt2	False	0.0003586800885386765	11.445014953613281
Ġhe	2114	 he	4	distilbert/distilgpt2	distilbert/distilgpt2	False	0.39619579911231995	1.33571457862854
John	2115	John	0	distilbert/distilgpt2	distilbert/distilgpt2	False	1.0	0.0
Ġexhausted	2115	 exhausted	1	distilbert/distilgpt2	distilbert/distilgpt2	False	2.110432006929841e-08	25.497886657714844
ĠDavid	2115	 David	2	distilbert/distilgpt2	distilbert/distilgpt2	False	2.5604500478948466e-05	15.253243446350098
Ġbecause	2115	 because	3	distilbert/distilgpt2	distilbert/distilgpt2	False	0.00034624888212420046	11.495903015136719
Ġhe	2115	 he	4	distilbert/distilgpt2	distilbert/distilgpt2	False	0.4028443992137909	1.311705470085144
Sarah	2116	Sarah	0	distilbert/distilgpt2	distilbert/distilgpt2	False	1.0	0.0
Ġexhausted	2116	 exhausted	1	distilbert/distilgpt2	distilbert/distilgpt2	False	2.5962174632354618e-08	25.199012756347656
ĠDavid	2116	 David	2	distilbert/distilgpt2	distilbert/distilgpt2	False	2.385129664617125e-05	15.355572700500488
Ġbecause	2116	 because	3	distilbert/distilgpt2	distilbert/distilgpt2	False	0.0004098943609278649	11.252460479736328
Ġhe	2116	 he	4	distilbert/distilgpt2	distilbert/distilgpt2	False	0.41144728660583496	1.281220555305481
David	2117	David	0	distilbert/distilgpt2	distilbert/distilgpt2	False	1.0	0.0
Ġexhausted	2117	 exhausted	1	distilbert/distilgpt2	distilbert/distilgpt2	False	2.3750592603732912e-08	25.32746124267578
ĠJohn	2117	 John	2	distilbert/distilgpt2	distilbert/distilgpt2	False	4.5381402742350474e-05	14.427538871765137
Ġbecause	2117	 because	3	distilbert/distilgpt2	distilbert/distilgpt2	False	0.0010254618246108294	9.929510116577148
Ġhe	2117	 he	4	distilbert/distilgpt2	distilbert/distilgpt2	False	0.39011186361312866	1.3580402135849
Mary	2118	Mary	0	distilbert/distilgpt2	distilbert/distilgpt2	False	1.0	0.0
Ġexhausted	2118	 exhausted	1	distilbert/distilgpt2	distilbert/distilgpt2	False	2.9894135167296554e-08	24.995561599731445
ĠJohn	2118	 John	2	distilbert/distilgpt2	distilbert/distilgpt2	False	3.7119425542186946e-05	14.717466354370117
Ġbecause	2118	 because	3	distilbert/distilgpt2	distilbert/distilgpt2	False	0.0007483395747840405	10.384018898010254
Ġhe	2118	 he	4	distilbert/distilgpt2	distilbert/distilgpt2	False	0.40191853046417236	1.3150250911712646
David	2119	David	0	distilbert/distilgpt2	distilbert/distilgpt2	False	1.0	0.0
Ġexhausted	2119	 exhausted	1	distilbert/distilgpt2	distilbert/distilgpt2	False	2.3750592603732912e-08	25.32746124267578
ĠJohn	2119	 John	2	distilbert/distilgpt2	distilbert/distilgpt2	False	4.5381402742350474e-05	14.427538871765137
Ġbecause	2119	 because	3	distilbert/distilgpt2	distilbert/distilgpt2	False	0.0010254618246108294	9.929510116577148
Ġhe	2119	 he	4	distilbert/distilgpt2	distilbert/distilgpt2	False	0.39011186361312866	1.3580402135849
Sarah	2120	Sarah	0	distilbert/distilgpt2	distilbert/distilgpt2	False	1.0	0.0
Ġexhausted	2120	 exhausted	1	distilbert/distilgpt2	distilbert/distilgpt2	False	2.5962174632354618e-08	25.199012756347656
ĠJohn	2120	 John	2	distilbert/distilgpt2	distilbert/distilgpt2	False	4.0688046283321455e-05	14.58503532409668
Ġbecause	2120	 because	3	distilbert/distilgpt2	distilbert/distilgpt2	False	0.0015137777663767338	9.367630958557129
Ġhe	2120	 he	4	distilbert/distilgpt2	distilbert/distilgpt2	False	0.3987266719341278	1.3265280723571777
Mary	2121	Mary	0	distilbert/distilgpt2	distilbert/distilgpt2	False	1.0	0.0
Ġexhausted	2121	 exhausted	1	distilbert/distilgpt2	distilbert/distilgpt2	False	2.9894135167296554e-08	24.995561599731445
ĠSarah	2121	 Sarah	2	distilbert/distilgpt2	distilbert/distilgpt2	False	1.5199996596493293e-05	16.005569458007812
Ġbecause	2121	 because	3	distilbert/distilgpt2	distilbert/distilgpt2	False	0.0007505816756747663	10.379703521728516
Ġshe	2121	 she	4	distilbert/distilgpt2	distilbert/distilgpt2	False	0.45481717586517334	1.1366413831710815
John	2122	John	0	distilbert/distilgpt2	distilbert/distilgpt2	False	1.0	0.0
Ġexhausted	2122	 exhausted	1	distilbert/distilgpt2	distilbert/distilgpt2	False	2.110432006929841e-08	25.497886657714844
ĠSarah	2122	 Sarah	2	distilbert/distilgpt2	distilbert/distilgpt2	False	1.4183311577653512e-05	16.105445861816406
Ġbecause	2122	 because	3	distilbert/distilgpt2	distilbert/distilgpt2	False	0.000850655953399837	10.199136734008789
Ġshe	2122	 she	4	distilbert/distilgpt2	distilbert/distilgpt2	False	0.42809396982192993	1.2240005731582642
Mary	2123	Mary	0	distilbert/distilgpt2	distilbert/distilgpt2	False	1.0	0.0
Ġexhausted	2123	 exhausted	1	distilbert/distilgpt2	distilbert/distilgpt2	False	2.9894135167296554e-08	24.995561599731445
ĠSarah	2123	 Sarah	2	distilbert/distilgpt2	distilbert/distilgpt2	False	1.5199996596493293e-05	16.005569458007812
Ġbecause	2123	 because	3	distilbert/distilgpt2	distilbert/distilgpt2	False	0.0007505816756747663	10.379703521728516
Ġshe	2123	 she	4	distilbert/distilgpt2	distilbert/distilgpt2	False	0.45481717586517334	1.1366413831710815
David	2124	David	0	distilbert/distilgpt2	distilbert/distilgpt2	False	1.0	0.0
Ġexhausted	2124	 exhausted	1	distilbert/distilgpt2	distilbert/distilgpt2	False	2.3750592603732912e-08	25.32746124267578
ĠSarah	2124	 Sarah	2	distilbert/distilgpt2	distilbert/distilgpt2	False	1.3529629541153554e-05	16.17351722717285
Ġbecause	2124	 because	3	distilbert/distilgpt2	distilbert/distilgpt2	False	0.0009332444751635194	10.065457344055176
Ġshe	2124	 she	4	distilbert/distilgpt2	distilbert/distilgpt2	False	0.42591533064842224	1.2313615083694458
Sarah	2125	Sarah	0	distilbert/distilgpt2	distilbert/distilgpt2	False	1.0	0.0
Ġexhausted	2125	 exhausted	1	distilbert/distilgpt2	distilbert/distilgpt2	False	2.5962174632354618e-08	25.199012756347656
ĠMary	2125	 Mary	2	distilbert/distilgpt2	distilbert/distilgpt2	False	3.52182105416432e-05	14.793318748474121
Ġbecause	2125	 because	3	distilbert/distilgpt2	distilbert/distilgpt2	False	0.0004210200859233737	11.213823318481445
Ġshe	2125	 she	4	distilbert/distilgpt2	distilbert/distilgpt2	False	0.38871896266937256	1.3632006645202637
John	2126	John	0	distilbert/distilgpt2	distilbert/distilgpt2	False	1.0	0.0
Ġexhausted	2126	 exhausted	1	distilbert/distilgpt2	distilbert/distilgpt2	False	2.110432006929841e-08	25.497886657714844
ĠMary	2126	 Mary	2	distilbert/distilgpt2	distilbert/distilgpt2	False	2.4730827135499567e-05	15.303329467773438
Ġbecause	2126	 because	3	distilbert/distilgpt2	distilbert/distilgpt2	False	0.00047033760347403586	11.054015159606934
Ġshe	2126	 she	4	distilbert/distilgpt2	distilbert/distilgpt2	False	0.3759828507900238	1.4112613201141357
Sarah	2127	Sarah	0	distilbert/distilgpt2	distilbert/distilgpt2	False	1.0	0.0
Ġexhausted	2127	 exhausted	1	distilbert/distilgpt2	distilbert/distilgpt2	False	2.5962174632354618e-08	25.199012756347656
ĠMary	2127	 Mary	2	distilbert/distilgpt2	distilbert/distilgpt2	False	3.52182105416432e-05	14.793318748474121
Ġbecause	2127	 because	3	distilbert/distilgpt2	distilbert/distilgpt2	False	0.0004210200859233737	11.213823318481445
Ġshe	2127	 she	4	distilbert/distilgpt2	distilbert/distilgpt2	False	0.38871896266937256	1.3632006645202637
David	2128	David	0	distilbert/distilgpt2	distilbert/distilgpt2	False	1.0	0.0
Ġexhausted	2128	 exhausted	1	distilbert/distilgpt2	distilbert/distilgpt2	False	2.3750592603732912e-08	25.32746124267578
ĠMary	2128	 Mary	2	distilbert/distilgpt2	distilbert/distilgpt2	False	2.440180651319679e-05	15.322652816772461
Ġbecause	2128	 because	3	distilbert/distilgpt2	distilbert/distilgpt2	False	0.00042465372825972736	11.201425552368164
Ġshe	2128	 she	4	distilbert/distilgpt2	distilbert/distilgpt2	False	0.3746654987335205	1.4163249731063843
John	2129	John	0	distilbert/distilgpt2	distilbert/distilgpt2	False	1.0	0.0
Ġexhilar	2129	 exhilarated	1	distilbert/distilgpt2	distilbert/distilgpt2	False	1.6890913556721898e-08	25.819177627563477
ated	2129	 exhilarated	1	distilbert/distilgpt2	distilbert/distilgpt2	False	0.2014172077178955	2.311741352081299
ĠDavid	2129	 David	2	distilbert/distilgpt2	distilbert/distilgpt2	False	9.472920646658167e-05	13.36583137512207
Ġbecause	2129	 because	3	distilbert/distilgpt2	distilbert/distilgpt2	False	0.00019616764620877802	12.315625190734863
Ġhe	2129	 he	4	distilbert/distilgpt2	distilbert/distilgpt2	False	0.35920020937919617	1.477139949798584
Mary	2130	Mary	0	distilbert/distilgpt2	distilbert/distilgpt2	False	1.0	0.0
Ġexhilar	2130	 exhilarated	1	distilbert/distilgpt2	distilbert/distilgpt2	False	1.7944412178394487e-08	25.731889724731445
ated	2130	 exhilarated	1	distilbert/distilgpt2	distilbert/distilgpt2	False	0.2767738401889801	1.8532205820083618
ĠDavid	2130	 David	2	distilbert/distilgpt2	distilbert/distilgpt2	False	7.847517554182559e-05	13.637404441833496
Ġbecause	2130	 because	3	distilbert/distilgpt2	distilbert/distilgpt2	False	0.00039264088263735175	11.314501762390137
Ġhe	2130	 he	4	distilbert/distilgpt2	distilbert/distilgpt2	False	0.3707831799983978	1.4313523769378662
John	2131	John	0	distilbert/distilgpt2	distilbert/distilgpt2	False	1.0	0.0
Ġexhilar	2131	 exhilarated	1	distilbert/distilgpt2	distilbert/distilgpt2	False	1.6890913556721898e-08	25.819177627563477
ated	2131	 exhilarated	1	distilbert/distilgpt2	distilbert/distilgpt2	False	0.2014172077178955	2.311741352081299
ĠDavid	2131	 David	2	distilbert/distilgpt2	distilbert/distilgpt2	False	9.472920646658167e-05	13.36583137512207
Ġbecause	2131	 because	3	distilbert/distilgpt2	distilbert/distilgpt2	False	0.00019616764620877802	12.315625190734863
Ġhe	2131	 he	4	distilbert/distilgpt2	distilbert/distilgpt2	False	0.35920020937919617	1.477139949798584
Sarah	2132	Sarah	0	distilbert/distilgpt2	distilbert/distilgpt2	False	1.0	0.0
Ġexhilar	2132	 exhilarated	1	distilbert/distilgpt2	distilbert/distilgpt2	False	1.2285670258904702e-08	26.2784481048584
ated	2132	 exhilarated	1	distilbert/distilgpt2	distilbert/distilgpt2	False	0.3001408874988556	1.73628830909729
ĠDavid	2132	 David	2	distilbert/distilgpt2	distilbert/distilgpt2	False	8.426627755397931e-05	13.534685134887695
Ġbecause	2132	 because	3	distilbert/distilgpt2	distilbert/distilgpt2	False	0.00023502430121880025	12.054902076721191
Ġhe	2132	 he	4	distilbert/distilgpt2	distilbert/distilgpt2	False	0.379817396402359	1.3966221809387207
David	2133	David	0	distilbert/distilgpt2	distilbert/distilgpt2	False	1.0	0.0
Ġexhilar	2133	 exhilarated	1	distilbert/distilgpt2	distilbert/distilgpt2	False	1.4689641503196071e-08	26.020626068115234
ated	2133	 exhilarated	1	distilbert/distilgpt2	distilbert/distilgpt2	False	0.38706153631210327	1.3693652153015137
ĠJohn	2133	 John	2	distilbert/distilgpt2	distilbert/distilgpt2	False	0.00021815193758811802	12.162379264831543
Ġbecause	2133	 because	3	distilbert/distilgpt2	distilbert/distilgpt2	False	0.00028538520564325154	11.774802207946777
Ġhe	2133	 he	4	distilbert/distilgpt2	distilbert/distilgpt2	False	0.3715466260910034	1.4283849000930786
Mary	2134	Mary	0	distilbert/distilgpt2	distilbert/distilgpt2	False	1.0	0.0
Ġexhilar	2134	 exhilarated	1	distilbert/distilgpt2	distilbert/distilgpt2	False	1.7944412178394487e-08	25.731889724731445
ated	2134	 exhilarated	1	distilbert/distilgpt2	distilbert/distilgpt2	False	0.2767738401889801	1.8532205820083618
ĠJohn	2134	 John	2	distilbert/distilgpt2	distilbert/distilgpt2	False	0.00010202775592915714	13.258750915527344
Ġbecause	2134	 because	3	distilbert/distilgpt2	distilbert/distilgpt2	False	0.00034640211379155517	11.495265007019043
Ġhe	2134	 he	4	distilbert/distilgpt2	distilbert/distilgpt2	False	0.3844291865825653	1.3792102336883545
David	2135	David	0	distilbert/distilgpt2	distilbert/distilgpt2	False	1.0	0.0
Ġexhilar	2135	 exhilarated	1	distilbert/distilgpt2	distilbert/distilgpt2	False	1.4689641503196071e-08	26.020626068115234
ated	2135	 exhilarated	1	distilbert/distilgpt2	distilbert/distilgpt2	False	0.38706153631210327	1.3693652153015137
ĠJohn	2135	 John	2	distilbert/distilgpt2	distilbert/distilgpt2	False	0.00021815193758811802	12.162379264831543
Ġbecause	2135	 because	3	distilbert/distilgpt2	distilbert/distilgpt2	False	0.00028538520564325154	11.774802207946777
Ġhe	2135	 he	4	distilbert/distilgpt2	distilbert/distilgpt2	False	0.3715466260910034	1.4283849000930786
Sarah	2136	Sarah	0	distilbert/distilgpt2	distilbert/distilgpt2	False	1.0	0.0
Ġexhilar	2136	 exhilarated	1	distilbert/distilgpt2	distilbert/distilgpt2	False	1.2285670258904702e-08	26.2784481048584
ated	2136	 exhilarated	1	distilbert/distilgpt2	distilbert/distilgpt2	False	0.3001408874988556	1.73628830909729
ĠJohn	2136	 John	2	distilbert/distilgpt2	distilbert/distilgpt2	False	8.319118933286518e-05	13.55320930480957
Ġbecause	2136	 because	3	distilbert/distilgpt2	distilbert/distilgpt2	False	0.00046838869457133114	11.060006141662598
Ġhe	2136	 he	4	distilbert/distilgpt2	distilbert/distilgpt2	False	0.3793468475341797	1.3984105587005615
Mary	2137	Mary	0	distilbert/distilgpt2	distilbert/distilgpt2	False	1.0	0.0
Ġexhilar	2137	 exhilarated	1	distilbert/distilgpt2	distilbert/distilgpt2	False	1.7944412178394487e-08	25.731889724731445
ated	2137	 exhilarated	1	distilbert/distilgpt2	distilbert/distilgpt2	False	0.2767738401889801	1.8532205820083618
ĠSarah	2137	 Sarah	2	distilbert/distilgpt2	distilbert/distilgpt2	False	1.6504034647368826e-05	15.886821746826172
Ġbecause	2137	 because	3	distilbert/distilgpt2	distilbert/distilgpt2	False	0.0010231807827949524	9.932723045349121
Ġshe	2137	 she	4	distilbert/distilgpt2	distilbert/distilgpt2	False	0.4686954915523529	1.0932772159576416
John	2138	John	0	distilbert/distilgpt2	distilbert/distilgpt2	False	1.0	0.0
Ġexhilar	2138	 exhilarated	1	distilbert/distilgpt2	distilbert/distilgpt2	False	1.6890913556721898e-08	25.819177627563477
ated	2138	 exhilarated	1	distilbert/distilgpt2	distilbert/distilgpt2	False	0.2014172077178955	2.311741352081299
ĠSarah	2138	 Sarah	2	distilbert/distilgpt2	distilbert/distilgpt2	False	1.529235487396363e-05	15.996829986572266
Ġbecause	2138	 because	3	distilbert/distilgpt2	distilbert/distilgpt2	False	0.0005586183397099376	10.805849075317383
Ġshe	2138	 she	4	distilbert/distilgpt2	distilbert/distilgpt2	False	0.42003265023231506	1.2514266967773438
Mary	2139	Mary	0	distilbert/distilgpt2	distilbert/distilgpt2	False	1.0	0.0
Ġexhilar	2139	 exhilarated	1	distilbert/distilgpt2	distilbert/distilgpt2	False	1.7944412178394487e-08	25.731889724731445
ated	2139	 exhilarated	1	distilbert/distilgpt2	distilbert/distilgpt2	False	0.2767738401889801	1.8532205820083618
ĠSarah	2139	 Sarah	2	distilbert/distilgpt2	distilbert/distilgpt2	False	1.6504034647368826e-05	15.886821746826172
Ġbecause	2139	 because	3	distilbert/distilgpt2	distilbert/distilgpt2	False	0.0010231807827949524	9.932723045349121
Ġshe	2139	 she	4	distilbert/distilgpt2	distilbert/distilgpt2	False	0.4686954915523529	1.0932772159576416
David	2140	David	0	distilbert/distilgpt2	distilbert/distilgpt2	False	1.0	0.0
Ġexhilar	2140	 exhilarated	1	distilbert/distilgpt2	distilbert/distilgpt2	False	1.4689641503196071e-08	26.020626068115234
ated	2140	 exhilarated	1	distilbert/distilgpt2	distilbert/distilgpt2	False	0.38706153631210327	1.3693652153015137
ĠSarah	2140	 Sarah	2	distilbert/distilgpt2	distilbert/distilgpt2	False	2.9841145078535192e-05	15.032337188720703
Ġbecause	2140	 because	3	distilbert/distilgpt2	distilbert/distilgpt2	False	0.0005996478721499443	10.703597068786621
Ġshe	2140	 she	4	distilbert/distilgpt2	distilbert/distilgpt2	False	0.4202883243560791	1.2505487203598022
Sarah	2141	Sarah	0	distilbert/distilgpt2	distilbert/distilgpt2	False	1.0	0.0
Ġexhilar	2141	 exhilarated	1	distilbert/distilgpt2	distilbert/distilgpt2	False	1.2285670258904702e-08	26.2784481048584
ated	2141	 exhilarated	1	distilbert/distilgpt2	distilbert/distilgpt2	False	0.3001408874988556	1.73628830909729
ĠMary	2141	 Mary	2	distilbert/distilgpt2	distilbert/distilgpt2	False	3.97317526221741e-05	14.61934757232666
Ġbecause	2141	 because	3	distilbert/distilgpt2	distilbert/distilgpt2	False	0.00022798593272455037	12.098767280578613
Ġshe	2141	 she	4	distilbert/distilgpt2	distilbert/distilgpt2	False	0.38890352845191956	1.3625158071517944
John	2142	John	0	distilbert/distilgpt2	distilbert/distilgpt2	False	1.0	0.0
Ġexhilar	2142	 exhilarated	1	distilbert/distilgpt2	distilbert/distilgpt2	False	1.6890913556721898e-08	25.819177627563477
ated	2142	 exhilarated	1	distilbert/distilgpt2	distilbert/distilgpt2	False	0.2014172077178955	2.311741352081299
ĠMary	2142	 Mary	2	distilbert/distilgpt2	distilbert/distilgpt2	False	3.274715709267184e-05	14.898270606994629
Ġbecause	2142	 because	3	distilbert/distilgpt2	distilbert/distilgpt2	False	0.0002633849799167365	11.890539169311523
Ġshe	2142	 she	4	distilbert/distilgpt2	distilbert/distilgpt2	False	0.35328197479248047	1.5011080503463745
Sarah	2143	Sarah	0	distilbert/distilgpt2	distilbert/distilgpt2	False	1.0	0.0
Ġexhilar	2143	 exhilarated	1	distilbert/distilgpt2	distilbert/distilgpt2	False	1.2285670258904702e-08	26.2784481048584
ated	2143	 exhilarated	1	distilbert/distilgpt2	distilbert/distilgpt2	False	0.3001408874988556	1.73628830909729
ĠMary	2143	 Mary	2	distilbert/distilgpt2	distilbert/distilgpt2	False	3.97317526221741e-05	14.61934757232666
Ġbecause	2143	 because	3	distilbert/distilgpt2	distilbert/distilgpt2	False	0.00022798593272455037	12.098767280578613
Ġshe	2143	 she	4	distilbert/distilgpt2	distilbert/distilgpt2	False	0.38890352845191956	1.3625158071517944
David	2144	David	0	distilbert/distilgpt2	distilbert/distilgpt2	False	1.0	0.0
Ġexhilar	2144	 exhilarated	1	distilbert/distilgpt2	distilbert/distilgpt2	False	1.4689641503196071e-08	26.020626068115234
ated	2144	 exhilarated	1	distilbert/distilgpt2	distilbert/distilgpt2	False	0.38706153631210327	1.3693652153015137
ĠMary	2144	 Mary	2	distilbert/distilgpt2	distilbert/distilgpt2	False	6.121137266745791e-05	13.995841026306152
Ġbecause	2144	 because	3	distilbert/distilgpt2	distilbert/distilgpt2	False	0.00027703671366907656	11.817635536193848
Ġshe	2144	 she	4	distilbert/distilgpt2	distilbert/distilgpt2	False	0.3486417233943939	1.5201828479766846
John	2145	John	0	distilbert/distilgpt2	distilbert/distilgpt2	False	1.0	0.0
Ġfanc	2145	 fancied	1	distilbert/distilgpt2	distilbert/distilgpt2	False	1.0678515849349424e-08	26.480712890625
ied	2145	 fancied	1	distilbert/distilgpt2	distilbert/distilgpt2	False	0.4270648956298828	1.2274727821350098
ĠDavid	2145	 David	2	distilbert/distilgpt2	distilbert/distilgpt2	False	9.242852684110403e-05	13.401302337646484
Ġbecause	2145	 because	3	distilbert/distilgpt2	distilbert/distilgpt2	False	0.00029844234813936055	11.710260391235352
Ġhe	2145	 he	4	distilbert/distilgpt2	distilbert/distilgpt2	False	0.4024033844470978	1.3132857084274292
Mary	2146	Mary	0	distilbert/distilgpt2	distilbert/distilgpt2	False	1.0	0.0
Ġfanc	2146	 fancied	1	distilbert/distilgpt2	distilbert/distilgpt2	False	1.091535306585456e-08	26.449066162109375
ied	2146	 fancied	1	distilbert/distilgpt2	distilbert/distilgpt2	False	0.22488927841186523	2.1527132987976074
ĠDavid	2146	 David	2	distilbert/distilgpt2	distilbert/distilgpt2	False	7.932770677143708e-05	13.62181568145752
Ġbecause	2146	 because	3	distilbert/distilgpt2	distilbert/distilgpt2	False	0.0007263115840032697	10.4271240234375
Ġhe	2146	 he	4	distilbert/distilgpt2	distilbert/distilgpt2	False	0.4095070958137512	1.2880396842956543
John	2147	John	0	distilbert/distilgpt2	distilbert/distilgpt2	False	1.0	0.0
Ġfanc	2147	 fancied	1	distilbert/distilgpt2	distilbert/distilgpt2	False	1.0678515849349424e-08	26.480712890625
ied	2147	 fancied	1	distilbert/distilgpt2	distilbert/distilgpt2	False	0.4270648956298828	1.2274727821350098
ĠDavid	2147	 David	2	distilbert/distilgpt2	distilbert/distilgpt2	False	9.242852684110403e-05	13.401302337646484
Ġbecause	2147	 because	3	distilbert/distilgpt2	distilbert/distilgpt2	False	0.00029844234813936055	11.710260391235352
Ġhe	2147	 he	4	distilbert/distilgpt2	distilbert/distilgpt2	False	0.4024033844470978	1.3132857084274292
Sarah	2148	Sarah	0	distilbert/distilgpt2	distilbert/distilgpt2	False	1.0	0.0
Ġfanc	2148	 fancied	1	distilbert/distilgpt2	distilbert/distilgpt2	False	9.921798493905953e-09	26.58675193786621
ied	2148	 fancied	1	distilbert/distilgpt2	distilbert/distilgpt2	False	0.3308936655521393	1.5955604314804077
ĠDavid	2148	 David	2	distilbert/distilgpt2	distilbert/distilgpt2	False	8.335685561178252e-05	13.550339698791504
Ġbecause	2148	 because	3	distilbert/distilgpt2	distilbert/distilgpt2	False	0.0003570054832380265	11.451766014099121
Ġhe	2148	 he	4	distilbert/distilgpt2	distilbert/distilgpt2	False	0.41369542479515076	1.2733591794967651
David	2149	David	0	distilbert/distilgpt2	distilbert/distilgpt2	False	1.0	0.0
Ġfanc	2149	 fancied	1	distilbert/distilgpt2	distilbert/distilgpt2	False	1.3378999241808742e-08	26.155454635620117
ied	2149	 fancied	1	distilbert/distilgpt2	distilbert/distilgpt2	False	0.651075005531311	0.6191043853759766
ĠJohn	2149	 John	2	distilbert/distilgpt2	distilbert/distilgpt2	False	0.00027540509472601116	11.826157569885254
Ġbecause	2149	 because	3	distilbert/distilgpt2	distilbert/distilgpt2	False	0.00016826925275381655	12.536940574645996
Ġhe	2149	 he	4	distilbert/distilgpt2	distilbert/distilgpt2	False	0.4128575623035431	1.2762839794158936
Mary	2150	Mary	0	distilbert/distilgpt2	distilbert/distilgpt2	False	1.0	0.0
Ġfanc	2150	 fancied	1	distilbert/distilgpt2	distilbert/distilgpt2	False	1.091535306585456e-08	26.449066162109375
ied	2150	 fancied	1	distilbert/distilgpt2	distilbert/distilgpt2	False	0.22488927841186523	2.1527132987976074
ĠJohn	2150	 John	2	distilbert/distilgpt2	distilbert/distilgpt2	False	0.00023689563386142254	12.043460845947266
Ġbecause	2150	 because	3	distilbert/distilgpt2	distilbert/distilgpt2	False	0.0005506355664692819	10.826614379882812
Ġhe	2150	 he	4	distilbert/distilgpt2	distilbert/distilgpt2	False	0.44325757026672363	1.1737828254699707
David	2151	David	0	distilbert/distilgpt2	distilbert/distilgpt2	False	1.0	0.0
Ġfanc	2151	 fancied	1	distilbert/distilgpt2	distilbert/distilgpt2	False	1.3378999241808742e-08	26.155454635620117
ied	2151	 fancied	1	distilbert/distilgpt2	distilbert/distilgpt2	False	0.651075005531311	0.6191043853759766
ĠJohn	2151	 John	2	distilbert/distilgpt2	distilbert/distilgpt2	False	0.00027540509472601116	11.826157569885254
Ġbecause	2151	 because	3	distilbert/distilgpt2	distilbert/distilgpt2	False	0.00016826925275381655	12.536940574645996
Ġhe	2151	 he	4	distilbert/distilgpt2	distilbert/distilgpt2	False	0.4128575623035431	1.2762839794158936
Sarah	2152	Sarah	0	distilbert/distilgpt2	distilbert/distilgpt2	False	1.0	0.0
Ġfanc	2152	 fancied	1	distilbert/distilgpt2	distilbert/distilgpt2	False	9.921798493905953e-09	26.58675193786621
ied	2152	 fancied	1	distilbert/distilgpt2	distilbert/distilgpt2	False	0.3308936655521393	1.5955604314804077
ĠJohn	2152	 John	2	distilbert/distilgpt2	distilbert/distilgpt2	False	0.00018687626288738102	12.385628700256348
Ġbecause	2152	 because	3	distilbert/distilgpt2	distilbert/distilgpt2	False	0.00040143646765500307	11.282540321350098
Ġhe	2152	 he	4	distilbert/distilgpt2	distilbert/distilgpt2	False	0.4225207269191742	1.2429059743881226
Mary	2153	Mary	0	distilbert/distilgpt2	distilbert/distilgpt2	False	1.0	0.0
Ġfanc	2153	 fancied	1	distilbert/distilgpt2	distilbert/distilgpt2	False	1.091535306585456e-08	26.449066162109375
ied	2153	 fancied	1	distilbert/distilgpt2	distilbert/distilgpt2	False	0.22488927841186523	2.1527132987976074
ĠSarah	2153	 Sarah	2	distilbert/distilgpt2	distilbert/distilgpt2	False	3.737596489372663e-05	14.70753002166748
Ġbecause	2153	 because	3	distilbert/distilgpt2	distilbert/distilgpt2	False	0.0021846923045814037	8.838354110717773
Ġshe	2153	 she	4	distilbert/distilgpt2	distilbert/distilgpt2	False	0.4740782082080841	1.0768030881881714
John	2154	John	0	distilbert/distilgpt2	distilbert/distilgpt2	False	1.0	0.0
Ġfanc	2154	 fancied	1	distilbert/distilgpt2	distilbert/distilgpt2	False	1.0678515849349424e-08	26.480712890625
ied	2154	 fancied	1	distilbert/distilgpt2	distilbert/distilgpt2	False	0.4270648956298828	1.2274727821350098
ĠSarah	2154	 Sarah	2	distilbert/distilgpt2	distilbert/distilgpt2	False	2.8465416107792407e-05	15.100430488586426
Ġbecause	2154	 because	3	distilbert/distilgpt2	distilbert/distilgpt2	False	0.0006243226816877723	10.645421028137207
Ġshe	2154	 she	4	distilbert/distilgpt2	distilbert/distilgpt2	False	0.4405117332935333	1.182747721672058
Mary	2155	Mary	0	distilbert/distilgpt2	distilbert/distilgpt2	False	1.0	0.0
Ġfanc	2155	 fancied	1	distilbert/distilgpt2	distilbert/distilgpt2	False	1.091535306585456e-08	26.449066162109375
ied	2155	 fancied	1	distilbert/distilgpt2	distilbert/distilgpt2	False	0.22488927841186523	2.1527132987976074
ĠSarah	2155	 Sarah	2	distilbert/distilgpt2	distilbert/distilgpt2	False	3.737596489372663e-05	14.70753002166748
Ġbecause	2155	 because	3	distilbert/distilgpt2	distilbert/distilgpt2	False	0.0021846923045814037	8.838354110717773
Ġshe	2155	 she	4	distilbert/distilgpt2	distilbert/distilgpt2	False	0.4740782082080841	1.0768030881881714
David	2156	David	0	distilbert/distilgpt2	distilbert/distilgpt2	False	1.0	0.0
Ġfanc	2156	 fancied	1	distilbert/distilgpt2	distilbert/distilgpt2	False	1.3378999241808742e-08	26.155454635620117
ied	2156	 fancied	1	distilbert/distilgpt2	distilbert/distilgpt2	False	0.651075005531311	0.6191043853759766
ĠSarah	2156	 Sarah	2	distilbert/distilgpt2	distilbert/distilgpt2	False	3.001021104864776e-05	15.024187088012695
Ġbecause	2156	 because	3	distilbert/distilgpt2	distilbert/distilgpt2	False	0.00024936028057709336	11.969480514526367
Ġshe	2156	 she	4	distilbert/distilgpt2	distilbert/distilgpt2	False	0.4278346598148346	1.22487473487854
Sarah	2157	Sarah	0	distilbert/distilgpt2	distilbert/distilgpt2	False	1.0	0.0
Ġfanc	2157	 fancied	1	distilbert/distilgpt2	distilbert/distilgpt2	False	9.921798493905953e-09	26.58675193786621
ied	2157	 fancied	1	distilbert/distilgpt2	distilbert/distilgpt2	False	0.3308936655521393	1.5955604314804077
ĠMary	2157	 Mary	2	distilbert/distilgpt2	distilbert/distilgpt2	False	0.00015567646187264472	12.649161338806152
Ġbecause	2157	 because	3	distilbert/distilgpt2	distilbert/distilgpt2	False	0.0007331595406867564	10.413585662841797
Ġshe	2157	 she	4	distilbert/distilgpt2	distilbert/distilgpt2	False	0.4257650375366211	1.2318706512451172
John	2158	John	0	distilbert/distilgpt2	distilbert/distilgpt2	False	1.0	0.0
Ġfanc	2158	 fancied	1	distilbert/distilgpt2	distilbert/distilgpt2	False	1.0678515849349424e-08	26.480712890625
ied	2158	 fancied	1	distilbert/distilgpt2	distilbert/distilgpt2	False	0.4270648956298828	1.2274727821350098
ĠMary	2158	 Mary	2	distilbert/distilgpt2	distilbert/distilgpt2	False	0.00012637049076147377	12.950053215026855
Ġbecause	2158	 because	3	distilbert/distilgpt2	distilbert/distilgpt2	False	0.001021618372760713	9.934927940368652
Ġshe	2158	 she	4	distilbert/distilgpt2	distilbert/distilgpt2	False	0.41790515184402466	1.2587525844573975
Sarah	2159	Sarah	0	distilbert/distilgpt2	distilbert/distilgpt2	False	1.0	0.0
Ġfanc	2159	 fancied	1	distilbert/distilgpt2	distilbert/distilgpt2	False	9.921798493905953e-09	26.58675193786621
ied	2159	 fancied	1	distilbert/distilgpt2	distilbert/distilgpt2	False	0.3308936655521393	1.5955604314804077
ĠMary	2159	 Mary	2	distilbert/distilgpt2	distilbert/distilgpt2	False	0.00015567646187264472	12.649161338806152
Ġbecause	2159	 because	3	distilbert/distilgpt2	distilbert/distilgpt2	False	0.0007331595406867564	10.413585662841797
Ġshe	2159	 she	4	distilbert/distilgpt2	distilbert/distilgpt2	False	0.4257650375366211	1.2318706512451172
David	2160	David	0	distilbert/distilgpt2	distilbert/distilgpt2	False	1.0	0.0
Ġfanc	2160	 fancied	1	distilbert/distilgpt2	distilbert/distilgpt2	False	1.3378999241808742e-08	26.155454635620117
ied	2160	 fancied	1	distilbert/distilgpt2	distilbert/distilgpt2	False	0.651075005531311	0.6191043853759766
ĠMary	2160	 Mary	2	distilbert/distilgpt2	distilbert/distilgpt2	False	0.00011801862274296582	13.048697471618652
Ġbecause	2160	 because	3	distilbert/distilgpt2	distilbert/distilgpt2	False	0.0004200135008431971	11.217276573181152
Ġshe	2160	 she	4	distilbert/distilgpt2	distilbert/distilgpt2	False	0.4053349494934082	1.3028135299682617
John	2161	John	0	distilbert/distilgpt2	distilbert/distilgpt2	False	1.0	0.0
Ġfascinated	2161	 fascinated	1	distilbert/distilgpt2	distilbert/distilgpt2	False	8.567869080877699e-09	26.798416137695312
ĠDavid	2161	 David	2	distilbert/distilgpt2	distilbert/distilgpt2	False	0.00014736762386746705	12.728292465209961
Ġbecause	2161	 because	3	distilbert/distilgpt2	distilbert/distilgpt2	False	0.0006733524496667087	10.53635025024414
Ġhe	2161	 he	4	distilbert/distilgpt2	distilbert/distilgpt2	False	0.47968417406082153	1.0598433017730713
Mary	2162	Mary	0	distilbert/distilgpt2	distilbert/distilgpt2	False	1.0	0.0
Ġfascinated	2162	 fascinated	1	distilbert/distilgpt2	distilbert/distilgpt2	False	1.0763192115348375e-08	26.469318389892578
ĠDavid	2162	 David	2	distilbert/distilgpt2	distilbert/distilgpt2	False	8.009541488718241e-05	13.60792064666748
Ġbecause	2162	 because	3	distilbert/distilgpt2	distilbert/distilgpt2	False	0.0009905647020787	9.979460716247559
Ġhe	2162	 he	4	distilbert/distilgpt2	distilbert/distilgpt2	False	0.4661763608455658	1.1010522842407227
John	2163	John	0	distilbert/distilgpt2	distilbert/distilgpt2	False	1.0	0.0
Ġfascinated	2163	 fascinated	1	distilbert/distilgpt2	distilbert/distilgpt2	False	8.567869080877699e-09	26.798416137695312
ĠDavid	2163	 David	2	distilbert/distilgpt2	distilbert/distilgpt2	False	0.00014736762386746705	12.728292465209961
Ġbecause	2163	 because	3	distilbert/distilgpt2	distilbert/distilgpt2	False	0.0006733524496667087	10.53635025024414
Ġhe	2163	 he	4	distilbert/distilgpt2	distilbert/distilgpt2	False	0.47968417406082153	1.0598433017730713
Sarah	2164	Sarah	0	distilbert/distilgpt2	distilbert/distilgpt2	False	1.0	0.0
Ġfascinated	2164	 fascinated	1	distilbert/distilgpt2	distilbert/distilgpt2	False	8.408387763836345e-09	26.825523376464844
ĠDavid	2164	 David	2	distilbert/distilgpt2	distilbert/distilgpt2	False	0.00012844233424402773	12.926591873168945
Ġbecause	2164	 because	3	distilbert/distilgpt2	distilbert/distilgpt2	False	0.0010222269920632243	9.93406867980957
Ġhe	2164	 he	4	distilbert/distilgpt2	distilbert/distilgpt2	False	0.4651898741722107	1.104108452796936
David	2165	David	0	distilbert/distilgpt2	distilbert/distilgpt2	False	1.0	0.0
Ġfascinated	2165	 fascinated	1	distilbert/distilgpt2	distilbert/distilgpt2	False	9.489774299709097e-09	26.65097999572754
ĠJohn	2165	 John	2	distilbert/distilgpt2	distilbert/distilgpt2	False	0.0002396195341134444	12.02696704864502
Ġbecause	2165	 because	3	distilbert/distilgpt2	distilbert/distilgpt2	False	0.0005122228758409619	10.930940628051758
Ġhe	2165	 he	4	distilbert/distilgpt2	distilbert/distilgpt2	False	0.46659713983535767	1.0997506380081177
Mary	2166	Mary	0	distilbert/distilgpt2	distilbert/distilgpt2	False	1.0	0.0
Ġfascinated	2166	 fascinated	1	distilbert/distilgpt2	distilbert/distilgpt2	False	1.0763192115348375e-08	26.469318389892578
ĠJohn	2166	 John	2	distilbert/distilgpt2	distilbert/distilgpt2	False	0.0001818995806388557	12.424570083618164
Ġbecause	2166	 because	3	distilbert/distilgpt2	distilbert/distilgpt2	False	0.0009640959906391799	10.018535614013672
Ġhe	2166	 he	4	distilbert/distilgpt2	distilbert/distilgpt2	False	0.47987258434295654	1.0592767000198364
David	2167	David	0	distilbert/distilgpt2	distilbert/distilgpt2	False	1.0	0.0
Ġfascinated	2167	 fascinated	1	distilbert/distilgpt2	distilbert/distilgpt2	False	9.489774299709097e-09	26.65097999572754
ĠJohn	2167	 John	2	distilbert/distilgpt2	distilbert/distilgpt2	False	0.0002396195341134444	12.02696704864502
Ġbecause	2167	 because	3	distilbert/distilgpt2	distilbert/distilgpt2	False	0.0005122228758409619	10.930940628051758
Ġhe	2167	 he	4	distilbert/distilgpt2	distilbert/distilgpt2	False	0.46659713983535767	1.0997506380081177
Sarah	2168	Sarah	0	distilbert/distilgpt2	distilbert/distilgpt2	False	1.0	0.0
Ġfascinated	2168	 fascinated	1	distilbert/distilgpt2	distilbert/distilgpt2	False	8.408387763836345e-09	26.825523376464844
ĠJohn	2168	 John	2	distilbert/distilgpt2	distilbert/distilgpt2	False	0.00021338336227927357	12.19426441192627
Ġbecause	2168	 because	3	distilbert/distilgpt2	distilbert/distilgpt2	False	0.0015406871680170298	9.34221076965332
Ġhe	2168	 he	4	distilbert/distilgpt2	distilbert/distilgpt2	False	0.46936914324760437	1.09120512008667
Mary	2169	Mary	0	distilbert/distilgpt2	distilbert/distilgpt2	False	1.0	0.0
Ġfascinated	2169	 fascinated	1	distilbert/distilgpt2	distilbert/distilgpt2	False	1.0763192115348375e-08	26.469318389892578
ĠSarah	2169	 Sarah	2	distilbert/distilgpt2	distilbert/distilgpt2	False	4.174774221610278e-05	14.547942161560059
Ġbecause	2169	 because	3	distilbert/distilgpt2	distilbert/distilgpt2	False	0.0027401030529290438	8.511553764343262
Ġshe	2169	 she	4	distilbert/distilgpt2	distilbert/distilgpt2	False	0.5063694715499878	0.9817376732826233
John	2170	John	0	distilbert/distilgpt2	distilbert/distilgpt2	False	1.0	0.0
Ġfascinated	2170	 fascinated	1	distilbert/distilgpt2	distilbert/distilgpt2	False	8.567869080877699e-09	26.798416137695312
ĠSarah	2170	 Sarah	2	distilbert/distilgpt2	distilbert/distilgpt2	False	4.712632289738394e-05	14.373106956481934
Ġbecause	2170	 because	3	distilbert/distilgpt2	distilbert/distilgpt2	False	0.002070899121463299	8.91552734375
Ġshe	2170	 she	4	distilbert/distilgpt2	distilbert/distilgpt2	False	0.47140976786613464	1.0849465131759644
Mary	2171	Mary	0	distilbert/distilgpt2	distilbert/distilgpt2	False	1.0	0.0
Ġfascinated	2171	 fascinated	1	distilbert/distilgpt2	distilbert/distilgpt2	False	1.0763192115348375e-08	26.469318389892578
ĠSarah	2171	 Sarah	2	distilbert/distilgpt2	distilbert/distilgpt2	False	4.174774221610278e-05	14.547942161560059
Ġbecause	2171	 because	3	distilbert/distilgpt2	distilbert/distilgpt2	False	0.0027401030529290438	8.511553764343262
Ġshe	2171	 she	4	distilbert/distilgpt2	distilbert/distilgpt2	False	0.5063694715499878	0.9817376732826233
David	2172	David	0	distilbert/distilgpt2	distilbert/distilgpt2	False	1.0	0.0
Ġfascinated	2172	 fascinated	1	distilbert/distilgpt2	distilbert/distilgpt2	False	9.489774299709097e-09	26.65097999572754
ĠSarah	2172	 Sarah	2	distilbert/distilgpt2	distilbert/distilgpt2	False	4.0418603020953014e-05	14.594620704650879
Ġbecause	2172	 because	3	distilbert/distilgpt2	distilbert/distilgpt2	False	0.0014515493530780077	9.428190231323242
Ġshe	2172	 she	4	distilbert/distilgpt2	distilbert/distilgpt2	False	0.4493146240711212	1.1542021036148071
Sarah	2173	Sarah	0	distilbert/distilgpt2	distilbert/distilgpt2	False	1.0	0.0
Ġfascinated	2173	 fascinated	1	distilbert/distilgpt2	distilbert/distilgpt2	False	8.408387763836345e-09	26.825523376464844
ĠMary	2173	 Mary	2	distilbert/distilgpt2	distilbert/distilgpt2	False	0.00015472903032787144	12.657968521118164
Ġbecause	2173	 because	3	distilbert/distilgpt2	distilbert/distilgpt2	False	0.0015347639564424753	9.34776782989502
Ġshe	2173	 she	4	distilbert/distilgpt2	distilbert/distilgpt2	False	0.44580382108688354	1.165519118309021
John	2174	John	0	distilbert/distilgpt2	distilbert/distilgpt2	False	1.0	0.0
Ġfascinated	2174	 fascinated	1	distilbert/distilgpt2	distilbert/distilgpt2	False	8.567869080877699e-09	26.798416137695312
ĠMary	2174	 Mary	2	distilbert/distilgpt2	distilbert/distilgpt2	False	0.00011435920896474272	13.09414005279541
Ġbecause	2174	 because	3	distilbert/distilgpt2	distilbert/distilgpt2	False	0.0018414726946502924	9.084924697875977
Ġshe	2174	 she	4	distilbert/distilgpt2	distilbert/distilgpt2	False	0.4467909336090088	1.1623282432556152
Sarah	2175	Sarah	0	distilbert/distilgpt2	distilbert/distilgpt2	False	1.0	0.0
Ġfascinated	2175	 fascinated	1	distilbert/distilgpt2	distilbert/distilgpt2	False	8.408387763836345e-09	26.825523376464844
ĠMary	2175	 Mary	2	distilbert/distilgpt2	distilbert/distilgpt2	False	0.00015472903032787144	12.657968521118164
Ġbecause	2175	 because	3	distilbert/distilgpt2	distilbert/distilgpt2	False	0.0015347639564424753	9.34776782989502
Ġshe	2175	 she	4	distilbert/distilgpt2	distilbert/distilgpt2	False	0.44580382108688354	1.165519118309021
David	2176	David	0	distilbert/distilgpt2	distilbert/distilgpt2	False	1.0	0.0
Ġfascinated	2176	 fascinated	1	distilbert/distilgpt2	distilbert/distilgpt2	False	9.489774299709097e-09	26.65097999572754
ĠMary	2176	 Mary	2	distilbert/distilgpt2	distilbert/distilgpt2	False	0.00010219310934189707	13.256414413452148
Ġbecause	2176	 because	3	distilbert/distilgpt2	distilbert/distilgpt2	False	0.0008018663502298295	10.284350395202637
Ġshe	2176	 she	4	distilbert/distilgpt2	distilbert/distilgpt2	False	0.4127928912639618	1.2765100002288818
John	2177	John	0	distilbert/distilgpt2	distilbert/distilgpt2	False	1.0	0.0
Ġfavoured	2177	 favoured	1	distilbert/distilgpt2	distilbert/distilgpt2	False	3.250348612482412e-08	24.87483024597168
ĠDavid	2177	 David	2	distilbert/distilgpt2	distilbert/distilgpt2	False	0.0005595394177362323	10.803472518920898
Ġbecause	2177	 because	3	distilbert/distilgpt2	distilbert/distilgpt2	False	0.00017617858247831464	12.470673561096191
Ġhe	2177	 he	4	distilbert/distilgpt2	distilbert/distilgpt2	False	0.3812890946865082	1.3910428285598755
Mary	2178	Mary	0	distilbert/distilgpt2	distilbert/distilgpt2	False	1.0	0.0
Ġfavoured	2178	 favoured	1	distilbert/distilgpt2	distilbert/distilgpt2	False	3.749049781731628e-08	24.668899536132812
ĠDavid	2178	 David	2	distilbert/distilgpt2	distilbert/distilgpt2	False	0.00025628553703427315	11.929960250854492
Ġbecause	2178	 because	3	distilbert/distilgpt2	distilbert/distilgpt2	False	0.0004076572949998081	11.260355949401855
Ġhe	2178	 he	4	distilbert/distilgpt2	distilbert/distilgpt2	False	0.37052327394485474	1.4323639869689941
John	2179	John	0	distilbert/distilgpt2	distilbert/distilgpt2	False	1.0	0.0
Ġfavoured	2179	 favoured	1	distilbert/distilgpt2	distilbert/distilgpt2	False	3.250348612482412e-08	24.87483024597168
ĠDavid	2179	 David	2	distilbert/distilgpt2	distilbert/distilgpt2	False	0.0005595394177362323	10.803472518920898
Ġbecause	2179	 because	3	distilbert/distilgpt2	distilbert/distilgpt2	False	0.00017617858247831464	12.470673561096191
Ġhe	2179	 he	4	distilbert/distilgpt2	distilbert/distilgpt2	False	0.3812890946865082	1.3910428285598755
Sarah	2180	Sarah	0	distilbert/distilgpt2	distilbert/distilgpt2	False	1.0	0.0
Ġfavoured	2180	 favoured	1	distilbert/distilgpt2	distilbert/distilgpt2	False	2.5963165839471003e-08	25.198959350585938
ĠDavid	2180	 David	2	distilbert/distilgpt2	distilbert/distilgpt2	False	0.0005448887823149562	10.841750144958496
Ġbecause	2180	 because	3	distilbert/distilgpt2	distilbert/distilgpt2	False	0.00017499735986348242	12.480379104614258
Ġhe	2180	 he	4	distilbert/distilgpt2	distilbert/distilgpt2	False	0.39311084151268005	1.346992015838623
David	2181	David	0	distilbert/distilgpt2	distilbert/distilgpt2	False	1.0	0.0
Ġfavoured	2181	 favoured	1	distilbert/distilgpt2	distilbert/distilgpt2	False	3.812122173485477e-08	24.64483070373535
ĠJohn	2181	 John	2	distilbert/distilgpt2	distilbert/distilgpt2	False	0.0008070417679846287	10.275069236755371
Ġbecause	2181	 because	3	distilbert/distilgpt2	distilbert/distilgpt2	False	0.0002495208755135536	11.968551635742188
Ġhe	2181	 he	4	distilbert/distilgpt2	distilbert/distilgpt2	False	0.40732377767562866	1.2957520484924316
Mary	2182	Mary	0	distilbert/distilgpt2	distilbert/distilgpt2	False	1.0	0.0
Ġfavoured	2182	 favoured	1	distilbert/distilgpt2	distilbert/distilgpt2	False	3.749049781731628e-08	24.668899536132812
ĠJohn	2182	 John	2	distilbert/distilgpt2	distilbert/distilgpt2	False	0.00037762284046038985	11.370766639709473
Ġbecause	2182	 because	3	distilbert/distilgpt2	distilbert/distilgpt2	False	0.0006105538923293352	10.677594184875488
Ġhe	2182	 he	4	distilbert/distilgpt2	distilbert/distilgpt2	False	0.4213719367980957	1.2468339204788208
David	2183	David	0	distilbert/distilgpt2	distilbert/distilgpt2	False	1.0	0.0
Ġfavoured	2183	 favoured	1	distilbert/distilgpt2	distilbert/distilgpt2	False	3.812122173485477e-08	24.64483070373535
ĠJohn	2183	 John	2	distilbert/distilgpt2	distilbert/distilgpt2	False	0.0008070417679846287	10.275069236755371
Ġbecause	2183	 because	3	distilbert/distilgpt2	distilbert/distilgpt2	False	0.0002495208755135536	11.968551635742188
Ġhe	2183	 he	4	distilbert/distilgpt2	distilbert/distilgpt2	False	0.40732377767562866	1.2957520484924316
Sarah	2184	Sarah	0	distilbert/distilgpt2	distilbert/distilgpt2	False	1.0	0.0
Ġfavoured	2184	 favoured	1	distilbert/distilgpt2	distilbert/distilgpt2	False	2.5963165839471003e-08	25.198959350585938
ĠJohn	2184	 John	2	distilbert/distilgpt2	distilbert/distilgpt2	False	0.0007354578701779246	10.409070014953613
Ġbecause	2184	 because	3	distilbert/distilgpt2	distilbert/distilgpt2	False	0.0005013172631151974	10.96198844909668
Ġhe	2184	 he	4	distilbert/distilgpt2	distilbert/distilgpt2	False	0.4062965214252472	1.2993950843811035
Mary	2185	Mary	0	distilbert/distilgpt2	distilbert/distilgpt2	False	1.0	0.0
Ġfavoured	2185	 favoured	1	distilbert/distilgpt2	distilbert/distilgpt2	False	3.749049781731628e-08	24.668899536132812
ĠSarah	2185	 Sarah	2	distilbert/distilgpt2	distilbert/distilgpt2	False	4.227511817589402e-05	14.529831886291504
Ġbecause	2185	 because	3	distilbert/distilgpt2	distilbert/distilgpt2	False	0.0011664855992421508	9.743616104125977
Ġshe	2185	 she	4	distilbert/distilgpt2	distilbert/distilgpt2	False	0.46660539507865906	1.0997251272201538
John	2186	John	0	distilbert/distilgpt2	distilbert/distilgpt2	False	1.0	0.0
Ġfavoured	2186	 favoured	1	distilbert/distilgpt2	distilbert/distilgpt2	False	3.250348612482412e-08	24.87483024597168
ĠSarah	2186	 Sarah	2	distilbert/distilgpt2	distilbert/distilgpt2	False	5.709756806027144e-05	14.096211433410645
Ġbecause	2186	 because	3	distilbert/distilgpt2	distilbert/distilgpt2	False	0.0005747175891883671	10.764859199523926
Ġshe	2186	 she	4	distilbert/distilgpt2	distilbert/distilgpt2	False	0.46184173226356506	1.1145296096801758
Mary	2187	Mary	0	distilbert/distilgpt2	distilbert/distilgpt2	False	1.0	0.0
Ġfavoured	2187	 favoured	1	distilbert/distilgpt2	distilbert/distilgpt2	False	3.749049781731628e-08	24.668899536132812
ĠSarah	2187	 Sarah	2	distilbert/distilgpt2	distilbert/distilgpt2	False	4.227511817589402e-05	14.529831886291504
Ġbecause	2187	 because	3	distilbert/distilgpt2	distilbert/distilgpt2	False	0.0011664855992421508	9.743616104125977
Ġshe	2187	 she	4	distilbert/distilgpt2	distilbert/distilgpt2	False	0.46660539507865906	1.0997251272201538
David	2188	David	0	distilbert/distilgpt2	distilbert/distilgpt2	False	1.0	0.0
Ġfavoured	2188	 favoured	1	distilbert/distilgpt2	distilbert/distilgpt2	False	3.812122173485477e-08	24.64483070373535
ĠSarah	2188	 Sarah	2	distilbert/distilgpt2	distilbert/distilgpt2	False	6.674828182440251e-05	13.870909690856934
Ġbecause	2188	 because	3	distilbert/distilgpt2	distilbert/distilgpt2	False	0.0002689855464268476	11.860183715820312
Ġshe	2188	 she	4	distilbert/distilgpt2	distilbert/distilgpt2	False	0.4599142372608185	1.120563268661499
Sarah	2189	Sarah	0	distilbert/distilgpt2	distilbert/distilgpt2	False	1.0	0.0
Ġfavoured	2189	 favoured	1	distilbert/distilgpt2	distilbert/distilgpt2	False	2.5963165839471003e-08	25.198959350585938
ĠMary	2189	 Mary	2	distilbert/distilgpt2	distilbert/distilgpt2	False	0.0001172476913779974	13.05815315246582
Ġbecause	2189	 because	3	distilbert/distilgpt2	distilbert/distilgpt2	False	0.00043646220001392066	11.161855697631836
Ġshe	2189	 she	4	distilbert/distilgpt2	distilbert/distilgpt2	False	0.38980597257614136	1.359171986579895
John	2190	John	0	distilbert/distilgpt2	distilbert/distilgpt2	False	1.0	0.0
Ġfavoured	2190	 favoured	1	distilbert/distilgpt2	distilbert/distilgpt2	False	3.250348612482412e-08	24.87483024597168
ĠMary	2190	 Mary	2	distilbert/distilgpt2	distilbert/distilgpt2	False	9.373269858770072e-05	13.381088256835938
Ġbecause	2190	 because	3	distilbert/distilgpt2	distilbert/distilgpt2	False	0.0010305067989975214	9.922430038452148
Ġshe	2190	 she	4	distilbert/distilgpt2	distilbert/distilgpt2	False	0.38446125388145447	1.3790899515151978
Sarah	2191	Sarah	0	distilbert/distilgpt2	distilbert/distilgpt2	False	1.0	0.0
Ġfavoured	2191	 favoured	1	distilbert/distilgpt2	distilbert/distilgpt2	False	2.5963165839471003e-08	25.198959350585938
ĠMary	2191	 Mary	2	distilbert/distilgpt2	distilbert/distilgpt2	False	0.0001172476913779974	13.05815315246582
Ġbecause	2191	 because	3	distilbert/distilgpt2	distilbert/distilgpt2	False	0.00043646220001392066	11.161855697631836
Ġshe	2191	 she	4	distilbert/distilgpt2	distilbert/distilgpt2	False	0.38980597257614136	1.359171986579895
David	2192	David	0	distilbert/distilgpt2	distilbert/distilgpt2	False	1.0	0.0
Ġfavoured	2192	 favoured	1	distilbert/distilgpt2	distilbert/distilgpt2	False	3.812122173485477e-08	24.64483070373535
ĠMary	2192	 Mary	2	distilbert/distilgpt2	distilbert/distilgpt2	False	0.0001104185139411129	13.144730567932129
Ġbecause	2192	 because	3	distilbert/distilgpt2	distilbert/distilgpt2	False	0.00031165784457698464	11.647748947143555
Ġshe	2192	 she	4	distilbert/distilgpt2	distilbert/distilgpt2	False	0.3805373013019562	1.3938902616500854
John	2193	John	0	distilbert/distilgpt2	distilbert/distilgpt2	False	1.0	0.0
Ġf	2193	 fazed	1	distilbert/distilgpt2	distilbert/distilgpt2	False	1.4020999515196308e-05	16.122051239013672
azed	2193	 fazed	1	distilbert/distilgpt2	distilbert/distilgpt2	False	0.00013157317880541086	12.891846656799316
ĠDavid	2193	 David	2	distilbert/distilgpt2	distilbert/distilgpt2	False	0.00037823410821147263	11.368432998657227
Ġbecause	2193	 because	3	distilbert/distilgpt2	distilbert/distilgpt2	False	0.0003830789355561137	11.35007095336914
Ġhe	2193	 he	4	distilbert/distilgpt2	distilbert/distilgpt2	False	0.47014009952545166	1.0888373851776123
Mary	2194	Mary	0	distilbert/distilgpt2	distilbert/distilgpt2	False	1.0	0.0
Ġf	2194	 fazed	1	distilbert/distilgpt2	distilbert/distilgpt2	False	1.289047759200912e-05	16.243335723876953
azed	2194	 fazed	1	distilbert/distilgpt2	distilbert/distilgpt2	False	0.00012941245222464204	12.915736198425293
ĠDavid	2194	 David	2	distilbert/distilgpt2	distilbert/distilgpt2	False	0.0002589294163044542	11.915153503417969
Ġbecause	2194	 because	3	distilbert/distilgpt2	distilbert/distilgpt2	False	0.0006820464041084051	10.517842292785645
Ġhe	2194	 he	4	distilbert/distilgpt2	distilbert/distilgpt2	False	0.4736645817756653	1.0780622959136963
John	2195	John	0	distilbert/distilgpt2	distilbert/distilgpt2	False	1.0	0.0
Ġf	2195	 fazed	1	distilbert/distilgpt2	distilbert/distilgpt2	False	1.4020999515196308e-05	16.122051239013672
azed	2195	 fazed	1	distilbert/distilgpt2	distilbert/distilgpt2	False	0.00013157317880541086	12.891846656799316
ĠDavid	2195	 David	2	distilbert/distilgpt2	distilbert/distilgpt2	False	0.00037823410821147263	11.368432998657227
Ġbecause	2195	 because	3	distilbert/distilgpt2	distilbert/distilgpt2	False	0.0003830789355561137	11.35007095336914
Ġhe	2195	 he	4	distilbert/distilgpt2	distilbert/distilgpt2	False	0.47014009952545166	1.0888373851776123
Sarah	2196	Sarah	0	distilbert/distilgpt2	distilbert/distilgpt2	False	1.0	0.0
Ġf	2196	 fazed	1	distilbert/distilgpt2	distilbert/distilgpt2	False	1.5956949937390164e-05	15.935455322265625
azed	2196	 fazed	1	distilbert/distilgpt2	distilbert/distilgpt2	False	0.0002620275772642344	11.897994041442871
ĠDavid	2196	 David	2	distilbert/distilgpt2	distilbert/distilgpt2	False	0.00043111530249007046	11.179638862609863
Ġbecause	2196	 because	3	distilbert/distilgpt2	distilbert/distilgpt2	False	0.00039036263478919864	11.322896957397461
Ġhe	2196	 he	4	distilbert/distilgpt2	distilbert/distilgpt2	False	0.4618927836418152	1.1143701076507568
David	2197	David	0	distilbert/distilgpt2	distilbert/distilgpt2	False	1.0	0.0
Ġf	2197	 fazed	1	distilbert/distilgpt2	distilbert/distilgpt2	False	1.5105460079212207e-05	16.014570236206055
azed	2197	 fazed	1	distilbert/distilgpt2	distilbert/distilgpt2	False	0.00016834565030876547	12.536286354064941
ĠJohn	2197	 John	2	distilbert/distilgpt2	distilbert/distilgpt2	False	0.0005700760520994663	10.776557922363281
Ġbecause	2197	 because	3	distilbert/distilgpt2	distilbert/distilgpt2	False	0.000429112755227834	11.186355590820312
Ġhe	2197	 he	4	distilbert/distilgpt2	distilbert/distilgpt2	False	0.4644722044467926	1.1063358783721924
Mary	2198	Mary	0	distilbert/distilgpt2	distilbert/distilgpt2	False	1.0	0.0
Ġf	2198	 fazed	1	distilbert/distilgpt2	distilbert/distilgpt2	False	1.289047759200912e-05	16.243335723876953
azed	2198	 fazed	1	distilbert/distilgpt2	distilbert/distilgpt2	False	0.00012941245222464204	12.915736198425293
ĠJohn	2198	 John	2	distilbert/distilgpt2	distilbert/distilgpt2	False	0.0003397244436200708	11.523346900939941
Ġbecause	2198	 because	3	distilbert/distilgpt2	distilbert/distilgpt2	False	0.0007376613793894649	10.404753684997559
Ġhe	2198	 he	4	distilbert/distilgpt2	distilbert/distilgpt2	False	0.47979477047920227	1.0595107078552246
David	2199	David	0	distilbert/distilgpt2	distilbert/distilgpt2	False	1.0	0.0
Ġf	2199	 fazed	1	distilbert/distilgpt2	distilbert/distilgpt2	False	1.5105460079212207e-05	16.014570236206055
azed	2199	 fazed	1	distilbert/distilgpt2	distilbert/distilgpt2	False	0.00016834565030876547	12.536286354064941
ĠJohn	2199	 John	2	distilbert/distilgpt2	distilbert/distilgpt2	False	0.0005700760520994663	10.776557922363281
Ġbecause	2199	 because	3	distilbert/distilgpt2	distilbert/distilgpt2	False	0.000429112755227834	11.186355590820312
Ġhe	2199	 he	4	distilbert/distilgpt2	distilbert/distilgpt2	False	0.4644722044467926	1.1063358783721924
Sarah	2200	Sarah	0	distilbert/distilgpt2	distilbert/distilgpt2	False	1.0	0.0
Ġf	2200	 fazed	1	distilbert/distilgpt2	distilbert/distilgpt2	False	1.5956949937390164e-05	15.935455322265625
azed	2200	 fazed	1	distilbert/distilgpt2	distilbert/distilgpt2	False	0.0002620275772642344	11.897994041442871
ĠJohn	2200	 John	2	distilbert/distilgpt2	distilbert/distilgpt2	False	0.0004708613851107657	11.052410125732422
Ġbecause	2200	 because	3	distilbert/distilgpt2	distilbert/distilgpt2	False	0.0009819018887355924	9.992133140563965
Ġhe	2200	 he	4	distilbert/distilgpt2	distilbert/distilgpt2	False	0.46592503786087036	1.101830244064331
Mary	2201	Mary	0	distilbert/distilgpt2	distilbert/distilgpt2	False	1.0	0.0
Ġf	2201	 fazed	1	distilbert/distilgpt2	distilbert/distilgpt2	False	1.289047759200912e-05	16.243335723876953
azed	2201	 fazed	1	distilbert/distilgpt2	distilbert/distilgpt2	False	0.00012941245222464204	12.915736198425293
ĠSarah	2201	 Sarah	2	distilbert/distilgpt2	distilbert/distilgpt2	False	9.432048682356253e-05	13.372069358825684
Ġbecause	2201	 because	3	distilbert/distilgpt2	distilbert/distilgpt2	False	0.002945829415693879	8.407110214233398
Ġshe	2201	 she	4	distilbert/distilgpt2	distilbert/distilgpt2	False	0.5218387842178345	0.9383240342140198
John	2202	John	0	distilbert/distilgpt2	distilbert/distilgpt2	False	1.0	0.0
Ġf	2202	 fazed	1	distilbert/distilgpt2	distilbert/distilgpt2	False	1.4020999515196308e-05	16.122051239013672
azed	2202	 fazed	1	distilbert/distilgpt2	distilbert/distilgpt2	False	0.00013157317880541086	12.891846656799316
ĠSarah	2202	 Sarah	2	distilbert/distilgpt2	distilbert/distilgpt2	False	0.00010510155698284507	13.215928077697754
Ġbecause	2202	 because	3	distilbert/distilgpt2	distilbert/distilgpt2	False	0.0017555475933477283	9.153862953186035
Ġshe	2202	 she	4	distilbert/distilgpt2	distilbert/distilgpt2	False	0.5024375915527344	0.9929838180541992
Mary	2203	Mary	0	distilbert/distilgpt2	distilbert/distilgpt2	False	1.0	0.0
Ġf	2203	 fazed	1	distilbert/distilgpt2	distilbert/distilgpt2	False	1.289047759200912e-05	16.243335723876953
azed	2203	 fazed	1	distilbert/distilgpt2	distilbert/distilgpt2	False	0.00012941245222464204	12.915736198425293
ĠSarah	2203	 Sarah	2	distilbert/distilgpt2	distilbert/distilgpt2	False	9.432048682356253e-05	13.372069358825684
Ġbecause	2203	 because	3	distilbert/distilgpt2	distilbert/distilgpt2	False	0.002945829415693879	8.407110214233398
Ġshe	2203	 she	4	distilbert/distilgpt2	distilbert/distilgpt2	False	0.5218387842178345	0.9383240342140198
David	2204	David	0	distilbert/distilgpt2	distilbert/distilgpt2	False	1.0	0.0
Ġf	2204	 fazed	1	distilbert/distilgpt2	distilbert/distilgpt2	False	1.5105460079212207e-05	16.014570236206055
azed	2204	 fazed	1	distilbert/distilgpt2	distilbert/distilgpt2	False	0.00016834565030876547	12.536286354064941
ĠSarah	2204	 Sarah	2	distilbert/distilgpt2	distilbert/distilgpt2	False	0.00013337483687791973	12.872225761413574
Ġbecause	2204	 because	3	distilbert/distilgpt2	distilbert/distilgpt2	False	0.0012229625135660172	9.67540454864502
Ġshe	2204	 she	4	distilbert/distilgpt2	distilbert/distilgpt2	False	0.49127110838890076	1.0254087448120117
Sarah	2205	Sarah	0	distilbert/distilgpt2	distilbert/distilgpt2	False	1.0	0.0
Ġf	2205	 fazed	1	distilbert/distilgpt2	distilbert/distilgpt2	False	1.5956949937390164e-05	15.935455322265625
azed	2205	 fazed	1	distilbert/distilgpt2	distilbert/distilgpt2	False	0.0002620275772642344	11.897994041442871
ĠMary	2205	 Mary	2	distilbert/distilgpt2	distilbert/distilgpt2	False	0.00018442151485942304	12.404705047607422
Ġbecause	2205	 because	3	distilbert/distilgpt2	distilbert/distilgpt2	False	0.0018306007841601968	9.093466758728027
Ġshe	2205	 she	4	distilbert/distilgpt2	distilbert/distilgpt2	False	0.467621386051178	1.0965871810913086
John	2206	John	0	distilbert/distilgpt2	distilbert/distilgpt2	False	1.0	0.0
Ġf	2206	 fazed	1	distilbert/distilgpt2	distilbert/distilgpt2	False	1.4020999515196308e-05	16.122051239013672
azed	2206	 fazed	1	distilbert/distilgpt2	distilbert/distilgpt2	False	0.00013157317880541086	12.891846656799316
ĠMary	2206	 Mary	2	distilbert/distilgpt2	distilbert/distilgpt2	False	0.0001351364771835506	12.85329532623291
Ġbecause	2206	 because	3	distilbert/distilgpt2	distilbert/distilgpt2	False	0.0024636974558234215	8.664958953857422
Ġshe	2206	 she	4	distilbert/distilgpt2	distilbert/distilgpt2	False	0.4685099720954895	1.0938483476638794
Sarah	2207	Sarah	0	distilbert/distilgpt2	distilbert/distilgpt2	False	1.0	0.0
Ġf	2207	 fazed	1	distilbert/distilgpt2	distilbert/distilgpt2	False	1.5956949937390164e-05	15.935455322265625
azed	2207	 fazed	1	distilbert/distilgpt2	distilbert/distilgpt2	False	0.0002620275772642344	11.897994041442871
ĠMary	2207	 Mary	2	distilbert/distilgpt2	distilbert/distilgpt2	False	0.00018442151485942304	12.404705047607422
Ġbecause	2207	 because	3	distilbert/distilgpt2	distilbert/distilgpt2	False	0.0018306007841601968	9.093466758728027
Ġshe	2207	 she	4	distilbert/distilgpt2	distilbert/distilgpt2	False	0.467621386051178	1.0965871810913086
David	2208	David	0	distilbert/distilgpt2	distilbert/distilgpt2	False	1.0	0.0
Ġf	2208	 fazed	1	distilbert/distilgpt2	distilbert/distilgpt2	False	1.5105460079212207e-05	16.014570236206055
azed	2208	 fazed	1	distilbert/distilgpt2	distilbert/distilgpt2	False	0.00016834565030876547	12.536286354064941
ĠMary	2208	 Mary	2	distilbert/distilgpt2	distilbert/distilgpt2	False	0.00015085471386555582	12.694552421569824
Ġbecause	2208	 because	3	distilbert/distilgpt2	distilbert/distilgpt2	False	0.0012658037012442946	9.625730514526367
Ġshe	2208	 she	4	distilbert/distilgpt2	distilbert/distilgpt2	False	0.4610576629638672	1.1169809103012085
John	2209	John	0	distilbert/distilgpt2	distilbert/distilgpt2	False	1.0	0.0
Ġfeared	2209	 feared	1	distilbert/distilgpt2	distilbert/distilgpt2	False	6.692729215274085e-08	23.83283042907715
ĠDavid	2209	 David	2	distilbert/distilgpt2	distilbert/distilgpt2	False	0.00032117890077643096	11.60433578491211
Ġbecause	2209	 because	3	distilbert/distilgpt2	distilbert/distilgpt2	False	6.540046888403594e-05	13.900339126586914
Ġhe	2209	 he	4	distilbert/distilgpt2	distilbert/distilgpt2	False	0.3456436097621918	1.5326428413391113
Mary	2210	Mary	0	distilbert/distilgpt2	distilbert/distilgpt2	False	1.0	0.0
Ġfeared	2210	 feared	1	distilbert/distilgpt2	distilbert/distilgpt2	False	6.235061533743647e-08	23.935020446777344
ĠDavid	2210	 David	2	distilbert/distilgpt2	distilbert/distilgpt2	False	0.00015342071128543466	12.670219421386719
Ġbecause	2210	 because	3	distilbert/distilgpt2	distilbert/distilgpt2	False	0.00013350820518098772	12.870783805847168
Ġhe	2210	 he	4	distilbert/distilgpt2	distilbert/distilgpt2	False	0.353413850069046	1.5005695819854736
John	2211	John	0	distilbert/distilgpt2	distilbert/distilgpt2	False	1.0	0.0
Ġfeared	2211	 feared	1	distilbert/distilgpt2	distilbert/distilgpt2	False	6.692729215274085e-08	23.83283042907715
ĠDavid	2211	 David	2	distilbert/distilgpt2	distilbert/distilgpt2	False	0.00032117890077643096	11.60433578491211
Ġbecause	2211	 because	3	distilbert/distilgpt2	distilbert/distilgpt2	False	6.540046888403594e-05	13.900339126586914
Ġhe	2211	 he	4	distilbert/distilgpt2	distilbert/distilgpt2	False	0.3456436097621918	1.5326428413391113
Sarah	2212	Sarah	0	distilbert/distilgpt2	distilbert/distilgpt2	False	1.0	0.0
Ġfeared	2212	 feared	1	distilbert/distilgpt2	distilbert/distilgpt2	False	5.77126506584591e-08	24.046537399291992
ĠDavid	2212	 David	2	distilbert/distilgpt2	distilbert/distilgpt2	False	0.0003607669204939157	11.4366455078125
Ġbecause	2212	 because	3	distilbert/distilgpt2	distilbert/distilgpt2	False	2.7378080631024204e-05	15.15661907196045
Ġhe	2212	 he	4	distilbert/distilgpt2	distilbert/distilgpt2	False	0.35433217883110046	1.4968256950378418
David	2213	David	0	distilbert/distilgpt2	distilbert/distilgpt2	False	1.0	0.0
Ġfeared	2213	 feared	1	distilbert/distilgpt2	distilbert/distilgpt2	False	6.530115115310764e-08	23.868316650390625
ĠJohn	2213	 John	2	distilbert/distilgpt2	distilbert/distilgpt2	False	0.00037378049455583096	11.385520935058594
Ġbecause	2213	 because	3	distilbert/distilgpt2	distilbert/distilgpt2	False	4.220735718263313e-05	14.532145500183105
Ġhe	2213	 he	4	distilbert/distilgpt2	distilbert/distilgpt2	False	0.35153868794441223	1.5082446336746216
Mary	2214	Mary	0	distilbert/distilgpt2	distilbert/distilgpt2	False	1.0	0.0
Ġfeared	2214	 feared	1	distilbert/distilgpt2	distilbert/distilgpt2	False	6.235061533743647e-08	23.935020446777344
ĠJohn	2214	 John	2	distilbert/distilgpt2	distilbert/distilgpt2	False	0.00027681674691848457	11.818780899047852
Ġbecause	2214	 because	3	distilbert/distilgpt2	distilbert/distilgpt2	False	0.00020679752924479544	12.239493370056152
Ġhe	2214	 he	4	distilbert/distilgpt2	distilbert/distilgpt2	False	0.38321635127067566	1.3837690353393555
David	2215	David	0	distilbert/distilgpt2	distilbert/distilgpt2	False	1.0	0.0
Ġfeared	2215	 feared	1	distilbert/distilgpt2	distilbert/distilgpt2	False	6.530115115310764e-08	23.868316650390625
ĠJohn	2215	 John	2	distilbert/distilgpt2	distilbert/distilgpt2	False	0.00037378049455583096	11.385520935058594
Ġbecause	2215	 because	3	distilbert/distilgpt2	distilbert/distilgpt2	False	4.220735718263313e-05	14.532145500183105
Ġhe	2215	 he	4	distilbert/distilgpt2	distilbert/distilgpt2	False	0.35153868794441223	1.5082446336746216
Sarah	2216	Sarah	0	distilbert/distilgpt2	distilbert/distilgpt2	False	1.0	0.0
Ġfeared	2216	 feared	1	distilbert/distilgpt2	distilbert/distilgpt2	False	5.77126506584591e-08	24.046537399291992
ĠJohn	2216	 John	2	distilbert/distilgpt2	distilbert/distilgpt2	False	0.00034761911956593394	11.490204811096191
Ġbecause	2216	 because	3	distilbert/distilgpt2	distilbert/distilgpt2	False	7.368433580268174e-05	13.728282928466797
Ġhe	2216	 he	4	distilbert/distilgpt2	distilbert/distilgpt2	False	0.36227861046791077	1.4648284912109375
Mary	2217	Mary	0	distilbert/distilgpt2	distilbert/distilgpt2	False	1.0	0.0
Ġfeared	2217	 feared	1	distilbert/distilgpt2	distilbert/distilgpt2	False	6.235061533743647e-08	23.935020446777344
ĠSarah	2217	 Sarah	2	distilbert/distilgpt2	distilbert/distilgpt2	False	6.205712998053059e-05	13.976043701171875
Ġbecause	2217	 because	3	distilbert/distilgpt2	distilbert/distilgpt2	False	0.0002951890928670764	11.726073265075684
Ġshe	2217	 she	4	distilbert/distilgpt2	distilbert/distilgpt2	False	0.38381943106651306	1.3815003633499146
John	2218	John	0	distilbert/distilgpt2	distilbert/distilgpt2	False	1.0	0.0
Ġfeared	2218	 feared	1	distilbert/distilgpt2	distilbert/distilgpt2	False	6.692729215274085e-08	23.83283042907715
ĠSarah	2218	 Sarah	2	distilbert/distilgpt2	distilbert/distilgpt2	False	6.315852078841999e-05	13.950662612915039
Ġbecause	2218	 because	3	distilbert/distilgpt2	distilbert/distilgpt2	False	0.00010664940782589838	13.194836616516113
Ġshe	2218	 she	4	distilbert/distilgpt2	distilbert/distilgpt2	False	0.37525954842567444	1.4140393733978271
Mary	2219	Mary	0	distilbert/distilgpt2	distilbert/distilgpt2	False	1.0	0.0
Ġfeared	2219	 feared	1	distilbert/distilgpt2	distilbert/distilgpt2	False	6.235061533743647e-08	23.935020446777344
ĠSarah	2219	 Sarah	2	distilbert/distilgpt2	distilbert/distilgpt2	False	6.205712998053059e-05	13.976043701171875
Ġbecause	2219	 because	3	distilbert/distilgpt2	distilbert/distilgpt2	False	0.0002951890928670764	11.726073265075684
Ġshe	2219	 she	4	distilbert/distilgpt2	distilbert/distilgpt2	False	0.38381943106651306	1.3815003633499146
David	2220	David	0	distilbert/distilgpt2	distilbert/distilgpt2	False	1.0	0.0
Ġfeared	2220	 feared	1	distilbert/distilgpt2	distilbert/distilgpt2	False	6.530115115310764e-08	23.868316650390625
ĠSarah	2220	 Sarah	2	distilbert/distilgpt2	distilbert/distilgpt2	False	7.098056812537834e-05	13.78221607208252
Ġbecause	2220	 because	3	distilbert/distilgpt2	distilbert/distilgpt2	False	3.31253650074359e-05	14.881704330444336
Ġshe	2220	 she	4	distilbert/distilgpt2	distilbert/distilgpt2	False	0.36802324652671814	1.4421312808990479
Sarah	2221	Sarah	0	distilbert/distilgpt2	distilbert/distilgpt2	False	1.0	0.0
Ġfeared	2221	 feared	1	distilbert/distilgpt2	distilbert/distilgpt2	False	5.77126506584591e-08	24.046537399291992
ĠMary	2221	 Mary	2	distilbert/distilgpt2	distilbert/distilgpt2	False	0.00011915541836060584	13.034867286682129
Ġbecause	2221	 because	3	distilbert/distilgpt2	distilbert/distilgpt2	False	0.0001530502486275509	12.673707008361816
Ġshe	2221	 she	4	distilbert/distilgpt2	distilbert/distilgpt2	False	0.3091558516025543	1.6935938596725464
John	2222	John	0	distilbert/distilgpt2	distilbert/distilgpt2	False	1.0	0.0
Ġfeared	2222	 feared	1	distilbert/distilgpt2	distilbert/distilgpt2	False	6.692729215274085e-08	23.83283042907715
ĠMary	2222	 Mary	2	distilbert/distilgpt2	distilbert/distilgpt2	False	7.945762627059594e-05	13.619454383850098
Ġbecause	2222	 because	3	distilbert/distilgpt2	distilbert/distilgpt2	False	0.0003442527668084949	11.504243850708008
Ġshe	2222	 she	4	distilbert/distilgpt2	distilbert/distilgpt2	False	0.33494845032691956	1.577989101409912
Sarah	2223	Sarah	0	distilbert/distilgpt2	distilbert/distilgpt2	False	1.0	0.0
Ġfeared	2223	 feared	1	distilbert/distilgpt2	distilbert/distilgpt2	False	5.77126506584591e-08	24.046537399291992
ĠMary	2223	 Mary	2	distilbert/distilgpt2	distilbert/distilgpt2	False	0.00011915541836060584	13.034867286682129
Ġbecause	2223	 because	3	distilbert/distilgpt2	distilbert/distilgpt2	False	0.0001530502486275509	12.673707008361816
Ġshe	2223	 she	4	distilbert/distilgpt2	distilbert/distilgpt2	False	0.3091558516025543	1.6935938596725464
David	2224	David	0	distilbert/distilgpt2	distilbert/distilgpt2	False	1.0	0.0
Ġfeared	2224	 feared	1	distilbert/distilgpt2	distilbert/distilgpt2	False	6.530115115310764e-08	23.868316650390625
ĠMary	2224	 Mary	2	distilbert/distilgpt2	distilbert/distilgpt2	False	7.789626397425309e-05	13.648086547851562
Ġbecause	2224	 because	3	distilbert/distilgpt2	distilbert/distilgpt2	False	0.00012937899737153202	12.916109085083008
Ġshe	2224	 she	4	distilbert/distilgpt2	distilbert/distilgpt2	False	0.30601754784584045	1.7083138227462769
John	2225	John	0	distilbert/distilgpt2	distilbert/distilgpt2	False	1.0	0.0
Ġfed	2225	 fed	1	distilbert/distilgpt2	distilbert/distilgpt2	False	2.6580474354886974e-07	21.843130111694336
ĠDavid	2225	 David	2	distilbert/distilgpt2	distilbert/distilgpt2	False	4.493361120694317e-05	14.441845893859863
Ġbecause	2225	 because	3	distilbert/distilgpt2	distilbert/distilgpt2	False	0.0003301345568615943	11.564658164978027
Ġhe	2225	 he	4	distilbert/distilgpt2	distilbert/distilgpt2	False	0.4215797483921051	1.2461225986480713
Mary	2226	Mary	0	distilbert/distilgpt2	distilbert/distilgpt2	False	1.0	0.0
Ġfed	2226	 fed	1	distilbert/distilgpt2	distilbert/distilgpt2	False	3.343557466450875e-07	21.512113571166992
ĠDavid	2226	 David	2	distilbert/distilgpt2	distilbert/distilgpt2	False	1.9298558981972747e-05	15.661147117614746
Ġbecause	2226	 because	3	distilbert/distilgpt2	distilbert/distilgpt2	False	0.0005538312834687531	10.818265914916992
Ġhe	2226	 he	4	distilbert/distilgpt2	distilbert/distilgpt2	False	0.4218176603317261	1.2453086376190186
John	2227	John	0	distilbert/distilgpt2	distilbert/distilgpt2	False	1.0	0.0
Ġfed	2227	 fed	1	distilbert/distilgpt2	distilbert/distilgpt2	False	2.6580474354886974e-07	21.843130111694336
ĠDavid	2227	 David	2	distilbert/distilgpt2	distilbert/distilgpt2	False	4.493361120694317e-05	14.441845893859863
Ġbecause	2227	 because	3	distilbert/distilgpt2	distilbert/distilgpt2	False	0.0003301345568615943	11.564658164978027
Ġhe	2227	 he	4	distilbert/distilgpt2	distilbert/distilgpt2	False	0.4215797483921051	1.2461225986480713
Sarah	2228	Sarah	0	distilbert/distilgpt2	distilbert/distilgpt2	False	1.0	0.0
Ġfed	2228	 fed	1	distilbert/distilgpt2	distilbert/distilgpt2	False	2.9401735446299426e-07	21.697595596313477
ĠDavid	2228	 David	2	distilbert/distilgpt2	distilbert/distilgpt2	False	3.305379505036399e-05	14.884824752807617
Ġbecause	2228	 because	3	distilbert/distilgpt2	distilbert/distilgpt2	False	0.0002817477216012776	11.79330825805664
Ġhe	2228	 he	4	distilbert/distilgpt2	distilbert/distilgpt2	False	0.41888800263404846	1.2553635835647583
David	2229	David	0	distilbert/distilgpt2	distilbert/distilgpt2	False	1.0	0.0
Ġfed	2229	 fed	1	distilbert/distilgpt2	distilbert/distilgpt2	False	2.514484833682218e-07	21.923233032226562
ĠJohn	2229	 John	2	distilbert/distilgpt2	distilbert/distilgpt2	False	0.00013337649579625577	12.872207641601562
Ġbecause	2229	 because	3	distilbert/distilgpt2	distilbert/distilgpt2	False	0.000667286803945899	10.549405097961426
Ġhe	2229	 he	4	distilbert/distilgpt2	distilbert/distilgpt2	False	0.40943288803100586	1.2883011102676392
Mary	2230	Mary	0	distilbert/distilgpt2	distilbert/distilgpt2	False	1.0	0.0
Ġfed	2230	 fed	1	distilbert/distilgpt2	distilbert/distilgpt2	False	3.343557466450875e-07	21.512113571166992
ĠJohn	2230	 John	2	distilbert/distilgpt2	distilbert/distilgpt2	False	6.174172449391335e-05	13.983394622802734
Ġbecause	2230	 because	3	distilbert/distilgpt2	distilbert/distilgpt2	False	0.001567563391290605	9.3172607421875
Ġhe	2230	 he	4	distilbert/distilgpt2	distilbert/distilgpt2	False	0.4333757162094116	1.2063097953796387
David	2231	David	0	distilbert/distilgpt2	distilbert/distilgpt2	False	1.0	0.0
Ġfed	2231	 fed	1	distilbert/distilgpt2	distilbert/distilgpt2	False	2.514484833682218e-07	21.923233032226562
ĠJohn	2231	 John	2	distilbert/distilgpt2	distilbert/distilgpt2	False	0.00013337649579625577	12.872207641601562
Ġbecause	2231	 because	3	distilbert/distilgpt2	distilbert/distilgpt2	False	0.000667286803945899	10.549405097961426
Ġhe	2231	 he	4	distilbert/distilgpt2	distilbert/distilgpt2	False	0.40943288803100586	1.2883011102676392
Sarah	2232	Sarah	0	distilbert/distilgpt2	distilbert/distilgpt2	False	1.0	0.0
Ġfed	2232	 fed	1	distilbert/distilgpt2	distilbert/distilgpt2	False	2.9401735446299426e-07	21.697595596313477
ĠJohn	2232	 John	2	distilbert/distilgpt2	distilbert/distilgpt2	False	8.833986794343218e-05	13.466575622558594
Ġbecause	2232	 because	3	distilbert/distilgpt2	distilbert/distilgpt2	False	0.0015232125297188759	9.358667373657227
Ġhe	2232	 he	4	distilbert/distilgpt2	distilbert/distilgpt2	False	0.4047079384326935	1.3050470352172852
Mary	2233	Mary	0	distilbert/distilgpt2	distilbert/distilgpt2	False	1.0	0.0
Ġfed	2233	 fed	1	distilbert/distilgpt2	distilbert/distilgpt2	False	3.343557466450875e-07	21.512113571166992
ĠSarah	2233	 Sarah	2	distilbert/distilgpt2	distilbert/distilgpt2	False	1.6685844457242638e-05	15.871015548706055
Ġbecause	2233	 because	3	distilbert/distilgpt2	distilbert/distilgpt2	False	0.0015712999738752842	9.313825607299805
Ġshe	2233	 she	4	distilbert/distilgpt2	distilbert/distilgpt2	False	0.4558533728122711	1.1333582401275635
John	2234	John	0	distilbert/distilgpt2	distilbert/distilgpt2	False	1.0	0.0
Ġfed	2234	 fed	1	distilbert/distilgpt2	distilbert/distilgpt2	False	2.6580474354886974e-07	21.843130111694336
ĠSarah	2234	 Sarah	2	distilbert/distilgpt2	distilbert/distilgpt2	False	1.903124211821705e-05	15.681270599365234
Ġbecause	2234	 because	3	distilbert/distilgpt2	distilbert/distilgpt2	False	0.0008610616787336767	10.181595802307129
Ġshe	2234	 she	4	distilbert/distilgpt2	distilbert/distilgpt2	False	0.433167427778244	1.2070033550262451
Mary	2235	Mary	0	distilbert/distilgpt2	distilbert/distilgpt2	False	1.0	0.0
Ġfed	2235	 fed	1	distilbert/distilgpt2	distilbert/distilgpt2	False	3.343557466450875e-07	21.512113571166992
ĠSarah	2235	 Sarah	2	distilbert/distilgpt2	distilbert/distilgpt2	False	1.6685844457242638e-05	15.871015548706055
Ġbecause	2235	 because	3	distilbert/distilgpt2	distilbert/distilgpt2	False	0.0015712999738752842	9.313825607299805
Ġshe	2235	 she	4	distilbert/distilgpt2	distilbert/distilgpt2	False	0.4558533728122711	1.1333582401275635
David	2236	David	0	distilbert/distilgpt2	distilbert/distilgpt2	False	1.0	0.0
Ġfed	2236	 fed	1	distilbert/distilgpt2	distilbert/distilgpt2	False	2.514484833682218e-07	21.923233032226562
ĠSarah	2236	 Sarah	2	distilbert/distilgpt2	distilbert/distilgpt2	False	1.8521510355640203e-05	15.720438957214355
Ġbecause	2236	 because	3	distilbert/distilgpt2	distilbert/distilgpt2	False	0.0003353881184011698	11.54188060760498
Ġshe	2236	 she	4	distilbert/distilgpt2	distilbert/distilgpt2	False	0.4312460124492645	1.2134170532226562
Sarah	2237	Sarah	0	distilbert/distilgpt2	distilbert/distilgpt2	False	1.0	0.0
Ġfed	2237	 fed	1	distilbert/distilgpt2	distilbert/distilgpt2	False	2.9401735446299426e-07	21.697595596313477
ĠMary	2237	 Mary	2	distilbert/distilgpt2	distilbert/distilgpt2	False	2.9462196835083887e-05	15.050775527954102
Ġbecause	2237	 because	3	distilbert/distilgpt2	distilbert/distilgpt2	False	0.0005989022902213037	10.705391883850098
Ġshe	2237	 she	4	distilbert/distilgpt2	distilbert/distilgpt2	False	0.3691703975200653	1.4376412630081177
John	2238	John	0	distilbert/distilgpt2	distilbert/distilgpt2	False	1.0	0.0
Ġfed	2238	 fed	1	distilbert/distilgpt2	distilbert/distilgpt2	False	2.6580474354886974e-07	21.843130111694336
ĠMary	2238	 Mary	2	distilbert/distilgpt2	distilbert/distilgpt2	False	2.3778733520884998e-05	15.359968185424805
Ġbecause	2238	 because	3	distilbert/distilgpt2	distilbert/distilgpt2	False	0.0008721663616597652	10.163108825683594
Ġshe	2238	 she	4	distilbert/distilgpt2	distilbert/distilgpt2	False	0.38188841938972473	1.3887770175933838
Sarah	2239	Sarah	0	distilbert/distilgpt2	distilbert/distilgpt2	False	1.0	0.0
Ġfed	2239	 fed	1	distilbert/distilgpt2	distilbert/distilgpt2	False	2.9401735446299426e-07	21.697595596313477
ĠMary	2239	 Mary	2	distilbert/distilgpt2	distilbert/distilgpt2	False	2.9462196835083887e-05	15.050775527954102
Ġbecause	2239	 because	3	distilbert/distilgpt2	distilbert/distilgpt2	False	0.0005989022902213037	10.705391883850098
Ġshe	2239	 she	4	distilbert/distilgpt2	distilbert/distilgpt2	False	0.3691703975200653	1.4376412630081177
David	2240	David	0	distilbert/distilgpt2	distilbert/distilgpt2	False	1.0	0.0
Ġfed	2240	 fed	1	distilbert/distilgpt2	distilbert/distilgpt2	False	2.514484833682218e-07	21.923233032226562
ĠMary	2240	 Mary	2	distilbert/distilgpt2	distilbert/distilgpt2	False	2.0660820155171677e-05	15.562743186950684
Ġbecause	2240	 because	3	distilbert/distilgpt2	distilbert/distilgpt2	False	0.000281896092928946	11.792549133300781
Ġshe	2240	 she	4	distilbert/distilgpt2	distilbert/distilgpt2	False	0.38326236605644226	1.3835958242416382
John	2241	John	0	distilbert/distilgpt2	distilbert/distilgpt2	False	1.0	0.0
Ġfilmed	2241	 filmed	1	distilbert/distilgpt2	distilbert/distilgpt2	False	8.876239832034116e-08	23.42547607421875
ĠDavid	2241	 David	2	distilbert/distilgpt2	distilbert/distilgpt2	False	0.00010465576633578166	13.222060203552246
Ġbecause	2241	 because	3	distilbert/distilgpt2	distilbert/distilgpt2	False	9.587372915120795e-05	13.348505020141602
Ġhe	2241	 he	4	distilbert/distilgpt2	distilbert/distilgpt2	False	0.44219547510147095	1.1772438287734985
Mary	2242	Mary	0	distilbert/distilgpt2	distilbert/distilgpt2	False	1.0	0.0
Ġfilmed	2242	 filmed	1	distilbert/distilgpt2	distilbert/distilgpt2	False	8.587817035277112e-08	23.473133087158203
ĠDavid	2242	 David	2	distilbert/distilgpt2	distilbert/distilgpt2	False	8.011046156752855e-05	13.607649803161621
Ġbecause	2242	 because	3	distilbert/distilgpt2	distilbert/distilgpt2	False	9.723476250655949e-05	13.328167915344238
Ġhe	2242	 he	4	distilbert/distilgpt2	distilbert/distilgpt2	False	0.43770065903663635	1.1919835805892944
John	2243	John	0	distilbert/distilgpt2	distilbert/distilgpt2	False	1.0	0.0
Ġfilmed	2243	 filmed	1	distilbert/distilgpt2	distilbert/distilgpt2	False	8.876239832034116e-08	23.42547607421875
ĠDavid	2243	 David	2	distilbert/distilgpt2	distilbert/distilgpt2	False	0.00010465576633578166	13.222060203552246
Ġbecause	2243	 because	3	distilbert/distilgpt2	distilbert/distilgpt2	False	9.587372915120795e-05	13.348505020141602
Ġhe	2243	 he	4	distilbert/distilgpt2	distilbert/distilgpt2	False	0.44219547510147095	1.1772438287734985
Sarah	2244	Sarah	0	distilbert/distilgpt2	distilbert/distilgpt2	False	1.0	0.0
Ġfilmed	2244	 filmed	1	distilbert/distilgpt2	distilbert/distilgpt2	False	1.024402109806033e-07	23.218713760375977
ĠDavid	2244	 David	2	distilbert/distilgpt2	distilbert/distilgpt2	False	0.00011552222713362426	13.07954216003418
Ġbecause	2244	 because	3	distilbert/distilgpt2	distilbert/distilgpt2	False	7.049586565699428e-05	13.792101860046387
Ġhe	2244	 he	4	distilbert/distilgpt2	distilbert/distilgpt2	False	0.453023761510849	1.1423413753509521
David	2245	David	0	distilbert/distilgpt2	distilbert/distilgpt2	False	1.0	0.0
Ġfilmed	2245	 filmed	1	distilbert/distilgpt2	distilbert/distilgpt2	False	9.695386182784205e-08	23.298126220703125
ĠJohn	2245	 John	2	distilbert/distilgpt2	distilbert/distilgpt2	False	0.00024792851763777435	11.977787971496582
Ġbecause	2245	 because	3	distilbert/distilgpt2	distilbert/distilgpt2	False	0.0001289744395762682	12.92062759399414
Ġhe	2245	 he	4	distilbert/distilgpt2	distilbert/distilgpt2	False	0.4435599148273468	1.1727991104125977
Mary	2246	Mary	0	distilbert/distilgpt2	distilbert/distilgpt2	False	1.0	0.0
Ġfilmed	2246	 filmed	1	distilbert/distilgpt2	distilbert/distilgpt2	False	8.587817035277112e-08	23.473133087158203
ĠJohn	2246	 John	2	distilbert/distilgpt2	distilbert/distilgpt2	False	0.00018829417240340263	12.374724388122559
Ġbecause	2246	 because	3	distilbert/distilgpt2	distilbert/distilgpt2	False	0.00014365762763191015	12.765077590942383
Ġhe	2246	 he	4	distilbert/distilgpt2	distilbert/distilgpt2	False	0.4489540159702301	1.155360460281372
David	2247	David	0	distilbert/distilgpt2	distilbert/distilgpt2	False	1.0	0.0
Ġfilmed	2247	 filmed	1	distilbert/distilgpt2	distilbert/distilgpt2	False	9.695386182784205e-08	23.298126220703125
ĠJohn	2247	 John	2	distilbert/distilgpt2	distilbert/distilgpt2	False	0.00024792851763777435	11.977787971496582
Ġbecause	2247	 because	3	distilbert/distilgpt2	distilbert/distilgpt2	False	0.0001289744395762682	12.92062759399414
Ġhe	2247	 he	4	distilbert/distilgpt2	distilbert/distilgpt2	False	0.4435599148273468	1.1727991104125977
Sarah	2248	Sarah	0	distilbert/distilgpt2	distilbert/distilgpt2	False	1.0	0.0
Ġfilmed	2248	 filmed	1	distilbert/distilgpt2	distilbert/distilgpt2	False	1.024402109806033e-07	23.218713760375977
ĠJohn	2248	 John	2	distilbert/distilgpt2	distilbert/distilgpt2	False	0.0002228924713563174	12.131364822387695
Ġbecause	2248	 because	3	distilbert/distilgpt2	distilbert/distilgpt2	False	0.00015769971651025116	12.630532264709473
Ġhe	2248	 he	4	distilbert/distilgpt2	distilbert/distilgpt2	False	0.4545266032218933	1.1375633478164673
Mary	2249	Mary	0	distilbert/distilgpt2	distilbert/distilgpt2	False	1.0	0.0
Ġfilmed	2249	 filmed	1	distilbert/distilgpt2	distilbert/distilgpt2	False	8.587817035277112e-08	23.473133087158203
ĠSarah	2249	 Sarah	2	distilbert/distilgpt2	distilbert/distilgpt2	False	2.744694211287424e-05	15.152995109558105
Ġbecause	2249	 because	3	distilbert/distilgpt2	distilbert/distilgpt2	False	0.00026971023180522025	11.856302261352539
Ġshe	2249	 she	4	distilbert/distilgpt2	distilbert/distilgpt2	False	0.4825461208820343	1.051261305809021
John	2250	John	0	distilbert/distilgpt2	distilbert/distilgpt2	False	1.0	0.0
Ġfilmed	2250	 filmed	1	distilbert/distilgpt2	distilbert/distilgpt2	False	8.876239832034116e-08	23.42547607421875
ĠSarah	2250	 Sarah	2	distilbert/distilgpt2	distilbert/distilgpt2	False	2.6133493520319462e-05	15.223740577697754
Ġbecause	2250	 because	3	distilbert/distilgpt2	distilbert/distilgpt2	False	0.0003001721343025565	11.701922416687012
Ġshe	2250	 she	4	distilbert/distilgpt2	distilbert/distilgpt2	False	0.4692275822162628	1.0916403532028198
Mary	2251	Mary	0	distilbert/distilgpt2	distilbert/distilgpt2	False	1.0	0.0
Ġfilmed	2251	 filmed	1	distilbert/distilgpt2	distilbert/distilgpt2	False	8.587817035277112e-08	23.473133087158203
ĠSarah	2251	 Sarah	2	distilbert/distilgpt2	distilbert/distilgpt2	False	2.744694211287424e-05	15.152995109558105
Ġbecause	2251	 because	3	distilbert/distilgpt2	distilbert/distilgpt2	False	0.00026971023180522025	11.856302261352539
Ġshe	2251	 she	4	distilbert/distilgpt2	distilbert/distilgpt2	False	0.4825461208820343	1.051261305809021
David	2252	David	0	distilbert/distilgpt2	distilbert/distilgpt2	False	1.0	0.0
Ġfilmed	2252	 filmed	1	distilbert/distilgpt2	distilbert/distilgpt2	False	9.695386182784205e-08	23.298126220703125
ĠSarah	2252	 Sarah	2	distilbert/distilgpt2	distilbert/distilgpt2	False	2.8290884074522182e-05	15.10930347442627
Ġbecause	2252	 because	3	distilbert/distilgpt2	distilbert/distilgpt2	False	0.00021780103270430118	12.164701461791992
Ġshe	2252	 she	4	distilbert/distilgpt2	distilbert/distilgpt2	False	0.4773080348968506	1.0670075416564941
Sarah	2253	Sarah	0	distilbert/distilgpt2	distilbert/distilgpt2	False	1.0	0.0
Ġfilmed	2253	 filmed	1	distilbert/distilgpt2	distilbert/distilgpt2	False	1.024402109806033e-07	23.218713760375977
ĠMary	2253	 Mary	2	distilbert/distilgpt2	distilbert/distilgpt2	False	3.092724728048779e-05	14.980762481689453
Ġbecause	2253	 because	3	distilbert/distilgpt2	distilbert/distilgpt2	False	0.0001551383174955845	12.654157638549805
Ġshe	2253	 she	4	distilbert/distilgpt2	distilbert/distilgpt2	False	0.4242924153804779	1.236869215965271
John	2254	John	0	distilbert/distilgpt2	distilbert/distilgpt2	False	1.0	0.0
Ġfilmed	2254	 filmed	1	distilbert/distilgpt2	distilbert/distilgpt2	False	8.876239832034116e-08	23.42547607421875
ĠMary	2254	 Mary	2	distilbert/distilgpt2	distilbert/distilgpt2	False	1.999830055865459e-05	15.609763145446777
Ġbecause	2254	 because	3	distilbert/distilgpt2	distilbert/distilgpt2	False	0.0001989625015994534	12.295215606689453
Ġshe	2254	 she	4	distilbert/distilgpt2	distilbert/distilgpt2	False	0.4244398772716522	1.23636794090271
Sarah	2255	Sarah	0	distilbert/distilgpt2	distilbert/distilgpt2	False	1.0	0.0
Ġfilmed	2255	 filmed	1	distilbert/distilgpt2	distilbert/distilgpt2	False	1.024402109806033e-07	23.218713760375977
ĠMary	2255	 Mary	2	distilbert/distilgpt2	distilbert/distilgpt2	False	3.092724728048779e-05	14.980762481689453
Ġbecause	2255	 because	3	distilbert/distilgpt2	distilbert/distilgpt2	False	0.0001551383174955845	12.654157638549805
Ġshe	2255	 she	4	distilbert/distilgpt2	distilbert/distilgpt2	False	0.4242924153804779	1.236869215965271
David	2256	David	0	distilbert/distilgpt2	distilbert/distilgpt2	False	1.0	0.0
Ġfilmed	2256	 filmed	1	distilbert/distilgpt2	distilbert/distilgpt2	False	9.695386182784205e-08	23.298126220703125
ĠMary	2256	 Mary	2	distilbert/distilgpt2	distilbert/distilgpt2	False	2.2934789740247652e-05	15.412102699279785
Ġbecause	2256	 because	3	distilbert/distilgpt2	distilbert/distilgpt2	False	0.00013747312186751515	12.82856273651123
Ġshe	2256	 she	4	distilbert/distilgpt2	distilbert/distilgpt2	False	0.42329517006874084	1.2402640581130981
John	2257	John	0	distilbert/distilgpt2	distilbert/distilgpt2	False	1.0	0.0
Ġfl	2257	 flabbergasted	1	distilbert/distilgpt2	distilbert/distilgpt2	False	2.821160478561069e-06	18.435279846191406
ab	2257	 flabbergasted	1	distilbert/distilgpt2	distilbert/distilgpt2	False	0.005802510771900415	7.429107189178467
berg	2257	 flabbergasted	1	distilbert/distilgpt2	distilbert/distilgpt2	False	0.7338907122612	0.44636282324790955
asted	2257	 flabbergasted	1	distilbert/distilgpt2	distilbert/distilgpt2	False	0.9351645112037659	0.09670791029930115
ĠDavid	2257	 David	2	distilbert/distilgpt2	distilbert/distilgpt2	False	0.0008183273021131754	10.255034446716309
Ġbecause	2257	 because	3	distilbert/distilgpt2	distilbert/distilgpt2	False	0.00013907212996855378	12.81187915802002
Ġhe	2257	 he	4	distilbert/distilgpt2	distilbert/distilgpt2	False	0.4822755753993988	1.0520703792572021
Mary	2258	Mary	0	distilbert/distilgpt2	distilbert/distilgpt2	False	1.0	0.0
Ġfl	2258	 flabbergasted	1	distilbert/distilgpt2	distilbert/distilgpt2	False	3.365257953191758e-06	18.180850982666016
ab	2258	 flabbergasted	1	distilbert/distilgpt2	distilbert/distilgpt2	False	0.005463059060275555	7.516075134277344
berg	2258	 flabbergasted	1	distilbert/distilgpt2	distilbert/distilgpt2	False	0.5432747602462769	0.8802461624145508
asted	2258	 flabbergasted	1	distilbert/distilgpt2	distilbert/distilgpt2	False	0.9426964521408081	0.08513478934764862
ĠDavid	2258	 David	2	distilbert/distilgpt2	distilbert/distilgpt2	False	0.00047871217248030007	11.02855396270752
Ġbecause	2258	 because	3	distilbert/distilgpt2	distilbert/distilgpt2	False	0.00030217692255973816	11.6923189163208
Ġhe	2258	 he	4	distilbert/distilgpt2	distilbert/distilgpt2	False	0.49998798966407776	1.0000346899032593
John	2259	John	0	distilbert/distilgpt2	distilbert/distilgpt2	False	1.0	0.0
Ġfl	2259	 flabbergasted	1	distilbert/distilgpt2	distilbert/distilgpt2	False	2.821160478561069e-06	18.435279846191406
ab	2259	 flabbergasted	1	distilbert/distilgpt2	distilbert/distilgpt2	False	0.005802510771900415	7.429107189178467
berg	2259	 flabbergasted	1	distilbert/distilgpt2	distilbert/distilgpt2	False	0.7338907122612	0.44636282324790955
asted	2259	 flabbergasted	1	distilbert/distilgpt2	distilbert/distilgpt2	False	0.9351645112037659	0.09670791029930115
ĠDavid	2259	 David	2	distilbert/distilgpt2	distilbert/distilgpt2	False	0.0008183273021131754	10.255034446716309
Ġbecause	2259	 because	3	distilbert/distilgpt2	distilbert/distilgpt2	False	0.00013907212996855378	12.81187915802002
Ġhe	2259	 he	4	distilbert/distilgpt2	distilbert/distilgpt2	False	0.4822755753993988	1.0520703792572021
Sarah	2260	Sarah	0	distilbert/distilgpt2	distilbert/distilgpt2	False	1.0	0.0
Ġfl	2260	 flabbergasted	1	distilbert/distilgpt2	distilbert/distilgpt2	False	3.0706783036293928e-06	18.313011169433594
ab	2260	 flabbergasted	1	distilbert/distilgpt2	distilbert/distilgpt2	False	0.008482512086629868	6.881292819976807
berg	2260	 flabbergasted	1	distilbert/distilgpt2	distilbert/distilgpt2	False	0.8955495357513428	0.15915484726428986
asted	2260	 flabbergasted	1	distilbert/distilgpt2	distilbert/distilgpt2	False	0.9697689414024353	0.044287048280239105
ĠDavid	2260	 David	2	distilbert/distilgpt2	distilbert/distilgpt2	False	0.0007430535624735057	10.394246101379395
Ġbecause	2260	 because	3	distilbert/distilgpt2	distilbert/distilgpt2	False	0.00017406660481356084	12.488073348999023
Ġhe	2260	 he	4	distilbert/distilgpt2	distilbert/distilgpt2	False	0.478722482919693	1.0627385377883911
David	2261	David	0	distilbert/distilgpt2	distilbert/distilgpt2	False	1.0	0.0
Ġfl	2261	 flabbergasted	1	distilbert/distilgpt2	distilbert/distilgpt2	False	3.4807856081897626e-06	18.132156372070312
ab	2261	 flabbergasted	1	distilbert/distilgpt2	distilbert/distilgpt2	False	0.00576742272824049	7.437857627868652
berg	2261	 flabbergasted	1	distilbert/distilgpt2	distilbert/distilgpt2	False	0.9028568267822266	0.14743085205554962
asted	2261	 flabbergasted	1	distilbert/distilgpt2	distilbert/distilgpt2	False	0.9520890712738037	0.07083143293857574
ĠJohn	2261	 John	2	distilbert/distilgpt2	distilbert/distilgpt2	False	0.0018279682844877243	9.095542907714844
Ġbecause	2261	 because	3	distilbert/distilgpt2	distilbert/distilgpt2	False	0.00013896526070311666	12.81298828125
Ġhe	2261	 he	4	distilbert/distilgpt2	distilbert/distilgpt2	False	0.46342524886131287	1.1095914840698242
Mary	2262	Mary	0	distilbert/distilgpt2	distilbert/distilgpt2	False	1.0	0.0
Ġfl	2262	 flabbergasted	1	distilbert/distilgpt2	distilbert/distilgpt2	False	3.365257953191758e-06	18.180850982666016
ab	2262	 flabbergasted	1	distilbert/distilgpt2	distilbert/distilgpt2	False	0.005463059060275555	7.516075134277344
berg	2262	 flabbergasted	1	distilbert/distilgpt2	distilbert/distilgpt2	False	0.5432747602462769	0.8802461624145508
asted	2262	 flabbergasted	1	distilbert/distilgpt2	distilbert/distilgpt2	False	0.9426964521408081	0.08513478934764862
ĠJohn	2262	 John	2	distilbert/distilgpt2	distilbert/distilgpt2	False	0.000999748706817627	9.966146469116211
Ġbecause	2262	 because	3	distilbert/distilgpt2	distilbert/distilgpt2	False	0.00026577498647384346	11.877507209777832
Ġhe	2262	 he	4	distilbert/distilgpt2	distilbert/distilgpt2	False	0.5089977979660034	0.9742686152458191
David	2263	David	0	distilbert/distilgpt2	distilbert/distilgpt2	False	1.0	0.0
Ġfl	2263	 flabbergasted	1	distilbert/distilgpt2	distilbert/distilgpt2	False	3.4807856081897626e-06	18.132156372070312
ab	2263	 flabbergasted	1	distilbert/distilgpt2	distilbert/distilgpt2	False	0.00576742272824049	7.437857627868652
berg	2263	 flabbergasted	1	distilbert/distilgpt2	distilbert/distilgpt2	False	0.9028568267822266	0.14743085205554962
asted	2263	 flabbergasted	1	distilbert/distilgpt2	distilbert/distilgpt2	False	0.9520890712738037	0.07083143293857574
ĠJohn	2263	 John	2	distilbert/distilgpt2	distilbert/distilgpt2	False	0.0018279682844877243	9.095542907714844
Ġbecause	2263	 because	3	distilbert/distilgpt2	distilbert/distilgpt2	False	0.00013896526070311666	12.81298828125
Ġhe	2263	 he	4	distilbert/distilgpt2	distilbert/distilgpt2	False	0.46342524886131287	1.1095914840698242
Sarah	2264	Sarah	0	distilbert/distilgpt2	distilbert/distilgpt2	False	1.0	0.0
Ġfl	2264	 flabbergasted	1	distilbert/distilgpt2	distilbert/distilgpt2	False	3.0706783036293928e-06	18.313011169433594
ab	2264	 flabbergasted	1	distilbert/distilgpt2	distilbert/distilgpt2	False	0.008482512086629868	6.881292819976807
berg	2264	 flabbergasted	1	distilbert/distilgpt2	distilbert/distilgpt2	False	0.8955495357513428	0.15915484726428986
asted	2264	 flabbergasted	1	distilbert/distilgpt2	distilbert/distilgpt2	False	0.9697689414024353	0.044287048280239105
ĠJohn	2264	 John	2	distilbert/distilgpt2	distilbert/distilgpt2	False	0.0013089990243315697	9.577320098876953
Ġbecause	2264	 because	3	distilbert/distilgpt2	distilbert/distilgpt2	False	0.00016072449216153473	12.60312271118164
Ġhe	2264	 he	4	distilbert/distilgpt2	distilbert/distilgpt2	False	0.4767971932888031	1.0685523748397827
Mary	2265	Mary	0	distilbert/distilgpt2	distilbert/distilgpt2	False	1.0	0.0
Ġfl	2265	 flabbergasted	1	distilbert/distilgpt2	distilbert/distilgpt2	False	3.365257953191758e-06	18.180850982666016
ab	2265	 flabbergasted	1	distilbert/distilgpt2	distilbert/distilgpt2	False	0.005463059060275555	7.516075134277344
berg	2265	 flabbergasted	1	distilbert/distilgpt2	distilbert/distilgpt2	False	0.5432747602462769	0.8802461624145508
asted	2265	 flabbergasted	1	distilbert/distilgpt2	distilbert/distilgpt2	False	0.9426964521408081	0.08513478934764862
ĠSarah	2265	 Sarah	2	distilbert/distilgpt2	distilbert/distilgpt2	False	0.00026748524396680295	11.868252754211426
Ġbecause	2265	 because	3	distilbert/distilgpt2	distilbert/distilgpt2	False	0.0006701317033730447	10.543268203735352
Ġshe	2265	 she	4	distilbert/distilgpt2	distilbert/distilgpt2	False	0.5524024963378906	0.856208324432373
John	2266	John	0	distilbert/distilgpt2	distilbert/distilgpt2	False	1.0	0.0
Ġfl	2266	 flabbergasted	1	distilbert/distilgpt2	distilbert/distilgpt2	False	2.821160478561069e-06	18.435279846191406
ab	2266	 flabbergasted	1	distilbert/distilgpt2	distilbert/distilgpt2	False	0.005802510771900415	7.429107189178467
berg	2266	 flabbergasted	1	distilbert/distilgpt2	distilbert/distilgpt2	False	0.7338907122612	0.44636282324790955
asted	2266	 flabbergasted	1	distilbert/distilgpt2	distilbert/distilgpt2	False	0.9351645112037659	0.09670791029930115
ĠSarah	2266	 Sarah	2	distilbert/distilgpt2	distilbert/distilgpt2	False	0.00034726771991699934	11.491663932800293
Ġbecause	2266	 because	3	distilbert/distilgpt2	distilbert/distilgpt2	False	0.00024008387117646635	12.024173736572266
Ġshe	2266	 she	4	distilbert/distilgpt2	distilbert/distilgpt2	False	0.5030691623687744	0.9911713600158691
Mary	2267	Mary	0	distilbert/distilgpt2	distilbert/distilgpt2	False	1.0	0.0
Ġfl	2267	 flabbergasted	1	distilbert/distilgpt2	distilbert/distilgpt2	False	3.365257953191758e-06	18.180850982666016
ab	2267	 flabbergasted	1	distilbert/distilgpt2	distilbert/distilgpt2	False	0.005463059060275555	7.516075134277344
berg	2267	 flabbergasted	1	distilbert/distilgpt2	distilbert/distilgpt2	False	0.5432747602462769	0.8802461624145508
asted	2267	 flabbergasted	1	distilbert/distilgpt2	distilbert/distilgpt2	False	0.9426964521408081	0.08513478934764862
ĠSarah	2267	 Sarah	2	distilbert/distilgpt2	distilbert/distilgpt2	False	0.00026748524396680295	11.868252754211426
Ġbecause	2267	 because	3	distilbert/distilgpt2	distilbert/distilgpt2	False	0.0006701317033730447	10.543268203735352
Ġshe	2267	 she	4	distilbert/distilgpt2	distilbert/distilgpt2	False	0.5524024963378906	0.856208324432373
David	2268	David	0	distilbert/distilgpt2	distilbert/distilgpt2	False	1.0	0.0
Ġfl	2268	 flabbergasted	1	distilbert/distilgpt2	distilbert/distilgpt2	False	3.4807856081897626e-06	18.132156372070312
ab	2268	 flabbergasted	1	distilbert/distilgpt2	distilbert/distilgpt2	False	0.00576742272824049	7.437857627868652
berg	2268	 flabbergasted	1	distilbert/distilgpt2	distilbert/distilgpt2	False	0.9028568267822266	0.14743085205554962
asted	2268	 flabbergasted	1	distilbert/distilgpt2	distilbert/distilgpt2	False	0.9520890712738037	0.07083143293857574
ĠSarah	2268	 Sarah	2	distilbert/distilgpt2	distilbert/distilgpt2	False	0.0003345744335092604	11.545385360717773
Ġbecause	2268	 because	3	distilbert/distilgpt2	distilbert/distilgpt2	False	0.0002219087618868798	12.13774585723877
Ġshe	2268	 she	4	distilbert/distilgpt2	distilbert/distilgpt2	False	0.4680379629135132	1.0953025817871094
Sarah	2269	Sarah	0	distilbert/distilgpt2	distilbert/distilgpt2	False	1.0	0.0
Ġfl	2269	 flabbergasted	1	distilbert/distilgpt2	distilbert/distilgpt2	False	3.0706783036293928e-06	18.313011169433594
ab	2269	 flabbergasted	1	distilbert/distilgpt2	distilbert/distilgpt2	False	0.008482512086629868	6.881292819976807
berg	2269	 flabbergasted	1	distilbert/distilgpt2	distilbert/distilgpt2	False	0.8955495357513428	0.15915484726428986
asted	2269	 flabbergasted	1	distilbert/distilgpt2	distilbert/distilgpt2	False	0.9697689414024353	0.044287048280239105
ĠMary	2269	 Mary	2	distilbert/distilgpt2	distilbert/distilgpt2	False	0.0004211032355669886	11.21353816986084
Ġbecause	2269	 because	3	distilbert/distilgpt2	distilbert/distilgpt2	False	0.0003709350130520761	11.396546363830566
Ġshe	2269	 she	4	distilbert/distilgpt2	distilbert/distilgpt2	False	0.49203363060951233	1.0231711864471436
John	2270	John	0	distilbert/distilgpt2	distilbert/distilgpt2	False	1.0	0.0
Ġfl	2270	 flabbergasted	1	distilbert/distilgpt2	distilbert/distilgpt2	False	2.821160478561069e-06	18.435279846191406
ab	2270	 flabbergasted	1	distilbert/distilgpt2	distilbert/distilgpt2	False	0.005802510771900415	7.429107189178467
berg	2270	 flabbergasted	1	distilbert/distilgpt2	distilbert/distilgpt2	False	0.7338907122612	0.44636282324790955
asted	2270	 flabbergasted	1	distilbert/distilgpt2	distilbert/distilgpt2	False	0.9351645112037659	0.09670791029930115
ĠMary	2270	 Mary	2	distilbert/distilgpt2	distilbert/distilgpt2	False	0.00039064325392246246	11.321860313415527
Ġbecause	2270	 because	3	distilbert/distilgpt2	distilbert/distilgpt2	False	0.0006123388302512467	10.673381805419922
Ġshe	2270	 she	4	distilbert/distilgpt2	distilbert/distilgpt2	False	0.5058162808418274	0.9833147525787354
Sarah	2271	Sarah	0	distilbert/distilgpt2	distilbert/distilgpt2	False	1.0	0.0
Ġfl	2271	 flabbergasted	1	distilbert/distilgpt2	distilbert/distilgpt2	False	3.0706783036293928e-06	18.313011169433594
ab	2271	 flabbergasted	1	distilbert/distilgpt2	distilbert/distilgpt2	False	0.008482512086629868	6.881292819976807
berg	2271	 flabbergasted	1	distilbert/distilgpt2	distilbert/distilgpt2	False	0.8955495357513428	0.15915484726428986
asted	2271	 flabbergasted	1	distilbert/distilgpt2	distilbert/distilgpt2	False	0.9697689414024353	0.044287048280239105
ĠMary	2271	 Mary	2	distilbert/distilgpt2	distilbert/distilgpt2	False	0.0004211032355669886	11.21353816986084
Ġbecause	2271	 because	3	distilbert/distilgpt2	distilbert/distilgpt2	False	0.0003709350130520761	11.396546363830566
Ġshe	2271	 she	4	distilbert/distilgpt2	distilbert/distilgpt2	False	0.49203363060951233	1.0231711864471436
David	2272	David	0	distilbert/distilgpt2	distilbert/distilgpt2	False	1.0	0.0
Ġfl	2272	 flabbergasted	1	distilbert/distilgpt2	distilbert/distilgpt2	False	3.4807856081897626e-06	18.132156372070312
ab	2272	 flabbergasted	1	distilbert/distilgpt2	distilbert/distilgpt2	False	0.00576742272824049	7.437857627868652
berg	2272	 flabbergasted	1	distilbert/distilgpt2	distilbert/distilgpt2	False	0.9028568267822266	0.14743085205554962
asted	2272	 flabbergasted	1	distilbert/distilgpt2	distilbert/distilgpt2	False	0.9520890712738037	0.07083143293857574
ĠMary	2272	 Mary	2	distilbert/distilgpt2	distilbert/distilgpt2	False	0.00039128249045461416	11.319501876831055
Ġbecause	2272	 because	3	distilbert/distilgpt2	distilbert/distilgpt2	False	0.0003779946709983051	11.369346618652344
Ġshe	2272	 she	4	distilbert/distilgpt2	distilbert/distilgpt2	False	0.4737243354320526	1.0778803825378418
John	2273	John	0	distilbert/distilgpt2	distilbert/distilgpt2	False	1.0	0.0
Ġflat	2273	 flattered	1	distilbert/distilgpt2	distilbert/distilgpt2	False	7.220665452223329e-07	20.401365280151367
tered	2273	 flattered	1	distilbert/distilgpt2	distilbert/distilgpt2	False	0.012443996034562588	6.32840633392334
ĠDavid	2273	 David	2	distilbert/distilgpt2	distilbert/distilgpt2	False	0.00019745728059206158	12.306171417236328
Ġbecause	2273	 because	3	distilbert/distilgpt2	distilbert/distilgpt2	False	0.0014710077084600925	9.408979415893555
Ġhe	2273	 he	4	distilbert/distilgpt2	distilbert/distilgpt2	False	0.45475152134895325	1.1368496417999268
Mary	2274	Mary	0	distilbert/distilgpt2	distilbert/distilgpt2	False	1.0	0.0
Ġflat	2274	 flattered	1	distilbert/distilgpt2	distilbert/distilgpt2	False	7.780768100928981e-07	20.2935848236084
tered	2274	 flattered	1	distilbert/distilgpt2	distilbert/distilgpt2	False	0.014459199272096157	6.111868381500244
ĠDavid	2274	 David	2	distilbert/distilgpt2	distilbert/distilgpt2	False	4.090358561370522e-05	14.577413558959961
Ġbecause	2274	 because	3	distilbert/distilgpt2	distilbert/distilgpt2	False	0.0016186711145564914	9.270974159240723
Ġhe	2274	 he	4	distilbert/distilgpt2	distilbert/distilgpt2	False	0.4813259243965149	1.0549139976501465
John	2275	John	0	distilbert/distilgpt2	distilbert/distilgpt2	False	1.0	0.0
Ġflat	2275	 flattered	1	distilbert/distilgpt2	distilbert/distilgpt2	False	7.220665452223329e-07	20.401365280151367
tered	2275	 flattered	1	distilbert/distilgpt2	distilbert/distilgpt2	False	0.012443996034562588	6.32840633392334
ĠDavid	2275	 David	2	distilbert/distilgpt2	distilbert/distilgpt2	False	0.00019745728059206158	12.306171417236328
Ġbecause	2275	 because	3	distilbert/distilgpt2	distilbert/distilgpt2	False	0.0014710077084600925	9.408979415893555
Ġhe	2275	 he	4	distilbert/distilgpt2	distilbert/distilgpt2	False	0.45475152134895325	1.1368496417999268
Sarah	2276	Sarah	0	distilbert/distilgpt2	distilbert/distilgpt2	False	1.0	0.0
Ġflat	2276	 flattered	1	distilbert/distilgpt2	distilbert/distilgpt2	False	8.655573537907912e-07	20.139867782592773
tered	2276	 flattered	1	distilbert/distilgpt2	distilbert/distilgpt2	False	0.01889641396701336	5.725743770599365
ĠDavid	2276	 David	2	distilbert/distilgpt2	distilbert/distilgpt2	False	0.00020504152053035796	12.25179672241211
Ġbecause	2276	 because	3	distilbert/distilgpt2	distilbert/distilgpt2	False	0.0021198089234530926	8.881850242614746
Ġhe	2276	 he	4	distilbert/distilgpt2	distilbert/distilgpt2	False	0.46753573417663574	1.0968514680862427
David	2277	David	0	distilbert/distilgpt2	distilbert/distilgpt2	False	1.0	0.0
Ġflat	2277	 flattered	1	distilbert/distilgpt2	distilbert/distilgpt2	False	8.3103248016414e-07	20.198591232299805
tered	2277	 flattered	1	distilbert/distilgpt2	distilbert/distilgpt2	False	0.01987362839281559	5.653000831604004
ĠJohn	2277	 John	2	distilbert/distilgpt2	distilbert/distilgpt2	False	0.0006246162811294198	10.644742012023926
Ġbecause	2277	 because	3	distilbert/distilgpt2	distilbert/distilgpt2	False	0.0011476121144369245	9.767148971557617
Ġhe	2277	 he	4	distilbert/distilgpt2	distilbert/distilgpt2	False	0.4655870795249939	1.102877140045166
Mary	2278	Mary	0	distilbert/distilgpt2	distilbert/distilgpt2	False	1.0	0.0
Ġflat	2278	 flattered	1	distilbert/distilgpt2	distilbert/distilgpt2	False	7.780768100928981e-07	20.2935848236084
tered	2278	 flattered	1	distilbert/distilgpt2	distilbert/distilgpt2	False	0.014459199272096157	6.111868381500244
ĠJohn	2278	 John	2	distilbert/distilgpt2	distilbert/distilgpt2	False	9.948547813110054e-05	13.295154571533203
Ġbecause	2278	 because	3	distilbert/distilgpt2	distilbert/distilgpt2	False	0.0019328324124217033	9.015068054199219
Ġhe	2278	 he	4	distilbert/distilgpt2	distilbert/distilgpt2	False	0.4699028730392456	1.0895655155181885
David	2279	David	0	distilbert/distilgpt2	distilbert/distilgpt2	False	1.0	0.0
Ġflat	2279	 flattered	1	distilbert/distilgpt2	distilbert/distilgpt2	False	8.3103248016414e-07	20.198591232299805
tered	2279	 flattered	1	distilbert/distilgpt2	distilbert/distilgpt2	False	0.01987362839281559	5.653000831604004
ĠJohn	2279	 John	2	distilbert/distilgpt2	distilbert/distilgpt2	False	0.0006246162811294198	10.644742012023926
Ġbecause	2279	 because	3	distilbert/distilgpt2	distilbert/distilgpt2	False	0.0011476121144369245	9.767148971557617
Ġhe	2279	 he	4	distilbert/distilgpt2	distilbert/distilgpt2	False	0.4655870795249939	1.102877140045166
Sarah	2280	Sarah	0	distilbert/distilgpt2	distilbert/distilgpt2	False	1.0	0.0
Ġflat	2280	 flattered	1	distilbert/distilgpt2	distilbert/distilgpt2	False	8.655573537907912e-07	20.139867782592773
tered	2280	 flattered	1	distilbert/distilgpt2	distilbert/distilgpt2	False	0.01889641396701336	5.725743770599365
ĠJohn	2280	 John	2	distilbert/distilgpt2	distilbert/distilgpt2	False	0.0003547072992660105	11.46108341217041
Ġbecause	2280	 because	3	distilbert/distilgpt2	distilbert/distilgpt2	False	0.0028039084281772375	8.478344917297363
Ġhe	2280	 he	4	distilbert/distilgpt2	distilbert/distilgpt2	False	0.45857304334640503	1.1247766017913818
Mary	2281	Mary	0	distilbert/distilgpt2	distilbert/distilgpt2	False	1.0	0.0
Ġflat	2281	 flattered	1	distilbert/distilgpt2	distilbert/distilgpt2	False	7.780768100928981e-07	20.2935848236084
tered	2281	 flattered	1	distilbert/distilgpt2	distilbert/distilgpt2	False	0.014459199272096157	6.111868381500244
ĠSarah	2281	 Sarah	2	distilbert/distilgpt2	distilbert/distilgpt2	False	1.2083238289051224e-05	16.336633682250977
Ġbecause	2281	 because	3	distilbert/distilgpt2	distilbert/distilgpt2	False	0.002860322128981352	8.449606895446777
Ġshe	2281	 she	4	distilbert/distilgpt2	distilbert/distilgpt2	False	0.5255349278450012	0.9281414151191711
John	2282	John	0	distilbert/distilgpt2	distilbert/distilgpt2	False	1.0	0.0
Ġflat	2282	 flattered	1	distilbert/distilgpt2	distilbert/distilgpt2	False	7.220665452223329e-07	20.401365280151367
tered	2282	 flattered	1	distilbert/distilgpt2	distilbert/distilgpt2	False	0.012443996034562588	6.32840633392334
ĠSarah	2282	 Sarah	2	distilbert/distilgpt2	distilbert/distilgpt2	False	3.1234176276484504e-05	14.966514587402344
Ġbecause	2282	 because	3	distilbert/distilgpt2	distilbert/distilgpt2	False	0.002634213073179126	8.568411827087402
Ġshe	2282	 she	4	distilbert/distilgpt2	distilbert/distilgpt2	False	0.44943371415138245	1.1538197994232178
Mary	2283	Mary	0	distilbert/distilgpt2	distilbert/distilgpt2	False	1.0	0.0
Ġflat	2283	 flattered	1	distilbert/distilgpt2	distilbert/distilgpt2	False	7.780768100928981e-07	20.2935848236084
tered	2283	 flattered	1	distilbert/distilgpt2	distilbert/distilgpt2	False	0.014459199272096157	6.111868381500244
ĠSarah	2283	 Sarah	2	distilbert/distilgpt2	distilbert/distilgpt2	False	1.2083238289051224e-05	16.336633682250977
Ġbecause	2283	 because	3	distilbert/distilgpt2	distilbert/distilgpt2	False	0.002860322128981352	8.449606895446777
Ġshe	2283	 she	4	distilbert/distilgpt2	distilbert/distilgpt2	False	0.5255349278450012	0.9281414151191711
David	2284	David	0	distilbert/distilgpt2	distilbert/distilgpt2	False	1.0	0.0
Ġflat	2284	 flattered	1	distilbert/distilgpt2	distilbert/distilgpt2	False	8.3103248016414e-07	20.198591232299805
tered	2284	 flattered	1	distilbert/distilgpt2	distilbert/distilgpt2	False	0.01987362839281559	5.653000831604004
ĠSarah	2284	 Sarah	2	distilbert/distilgpt2	distilbert/distilgpt2	False	4.860377521254122e-05	14.328572273254395
Ġbecause	2284	 because	3	distilbert/distilgpt2	distilbert/distilgpt2	False	0.001363559509627521	9.518406867980957
Ġshe	2284	 she	4	distilbert/distilgpt2	distilbert/distilgpt2	False	0.4680105447769165	1.0953871011734009
Sarah	2285	Sarah	0	distilbert/distilgpt2	distilbert/distilgpt2	False	1.0	0.0
Ġflat	2285	 flattered	1	distilbert/distilgpt2	distilbert/distilgpt2	False	8.655573537907912e-07	20.139867782592773
tered	2285	 flattered	1	distilbert/distilgpt2	distilbert/distilgpt2	False	0.01889641396701336	5.725743770599365
ĠMary	2285	 Mary	2	distilbert/distilgpt2	distilbert/distilgpt2	False	6.623339140787721e-05	13.882081985473633
Ġbecause	2285	 because	3	distilbert/distilgpt2	distilbert/distilgpt2	False	0.0009975277353078127	9.969355583190918
Ġshe	2285	 she	4	distilbert/distilgpt2	distilbert/distilgpt2	False	0.4445422291755676	1.1696076393127441
John	2286	John	0	distilbert/distilgpt2	distilbert/distilgpt2	False	1.0	0.0
Ġflat	2286	 flattered	1	distilbert/distilgpt2	distilbert/distilgpt2	False	7.220665452223329e-07	20.401365280151367
tered	2286	 flattered	1	distilbert/distilgpt2	distilbert/distilgpt2	False	0.012443996034562588	6.32840633392334
ĠMary	2286	 Mary	2	distilbert/distilgpt2	distilbert/distilgpt2	False	4.3791918869828805e-05	14.478976249694824
Ġbecause	2286	 because	3	distilbert/distilgpt2	distilbert/distilgpt2	False	0.001240865676663816	9.654437065124512
Ġshe	2286	 she	4	distilbert/distilgpt2	distilbert/distilgpt2	False	0.41420677304267883	1.271577000617981
Sarah	2287	Sarah	0	distilbert/distilgpt2	distilbert/distilgpt2	False	1.0	0.0
Ġflat	2287	 flattered	1	distilbert/distilgpt2	distilbert/distilgpt2	False	8.655573537907912e-07	20.139867782592773
tered	2287	 flattered	1	distilbert/distilgpt2	distilbert/distilgpt2	False	0.01889641396701336	5.725743770599365
ĠMary	2287	 Mary	2	distilbert/distilgpt2	distilbert/distilgpt2	False	6.623339140787721e-05	13.882081985473633
Ġbecause	2287	 because	3	distilbert/distilgpt2	distilbert/distilgpt2	False	0.0009975277353078127	9.969355583190918
Ġshe	2287	 she	4	distilbert/distilgpt2	distilbert/distilgpt2	False	0.4445422291755676	1.1696076393127441
David	2288	David	0	distilbert/distilgpt2	distilbert/distilgpt2	False	1.0	0.0
Ġflat	2288	 flattered	1	distilbert/distilgpt2	distilbert/distilgpt2	False	8.3103248016414e-07	20.198591232299805
tered	2288	 flattered	1	distilbert/distilgpt2	distilbert/distilgpt2	False	0.01987362839281559	5.653000831604004
ĠMary	2288	 Mary	2	distilbert/distilgpt2	distilbert/distilgpt2	False	6.280109664658085e-05	13.958850860595703
Ġbecause	2288	 because	3	distilbert/distilgpt2	distilbert/distilgpt2	False	0.0011316327145323157	9.787378311157227
Ġshe	2288	 she	4	distilbert/distilgpt2	distilbert/distilgpt2	False	0.4476352035999298	1.1596046686172485
John	2289	John	0	distilbert/distilgpt2	distilbert/distilgpt2	False	1.0	0.0
Ġflo	2289	 floored	1	distilbert/distilgpt2	distilbert/distilgpt2	False	7.365818621707376e-09	27.01650619506836
ored	2289	 floored	1	distilbert/distilgpt2	distilbert/distilgpt2	False	0.5831305980682373	0.7781091928482056
ĠDavid	2289	 David	2	distilbert/distilgpt2	distilbert/distilgpt2	False	0.0006575108855031431	10.570697784423828
Ġbecause	2289	 because	3	distilbert/distilgpt2	distilbert/distilgpt2	False	0.00045344047248363495	11.106799125671387
Ġhe	2289	 he	4	distilbert/distilgpt2	distilbert/distilgpt2	False	0.4076469838619232	1.2946077585220337
Mary	2290	Mary	0	distilbert/distilgpt2	distilbert/distilgpt2	False	1.0	0.0
Ġflo	2290	 floored	1	distilbert/distilgpt2	distilbert/distilgpt2	False	9.02064201113717e-09	26.724123001098633
ored	2290	 floored	1	distilbert/distilgpt2	distilbert/distilgpt2	False	0.6456311345100403	0.631217896938324
ĠDavid	2290	 David	2	distilbert/distilgpt2	distilbert/distilgpt2	False	0.0003658630885183811	11.41640853881836
Ġbecause	2290	 because	3	distilbert/distilgpt2	distilbert/distilgpt2	False	0.0012095753336325288	9.691283226013184
Ġhe	2290	 he	4	distilbert/distilgpt2	distilbert/distilgpt2	False	0.40619051456451416	1.2997715473175049
John	2291	John	0	distilbert/distilgpt2	distilbert/distilgpt2	False	1.0	0.0
Ġflo	2291	 floored	1	distilbert/distilgpt2	distilbert/distilgpt2	False	7.365818621707376e-09	27.01650619506836
ored	2291	 floored	1	distilbert/distilgpt2	distilbert/distilgpt2	False	0.5831305980682373	0.7781091928482056
ĠDavid	2291	 David	2	distilbert/distilgpt2	distilbert/distilgpt2	False	0.0006575108855031431	10.570697784423828
Ġbecause	2291	 because	3	distilbert/distilgpt2	distilbert/distilgpt2	False	0.00045344047248363495	11.106799125671387
Ġhe	2291	 he	4	distilbert/distilgpt2	distilbert/distilgpt2	False	0.4076469838619232	1.2946077585220337
Sarah	2292	Sarah	0	distilbert/distilgpt2	distilbert/distilgpt2	False	1.0	0.0
Ġflo	2292	 floored	1	distilbert/distilgpt2	distilbert/distilgpt2	False	6.851687217590552e-09	27.120893478393555
ored	2292	 floored	1	distilbert/distilgpt2	distilbert/distilgpt2	False	0.4066333472728729	1.2981996536254883
ĠDavid	2292	 David	2	distilbert/distilgpt2	distilbert/distilgpt2	False	0.00044462838559411466	11.135112762451172
Ġbecause	2292	 because	3	distilbert/distilgpt2	distilbert/distilgpt2	False	0.00105092185549438	9.894128799438477
Ġhe	2292	 he	4	distilbert/distilgpt2	distilbert/distilgpt2	False	0.4064018130302429	1.2990212440490723
David	2293	David	0	distilbert/distilgpt2	distilbert/distilgpt2	False	1.0	0.0
Ġflo	2293	 floored	1	distilbert/distilgpt2	distilbert/distilgpt2	False	8.131786799481233e-09	26.873781204223633
ored	2293	 floored	1	distilbert/distilgpt2	distilbert/distilgpt2	False	0.4656105041503906	1.1028045415878296
ĠJohn	2293	 John	2	distilbert/distilgpt2	distilbert/distilgpt2	False	0.0020187757909297943	8.952303886413574
Ġbecause	2293	 because	3	distilbert/distilgpt2	distilbert/distilgpt2	False	0.000608231290243566	10.68309211730957
Ġhe	2293	 he	4	distilbert/distilgpt2	distilbert/distilgpt2	False	0.40893346071243286	1.2900620698928833
Mary	2294	Mary	0	distilbert/distilgpt2	distilbert/distilgpt2	False	1.0	0.0
Ġflo	2294	 floored	1	distilbert/distilgpt2	distilbert/distilgpt2	False	9.02064201113717e-09	26.724123001098633
ored	2294	 floored	1	distilbert/distilgpt2	distilbert/distilgpt2	False	0.6456311345100403	0.631217896938324
ĠJohn	2294	 John	2	distilbert/distilgpt2	distilbert/distilgpt2	False	0.0007377229630947113	10.404633522033691
Ġbecause	2294	 because	3	distilbert/distilgpt2	distilbert/distilgpt2	False	0.002623476553708315	8.574304580688477
Ġhe	2294	 he	4	distilbert/distilgpt2	distilbert/distilgpt2	False	0.42090117931365967	1.2484465837478638
David	2295	David	0	distilbert/distilgpt2	distilbert/distilgpt2	False	1.0	0.0
Ġflo	2295	 floored	1	distilbert/distilgpt2	distilbert/distilgpt2	False	8.131786799481233e-09	26.873781204223633
ored	2295	 floored	1	distilbert/distilgpt2	distilbert/distilgpt2	False	0.4656105041503906	1.1028045415878296
ĠJohn	2295	 John	2	distilbert/distilgpt2	distilbert/distilgpt2	False	0.0020187757909297943	8.952303886413574
Ġbecause	2295	 because	3	distilbert/distilgpt2	distilbert/distilgpt2	False	0.000608231290243566	10.68309211730957
Ġhe	2295	 he	4	distilbert/distilgpt2	distilbert/distilgpt2	False	0.40893346071243286	1.2900620698928833
Sarah	2296	Sarah	0	distilbert/distilgpt2	distilbert/distilgpt2	False	1.0	0.0
Ġflo	2296	 floored	1	distilbert/distilgpt2	distilbert/distilgpt2	False	6.851687217590552e-09	27.120893478393555
ored	2296	 floored	1	distilbert/distilgpt2	distilbert/distilgpt2	False	0.4066333472728729	1.2981996536254883
ĠJohn	2296	 John	2	distilbert/distilgpt2	distilbert/distilgpt2	False	0.0007017115713097155	10.476834297180176
Ġbecause	2296	 because	3	distilbert/distilgpt2	distilbert/distilgpt2	False	0.0029616067185997963	8.399404525756836
Ġhe	2296	 he	4	distilbert/distilgpt2	distilbert/distilgpt2	False	0.41326209902763367	1.2748711109161377
Mary	2297	Mary	0	distilbert/distilgpt2	distilbert/distilgpt2	False	1.0	0.0
Ġflo	2297	 floored	1	distilbert/distilgpt2	distilbert/distilgpt2	False	9.02064201113717e-09	26.724123001098633
ored	2297	 floored	1	distilbert/distilgpt2	distilbert/distilgpt2	False	0.6456311345100403	0.631217896938324
ĠSarah	2297	 Sarah	2	distilbert/distilgpt2	distilbert/distilgpt2	False	6.576453597517684e-05	13.892330169677734
Ġbecause	2297	 because	3	distilbert/distilgpt2	distilbert/distilgpt2	False	0.0038157545495778322	8.03381633758545
Ġshe	2297	 she	4	distilbert/distilgpt2	distilbert/distilgpt2	False	0.4607641398906708	1.1178996562957764
John	2298	John	0	distilbert/distilgpt2	distilbert/distilgpt2	False	1.0	0.0
Ġflo	2298	 floored	1	distilbert/distilgpt2	distilbert/distilgpt2	False	7.365818621707376e-09	27.01650619506836
ored	2298	 floored	1	distilbert/distilgpt2	distilbert/distilgpt2	False	0.5831305980682373	0.7781091928482056
ĠSarah	2298	 Sarah	2	distilbert/distilgpt2	distilbert/distilgpt2	False	5.8228877605870366e-05	14.06790542602539
Ġbecause	2298	 because	3	distilbert/distilgpt2	distilbert/distilgpt2	False	0.0023234724067151546	8.749502182006836
Ġshe	2298	 she	4	distilbert/distilgpt2	distilbert/distilgpt2	False	0.41416841745376587	1.2717106342315674
Mary	2299	Mary	0	distilbert/distilgpt2	distilbert/distilgpt2	False	1.0	0.0
Ġflo	2299	 floored	1	distilbert/distilgpt2	distilbert/distilgpt2	False	9.02064201113717e-09	26.724123001098633
ored	2299	 floored	1	distilbert/distilgpt2	distilbert/distilgpt2	False	0.6456311345100403	0.631217896938324
ĠSarah	2299	 Sarah	2	distilbert/distilgpt2	distilbert/distilgpt2	False	6.576453597517684e-05	13.892330169677734
Ġbecause	2299	 because	3	distilbert/distilgpt2	distilbert/distilgpt2	False	0.0038157545495778322	8.03381633758545
Ġshe	2299	 she	4	distilbert/distilgpt2	distilbert/distilgpt2	False	0.4607641398906708	1.1178996562957764
David	2300	David	0	distilbert/distilgpt2	distilbert/distilgpt2	False	1.0	0.0
Ġflo	2300	 floored	1	distilbert/distilgpt2	distilbert/distilgpt2	False	8.131786799481233e-09	26.873781204223633
ored	2300	 floored	1	distilbert/distilgpt2	distilbert/distilgpt2	False	0.4656105041503906	1.1028045415878296
ĠSarah	2300	 Sarah	2	distilbert/distilgpt2	distilbert/distilgpt2	False	8.414959302172065e-05	13.536684036254883
Ġbecause	2300	 because	3	distilbert/distilgpt2	distilbert/distilgpt2	False	0.0011361707001924515	9.781604766845703
Ġshe	2300	 she	4	distilbert/distilgpt2	distilbert/distilgpt2	False	0.41515788435935974	1.2682679891586304
Sarah	2301	Sarah	0	distilbert/distilgpt2	distilbert/distilgpt2	False	1.0	0.0
Ġflo	2301	 floored	1	distilbert/distilgpt2	distilbert/distilgpt2	False	6.851687217590552e-09	27.120893478393555
ored	2301	 floored	1	distilbert/distilgpt2	distilbert/distilgpt2	False	0.4066333472728729	1.2981996536254883
ĠMary	2301	 Mary	2	distilbert/distilgpt2	distilbert/distilgpt2	False	0.0003162618959322572	11.626592636108398
Ġbecause	2301	 because	3	distilbert/distilgpt2	distilbert/distilgpt2	False	0.002419922733679414	8.690823554992676
Ġshe	2301	 she	4	distilbert/distilgpt2	distilbert/distilgpt2	False	0.38172927498817444	1.389378309249878
John	2302	John	0	distilbert/distilgpt2	distilbert/distilgpt2	False	1.0	0.0
Ġflo	2302	 floored	1	distilbert/distilgpt2	distilbert/distilgpt2	False	7.365818621707376e-09	27.01650619506836
ored	2302	 floored	1	distilbert/distilgpt2	distilbert/distilgpt2	False	0.5831305980682373	0.7781091928482056
ĠMary	2302	 Mary	2	distilbert/distilgpt2	distilbert/distilgpt2	False	0.00024722632952034473	11.981880187988281
Ġbecause	2302	 because	3	distilbert/distilgpt2	distilbert/distilgpt2	False	0.003146084491163492	8.312227249145508
Ġshe	2302	 she	4	distilbert/distilgpt2	distilbert/distilgpt2	False	0.36461278796195984	1.455562949180603
Sarah	2303	Sarah	0	distilbert/distilgpt2	distilbert/distilgpt2	False	1.0	0.0
Ġflo	2303	 floored	1	distilbert/distilgpt2	distilbert/distilgpt2	False	6.851687217590552e-09	27.120893478393555
ored	2303	 floored	1	distilbert/distilgpt2	distilbert/distilgpt2	False	0.4066333472728729	1.2981996536254883
ĠMary	2303	 Mary	2	distilbert/distilgpt2	distilbert/distilgpt2	False	0.0003162618959322572	11.626592636108398
Ġbecause	2303	 because	3	distilbert/distilgpt2	distilbert/distilgpt2	False	0.002419922733679414	8.690823554992676
Ġshe	2303	 she	4	distilbert/distilgpt2	distilbert/distilgpt2	False	0.38172927498817444	1.389378309249878
David	2304	David	0	distilbert/distilgpt2	distilbert/distilgpt2	False	1.0	0.0
Ġflo	2304	 floored	1	distilbert/distilgpt2	distilbert/distilgpt2	False	8.131786799481233e-09	26.873781204223633
ored	2304	 floored	1	distilbert/distilgpt2	distilbert/distilgpt2	False	0.4656105041503906	1.1028045415878296
ĠMary	2304	 Mary	2	distilbert/distilgpt2	distilbert/distilgpt2	False	0.0003022838500328362	11.691808700561523
Ġbecause	2304	 because	3	distilbert/distilgpt2	distilbert/distilgpt2	False	0.0015292383031919599	9.352971076965332
Ġshe	2304	 she	4	distilbert/distilgpt2	distilbert/distilgpt2	False	0.36637306213378906	1.4486147165298462
John	2305	John	0	distilbert/distilgpt2	distilbert/distilgpt2	False	1.0	0.0
Ġfollowed	2305	 followed	1	distilbert/distilgpt2	distilbert/distilgpt2	False	2.8117033252783585e-06	18.44012451171875
ĠDavid	2305	 David	2	distilbert/distilgpt2	distilbert/distilgpt2	False	0.00017520226538181305	12.478691101074219
Ġbecause	2305	 because	3	distilbert/distilgpt2	distilbert/distilgpt2	False	0.00012356833030935377	12.982403755187988
Ġhe	2305	 he	4	distilbert/distilgpt2	distilbert/distilgpt2	False	0.3743042051792145	1.4177168607711792
Mary	2306	Mary	0	distilbert/distilgpt2	distilbert/distilgpt2	False	1.0	0.0
Ġfollowed	2306	 followed	1	distilbert/distilgpt2	distilbert/distilgpt2	False	3.9934966480359435e-06	17.933916091918945
ĠDavid	2306	 David	2	distilbert/distilgpt2	distilbert/distilgpt2	False	0.00011931916378671303	13.032886505126953
Ġbecause	2306	 because	3	distilbert/distilgpt2	distilbert/distilgpt2	False	0.0001849331456469372	12.400708198547363
Ġhe	2306	 he	4	distilbert/distilgpt2	distilbert/distilgpt2	False	0.3688430190086365	1.4389212131500244
John	2307	John	0	distilbert/distilgpt2	distilbert/distilgpt2	False	1.0	0.0
Ġfollowed	2307	 followed	1	distilbert/distilgpt2	distilbert/distilgpt2	False	2.8117033252783585e-06	18.44012451171875
ĠDavid	2307	 David	2	distilbert/distilgpt2	distilbert/distilgpt2	False	0.00017520226538181305	12.478691101074219
Ġbecause	2307	 because	3	distilbert/distilgpt2	distilbert/distilgpt2	False	0.00012356833030935377	12.982403755187988
Ġhe	2307	 he	4	distilbert/distilgpt2	distilbert/distilgpt2	False	0.3743042051792145	1.4177168607711792
Sarah	2308	Sarah	0	distilbert/distilgpt2	distilbert/distilgpt2	False	1.0	0.0
Ġfollowed	2308	 followed	1	distilbert/distilgpt2	distilbert/distilgpt2	False	3.32639729094808e-06	18.197608947753906
ĠDavid	2308	 David	2	distilbert/distilgpt2	distilbert/distilgpt2	False	0.0002897862286772579	11.752723693847656
Ġbecause	2308	 because	3	distilbert/distilgpt2	distilbert/distilgpt2	False	0.00012325267016422004	12.986093521118164
Ġhe	2308	 he	4	distilbert/distilgpt2	distilbert/distilgpt2	False	0.41011351346969604	1.285904884338379
David	2309	David	0	distilbert/distilgpt2	distilbert/distilgpt2	False	1.0	0.0
Ġfollowed	2309	 followed	1	distilbert/distilgpt2	distilbert/distilgpt2	False	3.2942532470769947e-06	18.21161651611328
ĠJohn	2309	 John	2	distilbert/distilgpt2	distilbert/distilgpt2	False	0.0004550793382804841	11.101593971252441
Ġbecause	2309	 because	3	distilbert/distilgpt2	distilbert/distilgpt2	False	0.0002580885193310678	11.919846534729004
Ġhe	2309	 he	4	distilbert/distilgpt2	distilbert/distilgpt2	False	0.37419548630714417	1.4181360006332397
Mary	2310	Mary	0	distilbert/distilgpt2	distilbert/distilgpt2	False	1.0	0.0
Ġfollowed	2310	 followed	1	distilbert/distilgpt2	distilbert/distilgpt2	False	3.9934966480359435e-06	17.933916091918945
ĠJohn	2310	 John	2	distilbert/distilgpt2	distilbert/distilgpt2	False	0.0003201586951036006	11.608924865722656
Ġbecause	2310	 because	3	distilbert/distilgpt2	distilbert/distilgpt2	False	0.0003368894977029413	11.535436630249023
Ġhe	2310	 he	4	distilbert/distilgpt2	distilbert/distilgpt2	False	0.3941825032234192	1.3430644273757935
David	2311	David	0	distilbert/distilgpt2	distilbert/distilgpt2	False	1.0	0.0
Ġfollowed	2311	 followed	1	distilbert/distilgpt2	distilbert/distilgpt2	False	3.2942532470769947e-06	18.21161651611328
ĠJohn	2311	 John	2	distilbert/distilgpt2	distilbert/distilgpt2	False	0.0004550793382804841	11.101593971252441
Ġbecause	2311	 because	3	distilbert/distilgpt2	distilbert/distilgpt2	False	0.0002580885193310678	11.919846534729004
Ġhe	2311	 he	4	distilbert/distilgpt2	distilbert/distilgpt2	False	0.37419548630714417	1.4181360006332397
Sarah	2312	Sarah	0	distilbert/distilgpt2	distilbert/distilgpt2	False	1.0	0.0
Ġfollowed	2312	 followed	1	distilbert/distilgpt2	distilbert/distilgpt2	False	3.32639729094808e-06	18.197608947753906
ĠJohn	2312	 John	2	distilbert/distilgpt2	distilbert/distilgpt2	False	0.0005380647489801049	10.859932899475098
Ġbecause	2312	 because	3	distilbert/distilgpt2	distilbert/distilgpt2	False	0.0004979015211574733	10.97185230255127
Ġhe	2312	 he	4	distilbert/distilgpt2	distilbert/distilgpt2	False	0.4078942835330963	1.2937328815460205
Mary	2313	Mary	0	distilbert/distilgpt2	distilbert/distilgpt2	False	1.0	0.0
Ġfollowed	2313	 followed	1	distilbert/distilgpt2	distilbert/distilgpt2	False	3.9934966480359435e-06	17.933916091918945
ĠSarah	2313	 Sarah	2	distilbert/distilgpt2	distilbert/distilgpt2	False	2.6364370569353923e-05	15.211050987243652
Ġbecause	2313	 because	3	distilbert/distilgpt2	distilbert/distilgpt2	False	0.000556252954993397	10.811971664428711
Ġshe	2313	 she	4	distilbert/distilgpt2	distilbert/distilgpt2	False	0.429903507232666	1.2179152965545654
John	2314	John	0	distilbert/distilgpt2	distilbert/distilgpt2	False	1.0	0.0
Ġfollowed	2314	 followed	1	distilbert/distilgpt2	distilbert/distilgpt2	False	2.8117033252783585e-06	18.44012451171875
ĠSarah	2314	 Sarah	2	distilbert/distilgpt2	distilbert/distilgpt2	False	3.4744229196803644e-05	14.812867164611816
Ġbecause	2314	 because	3	distilbert/distilgpt2	distilbert/distilgpt2	False	0.00045959214912727475	11.087358474731445
Ġshe	2314	 she	4	distilbert/distilgpt2	distilbert/distilgpt2	False	0.40059390664100647	1.319787621498108
Mary	2315	Mary	0	distilbert/distilgpt2	distilbert/distilgpt2	False	1.0	0.0
Ġfollowed	2315	 followed	1	distilbert/distilgpt2	distilbert/distilgpt2	False	3.9934966480359435e-06	17.933916091918945
ĠSarah	2315	 Sarah	2	distilbert/distilgpt2	distilbert/distilgpt2	False	2.6364370569353923e-05	15.211050987243652
Ġbecause	2315	 because	3	distilbert/distilgpt2	distilbert/distilgpt2	False	0.000556252954993397	10.811971664428711
Ġshe	2315	 she	4	distilbert/distilgpt2	distilbert/distilgpt2	False	0.429903507232666	1.2179152965545654
David	2316	David	0	distilbert/distilgpt2	distilbert/distilgpt2	False	1.0	0.0
Ġfollowed	2316	 followed	1	distilbert/distilgpt2	distilbert/distilgpt2	False	3.2942532470769947e-06	18.21161651611328
ĠSarah	2316	 Sarah	2	distilbert/distilgpt2	distilbert/distilgpt2	False	4.152371911914088e-05	14.555705070495605
Ġbecause	2316	 because	3	distilbert/distilgpt2	distilbert/distilgpt2	False	0.00032158775138668716	11.602499961853027
Ġshe	2316	 she	4	distilbert/distilgpt2	distilbert/distilgpt2	False	0.3948988616466522	1.3404449224472046
Sarah	2317	Sarah	0	distilbert/distilgpt2	distilbert/distilgpt2	False	1.0	0.0
Ġfollowed	2317	 followed	1	distilbert/distilgpt2	distilbert/distilgpt2	False	3.32639729094808e-06	18.197608947753906
ĠMary	2317	 Mary	2	distilbert/distilgpt2	distilbert/distilgpt2	False	0.0001627141609787941	12.585372924804688
Ġbecause	2317	 because	3	distilbert/distilgpt2	distilbert/distilgpt2	False	0.00017626327462494373	12.469980239868164
Ġshe	2317	 she	4	distilbert/distilgpt2	distilbert/distilgpt2	False	0.41219189763069153	1.2786120176315308
John	2318	John	0	distilbert/distilgpt2	distilbert/distilgpt2	False	1.0	0.0
Ġfollowed	2318	 followed	1	distilbert/distilgpt2	distilbert/distilgpt2	False	2.8117033252783585e-06	18.44012451171875
ĠMary	2318	 Mary	2	distilbert/distilgpt2	distilbert/distilgpt2	False	9.295307245338336e-05	13.39313793182373
Ġbecause	2318	 because	3	distilbert/distilgpt2	distilbert/distilgpt2	False	0.00017803479568101466	12.45555305480957
Ġshe	2318	 she	4	distilbert/distilgpt2	distilbert/distilgpt2	False	0.387924462556839	1.3661524057388306
Sarah	2319	Sarah	0	distilbert/distilgpt2	distilbert/distilgpt2	False	1.0	0.0
Ġfollowed	2319	 followed	1	distilbert/distilgpt2	distilbert/distilgpt2	False	3.32639729094808e-06	18.197608947753906
ĠMary	2319	 Mary	2	distilbert/distilgpt2	distilbert/distilgpt2	False	0.0001627141609787941	12.585372924804688
Ġbecause	2319	 because	3	distilbert/distilgpt2	distilbert/distilgpt2	False	0.00017626327462494373	12.469980239868164
Ġshe	2319	 she	4	distilbert/distilgpt2	distilbert/distilgpt2	False	0.41219189763069153	1.2786120176315308
David	2320	David	0	distilbert/distilgpt2	distilbert/distilgpt2	False	1.0	0.0
Ġfollowed	2320	 followed	1	distilbert/distilgpt2	distilbert/distilgpt2	False	3.2942532470769947e-06	18.21161651611328
ĠMary	2320	 Mary	2	distilbert/distilgpt2	distilbert/distilgpt2	False	9.777380182640627e-05	13.320192337036133
Ġbecause	2320	 because	3	distilbert/distilgpt2	distilbert/distilgpt2	False	9.917542774928734e-05	13.299657821655273
Ġshe	2320	 she	4	distilbert/distilgpt2	distilbert/distilgpt2	False	0.38428089022636414	1.3797669410705566
John	2321	John	0	distilbert/distilgpt2	distilbert/distilgpt2	False	1.0	0.0
Ġfooled	2321	 fooled	1	distilbert/distilgpt2	distilbert/distilgpt2	False	1.6538011848865608e-08	25.849639892578125
ĠDavid	2321	 David	2	distilbert/distilgpt2	distilbert/distilgpt2	False	0.00014105097216088325	12.791496276855469
Ġbecause	2321	 because	3	distilbert/distilgpt2	distilbert/distilgpt2	False	0.000837978208437562	10.220799446105957
Ġhe	2321	 he	4	distilbert/distilgpt2	distilbert/distilgpt2	False	0.4231910705566406	1.2406189441680908
Mary	2322	Mary	0	distilbert/distilgpt2	distilbert/distilgpt2	False	1.0	0.0
Ġfooled	2322	 fooled	1	distilbert/distilgpt2	distilbert/distilgpt2	False	1.705618224434602e-08	25.805130004882812
ĠDavid	2322	 David	2	distilbert/distilgpt2	distilbert/distilgpt2	False	8.233638800447807e-05	13.568110466003418
Ġbecause	2322	 because	3	distilbert/distilgpt2	distilbert/distilgpt2	False	0.0011048014275729656	9.82199764251709
Ġhe	2322	 he	4	distilbert/distilgpt2	distilbert/distilgpt2	False	0.43207791447639465	1.2106366157531738
John	2323	John	0	distilbert/distilgpt2	distilbert/distilgpt2	False	1.0	0.0
Ġfooled	2323	 fooled	1	distilbert/distilgpt2	distilbert/distilgpt2	False	1.6538011848865608e-08	25.849639892578125
ĠDavid	2323	 David	2	distilbert/distilgpt2	distilbert/distilgpt2	False	0.00014105097216088325	12.791496276855469
Ġbecause	2323	 because	3	distilbert/distilgpt2	distilbert/distilgpt2	False	0.000837978208437562	10.220799446105957
Ġhe	2323	 he	4	distilbert/distilgpt2	distilbert/distilgpt2	False	0.4231910705566406	1.2406189441680908
Sarah	2324	Sarah	0	distilbert/distilgpt2	distilbert/distilgpt2	False	1.0	0.0
Ġfooled	2324	 fooled	1	distilbert/distilgpt2	distilbert/distilgpt2	False	1.517367209658005e-08	25.973854064941406
ĠDavid	2324	 David	2	distilbert/distilgpt2	distilbert/distilgpt2	False	0.00013711868086829782	12.832287788391113
Ġbecause	2324	 because	3	distilbert/distilgpt2	distilbert/distilgpt2	False	0.0008405378903262317	10.216399192810059
Ġhe	2324	 he	4	distilbert/distilgpt2	distilbert/distilgpt2	False	0.4258241057395935	1.2316704988479614
David	2325	David	0	distilbert/distilgpt2	distilbert/distilgpt2	False	1.0	0.0
Ġfooled	2325	 fooled	1	distilbert/distilgpt2	distilbert/distilgpt2	False	1.8311427041339812e-08	25.702680587768555
ĠJohn	2325	 John	2	distilbert/distilgpt2	distilbert/distilgpt2	False	0.0003630967403296381	11.427358627319336
Ġbecause	2325	 because	3	distilbert/distilgpt2	distilbert/distilgpt2	False	0.0005716970772482455	10.772461891174316
Ġhe	2325	 he	4	distilbert/distilgpt2	distilbert/distilgpt2	False	0.4098106622695923	1.286970615386963
Mary	2326	Mary	0	distilbert/distilgpt2	distilbert/distilgpt2	False	1.0	0.0
Ġfooled	2326	 fooled	1	distilbert/distilgpt2	distilbert/distilgpt2	False	1.705618224434602e-08	25.805130004882812
ĠJohn	2326	 John	2	distilbert/distilgpt2	distilbert/distilgpt2	False	0.00027875512023456395	11.808713912963867
Ġbecause	2326	 because	3	distilbert/distilgpt2	distilbert/distilgpt2	False	0.0016704187728464603	9.225574493408203
Ġhe	2326	 he	4	distilbert/distilgpt2	distilbert/distilgpt2	False	0.4265640079975128	1.2291659116744995
David	2327	David	0	distilbert/distilgpt2	distilbert/distilgpt2	False	1.0	0.0
Ġfooled	2327	 fooled	1	distilbert/distilgpt2	distilbert/distilgpt2	False	1.8311427041339812e-08	25.702680587768555
ĠJohn	2327	 John	2	distilbert/distilgpt2	distilbert/distilgpt2	False	0.0003630967403296381	11.427358627319336
Ġbecause	2327	 because	3	distilbert/distilgpt2	distilbert/distilgpt2	False	0.0005716970772482455	10.772461891174316
Ġhe	2327	 he	4	distilbert/distilgpt2	distilbert/distilgpt2	False	0.4098106622695923	1.286970615386963
Sarah	2328	Sarah	0	distilbert/distilgpt2	distilbert/distilgpt2	False	1.0	0.0
Ġfooled	2328	 fooled	1	distilbert/distilgpt2	distilbert/distilgpt2	False	1.517367209658005e-08	25.973854064941406
ĠJohn	2328	 John	2	distilbert/distilgpt2	distilbert/distilgpt2	False	0.0003546264488250017	11.46141242980957
Ġbecause	2328	 because	3	distilbert/distilgpt2	distilbert/distilgpt2	False	0.0016633113846182823	9.231725692749023
Ġhe	2328	 he	4	distilbert/distilgpt2	distilbert/distilgpt2	False	0.40700024366378784	1.2968984842300415
Mary	2329	Mary	0	distilbert/distilgpt2	distilbert/distilgpt2	False	1.0	0.0
Ġfooled	2329	 fooled	1	distilbert/distilgpt2	distilbert/distilgpt2	False	1.705618224434602e-08	25.805130004882812
ĠSarah	2329	 Sarah	2	distilbert/distilgpt2	distilbert/distilgpt2	False	0.00010117238707607612	13.270896911621094
Ġbecause	2329	 because	3	distilbert/distilgpt2	distilbert/distilgpt2	False	0.0032054134644567966	8.285273551940918
Ġshe	2329	 she	4	distilbert/distilgpt2	distilbert/distilgpt2	False	0.4623701572418213	1.1128798723220825
John	2330	John	0	distilbert/distilgpt2	distilbert/distilgpt2	False	1.0	0.0
Ġfooled	2330	 fooled	1	distilbert/distilgpt2	distilbert/distilgpt2	False	1.6538011848865608e-08	25.849639892578125
ĠSarah	2330	 Sarah	2	distilbert/distilgpt2	distilbert/distilgpt2	False	0.00014841229130979627	12.718101501464844
Ġbecause	2330	 because	3	distilbert/distilgpt2	distilbert/distilgpt2	False	0.002205880358815193	8.824429512023926
Ġshe	2330	 she	4	distilbert/distilgpt2	distilbert/distilgpt2	False	0.43911606073379517	1.1873258352279663
Mary	2331	Mary	0	distilbert/distilgpt2	distilbert/distilgpt2	False	1.0	0.0
Ġfooled	2331	 fooled	1	distilbert/distilgpt2	distilbert/distilgpt2	False	1.705618224434602e-08	25.805130004882812
ĠSarah	2331	 Sarah	2	distilbert/distilgpt2	distilbert/distilgpt2	False	0.00010117238707607612	13.270896911621094
Ġbecause	2331	 because	3	distilbert/distilgpt2	distilbert/distilgpt2	False	0.0032054134644567966	8.285273551940918
Ġshe	2331	 she	4	distilbert/distilgpt2	distilbert/distilgpt2	False	0.4623701572418213	1.1128798723220825
David	2332	David	0	distilbert/distilgpt2	distilbert/distilgpt2	False	1.0	0.0
Ġfooled	2332	 fooled	1	distilbert/distilgpt2	distilbert/distilgpt2	False	1.8311427041339812e-08	25.702680587768555
ĠSarah	2332	 Sarah	2	distilbert/distilgpt2	distilbert/distilgpt2	False	0.00013119427603669465	12.896007537841797
Ġbecause	2332	 because	3	distilbert/distilgpt2	distilbert/distilgpt2	False	0.0008355312165804207	10.225018501281738
Ġshe	2332	 she	4	distilbert/distilgpt2	distilbert/distilgpt2	False	0.4322860836982727	1.2099417448043823
Sarah	2333	Sarah	0	distilbert/distilgpt2	distilbert/distilgpt2	False	1.0	0.0
Ġfooled	2333	 fooled	1	distilbert/distilgpt2	distilbert/distilgpt2	False	1.517367209658005e-08	25.973854064941406
ĠMary	2333	 Mary	2	distilbert/distilgpt2	distilbert/distilgpt2	False	0.00021117067080922425	12.20930290222168
Ġbecause	2333	 because	3	distilbert/distilgpt2	distilbert/distilgpt2	False	0.0019004546338692307	9.039440155029297
Ġshe	2333	 she	4	distilbert/distilgpt2	distilbert/distilgpt2	False	0.3912130296230316	1.3539737462997437
John	2334	John	0	distilbert/distilgpt2	distilbert/distilgpt2	False	1.0	0.0
Ġfooled	2334	 fooled	1	distilbert/distilgpt2	distilbert/distilgpt2	False	1.6538011848865608e-08	25.849639892578125
ĠMary	2334	 Mary	2	distilbert/distilgpt2	distilbert/distilgpt2	False	0.0001964374096132815	12.313642501831055
Ġbecause	2334	 because	3	distilbert/distilgpt2	distilbert/distilgpt2	False	0.0025200354866683483	8.632340431213379
Ġshe	2334	 she	4	distilbert/distilgpt2	distilbert/distilgpt2	False	0.3942841589450836	1.3426923751831055
Sarah	2335	Sarah	0	distilbert/distilgpt2	distilbert/distilgpt2	False	1.0	0.0
Ġfooled	2335	 fooled	1	distilbert/distilgpt2	distilbert/distilgpt2	False	1.517367209658005e-08	25.973854064941406
ĠMary	2335	 Mary	2	distilbert/distilgpt2	distilbert/distilgpt2	False	0.00021117067080922425	12.20930290222168
Ġbecause	2335	 because	3	distilbert/distilgpt2	distilbert/distilgpt2	False	0.0019004546338692307	9.039440155029297
Ġshe	2335	 she	4	distilbert/distilgpt2	distilbert/distilgpt2	False	0.3912130296230316	1.3539737462997437
David	2336	David	0	distilbert/distilgpt2	distilbert/distilgpt2	False	1.0	0.0
Ġfooled	2336	 fooled	1	distilbert/distilgpt2	distilbert/distilgpt2	False	1.8311427041339812e-08	25.702680587768555
ĠMary	2336	 Mary	2	distilbert/distilgpt2	distilbert/distilgpt2	False	0.00015462239389307797	12.658963203430176
Ġbecause	2336	 because	3	distilbert/distilgpt2	distilbert/distilgpt2	False	0.0009524886845611036	10.0360107421875
Ġshe	2336	 she	4	distilbert/distilgpt2	distilbert/distilgpt2	False	0.3942762315273285	1.3427213430404663
John	2337	John	0	distilbert/distilgpt2	distilbert/distilgpt2	False	1.0	0.0
Ġforg	2337	 forgave	1	distilbert/distilgpt2	distilbert/distilgpt2	False	7.367592758100727e-08	23.694231033325195
ave	2337	 forgave	1	distilbert/distilgpt2	distilbert/distilgpt2	False	0.15316636860370636	2.7068285942077637
ĠDavid	2337	 David	2	distilbert/distilgpt2	distilbert/distilgpt2	False	0.0012842928990721703	9.604809761047363
Ġbecause	2337	 because	3	distilbert/distilgpt2	distilbert/distilgpt2	False	0.0032058232463896275	8.285089492797852
Ġhe	2337	 he	4	distilbert/distilgpt2	distilbert/distilgpt2	False	0.49379628896713257	1.0180121660232544
Mary	2338	Mary	0	distilbert/distilgpt2	distilbert/distilgpt2	False	1.0	0.0
Ġforg	2338	 forgave	1	distilbert/distilgpt2	distilbert/distilgpt2	False	8.575639753871656e-08	23.47517967224121
ave	2338	 forgave	1	distilbert/distilgpt2	distilbert/distilgpt2	False	0.2878818213939667	1.796451449394226
ĠDavid	2338	 David	2	distilbert/distilgpt2	distilbert/distilgpt2	False	0.0007597534568049014	10.362180709838867
Ġbecause	2338	 because	3	distilbert/distilgpt2	distilbert/distilgpt2	False	0.004045526031404734	7.949457168579102
Ġhe	2338	 he	4	distilbert/distilgpt2	distilbert/distilgpt2	False	0.4816776216030121	1.0538601875305176
John	2339	John	0	distilbert/distilgpt2	distilbert/distilgpt2	False	1.0	0.0
Ġforg	2339	 forgave	1	distilbert/distilgpt2	distilbert/distilgpt2	False	7.367592758100727e-08	23.694231033325195
ave	2339	 forgave	1	distilbert/distilgpt2	distilbert/distilgpt2	False	0.15316636860370636	2.7068285942077637
ĠDavid	2339	 David	2	distilbert/distilgpt2	distilbert/distilgpt2	False	0.0012842928990721703	9.604809761047363
Ġbecause	2339	 because	3	distilbert/distilgpt2	distilbert/distilgpt2	False	0.0032058232463896275	8.285089492797852
Ġhe	2339	 he	4	distilbert/distilgpt2	distilbert/distilgpt2	False	0.49379628896713257	1.0180121660232544
Sarah	2340	Sarah	0	distilbert/distilgpt2	distilbert/distilgpt2	False	1.0	0.0
Ġforg	2340	 forgave	1	distilbert/distilgpt2	distilbert/distilgpt2	False	7.623201270234858e-08	23.64502716064453
ave	2340	 forgave	1	distilbert/distilgpt2	distilbert/distilgpt2	False	0.10391046106815338	3.266587257385254
ĠDavid	2340	 David	2	distilbert/distilgpt2	distilbert/distilgpt2	False	0.001035625347867608	9.915282249450684
Ġbecause	2340	 because	3	distilbert/distilgpt2	distilbert/distilgpt2	False	0.0033182341139763594	8.235368728637695
Ġhe	2340	 he	4	distilbert/distilgpt2	distilbert/distilgpt2	False	0.4936895966529846	1.0183238983154297
David	2341	David	0	distilbert/distilgpt2	distilbert/distilgpt2	False	1.0	0.0
Ġforg	2341	 forgave	1	distilbert/distilgpt2	distilbert/distilgpt2	False	8.11462328442758e-08	23.554901123046875
ave	2341	 forgave	1	distilbert/distilgpt2	distilbert/distilgpt2	False	0.13901415467262268	2.846696138381958
ĠJohn	2341	 John	2	distilbert/distilgpt2	distilbert/distilgpt2	False	0.003406511852517724	8.197488784790039
Ġbecause	2341	 because	3	distilbert/distilgpt2	distilbert/distilgpt2	False	0.0012373996432870626	9.658473014831543
Ġhe	2341	 he	4	distilbert/distilgpt2	distilbert/distilgpt2	False	0.49964839220046997	1.0010149478912354
Mary	2342	Mary	0	distilbert/distilgpt2	distilbert/distilgpt2	False	1.0	0.0
Ġforg	2342	 forgave	1	distilbert/distilgpt2	distilbert/distilgpt2	False	8.575639753871656e-08	23.47517967224121
ave	2342	 forgave	1	distilbert/distilgpt2	distilbert/distilgpt2	False	0.2878818213939667	1.796451449394226
ĠJohn	2342	 John	2	distilbert/distilgpt2	distilbert/distilgpt2	False	0.002409513806924224	8.697042465209961
Ġbecause	2342	 because	3	distilbert/distilgpt2	distilbert/distilgpt2	False	0.004275525454431772	7.869682788848877
Ġhe	2342	 he	4	distilbert/distilgpt2	distilbert/distilgpt2	False	0.5040091872215271	0.9884781837463379
David	2343	David	0	distilbert/distilgpt2	distilbert/distilgpt2	False	1.0	0.0
Ġforg	2343	 forgave	1	distilbert/distilgpt2	distilbert/distilgpt2	False	8.11462328442758e-08	23.554901123046875
ave	2343	 forgave	1	distilbert/distilgpt2	distilbert/distilgpt2	False	0.13901415467262268	2.846696138381958
ĠJohn	2343	 John	2	distilbert/distilgpt2	distilbert/distilgpt2	False	0.003406511852517724	8.197488784790039
Ġbecause	2343	 because	3	distilbert/distilgpt2	distilbert/distilgpt2	False	0.0012373996432870626	9.658473014831543
Ġhe	2343	 he	4	distilbert/distilgpt2	distilbert/distilgpt2	False	0.49964839220046997	1.0010149478912354
Sarah	2344	Sarah	0	distilbert/distilgpt2	distilbert/distilgpt2	False	1.0	0.0
Ġforg	2344	 forgave	1	distilbert/distilgpt2	distilbert/distilgpt2	False	7.623201270234858e-08	23.64502716064453
ave	2344	 forgave	1	distilbert/distilgpt2	distilbert/distilgpt2	False	0.10391046106815338	3.266587257385254
ĠJohn	2344	 John	2	distilbert/distilgpt2	distilbert/distilgpt2	False	0.002294342266395688	8.767704010009766
Ġbecause	2344	 because	3	distilbert/distilgpt2	distilbert/distilgpt2	False	0.005271418951451778	7.567593097686768
Ġhe	2344	 he	4	distilbert/distilgpt2	distilbert/distilgpt2	False	0.4925526976585388	1.0216500759124756
Mary	2345	Mary	0	distilbert/distilgpt2	distilbert/distilgpt2	False	1.0	0.0
Ġforg	2345	 forgave	1	distilbert/distilgpt2	distilbert/distilgpt2	False	8.575639753871656e-08	23.47517967224121
ave	2345	 forgave	1	distilbert/distilgpt2	distilbert/distilgpt2	False	0.2878818213939667	1.796451449394226
ĠSarah	2345	 Sarah	2	distilbert/distilgpt2	distilbert/distilgpt2	False	0.0004776903660967946	11.031636238098145
Ġbecause	2345	 because	3	distilbert/distilgpt2	distilbert/distilgpt2	False	0.00968550331890583	6.689957141876221
Ġshe	2345	 she	4	distilbert/distilgpt2	distilbert/distilgpt2	False	0.5299034118652344	0.91619873046875
John	2346	John	0	distilbert/distilgpt2	distilbert/distilgpt2	False	1.0	0.0
Ġforg	2346	 forgave	1	distilbert/distilgpt2	distilbert/distilgpt2	False	7.367592758100727e-08	23.694231033325195
ave	2346	 forgave	1	distilbert/distilgpt2	distilbert/distilgpt2	False	0.15316636860370636	2.7068285942077637
ĠSarah	2346	 Sarah	2	distilbert/distilgpt2	distilbert/distilgpt2	False	0.0006020301370881498	10.697876930236816
Ġbecause	2346	 because	3	distilbert/distilgpt2	distilbert/distilgpt2	False	0.008248777128756046	6.921604156494141
Ġshe	2346	 she	4	distilbert/distilgpt2	distilbert/distilgpt2	False	0.49772533774375916	1.0065783262252808
Mary	2347	Mary	0	distilbert/distilgpt2	distilbert/distilgpt2	False	1.0	0.0
Ġforg	2347	 forgave	1	distilbert/distilgpt2	distilbert/distilgpt2	False	8.575639753871656e-08	23.47517967224121
ave	2347	 forgave	1	distilbert/distilgpt2	distilbert/distilgpt2	False	0.2878818213939667	1.796451449394226
ĠSarah	2347	 Sarah	2	distilbert/distilgpt2	distilbert/distilgpt2	False	0.0004776903660967946	11.031636238098145
Ġbecause	2347	 because	3	distilbert/distilgpt2	distilbert/distilgpt2	False	0.00968550331890583	6.689957141876221
Ġshe	2347	 she	4	distilbert/distilgpt2	distilbert/distilgpt2	False	0.5299034118652344	0.91619873046875
David	2348	David	0	distilbert/distilgpt2	distilbert/distilgpt2	False	1.0	0.0
Ġforg	2348	 forgave	1	distilbert/distilgpt2	distilbert/distilgpt2	False	8.11462328442758e-08	23.554901123046875
ave	2348	 forgave	1	distilbert/distilgpt2	distilbert/distilgpt2	False	0.13901415467262268	2.846696138381958
ĠSarah	2348	 Sarah	2	distilbert/distilgpt2	distilbert/distilgpt2	False	0.0004805323842447251	11.023078918457031
Ġbecause	2348	 because	3	distilbert/distilgpt2	distilbert/distilgpt2	False	0.0028792074881494045	8.440112113952637
Ġshe	2348	 she	4	distilbert/distilgpt2	distilbert/distilgpt2	False	0.5040761232376099	0.9882864952087402
Sarah	2349	Sarah	0	distilbert/distilgpt2	distilbert/distilgpt2	False	1.0	0.0
Ġforg	2349	 forgave	1	distilbert/distilgpt2	distilbert/distilgpt2	False	7.623201270234858e-08	23.64502716064453
ave	2349	 forgave	1	distilbert/distilgpt2	distilbert/distilgpt2	False	0.10391046106815338	3.266587257385254
ĠMary	2349	 Mary	2	distilbert/distilgpt2	distilbert/distilgpt2	False	0.000428033119533211	11.189990043640137
Ġbecause	2349	 because	3	distilbert/distilgpt2	distilbert/distilgpt2	False	0.008784219622612	6.830870151519775
Ġshe	2349	 she	4	distilbert/distilgpt2	distilbert/distilgpt2	False	0.46737319231033325	1.0973531007766724
John	2350	John	0	distilbert/distilgpt2	distilbert/distilgpt2	False	1.0	0.0
Ġforg	2350	 forgave	1	distilbert/distilgpt2	distilbert/distilgpt2	False	7.367592758100727e-08	23.694231033325195
ave	2350	 forgave	1	distilbert/distilgpt2	distilbert/distilgpt2	False	0.15316636860370636	2.7068285942077637
ĠMary	2350	 Mary	2	distilbert/distilgpt2	distilbert/distilgpt2	False	0.0005656196735799313	10.787879943847656
Ġbecause	2350	 because	3	distilbert/distilgpt2	distilbert/distilgpt2	False	0.011117094196379185	6.491076469421387
Ġshe	2350	 she	4	distilbert/distilgpt2	distilbert/distilgpt2	False	0.46635574102401733	1.1004972457885742
Sarah	2351	Sarah	0	distilbert/distilgpt2	distilbert/distilgpt2	False	1.0	0.0
Ġforg	2351	 forgave	1	distilbert/distilgpt2	distilbert/distilgpt2	False	7.623201270234858e-08	23.64502716064453
ave	2351	 forgave	1	distilbert/distilgpt2	distilbert/distilgpt2	False	0.10391046106815338	3.266587257385254
ĠMary	2351	 Mary	2	distilbert/distilgpt2	distilbert/distilgpt2	False	0.000428033119533211	11.189990043640137
Ġbecause	2351	 because	3	distilbert/distilgpt2	distilbert/distilgpt2	False	0.008784219622612	6.830870151519775
Ġshe	2351	 she	4	distilbert/distilgpt2	distilbert/distilgpt2	False	0.46737319231033325	1.0973531007766724
David	2352	David	0	distilbert/distilgpt2	distilbert/distilgpt2	False	1.0	0.0
Ġforg	2352	 forgave	1	distilbert/distilgpt2	distilbert/distilgpt2	False	8.11462328442758e-08	23.554901123046875
ave	2352	 forgave	1	distilbert/distilgpt2	distilbert/distilgpt2	False	0.13901415467262268	2.846696138381958
ĠMary	2352	 Mary	2	distilbert/distilgpt2	distilbert/distilgpt2	False	0.00041484888060949743	11.235126495361328
Ġbecause	2352	 because	3	distilbert/distilgpt2	distilbert/distilgpt2	False	0.0033978393767029047	8.201167106628418
Ġshe	2352	 she	4	distilbert/distilgpt2	distilbert/distilgpt2	False	0.4608214199542999	1.117720365524292
John	2353	John	0	distilbert/distilgpt2	distilbert/distilgpt2	False	1.0	0.0
Ġforgot	2353	 forgot	1	distilbert/distilgpt2	distilbert/distilgpt2	False	7.52811004645082e-08	23.663137435913086
ĠDavid	2353	 David	2	distilbert/distilgpt2	distilbert/distilgpt2	False	4.839983375859447e-05	14.334638595581055
Ġbecause	2353	 because	3	distilbert/distilgpt2	distilbert/distilgpt2	False	0.0009312499314546585	10.068544387817383
Ġhe	2353	 he	4	distilbert/distilgpt2	distilbert/distilgpt2	False	0.3926565945148468	1.3486599922180176
Mary	2354	Mary	0	distilbert/distilgpt2	distilbert/distilgpt2	False	1.0	0.0
Ġforgot	2354	 forgot	1	distilbert/distilgpt2	distilbert/distilgpt2	False	9.093200503684784e-08	23.390636444091797
ĠDavid	2354	 David	2	distilbert/distilgpt2	distilbert/distilgpt2	False	4.854623693972826e-05	14.330281257629395
Ġbecause	2354	 because	3	distilbert/distilgpt2	distilbert/distilgpt2	False	0.0012148591922596097	9.684995651245117
Ġhe	2354	 he	4	distilbert/distilgpt2	distilbert/distilgpt2	False	0.39161574840545654	1.3524893522262573
John	2355	John	0	distilbert/distilgpt2	distilbert/distilgpt2	False	1.0	0.0
Ġforgot	2355	 forgot	1	distilbert/distilgpt2	distilbert/distilgpt2	False	7.52811004645082e-08	23.663137435913086
ĠDavid	2355	 David	2	distilbert/distilgpt2	distilbert/distilgpt2	False	4.839983375859447e-05	14.334638595581055
Ġbecause	2355	 because	3	distilbert/distilgpt2	distilbert/distilgpt2	False	0.0009312499314546585	10.068544387817383
Ġhe	2355	 he	4	distilbert/distilgpt2	distilbert/distilgpt2	False	0.3926565945148468	1.3486599922180176
Sarah	2356	Sarah	0	distilbert/distilgpt2	distilbert/distilgpt2	False	1.0	0.0
Ġforgot	2356	 forgot	1	distilbert/distilgpt2	distilbert/distilgpt2	False	9.18534439620089e-08	23.37609100341797
ĠDavid	2356	 David	2	distilbert/distilgpt2	distilbert/distilgpt2	False	4.9637605116004124e-05	14.29820728302002
Ġbecause	2356	 because	3	distilbert/distilgpt2	distilbert/distilgpt2	False	0.0012351725017651916	9.66107177734375
Ġhe	2356	 he	4	distilbert/distilgpt2	distilbert/distilgpt2	False	0.3831333518028259	1.384081482887268
David	2357	David	0	distilbert/distilgpt2	distilbert/distilgpt2	False	1.0	0.0
Ġforgot	2357	 forgot	1	distilbert/distilgpt2	distilbert/distilgpt2	False	8.142375662600898e-08	23.54997444152832
ĠJohn	2357	 John	2	distilbert/distilgpt2	distilbert/distilgpt2	False	0.00014400630607269704	12.761580467224121
Ġbecause	2357	 because	3	distilbert/distilgpt2	distilbert/distilgpt2	False	0.0014811684377491474	9.399048805236816
Ġhe	2357	 he	4	distilbert/distilgpt2	distilbert/distilgpt2	False	0.3795527219772339	1.397627830505371
Mary	2358	Mary	0	distilbert/distilgpt2	distilbert/distilgpt2	False	1.0	0.0
Ġforgot	2358	 forgot	1	distilbert/distilgpt2	distilbert/distilgpt2	False	9.093200503684784e-08	23.390636444091797
ĠJohn	2358	 John	2	distilbert/distilgpt2	distilbert/distilgpt2	False	0.0001368761877529323	12.834840774536133
Ġbecause	2358	 because	3	distilbert/distilgpt2	distilbert/distilgpt2	False	0.00261272513307631	8.580228805541992
Ġhe	2358	 he	4	distilbert/distilgpt2	distilbert/distilgpt2	False	0.4072713553905487	1.2959377765655518
David	2359	David	0	distilbert/distilgpt2	distilbert/distilgpt2	False	1.0	0.0
Ġforgot	2359	 forgot	1	distilbert/distilgpt2	distilbert/distilgpt2	False	8.142375662600898e-08	23.54997444152832
ĠJohn	2359	 John	2	distilbert/distilgpt2	distilbert/distilgpt2	False	0.00014400630607269704	12.761580467224121
Ġbecause	2359	 because	3	distilbert/distilgpt2	distilbert/distilgpt2	False	0.0014811684377491474	9.399048805236816
Ġhe	2359	 he	4	distilbert/distilgpt2	distilbert/distilgpt2	False	0.3795527219772339	1.397627830505371
Sarah	2360	Sarah	0	distilbert/distilgpt2	distilbert/distilgpt2	False	1.0	0.0
Ġforgot	2360	 forgot	1	distilbert/distilgpt2	distilbert/distilgpt2	False	9.18534439620089e-08	23.37609100341797
ĠJohn	2360	 John	2	distilbert/distilgpt2	distilbert/distilgpt2	False	0.00012514217814896256	12.964144706726074
Ġbecause	2360	 because	3	distilbert/distilgpt2	distilbert/distilgpt2	False	0.0032065019477158785	8.284784317016602
Ġhe	2360	 he	4	distilbert/distilgpt2	distilbert/distilgpt2	False	0.3801484704017639	1.3953651189804077
Mary	2361	Mary	0	distilbert/distilgpt2	distilbert/distilgpt2	False	1.0	0.0
Ġforgot	2361	 forgot	1	distilbert/distilgpt2	distilbert/distilgpt2	False	9.093200503684784e-08	23.390636444091797
ĠSarah	2361	 Sarah	2	distilbert/distilgpt2	distilbert/distilgpt2	False	3.690330413519405e-05	14.725890159606934
Ġbecause	2361	 because	3	distilbert/distilgpt2	distilbert/distilgpt2	False	0.0033933022059500217	8.203094482421875
Ġshe	2361	 she	4	distilbert/distilgpt2	distilbert/distilgpt2	False	0.37934887409210205	1.3984029293060303
John	2362	John	0	distilbert/distilgpt2	distilbert/distilgpt2	False	1.0	0.0
Ġforgot	2362	 forgot	1	distilbert/distilgpt2	distilbert/distilgpt2	False	7.52811004645082e-08	23.663137435913086
ĠSarah	2362	 Sarah	2	distilbert/distilgpt2	distilbert/distilgpt2	False	2.326363573956769e-05	15.39156436920166
Ġbecause	2362	 because	3	distilbert/distilgpt2	distilbert/distilgpt2	False	0.002813880331814289	8.473223686218262
Ġshe	2362	 she	4	distilbert/distilgpt2	distilbert/distilgpt2	False	0.3448701500892639	1.535874843597412
Mary	2363	Mary	0	distilbert/distilgpt2	distilbert/distilgpt2	False	1.0	0.0
Ġforgot	2363	 forgot	1	distilbert/distilgpt2	distilbert/distilgpt2	False	9.093200503684784e-08	23.390636444091797
ĠSarah	2363	 Sarah	2	distilbert/distilgpt2	distilbert/distilgpt2	False	3.690330413519405e-05	14.725890159606934
Ġbecause	2363	 because	3	distilbert/distilgpt2	distilbert/distilgpt2	False	0.0033933022059500217	8.203094482421875
Ġshe	2363	 she	4	distilbert/distilgpt2	distilbert/distilgpt2	False	0.37934887409210205	1.3984029293060303
David	2364	David	0	distilbert/distilgpt2	distilbert/distilgpt2	False	1.0	0.0
Ġforgot	2364	 forgot	1	distilbert/distilgpt2	distilbert/distilgpt2	False	8.142375662600898e-08	23.54997444152832
ĠSarah	2364	 Sarah	2	distilbert/distilgpt2	distilbert/distilgpt2	False	2.3253034669323824e-05	15.392221450805664
Ġbecause	2364	 because	3	distilbert/distilgpt2	distilbert/distilgpt2	False	0.0018827792955562472	9.0529203414917
Ġshe	2364	 she	4	distilbert/distilgpt2	distilbert/distilgpt2	False	0.3435753881931305	1.5413014888763428
Sarah	2365	Sarah	0	distilbert/distilgpt2	distilbert/distilgpt2	False	1.0	0.0
Ġforgot	2365	 forgot	1	distilbert/distilgpt2	distilbert/distilgpt2	False	9.18534439620089e-08	23.37609100341797
ĠMary	2365	 Mary	2	distilbert/distilgpt2	distilbert/distilgpt2	False	3.2269632356474176e-05	14.919463157653809
Ġbecause	2365	 because	3	distilbert/distilgpt2	distilbert/distilgpt2	False	0.0018543957266956568	9.074834823608398
Ġshe	2365	 she	4	distilbert/distilgpt2	distilbert/distilgpt2	False	0.32186079025268555	1.6354912519454956
John	2366	John	0	distilbert/distilgpt2	distilbert/distilgpt2	False	1.0	0.0
Ġforgot	2366	 forgot	1	distilbert/distilgpt2	distilbert/distilgpt2	False	7.52811004645082e-08	23.663137435913086
ĠMary	2366	 Mary	2	distilbert/distilgpt2	distilbert/distilgpt2	False	2.1900063075008802e-05	15.478705406188965
Ġbecause	2366	 because	3	distilbert/distilgpt2	distilbert/distilgpt2	False	0.0020663461182266474	8.918702125549316
Ġshe	2366	 she	4	distilbert/distilgpt2	distilbert/distilgpt2	False	0.3313784897327423	1.5934481620788574
Sarah	2367	Sarah	0	distilbert/distilgpt2	distilbert/distilgpt2	False	1.0	0.0
Ġforgot	2367	 forgot	1	distilbert/distilgpt2	distilbert/distilgpt2	False	9.18534439620089e-08	23.37609100341797
ĠMary	2367	 Mary	2	distilbert/distilgpt2	distilbert/distilgpt2	False	3.2269632356474176e-05	14.919463157653809
Ġbecause	2367	 because	3	distilbert/distilgpt2	distilbert/distilgpt2	False	0.0018543957266956568	9.074834823608398
Ġshe	2367	 she	4	distilbert/distilgpt2	distilbert/distilgpt2	False	0.32186079025268555	1.6354912519454956
David	2368	David	0	distilbert/distilgpt2	distilbert/distilgpt2	False	1.0	0.0
Ġforgot	2368	 forgot	1	distilbert/distilgpt2	distilbert/distilgpt2	False	8.142375662600898e-08	23.54997444152832
ĠMary	2368	 Mary	2	distilbert/distilgpt2	distilbert/distilgpt2	False	2.0487801521085203e-05	15.574875831604004
Ġbecause	2368	 because	3	distilbert/distilgpt2	distilbert/distilgpt2	False	0.0009492848184891045	10.040871620178223
Ġshe	2368	 she	4	distilbert/distilgpt2	distilbert/distilgpt2	False	0.3245171308517456	1.6236335039138794
John	2369	John	0	distilbert/distilgpt2	distilbert/distilgpt2	False	1.0	0.0
Ġfought	2369	 fought	1	distilbert/distilgpt2	distilbert/distilgpt2	False	3.4817898608707765e-07	21.45366668701172
ĠDavid	2369	 David	2	distilbert/distilgpt2	distilbert/distilgpt2	False	0.00021405963343568146	12.189699172973633
Ġbecause	2369	 because	3	distilbert/distilgpt2	distilbert/distilgpt2	False	0.0007630148320458829	10.356000900268555
Ġhe	2369	 he	4	distilbert/distilgpt2	distilbert/distilgpt2	False	0.40578705072402954	1.3012052774429321
Mary	2370	Mary	0	distilbert/distilgpt2	distilbert/distilgpt2	False	1.0	0.0
Ġfought	2370	 fought	1	distilbert/distilgpt2	distilbert/distilgpt2	False	3.721153802871413e-07	21.357746124267578
ĠDavid	2370	 David	2	distilbert/distilgpt2	distilbert/distilgpt2	False	9.241081716027111e-05	13.401578903198242
Ġbecause	2370	 because	3	distilbert/distilgpt2	distilbert/distilgpt2	False	0.001205747714266181	9.695856094360352
Ġhe	2370	 he	4	distilbert/distilgpt2	distilbert/distilgpt2	False	0.38432690501213074	1.3795942068099976
John	2371	John	0	distilbert/distilgpt2	distilbert/distilgpt2	False	1.0	0.0
Ġfought	2371	 fought	1	distilbert/distilgpt2	distilbert/distilgpt2	False	3.4817898608707765e-07	21.45366668701172
ĠDavid	2371	 David	2	distilbert/distilgpt2	distilbert/distilgpt2	False	0.00021405963343568146	12.189699172973633
Ġbecause	2371	 because	3	distilbert/distilgpt2	distilbert/distilgpt2	False	0.0007630148320458829	10.356000900268555
Ġhe	2371	 he	4	distilbert/distilgpt2	distilbert/distilgpt2	False	0.40578705072402954	1.3012052774429321
Sarah	2372	Sarah	0	distilbert/distilgpt2	distilbert/distilgpt2	False	1.0	0.0
Ġfought	2372	 fought	1	distilbert/distilgpt2	distilbert/distilgpt2	False	3.4475095844754833e-07	21.467941284179688
ĠDavid	2372	 David	2	distilbert/distilgpt2	distilbert/distilgpt2	False	0.00014869037840981036	12.715400695800781
Ġbecause	2372	 because	3	distilbert/distilgpt2	distilbert/distilgpt2	False	0.0009802463464438915	9.99456787109375
Ġhe	2372	 he	4	distilbert/distilgpt2	distilbert/distilgpt2	False	0.4221620261669159	1.244131326675415
David	2373	David	0	distilbert/distilgpt2	distilbert/distilgpt2	False	1.0	0.0
Ġfought	2373	 fought	1	distilbert/distilgpt2	distilbert/distilgpt2	False	3.2683661288501753e-07	21.5449275970459
ĠJohn	2373	 John	2	distilbert/distilgpt2	distilbert/distilgpt2	False	0.00023408705601468682	12.060667037963867
Ġbecause	2373	 because	3	distilbert/distilgpt2	distilbert/distilgpt2	False	0.0005001873942092061	10.965243339538574
Ġhe	2373	 he	4	distilbert/distilgpt2	distilbert/distilgpt2	False	0.4255858063697815	1.232478141784668
Mary	2374	Mary	0	distilbert/distilgpt2	distilbert/distilgpt2	False	1.0	0.0
Ġfought	2374	 fought	1	distilbert/distilgpt2	distilbert/distilgpt2	False	3.721153802871413e-07	21.357746124267578
ĠJohn	2374	 John	2	distilbert/distilgpt2	distilbert/distilgpt2	False	0.0001532152818981558	12.672152519226074
Ġbecause	2374	 because	3	distilbert/distilgpt2	distilbert/distilgpt2	False	0.0012619310291483998	9.630151748657227
Ġhe	2374	 he	4	distilbert/distilgpt2	distilbert/distilgpt2	False	0.4171466827392578	1.2613734006881714
David	2375	David	0	distilbert/distilgpt2	distilbert/distilgpt2	False	1.0	0.0
Ġfought	2375	 fought	1	distilbert/distilgpt2	distilbert/distilgpt2	False	3.2683661288501753e-07	21.5449275970459
ĠJohn	2375	 John	2	distilbert/distilgpt2	distilbert/distilgpt2	False	0.00023408705601468682	12.060667037963867
Ġbecause	2375	 because	3	distilbert/distilgpt2	distilbert/distilgpt2	False	0.0005001873942092061	10.965243339538574
Ġhe	2375	 he	4	distilbert/distilgpt2	distilbert/distilgpt2	False	0.4255858063697815	1.232478141784668
Sarah	2376	Sarah	0	distilbert/distilgpt2	distilbert/distilgpt2	False	1.0	0.0
Ġfought	2376	 fought	1	distilbert/distilgpt2	distilbert/distilgpt2	False	3.4475095844754833e-07	21.467941284179688
ĠJohn	2376	 John	2	distilbert/distilgpt2	distilbert/distilgpt2	False	0.0001693982630968094	12.52729320526123
Ġbecause	2376	 because	3	distilbert/distilgpt2	distilbert/distilgpt2	False	0.0015977934235706925	9.289703369140625
Ġhe	2376	 he	4	distilbert/distilgpt2	distilbert/distilgpt2	False	0.4255611002445221	1.2325618267059326
Mary	2377	Mary	0	distilbert/distilgpt2	distilbert/distilgpt2	False	1.0	0.0
Ġfought	2377	 fought	1	distilbert/distilgpt2	distilbert/distilgpt2	False	3.721153802871413e-07	21.357746124267578
ĠSarah	2377	 Sarah	2	distilbert/distilgpt2	distilbert/distilgpt2	False	1.0169450433750171e-05	16.585397720336914
Ġbecause	2377	 because	3	distilbert/distilgpt2	distilbert/distilgpt2	False	0.004398428834974766	7.828795909881592
Ġshe	2377	 she	4	distilbert/distilgpt2	distilbert/distilgpt2	False	0.4204644560813904	1.2499443292617798
John	2378	John	0	distilbert/distilgpt2	distilbert/distilgpt2	False	1.0	0.0
Ġfought	2378	 fought	1	distilbert/distilgpt2	distilbert/distilgpt2	False	3.4817898608707765e-07	21.45366668701172
ĠSarah	2378	 Sarah	2	distilbert/distilgpt2	distilbert/distilgpt2	False	1.681974572420586e-05	15.859484672546387
Ġbecause	2378	 because	3	distilbert/distilgpt2	distilbert/distilgpt2	False	0.0025098826736211777	8.638164520263672
Ġshe	2378	 she	4	distilbert/distilgpt2	distilbert/distilgpt2	False	0.4106477200984955	1.284026861190796
Mary	2379	Mary	0	distilbert/distilgpt2	distilbert/distilgpt2	False	1.0	0.0
Ġfought	2379	 fought	1	distilbert/distilgpt2	distilbert/distilgpt2	False	3.721153802871413e-07	21.357746124267578
ĠSarah	2379	 Sarah	2	distilbert/distilgpt2	distilbert/distilgpt2	False	1.0169450433750171e-05	16.585397720336914
Ġbecause	2379	 because	3	distilbert/distilgpt2	distilbert/distilgpt2	False	0.004398428834974766	7.828795909881592
Ġshe	2379	 she	4	distilbert/distilgpt2	distilbert/distilgpt2	False	0.4204644560813904	1.2499443292617798
David	2380	David	0	distilbert/distilgpt2	distilbert/distilgpt2	False	1.0	0.0
Ġfought	2380	 fought	1	distilbert/distilgpt2	distilbert/distilgpt2	False	3.2683661288501753e-07	21.5449275970459
ĠSarah	2380	 Sarah	2	distilbert/distilgpt2	distilbert/distilgpt2	False	1.271063865715405e-05	16.26360321044922
Ġbecause	2380	 because	3	distilbert/distilgpt2	distilbert/distilgpt2	False	0.0008556311950087547	10.190723419189453
Ġshe	2380	 she	4	distilbert/distilgpt2	distilbert/distilgpt2	False	0.4204525947570801	1.2499849796295166
Sarah	2381	Sarah	0	distilbert/distilgpt2	distilbert/distilgpt2	False	1.0	0.0
Ġfought	2381	 fought	1	distilbert/distilgpt2	distilbert/distilgpt2	False	3.4475095844754833e-07	21.467941284179688
ĠMary	2381	 Mary	2	distilbert/distilgpt2	distilbert/distilgpt2	False	6.217566988198087e-05	13.97329044342041
Ġbecause	2381	 because	3	distilbert/distilgpt2	distilbert/distilgpt2	False	0.0026369099505245686	8.566935539245605
Ġshe	2381	 she	4	distilbert/distilgpt2	distilbert/distilgpt2	False	0.3919389545917511	1.3512991666793823
John	2382	John	0	distilbert/distilgpt2	distilbert/distilgpt2	False	1.0	0.0
Ġfought	2382	 fought	1	distilbert/distilgpt2	distilbert/distilgpt2	False	3.4817898608707765e-07	21.45366668701172
ĠMary	2382	 Mary	2	distilbert/distilgpt2	distilbert/distilgpt2	False	7.736123370705172e-05	13.658029556274414
Ġbecause	2382	 because	3	distilbert/distilgpt2	distilbert/distilgpt2	False	0.0022944100201129913	8.767661094665527
Ġshe	2382	 she	4	distilbert/distilgpt2	distilbert/distilgpt2	False	0.36889177560806274	1.4387304782867432
Sarah	2383	Sarah	0	distilbert/distilgpt2	distilbert/distilgpt2	False	1.0	0.0
Ġfought	2383	 fought	1	distilbert/distilgpt2	distilbert/distilgpt2	False	3.4475095844754833e-07	21.467941284179688
ĠMary	2383	 Mary	2	distilbert/distilgpt2	distilbert/distilgpt2	False	6.217566988198087e-05	13.97329044342041
Ġbecause	2383	 because	3	distilbert/distilgpt2	distilbert/distilgpt2	False	0.0026369099505245686	8.566935539245605
Ġshe	2383	 she	4	distilbert/distilgpt2	distilbert/distilgpt2	False	0.3919389545917511	1.3512991666793823
David	2384	David	0	distilbert/distilgpt2	distilbert/distilgpt2	False	1.0	0.0
Ġfought	2384	 fought	1	distilbert/distilgpt2	distilbert/distilgpt2	False	3.2683661288501753e-07	21.5449275970459
ĠMary	2384	 Mary	2	distilbert/distilgpt2	distilbert/distilgpt2	False	4.6891138481441885e-05	14.380325317382812
Ġbecause	2384	 because	3	distilbert/distilgpt2	distilbert/distilgpt2	False	0.0007865593652240932	10.312156677246094
Ġshe	2384	 she	4	distilbert/distilgpt2	distilbert/distilgpt2	False	0.386316180229187	1.3721460103988647
John	2385	John	0	distilbert/distilgpt2	distilbert/distilgpt2	False	1.0	0.0
Ġfreed	2385	 freed	1	distilbert/distilgpt2	distilbert/distilgpt2	False	1.6029335370149056e-07	22.572782516479492
ĠDavid	2385	 David	2	distilbert/distilgpt2	distilbert/distilgpt2	False	0.0003045939956791699	11.680825233459473
Ġbecause	2385	 because	3	distilbert/distilgpt2	distilbert/distilgpt2	False	0.00021066900808364153	12.21273422241211
Ġhe	2385	 he	4	distilbert/distilgpt2	distilbert/distilgpt2	False	0.45260557532310486	1.1436737775802612
Mary	2386	Mary	0	distilbert/distilgpt2	distilbert/distilgpt2	False	1.0	0.0
Ġfreed	2386	 freed	1	distilbert/distilgpt2	distilbert/distilgpt2	False	2.1756279977580562e-07	22.132064819335938
ĠDavid	2386	 David	2	distilbert/distilgpt2	distilbert/distilgpt2	False	0.00017505127470940351	12.479934692382812
Ġbecause	2386	 because	3	distilbert/distilgpt2	distilbert/distilgpt2	False	0.0003087798831984401	11.661133766174316
Ġhe	2386	 he	4	distilbert/distilgpt2	distilbert/distilgpt2	False	0.4396594166755676	1.1855417490005493
John	2387	John	0	distilbert/distilgpt2	distilbert/distilgpt2	False	1.0	0.0
Ġfreed	2387	 freed	1	distilbert/distilgpt2	distilbert/distilgpt2	False	1.6029335370149056e-07	22.572782516479492
ĠDavid	2387	 David	2	distilbert/distilgpt2	distilbert/distilgpt2	False	0.0003045939956791699	11.680825233459473
Ġbecause	2387	 because	3	distilbert/distilgpt2	distilbert/distilgpt2	False	0.00021066900808364153	12.21273422241211
Ġhe	2387	 he	4	distilbert/distilgpt2	distilbert/distilgpt2	False	0.45260557532310486	1.1436737775802612
Sarah	2388	Sarah	0	distilbert/distilgpt2	distilbert/distilgpt2	False	1.0	0.0
Ġfreed	2388	 freed	1	distilbert/distilgpt2	distilbert/distilgpt2	False	1.826166453611222e-07	22.38467788696289
ĠDavid	2388	 David	2	distilbert/distilgpt2	distilbert/distilgpt2	False	0.0002693238784559071	11.858369827270508
Ġbecause	2388	 because	3	distilbert/distilgpt2	distilbert/distilgpt2	False	0.00017478987865615636	12.482090950012207
Ġhe	2388	 he	4	distilbert/distilgpt2	distilbert/distilgpt2	False	0.46225523948669434	1.1132384538650513
David	2389	David	0	distilbert/distilgpt2	distilbert/distilgpt2	False	1.0	0.0
Ġfreed	2389	 freed	1	distilbert/distilgpt2	distilbert/distilgpt2	False	1.6330761809513206e-07	22.5459041595459
ĠJohn	2389	 John	2	distilbert/distilgpt2	distilbert/distilgpt2	False	0.00044390110997483134	11.137474060058594
Ġbecause	2389	 because	3	distilbert/distilgpt2	distilbert/distilgpt2	False	0.0005531242350116372	10.820109367370605
Ġhe	2389	 he	4	distilbert/distilgpt2	distilbert/distilgpt2	False	0.42284271121025085	1.241806983947754
Mary	2390	Mary	0	distilbert/distilgpt2	distilbert/distilgpt2	False	1.0	0.0
Ġfreed	2390	 freed	1	distilbert/distilgpt2	distilbert/distilgpt2	False	2.1756279977580562e-07	22.132064819335938
ĠJohn	2390	 John	2	distilbert/distilgpt2	distilbert/distilgpt2	False	0.000328697293298319	11.570952415466309
Ġbecause	2390	 because	3	distilbert/distilgpt2	distilbert/distilgpt2	False	0.000851737626362592	10.197303771972656
Ġhe	2390	 he	4	distilbert/distilgpt2	distilbert/distilgpt2	False	0.4423496723175049	1.1767408847808838
David	2391	David	0	distilbert/distilgpt2	distilbert/distilgpt2	False	1.0	0.0
Ġfreed	2391	 freed	1	distilbert/distilgpt2	distilbert/distilgpt2	False	1.6330761809513206e-07	22.5459041595459
ĠJohn	2391	 John	2	distilbert/distilgpt2	distilbert/distilgpt2	False	0.00044390110997483134	11.137474060058594
Ġbecause	2391	 because	3	distilbert/distilgpt2	distilbert/distilgpt2	False	0.0005531242350116372	10.820109367370605
Ġhe	2391	 he	4	distilbert/distilgpt2	distilbert/distilgpt2	False	0.42284271121025085	1.241806983947754
Sarah	2392	Sarah	0	distilbert/distilgpt2	distilbert/distilgpt2	False	1.0	0.0
Ġfreed	2392	 freed	1	distilbert/distilgpt2	distilbert/distilgpt2	False	1.826166453611222e-07	22.38467788696289
ĠJohn	2392	 John	2	distilbert/distilgpt2	distilbert/distilgpt2	False	0.00037038850132375956	11.398673057556152
Ġbecause	2392	 because	3	distilbert/distilgpt2	distilbert/distilgpt2	False	0.0010563257383182645	9.88672924041748
Ġhe	2392	 he	4	distilbert/distilgpt2	distilbert/distilgpt2	False	0.4338316023349762	1.2047929763793945
Mary	2393	Mary	0	distilbert/distilgpt2	distilbert/distilgpt2	False	1.0	0.0
Ġfreed	2393	 freed	1	distilbert/distilgpt2	distilbert/distilgpt2	False	2.1756279977580562e-07	22.132064819335938
ĠSarah	2393	 Sarah	2	distilbert/distilgpt2	distilbert/distilgpt2	False	0.00014354463201016188	12.766213417053223
Ġbecause	2393	 because	3	distilbert/distilgpt2	distilbert/distilgpt2	False	0.0022477039601653814	8.797331809997559
Ġshe	2393	 she	4	distilbert/distilgpt2	distilbert/distilgpt2	False	0.5276076197624207	0.9224627614021301
John	2394	John	0	distilbert/distilgpt2	distilbert/distilgpt2	False	1.0	0.0
Ġfreed	2394	 freed	1	distilbert/distilgpt2	distilbert/distilgpt2	False	1.6029335370149056e-07	22.572782516479492
ĠSarah	2394	 Sarah	2	distilbert/distilgpt2	distilbert/distilgpt2	False	0.00017680403834674507	12.465560913085938
Ġbecause	2394	 because	3	distilbert/distilgpt2	distilbert/distilgpt2	False	0.0017501447582617402	9.158309936523438
Ġshe	2394	 she	4	distilbert/distilgpt2	distilbert/distilgpt2	False	0.5186594128608704	0.9471406936645508
Mary	2395	Mary	0	distilbert/distilgpt2	distilbert/distilgpt2	False	1.0	0.0
Ġfreed	2395	 freed	1	distilbert/distilgpt2	distilbert/distilgpt2	False	2.1756279977580562e-07	22.132064819335938
ĠSarah	2395	 Sarah	2	distilbert/distilgpt2	distilbert/distilgpt2	False	0.00014354463201016188	12.766213417053223
Ġbecause	2395	 because	3	distilbert/distilgpt2	distilbert/distilgpt2	False	0.0022477039601653814	8.797331809997559
Ġshe	2395	 she	4	distilbert/distilgpt2	distilbert/distilgpt2	False	0.5276076197624207	0.9224627614021301
David	2396	David	0	distilbert/distilgpt2	distilbert/distilgpt2	False	1.0	0.0
Ġfreed	2396	 freed	1	distilbert/distilgpt2	distilbert/distilgpt2	False	1.6330761809513206e-07	22.5459041595459
ĠSarah	2396	 Sarah	2	distilbert/distilgpt2	distilbert/distilgpt2	False	0.00016878306632861495	12.53254222869873
Ġbecause	2396	 because	3	distilbert/distilgpt2	distilbert/distilgpt2	False	0.0009539796155877411	10.033754348754883
Ġshe	2396	 she	4	distilbert/distilgpt2	distilbert/distilgpt2	False	0.5213197469711304	0.9397596120834351
Sarah	2397	Sarah	0	distilbert/distilgpt2	distilbert/distilgpt2	False	1.0	0.0
Ġfreed	2397	 freed	1	distilbert/distilgpt2	distilbert/distilgpt2	False	1.826166453611222e-07	22.38467788696289
ĠMary	2397	 Mary	2	distilbert/distilgpt2	distilbert/distilgpt2	False	0.00023413907911162823	12.060346603393555
Ġbecause	2397	 because	3	distilbert/distilgpt2	distilbert/distilgpt2	False	0.0013313352828845382	9.552910804748535
Ġshe	2397	 she	4	distilbert/distilgpt2	distilbert/distilgpt2	False	0.4598502516746521	1.1207640171051025
John	2398	John	0	distilbert/distilgpt2	distilbert/distilgpt2	False	1.0	0.0
Ġfreed	2398	 freed	1	distilbert/distilgpt2	distilbert/distilgpt2	False	1.6029335370149056e-07	22.572782516479492
ĠMary	2398	 Mary	2	distilbert/distilgpt2	distilbert/distilgpt2	False	0.0002034536300925538	12.263011932373047
Ġbecause	2398	 because	3	distilbert/distilgpt2	distilbert/distilgpt2	False	0.001436391961760819	9.443334579467773
Ġshe	2398	 she	4	distilbert/distilgpt2	distilbert/distilgpt2	False	0.46383872628211975	1.1083048582077026
Sarah	2399	Sarah	0	distilbert/distilgpt2	distilbert/distilgpt2	False	1.0	0.0
Ġfreed	2399	 freed	1	distilbert/distilgpt2	distilbert/distilgpt2	False	1.826166453611222e-07	22.38467788696289
ĠMary	2399	 Mary	2	distilbert/distilgpt2	distilbert/distilgpt2	False	0.00023413907911162823	12.060346603393555
Ġbecause	2399	 because	3	distilbert/distilgpt2	distilbert/distilgpt2	False	0.0013313352828845382	9.552910804748535
Ġshe	2399	 she	4	distilbert/distilgpt2	distilbert/distilgpt2	False	0.4598502516746521	1.1207640171051025
David	2400	David	0	distilbert/distilgpt2	distilbert/distilgpt2	False	1.0	0.0
Ġfreed	2400	 freed	1	distilbert/distilgpt2	distilbert/distilgpt2	False	1.6330761809513206e-07	22.5459041595459
ĠMary	2400	 Mary	2	distilbert/distilgpt2	distilbert/distilgpt2	False	0.00019461079500615597	12.327120780944824
Ġbecause	2400	 because	3	distilbert/distilgpt2	distilbert/distilgpt2	False	0.0008512930362485349	10.1980562210083
Ġshe	2400	 she	4	distilbert/distilgpt2	distilbert/distilgpt2	False	0.462005078792572	1.1140193939208984
John	2401	John	0	distilbert/distilgpt2	distilbert/distilgpt2	False	1.0	0.0
Ġfrightened	2401	 frightened	1	distilbert/distilgpt2	distilbert/distilgpt2	False	4.116041552038041e-08	24.53416633605957
ĠDavid	2401	 David	2	distilbert/distilgpt2	distilbert/distilgpt2	False	0.0001910087448777631	12.354073524475098
Ġbecause	2401	 because	3	distilbert/distilgpt2	distilbert/distilgpt2	False	0.001325707882642746	9.55902099609375
Ġhe	2401	 he	4	distilbert/distilgpt2	distilbert/distilgpt2	False	0.4583873748779297	1.1253608465194702
Mary	2402	Mary	0	distilbert/distilgpt2	distilbert/distilgpt2	False	1.0	0.0
Ġfrightened	2402	 frightened	1	distilbert/distilgpt2	distilbert/distilgpt2	False	4.73533958711414e-08	24.33195686340332
ĠDavid	2402	 David	2	distilbert/distilgpt2	distilbert/distilgpt2	False	0.00011181090667378157	13.126651763916016
Ġbecause	2402	 because	3	distilbert/distilgpt2	distilbert/distilgpt2	False	0.0016200586687773466	9.26973819732666
Ġhe	2402	 he	4	distilbert/distilgpt2	distilbert/distilgpt2	False	0.45871978998184204	1.1243150234222412
John	2403	John	0	distilbert/distilgpt2	distilbert/distilgpt2	False	1.0	0.0
Ġfrightened	2403	 frightened	1	distilbert/distilgpt2	distilbert/distilgpt2	False	4.116041552038041e-08	24.53416633605957
ĠDavid	2403	 David	2	distilbert/distilgpt2	distilbert/distilgpt2	False	0.0001910087448777631	12.354073524475098
Ġbecause	2403	 because	3	distilbert/distilgpt2	distilbert/distilgpt2	False	0.001325707882642746	9.55902099609375
Ġhe	2403	 he	4	distilbert/distilgpt2	distilbert/distilgpt2	False	0.4583873748779297	1.1253608465194702
Sarah	2404	Sarah	0	distilbert/distilgpt2	distilbert/distilgpt2	False	1.0	0.0
Ġfrightened	2404	 frightened	1	distilbert/distilgpt2	distilbert/distilgpt2	False	4.004292719628211e-08	24.573877334594727
ĠDavid	2404	 David	2	distilbert/distilgpt2	distilbert/distilgpt2	False	0.00021270902652759105	12.198831558227539
Ġbecause	2404	 because	3	distilbert/distilgpt2	distilbert/distilgpt2	False	0.0015800741966813803	9.305791854858398
Ġhe	2404	 he	4	distilbert/distilgpt2	distilbert/distilgpt2	False	0.47129520773887634	1.0852971076965332
David	2405	David	0	distilbert/distilgpt2	distilbert/distilgpt2	False	1.0	0.0
Ġfrightened	2405	 frightened	1	distilbert/distilgpt2	distilbert/distilgpt2	False	3.853117291896524e-08	24.629398345947266
ĠJohn	2405	 John	2	distilbert/distilgpt2	distilbert/distilgpt2	False	0.0002864415291696787	11.769472122192383
Ġbecause	2405	 because	3	distilbert/distilgpt2	distilbert/distilgpt2	False	0.0026923760306090117	8.536904335021973
Ġhe	2405	 he	4	distilbert/distilgpt2	distilbert/distilgpt2	False	0.440782368183136	1.1818616390228271
Mary	2406	Mary	0	distilbert/distilgpt2	distilbert/distilgpt2	False	1.0	0.0
Ġfrightened	2406	 frightened	1	distilbert/distilgpt2	distilbert/distilgpt2	False	4.73533958711414e-08	24.33195686340332
ĠJohn	2406	 John	2	distilbert/distilgpt2	distilbert/distilgpt2	False	0.00019738217815756798	12.306720733642578
Ġbecause	2406	 because	3	distilbert/distilgpt2	distilbert/distilgpt2	False	0.002763034775853157	8.499530792236328
Ġhe	2406	 he	4	distilbert/distilgpt2	distilbert/distilgpt2	False	0.46104684472084045	1.117014765739441
David	2407	David	0	distilbert/distilgpt2	distilbert/distilgpt2	False	1.0	0.0
Ġfrightened	2407	 frightened	1	distilbert/distilgpt2	distilbert/distilgpt2	False	3.853117291896524e-08	24.629398345947266
ĠJohn	2407	 John	2	distilbert/distilgpt2	distilbert/distilgpt2	False	0.0002864415291696787	11.769472122192383
Ġbecause	2407	 because	3	distilbert/distilgpt2	distilbert/distilgpt2	False	0.0026923760306090117	8.536904335021973
Ġhe	2407	 he	4	distilbert/distilgpt2	distilbert/distilgpt2	False	0.440782368183136	1.1818616390228271
Sarah	2408	Sarah	0	distilbert/distilgpt2	distilbert/distilgpt2	False	1.0	0.0
Ġfrightened	2408	 frightened	1	distilbert/distilgpt2	distilbert/distilgpt2	False	4.004292719628211e-08	24.573877334594727
ĠJohn	2408	 John	2	distilbert/distilgpt2	distilbert/distilgpt2	False	0.00029365686350502074	11.733580589294434
Ġbecause	2408	 because	3	distilbert/distilgpt2	distilbert/distilgpt2	False	0.005370090249925852	7.54083776473999
Ġhe	2408	 he	4	distilbert/distilgpt2	distilbert/distilgpt2	False	0.4528048038482666	1.1430388689041138
Mary	2409	Mary	0	distilbert/distilgpt2	distilbert/distilgpt2	False	1.0	0.0
Ġfrightened	2409	 frightened	1	distilbert/distilgpt2	distilbert/distilgpt2	False	4.73533958711414e-08	24.33195686340332
ĠSarah	2409	 Sarah	2	distilbert/distilgpt2	distilbert/distilgpt2	False	9.376640082336962e-05	13.380569458007812
Ġbecause	2409	 because	3	distilbert/distilgpt2	distilbert/distilgpt2	False	0.0034346769098192453	8.185609817504883
Ġshe	2409	 she	4	distilbert/distilgpt2	distilbert/distilgpt2	False	0.4985155761241913	1.0042895078659058
John	2410	John	0	distilbert/distilgpt2	distilbert/distilgpt2	False	1.0	0.0
Ġfrightened	2410	 frightened	1	distilbert/distilgpt2	distilbert/distilgpt2	False	4.116041552038041e-08	24.53416633605957
ĠSarah	2410	 Sarah	2	distilbert/distilgpt2	distilbert/distilgpt2	False	0.00012627748947124928	12.951114654541016
Ġbecause	2410	 because	3	distilbert/distilgpt2	distilbert/distilgpt2	False	0.003489522496238351	8.162755012512207
Ġshe	2410	 she	4	distilbert/distilgpt2	distilbert/distilgpt2	False	0.47977378964424133	1.059573769569397
Mary	2411	Mary	0	distilbert/distilgpt2	distilbert/distilgpt2	False	1.0	0.0
Ġfrightened	2411	 frightened	1	distilbert/distilgpt2	distilbert/distilgpt2	False	4.73533958711414e-08	24.33195686340332
ĠSarah	2411	 Sarah	2	distilbert/distilgpt2	distilbert/distilgpt2	False	9.376640082336962e-05	13.380569458007812
Ġbecause	2411	 because	3	distilbert/distilgpt2	distilbert/distilgpt2	False	0.0034346769098192453	8.185609817504883
Ġshe	2411	 she	4	distilbert/distilgpt2	distilbert/distilgpt2	False	0.4985155761241913	1.0042895078659058
David	2412	David	0	distilbert/distilgpt2	distilbert/distilgpt2	False	1.0	0.0
Ġfrightened	2412	 frightened	1	distilbert/distilgpt2	distilbert/distilgpt2	False	3.853117291896524e-08	24.629398345947266
ĠSarah	2412	 Sarah	2	distilbert/distilgpt2	distilbert/distilgpt2	False	0.00011626561172306538	13.070287704467773
Ġbecause	2412	 because	3	distilbert/distilgpt2	distilbert/distilgpt2	False	0.002606499707326293	8.583670616149902
Ġshe	2412	 she	4	distilbert/distilgpt2	distilbert/distilgpt2	False	0.4715832471847534	1.0844156742095947
Sarah	2413	Sarah	0	distilbert/distilgpt2	distilbert/distilgpt2	False	1.0	0.0
Ġfrightened	2413	 frightened	1	distilbert/distilgpt2	distilbert/distilgpt2	False	4.004292719628211e-08	24.573877334594727
ĠMary	2413	 Mary	2	distilbert/distilgpt2	distilbert/distilgpt2	False	0.00042389793088659644	11.203995704650879
Ġbecause	2413	 because	3	distilbert/distilgpt2	distilbert/distilgpt2	False	0.0034087623935192823	8.19653606414795
Ġshe	2413	 she	4	distilbert/distilgpt2	distilbert/distilgpt2	False	0.43988439440727234	1.1848037242889404
John	2414	John	0	distilbert/distilgpt2	distilbert/distilgpt2	False	1.0	0.0
Ġfrightened	2414	 frightened	1	distilbert/distilgpt2	distilbert/distilgpt2	False	4.116041552038041e-08	24.53416633605957
ĠMary	2414	 Mary	2	distilbert/distilgpt2	distilbert/distilgpt2	False	0.00035919490619562566	11.44294548034668
Ġbecause	2414	 because	3	distilbert/distilgpt2	distilbert/distilgpt2	False	0.0031397719867527485	8.31512451171875
Ġshe	2414	 she	4	distilbert/distilgpt2	distilbert/distilgpt2	False	0.4394494891166687	1.1862307786941528
Sarah	2415	Sarah	0	distilbert/distilgpt2	distilbert/distilgpt2	False	1.0	0.0
Ġfrightened	2415	 frightened	1	distilbert/distilgpt2	distilbert/distilgpt2	False	4.004292719628211e-08	24.573877334594727
ĠMary	2415	 Mary	2	distilbert/distilgpt2	distilbert/distilgpt2	False	0.00042389793088659644	11.203995704650879
Ġbecause	2415	 because	3	distilbert/distilgpt2	distilbert/distilgpt2	False	0.0034087623935192823	8.19653606414795
Ġshe	2415	 she	4	distilbert/distilgpt2	distilbert/distilgpt2	False	0.43988439440727234	1.1848037242889404
David	2416	David	0	distilbert/distilgpt2	distilbert/distilgpt2	False	1.0	0.0
Ġfrightened	2416	 frightened	1	distilbert/distilgpt2	distilbert/distilgpt2	False	3.853117291896524e-08	24.629398345947266
ĠMary	2416	 Mary	2	distilbert/distilgpt2	distilbert/distilgpt2	False	0.00026739444001577795	11.868742942810059
Ġbecause	2416	 because	3	distilbert/distilgpt2	distilbert/distilgpt2	False	0.002737897215411067	8.512716293334961
Ġshe	2416	 she	4	distilbert/distilgpt2	distilbert/distilgpt2	False	0.42431649565696716	1.2367873191833496
John	2417	John	0	distilbert/distilgpt2	distilbert/distilgpt2	False	1.0	0.0
Ġfrustrated	2417	 frustrated	1	distilbert/distilgpt2	distilbert/distilgpt2	False	8.555430497381167e-08	23.47858428955078
ĠDavid	2417	 David	2	distilbert/distilgpt2	distilbert/distilgpt2	False	7.940044451970607e-05	13.62049388885498
Ġbecause	2417	 because	3	distilbert/distilgpt2	distilbert/distilgpt2	False	0.0005562815931625664	10.811897277832031
Ġhe	2417	 he	4	distilbert/distilgpt2	distilbert/distilgpt2	False	0.3989397883415222	1.3257571458816528
Mary	2418	Mary	0	distilbert/distilgpt2	distilbert/distilgpt2	False	1.0	0.0
Ġfrustrated	2418	 frustrated	1	distilbert/distilgpt2	distilbert/distilgpt2	False	9.473990303376922e-08	23.331453323364258
ĠDavid	2418	 David	2	distilbert/distilgpt2	distilbert/distilgpt2	False	5.209497976466082e-05	14.228496551513672
Ġbecause	2418	 because	3	distilbert/distilgpt2	distilbert/distilgpt2	False	0.0005696038133464754	10.777753829956055
Ġhe	2418	 he	4	distilbert/distilgpt2	distilbert/distilgpt2	False	0.394415944814682	1.342210292816162
John	2419	John	0	distilbert/distilgpt2	distilbert/distilgpt2	False	1.0	0.0
Ġfrustrated	2419	 frustrated	1	distilbert/distilgpt2	distilbert/distilgpt2	False	8.555430497381167e-08	23.47858428955078
ĠDavid	2419	 David	2	distilbert/distilgpt2	distilbert/distilgpt2	False	7.940044451970607e-05	13.62049388885498
Ġbecause	2419	 because	3	distilbert/distilgpt2	distilbert/distilgpt2	False	0.0005562815931625664	10.811897277832031
Ġhe	2419	 he	4	distilbert/distilgpt2	distilbert/distilgpt2	False	0.3989397883415222	1.3257571458816528
Sarah	2420	Sarah	0	distilbert/distilgpt2	distilbert/distilgpt2	False	1.0	0.0
Ġfrustrated	2420	 frustrated	1	distilbert/distilgpt2	distilbert/distilgpt2	False	8.541554308294508e-08	23.480926513671875
ĠDavid	2420	 David	2	distilbert/distilgpt2	distilbert/distilgpt2	False	7.090317376423627e-05	13.783790588378906
Ġbecause	2420	 because	3	distilbert/distilgpt2	distilbert/distilgpt2	False	0.0006109627429395914	10.676628112792969
Ġhe	2420	 he	4	distilbert/distilgpt2	distilbert/distilgpt2	False	0.4050535559654236	1.303815484046936
David	2421	David	0	distilbert/distilgpt2	distilbert/distilgpt2	False	1.0	0.0
Ġfrustrated	2421	 frustrated	1	distilbert/distilgpt2	distilbert/distilgpt2	False	1.0047819642977629e-07	23.246614456176758
ĠJohn	2421	 John	2	distilbert/distilgpt2	distilbert/distilgpt2	False	0.00021549896337091923	12.180031776428223
Ġbecause	2421	 because	3	distilbert/distilgpt2	distilbert/distilgpt2	False	0.0009677668567746878	10.013052940368652
Ġhe	2421	 he	4	distilbert/distilgpt2	distilbert/distilgpt2	False	0.36135900020599365	1.4684951305389404
Mary	2422	Mary	0	distilbert/distilgpt2	distilbert/distilgpt2	False	1.0	0.0
Ġfrustrated	2422	 frustrated	1	distilbert/distilgpt2	distilbert/distilgpt2	False	9.473990303376922e-08	23.331453323364258
ĠJohn	2422	 John	2	distilbert/distilgpt2	distilbert/distilgpt2	False	0.00011361153883626685	13.10360336303711
Ġbecause	2422	 because	3	distilbert/distilgpt2	distilbert/distilgpt2	False	0.0016278751427307725	9.262794494628906
Ġhe	2422	 he	4	distilbert/distilgpt2	distilbert/distilgpt2	False	0.3875671625137329	1.3674818277359009
David	2423	David	0	distilbert/distilgpt2	distilbert/distilgpt2	False	1.0	0.0
Ġfrustrated	2423	 frustrated	1	distilbert/distilgpt2	distilbert/distilgpt2	False	1.0047819642977629e-07	23.246614456176758
ĠJohn	2423	 John	2	distilbert/distilgpt2	distilbert/distilgpt2	False	0.00021549896337091923	12.180031776428223
Ġbecause	2423	 because	3	distilbert/distilgpt2	distilbert/distilgpt2	False	0.0009677668567746878	10.013052940368652
Ġhe	2423	 he	4	distilbert/distilgpt2	distilbert/distilgpt2	False	0.36135900020599365	1.4684951305389404
Sarah	2424	Sarah	0	distilbert/distilgpt2	distilbert/distilgpt2	False	1.0	0.0
Ġfrustrated	2424	 frustrated	1	distilbert/distilgpt2	distilbert/distilgpt2	False	8.541554308294508e-08	23.480926513671875
ĠJohn	2424	 John	2	distilbert/distilgpt2	distilbert/distilgpt2	False	0.00014461074897553772	12.755537986755371
Ġbecause	2424	 because	3	distilbert/distilgpt2	distilbert/distilgpt2	False	0.00291991513222456	8.4198579788208
Ġhe	2424	 he	4	distilbert/distilgpt2	distilbert/distilgpt2	False	0.3966818153858185	1.333945870399475
Mary	2425	Mary	0	distilbert/distilgpt2	distilbert/distilgpt2	False	1.0	0.0
Ġfrustrated	2425	 frustrated	1	distilbert/distilgpt2	distilbert/distilgpt2	False	9.473990303376922e-08	23.331453323364258
ĠSarah	2425	 Sarah	2	distilbert/distilgpt2	distilbert/distilgpt2	False	2.2932734282221645e-05	15.412232398986816
Ġbecause	2425	 because	3	distilbert/distilgpt2	distilbert/distilgpt2	False	0.0015427484177052975	9.34028148651123
Ġshe	2425	 she	4	distilbert/distilgpt2	distilbert/distilgpt2	False	0.45848706364631653	1.1250470876693726
John	2426	John	0	distilbert/distilgpt2	distilbert/distilgpt2	False	1.0	0.0
Ġfrustrated	2426	 frustrated	1	distilbert/distilgpt2	distilbert/distilgpt2	False	8.555430497381167e-08	23.47858428955078
ĠSarah	2426	 Sarah	2	distilbert/distilgpt2	distilbert/distilgpt2	False	2.424913691356778e-05	15.331707000732422
Ġbecause	2426	 because	3	distilbert/distilgpt2	distilbert/distilgpt2	False	0.0015151463449001312	9.366327285766602
Ġshe	2426	 she	4	distilbert/distilgpt2	distilbert/distilgpt2	False	0.4319262206554413	1.2111432552337646
Mary	2427	Mary	0	distilbert/distilgpt2	distilbert/distilgpt2	False	1.0	0.0
Ġfrustrated	2427	 frustrated	1	distilbert/distilgpt2	distilbert/distilgpt2	False	9.473990303376922e-08	23.331453323364258
ĠSarah	2427	 Sarah	2	distilbert/distilgpt2	distilbert/distilgpt2	False	2.2932734282221645e-05	15.412232398986816
Ġbecause	2427	 because	3	distilbert/distilgpt2	distilbert/distilgpt2	False	0.0015427484177052975	9.34028148651123
Ġshe	2427	 she	4	distilbert/distilgpt2	distilbert/distilgpt2	False	0.45848706364631653	1.1250470876693726
David	2428	David	0	distilbert/distilgpt2	distilbert/distilgpt2	False	1.0	0.0
Ġfrustrated	2428	 frustrated	1	distilbert/distilgpt2	distilbert/distilgpt2	False	1.0047819642977629e-07	23.246614456176758
ĠSarah	2428	 Sarah	2	distilbert/distilgpt2	distilbert/distilgpt2	False	2.5748875486897305e-05	15.24513053894043
Ġbecause	2428	 because	3	distilbert/distilgpt2	distilbert/distilgpt2	False	0.0005692806444130838	10.778572082519531
Ġshe	2428	 she	4	distilbert/distilgpt2	distilbert/distilgpt2	False	0.39869192242622375	1.3266537189483643
Sarah	2429	Sarah	0	distilbert/distilgpt2	distilbert/distilgpt2	False	1.0	0.0
Ġfrustrated	2429	 frustrated	1	distilbert/distilgpt2	distilbert/distilgpt2	False	8.541554308294508e-08	23.480926513671875
ĠMary	2429	 Mary	2	distilbert/distilgpt2	distilbert/distilgpt2	False	8.768809493631124e-05	13.477259635925293
Ġbecause	2429	 because	3	distilbert/distilgpt2	distilbert/distilgpt2	False	0.0008039306849241257	10.280641555786133
Ġshe	2429	 she	4	distilbert/distilgpt2	distilbert/distilgpt2	False	0.42806440591812134	1.2241002321243286
John	2430	John	0	distilbert/distilgpt2	distilbert/distilgpt2	False	1.0	0.0
Ġfrustrated	2430	 frustrated	1	distilbert/distilgpt2	distilbert/distilgpt2	False	8.555430497381167e-08	23.47858428955078
ĠMary	2430	 Mary	2	distilbert/distilgpt2	distilbert/distilgpt2	False	5.335209789336659e-05	14.194095611572266
Ġbecause	2430	 because	3	distilbert/distilgpt2	distilbert/distilgpt2	False	0.0009964851196855307	9.970864295959473
Ġshe	2430	 she	4	distilbert/distilgpt2	distilbert/distilgpt2	False	0.4306938648223877	1.2152653932571411
Sarah	2431	Sarah	0	distilbert/distilgpt2	distilbert/distilgpt2	False	1.0	0.0
Ġfrustrated	2431	 frustrated	1	distilbert/distilgpt2	distilbert/distilgpt2	False	8.541554308294508e-08	23.480926513671875
ĠMary	2431	 Mary	2	distilbert/distilgpt2	distilbert/distilgpt2	False	8.768809493631124e-05	13.477259635925293
Ġbecause	2431	 because	3	distilbert/distilgpt2	distilbert/distilgpt2	False	0.0008039306849241257	10.280641555786133
Ġshe	2431	 she	4	distilbert/distilgpt2	distilbert/distilgpt2	False	0.42806440591812134	1.2241002321243286
David	2432	David	0	distilbert/distilgpt2	distilbert/distilgpt2	False	1.0	0.0
Ġfrustrated	2432	 frustrated	1	distilbert/distilgpt2	distilbert/distilgpt2	False	1.0047819642977629e-07	23.246614456176758
ĠMary	2432	 Mary	2	distilbert/distilgpt2	distilbert/distilgpt2	False	5.512726056622341e-05	14.14687442779541
Ġbecause	2432	 because	3	distilbert/distilgpt2	distilbert/distilgpt2	False	0.0003821324207819998	11.353639602661133
Ġshe	2432	 she	4	distilbert/distilgpt2	distilbert/distilgpt2	False	0.38295453786849976	1.38475501537323
John	2433	John	0	distilbert/distilgpt2	distilbert/distilgpt2	False	1.0	0.0
Ġg	2433	 galled	1	distilbert/distilgpt2	distilbert/distilgpt2	False	2.2083386284066364e-05	15.466678619384766
alled	2433	 galled	1	distilbert/distilgpt2	distilbert/distilgpt2	False	3.363459836691618e-05	14.859694480895996
ĠDavid	2433	 David	2	distilbert/distilgpt2	distilbert/distilgpt2	False	0.00013805461640004069	12.822473526000977
Ġbecause	2433	 because	3	distilbert/distilgpt2	distilbert/distilgpt2	False	0.0003010120417457074	11.697891235351562
Ġhe	2433	 he	4	distilbert/distilgpt2	distilbert/distilgpt2	False	0.5008878707885742	0.9974403977394104
Mary	2434	Mary	0	distilbert/distilgpt2	distilbert/distilgpt2	False	1.0	0.0
Ġg	2434	 galled	1	distilbert/distilgpt2	distilbert/distilgpt2	False	2.2939208065508865e-05	15.411825180053711
alled	2434	 galled	1	distilbert/distilgpt2	distilbert/distilgpt2	False	4.670293492381461e-05	14.386127471923828
ĠDavid	2434	 David	2	distilbert/distilgpt2	distilbert/distilgpt2	False	6.803154246881604e-05	13.843436241149902
Ġbecause	2434	 because	3	distilbert/distilgpt2	distilbert/distilgpt2	False	0.0004889317788183689	10.998079299926758
Ġhe	2434	 he	4	distilbert/distilgpt2	distilbert/distilgpt2	False	0.47862768173217773	1.0630242824554443
John	2435	John	0	distilbert/distilgpt2	distilbert/distilgpt2	False	1.0	0.0
Ġg	2435	 galled	1	distilbert/distilgpt2	distilbert/distilgpt2	False	2.2083386284066364e-05	15.466678619384766
alled	2435	 galled	1	distilbert/distilgpt2	distilbert/distilgpt2	False	3.363459836691618e-05	14.859694480895996
ĠDavid	2435	 David	2	distilbert/distilgpt2	distilbert/distilgpt2	False	0.00013805461640004069	12.822473526000977
Ġbecause	2435	 because	3	distilbert/distilgpt2	distilbert/distilgpt2	False	0.0003010120417457074	11.697891235351562
Ġhe	2435	 he	4	distilbert/distilgpt2	distilbert/distilgpt2	False	0.5008878707885742	0.9974403977394104
Sarah	2436	Sarah	0	distilbert/distilgpt2	distilbert/distilgpt2	False	1.0	0.0
Ġg	2436	 galled	1	distilbert/distilgpt2	distilbert/distilgpt2	False	2.355991273361724e-05	15.373306274414062
alled	2436	 galled	1	distilbert/distilgpt2	distilbert/distilgpt2	False	3.897204078384675e-05	14.647200584411621
ĠDavid	2436	 David	2	distilbert/distilgpt2	distilbert/distilgpt2	False	0.00010386827489128336	13.23295783996582
Ġbecause	2436	 because	3	distilbert/distilgpt2	distilbert/distilgpt2	False	0.00017006159760057926	12.521655082702637
Ġhe	2436	 he	4	distilbert/distilgpt2	distilbert/distilgpt2	False	0.4722539186477661	1.0823653936386108
David	2437	David	0	distilbert/distilgpt2	distilbert/distilgpt2	False	1.0	0.0
Ġg	2437	 galled	1	distilbert/distilgpt2	distilbert/distilgpt2	False	2.445543577778153e-05	15.319485664367676
alled	2437	 galled	1	distilbert/distilgpt2	distilbert/distilgpt2	False	4.100963269593194e-05	14.573678016662598
ĠJohn	2437	 John	2	distilbert/distilgpt2	distilbert/distilgpt2	False	0.0001378187444061041	12.82494068145752
Ġbecause	2437	 because	3	distilbert/distilgpt2	distilbert/distilgpt2	False	0.00037328124744817615	11.387449264526367
Ġhe	2437	 he	4	distilbert/distilgpt2	distilbert/distilgpt2	False	0.48801377415657043	1.0350062847137451
Mary	2438	Mary	0	distilbert/distilgpt2	distilbert/distilgpt2	False	1.0	0.0
Ġg	2438	 galled	1	distilbert/distilgpt2	distilbert/distilgpt2	False	2.2939208065508865e-05	15.411825180053711
alled	2438	 galled	1	distilbert/distilgpt2	distilbert/distilgpt2	False	4.670293492381461e-05	14.386127471923828
ĠJohn	2438	 John	2	distilbert/distilgpt2	distilbert/distilgpt2	False	8.249106758739799e-05	13.56540298461914
Ġbecause	2438	 because	3	distilbert/distilgpt2	distilbert/distilgpt2	False	0.0007549353176727891	10.371359825134277
Ġhe	2438	 he	4	distilbert/distilgpt2	distilbert/distilgpt2	False	0.5002713799476624	0.99921715259552
David	2439	David	0	distilbert/distilgpt2	distilbert/distilgpt2	False	1.0	0.0
Ġg	2439	 galled	1	distilbert/distilgpt2	distilbert/distilgpt2	False	2.445543577778153e-05	15.319485664367676
alled	2439	 galled	1	distilbert/distilgpt2	distilbert/distilgpt2	False	4.100963269593194e-05	14.573678016662598
ĠJohn	2439	 John	2	distilbert/distilgpt2	distilbert/distilgpt2	False	0.0001378187444061041	12.82494068145752
Ġbecause	2439	 because	3	distilbert/distilgpt2	distilbert/distilgpt2	False	0.00037328124744817615	11.387449264526367
Ġhe	2439	 he	4	distilbert/distilgpt2	distilbert/distilgpt2	False	0.48801377415657043	1.0350062847137451
Sarah	2440	Sarah	0	distilbert/distilgpt2	distilbert/distilgpt2	False	1.0	0.0
Ġg	2440	 galled	1	distilbert/distilgpt2	distilbert/distilgpt2	False	2.355991273361724e-05	15.373306274414062
alled	2440	 galled	1	distilbert/distilgpt2	distilbert/distilgpt2	False	3.897204078384675e-05	14.647200584411621
ĠJohn	2440	 John	2	distilbert/distilgpt2	distilbert/distilgpt2	False	8.439986413577572e-05	13.532400131225586
Ġbecause	2440	 because	3	distilbert/distilgpt2	distilbert/distilgpt2	False	0.0005554845556616783	10.813965797424316
Ġhe	2440	 he	4	distilbert/distilgpt2	distilbert/distilgpt2	False	0.47996097803115845	1.0590109825134277
Mary	2441	Mary	0	distilbert/distilgpt2	distilbert/distilgpt2	False	1.0	0.0
Ġg	2441	 galled	1	distilbert/distilgpt2	distilbert/distilgpt2	False	2.2939208065508865e-05	15.411825180053711
alled	2441	 galled	1	distilbert/distilgpt2	distilbert/distilgpt2	False	4.670293492381461e-05	14.386127471923828
ĠSarah	2441	 Sarah	2	distilbert/distilgpt2	distilbert/distilgpt2	False	1.7230884623131715e-05	15.824644088745117
Ġbecause	2441	 because	3	distilbert/distilgpt2	distilbert/distilgpt2	False	0.0018497132696211338	9.078482627868652
Ġshe	2441	 she	4	distilbert/distilgpt2	distilbert/distilgpt2	False	0.5411550402641296	0.8858861327171326
John	2442	John	0	distilbert/distilgpt2	distilbert/distilgpt2	False	1.0	0.0
Ġg	2442	 galled	1	distilbert/distilgpt2	distilbert/distilgpt2	False	2.2083386284066364e-05	15.466678619384766
alled	2442	 galled	1	distilbert/distilgpt2	distilbert/distilgpt2	False	3.363459836691618e-05	14.859694480895996
ĠSarah	2442	 Sarah	2	distilbert/distilgpt2	distilbert/distilgpt2	False	2.2988133423496038e-05	15.408751487731934
Ġbecause	2442	 because	3	distilbert/distilgpt2	distilbert/distilgpt2	False	0.0013088441919535398	9.57749080657959
Ġshe	2442	 she	4	distilbert/distilgpt2	distilbert/distilgpt2	False	0.5431151390075684	0.8806700110435486
Mary	2443	Mary	0	distilbert/distilgpt2	distilbert/distilgpt2	False	1.0	0.0
Ġg	2443	 galled	1	distilbert/distilgpt2	distilbert/distilgpt2	False	2.2939208065508865e-05	15.411825180053711
alled	2443	 galled	1	distilbert/distilgpt2	distilbert/distilgpt2	False	4.670293492381461e-05	14.386127471923828
ĠSarah	2443	 Sarah	2	distilbert/distilgpt2	distilbert/distilgpt2	False	1.7230884623131715e-05	15.824644088745117
Ġbecause	2443	 because	3	distilbert/distilgpt2	distilbert/distilgpt2	False	0.0018497132696211338	9.078482627868652
Ġshe	2443	 she	4	distilbert/distilgpt2	distilbert/distilgpt2	False	0.5411550402641296	0.8858861327171326
David	2444	David	0	distilbert/distilgpt2	distilbert/distilgpt2	False	1.0	0.0
Ġg	2444	 galled	1	distilbert/distilgpt2	distilbert/distilgpt2	False	2.445543577778153e-05	15.319485664367676
alled	2444	 galled	1	distilbert/distilgpt2	distilbert/distilgpt2	False	4.100963269593194e-05	14.573678016662598
ĠSarah	2444	 Sarah	2	distilbert/distilgpt2	distilbert/distilgpt2	False	2.2659703972749412e-05	15.429511070251465
Ġbecause	2444	 because	3	distilbert/distilgpt2	distilbert/distilgpt2	False	0.0008302487549372017	10.234169006347656
Ġshe	2444	 she	4	distilbert/distilgpt2	distilbert/distilgpt2	False	0.5332404375076294	0.9071419835090637
Sarah	2445	Sarah	0	distilbert/distilgpt2	distilbert/distilgpt2	False	1.0	0.0
Ġg	2445	 galled	1	distilbert/distilgpt2	distilbert/distilgpt2	False	2.355991273361724e-05	15.373306274414062
alled	2445	 galled	1	distilbert/distilgpt2	distilbert/distilgpt2	False	3.897204078384675e-05	14.647200584411621
ĠMary	2445	 Mary	2	distilbert/distilgpt2	distilbert/distilgpt2	False	4.497584086493589e-05	14.440489768981934
Ġbecause	2445	 because	3	distilbert/distilgpt2	distilbert/distilgpt2	False	0.00032565294532105327	11.58437728881836
Ġshe	2445	 she	4	distilbert/distilgpt2	distilbert/distilgpt2	False	0.4865785539150238	1.0392553806304932
John	2446	John	0	distilbert/distilgpt2	distilbert/distilgpt2	False	1.0	0.0
Ġg	2446	 galled	1	distilbert/distilgpt2	distilbert/distilgpt2	False	2.2083386284066364e-05	15.466678619384766
alled	2446	 galled	1	distilbert/distilgpt2	distilbert/distilgpt2	False	3.363459836691618e-05	14.859694480895996
ĠMary	2446	 Mary	2	distilbert/distilgpt2	distilbert/distilgpt2	False	4.4418084144126624e-05	14.45849323272705
Ġbecause	2446	 because	3	distilbert/distilgpt2	distilbert/distilgpt2	False	0.0006695686024613678	10.544480323791504
Ġshe	2446	 she	4	distilbert/distilgpt2	distilbert/distilgpt2	False	0.5055162310600281	0.9841707348823547
Sarah	2447	Sarah	0	distilbert/distilgpt2	distilbert/distilgpt2	False	1.0	0.0
Ġg	2447	 galled	1	distilbert/distilgpt2	distilbert/distilgpt2	False	2.355991273361724e-05	15.373306274414062
alled	2447	 galled	1	distilbert/distilgpt2	distilbert/distilgpt2	False	3.897204078384675e-05	14.647200584411621
ĠMary	2447	 Mary	2	distilbert/distilgpt2	distilbert/distilgpt2	False	4.497584086493589e-05	14.440489768981934
Ġbecause	2447	 because	3	distilbert/distilgpt2	distilbert/distilgpt2	False	0.00032565294532105327	11.58437728881836
Ġshe	2447	 she	4	distilbert/distilgpt2	distilbert/distilgpt2	False	0.4865785539150238	1.0392553806304932
David	2448	David	0	distilbert/distilgpt2	distilbert/distilgpt2	False	1.0	0.0
Ġg	2448	 galled	1	distilbert/distilgpt2	distilbert/distilgpt2	False	2.445543577778153e-05	15.319485664367676
alled	2448	 galled	1	distilbert/distilgpt2	distilbert/distilgpt2	False	4.100963269593194e-05	14.573678016662598
ĠMary	2448	 Mary	2	distilbert/distilgpt2	distilbert/distilgpt2	False	3.9534264942631125e-05	14.626537322998047
Ġbecause	2448	 because	3	distilbert/distilgpt2	distilbert/distilgpt2	False	0.0002747722901403904	11.829475402832031
Ġshe	2448	 she	4	distilbert/distilgpt2	distilbert/distilgpt2	False	0.49335771799087524	1.019294023513794
John	2449	John	0	distilbert/distilgpt2	distilbert/distilgpt2	False	1.0	0.0
Ġgl	2449	 gladdened	1	distilbert/distilgpt2	distilbert/distilgpt2	False	8.318230015902373e-07	20.197219848632812
add	2449	 gladdened	1	distilbert/distilgpt2	distilbert/distilgpt2	False	0.0017116076778620481	9.19043254852295
ened	2449	 gladdened	1	distilbert/distilgpt2	distilbert/distilgpt2	False	0.12525035440921783	2.9971134662628174
ĠDavid	2449	 David	2	distilbert/distilgpt2	distilbert/distilgpt2	False	5.183326720725745e-05	14.235761642456055
Ġbecause	2449	 because	3	distilbert/distilgpt2	distilbert/distilgpt2	False	0.00039895495865494013	11.291486740112305
Ġhe	2449	 he	4	distilbert/distilgpt2	distilbert/distilgpt2	False	0.40722528100013733	1.2961009740829468
Mary	2450	Mary	0	distilbert/distilgpt2	distilbert/distilgpt2	False	1.0	0.0
Ġgl	2450	 gladdened	1	distilbert/distilgpt2	distilbert/distilgpt2	False	8.91681622761098e-07	20.096967697143555
add	2450	 gladdened	1	distilbert/distilgpt2	distilbert/distilgpt2	False	0.0019795536063611507	8.980608940124512
ened	2450	 gladdened	1	distilbert/distilgpt2	distilbert/distilgpt2	False	0.25019243359565735	1.9988900423049927
ĠDavid	2450	 David	2	distilbert/distilgpt2	distilbert/distilgpt2	False	3.7779700505780056e-05	14.692028999328613
Ġbecause	2450	 because	3	distilbert/distilgpt2	distilbert/distilgpt2	False	0.0003931572427973151	11.312605857849121
Ġhe	2450	 he	4	distilbert/distilgpt2	distilbert/distilgpt2	False	0.4053232669830322	1.302855134010315
John	2451	John	0	distilbert/distilgpt2	distilbert/distilgpt2	False	1.0	0.0
Ġgl	2451	 gladdened	1	distilbert/distilgpt2	distilbert/distilgpt2	False	8.318230015902373e-07	20.197219848632812
add	2451	 gladdened	1	distilbert/distilgpt2	distilbert/distilgpt2	False	0.0017116076778620481	9.19043254852295
ened	2451	 gladdened	1	distilbert/distilgpt2	distilbert/distilgpt2	False	0.12525035440921783	2.9971134662628174
ĠDavid	2451	 David	2	distilbert/distilgpt2	distilbert/distilgpt2	False	5.183326720725745e-05	14.235761642456055
Ġbecause	2451	 because	3	distilbert/distilgpt2	distilbert/distilgpt2	False	0.00039895495865494013	11.291486740112305
Ġhe	2451	 he	4	distilbert/distilgpt2	distilbert/distilgpt2	False	0.40722528100013733	1.2961009740829468
Sarah	2452	Sarah	0	distilbert/distilgpt2	distilbert/distilgpt2	False	1.0	0.0
Ġgl	2452	 gladdened	1	distilbert/distilgpt2	distilbert/distilgpt2	False	8.488127036798687e-07	20.16805076599121
add	2452	 gladdened	1	distilbert/distilgpt2	distilbert/distilgpt2	False	0.0021609950345009565	8.85408878326416
ened	2452	 gladdened	1	distilbert/distilgpt2	distilbert/distilgpt2	False	0.26935145258903503	1.892438292503357
ĠDavid	2452	 David	2	distilbert/distilgpt2	distilbert/distilgpt2	False	4.00240533053875e-05	14.608773231506348
Ġbecause	2452	 because	3	distilbert/distilgpt2	distilbert/distilgpt2	False	0.00036254036240279675	11.429571151733398
Ġhe	2452	 he	4	distilbert/distilgpt2	distilbert/distilgpt2	False	0.41135042905807495	1.2815601825714111
David	2453	David	0	distilbert/distilgpt2	distilbert/distilgpt2	False	1.0	0.0
Ġgl	2453	 gladdened	1	distilbert/distilgpt2	distilbert/distilgpt2	False	9.019980211633083e-07	20.080371856689453
add	2453	 gladdened	1	distilbert/distilgpt2	distilbert/distilgpt2	False	0.002088310196995735	8.903448104858398
ened	2453	 gladdened	1	distilbert/distilgpt2	distilbert/distilgpt2	False	0.1911747306585312	2.3870363235473633
ĠJohn	2453	 John	2	distilbert/distilgpt2	distilbert/distilgpt2	False	3.728030787897296e-05	14.711226463317871
Ġbecause	2453	 because	3	distilbert/distilgpt2	distilbert/distilgpt2	False	0.0009539058664813638	10.033864974975586
Ġhe	2453	 he	4	distilbert/distilgpt2	distilbert/distilgpt2	False	0.4283127784729004	1.2232633829116821
Mary	2454	Mary	0	distilbert/distilgpt2	distilbert/distilgpt2	False	1.0	0.0
Ġgl	2454	 gladdened	1	distilbert/distilgpt2	distilbert/distilgpt2	False	8.91681622761098e-07	20.096967697143555
add	2454	 gladdened	1	distilbert/distilgpt2	distilbert/distilgpt2	False	0.0019795536063611507	8.980608940124512
ened	2454	 gladdened	1	distilbert/distilgpt2	distilbert/distilgpt2	False	0.25019243359565735	1.9988900423049927
ĠJohn	2454	 John	2	distilbert/distilgpt2	distilbert/distilgpt2	False	4.0190512663684785e-05	14.602785110473633
Ġbecause	2454	 because	3	distilbert/distilgpt2	distilbert/distilgpt2	False	0.0009183033253066242	10.088741302490234
Ġhe	2454	 he	4	distilbert/distilgpt2	distilbert/distilgpt2	False	0.4425261318683624	1.1761654615402222
David	2455	David	0	distilbert/distilgpt2	distilbert/distilgpt2	False	1.0	0.0
Ġgl	2455	 gladdened	1	distilbert/distilgpt2	distilbert/distilgpt2	False	9.019980211633083e-07	20.080371856689453
add	2455	 gladdened	1	distilbert/distilgpt2	distilbert/distilgpt2	False	0.002088310196995735	8.903448104858398
ened	2455	 gladdened	1	distilbert/distilgpt2	distilbert/distilgpt2	False	0.1911747306585312	2.3870363235473633
ĠJohn	2455	 John	2	distilbert/distilgpt2	distilbert/distilgpt2	False	3.728030787897296e-05	14.711226463317871
Ġbecause	2455	 because	3	distilbert/distilgpt2	distilbert/distilgpt2	False	0.0009539058664813638	10.033864974975586
Ġhe	2455	 he	4	distilbert/distilgpt2	distilbert/distilgpt2	False	0.4283127784729004	1.2232633829116821
Sarah	2456	Sarah	0	distilbert/distilgpt2	distilbert/distilgpt2	False	1.0	0.0
Ġgl	2456	 gladdened	1	distilbert/distilgpt2	distilbert/distilgpt2	False	8.488127036798687e-07	20.16805076599121
add	2456	 gladdened	1	distilbert/distilgpt2	distilbert/distilgpt2	False	0.0021609950345009565	8.85408878326416
ened	2456	 gladdened	1	distilbert/distilgpt2	distilbert/distilgpt2	False	0.26935145258903503	1.892438292503357
ĠJohn	2456	 John	2	distilbert/distilgpt2	distilbert/distilgpt2	False	3.113606362603605e-05	14.971054077148438
Ġbecause	2456	 because	3	distilbert/distilgpt2	distilbert/distilgpt2	False	0.0014373580925166607	9.442364692687988
Ġhe	2456	 he	4	distilbert/distilgpt2	distilbert/distilgpt2	False	0.42199718952178955	1.244694709777832
Mary	2457	Mary	0	distilbert/distilgpt2	distilbert/distilgpt2	False	1.0	0.0
Ġgl	2457	 gladdened	1	distilbert/distilgpt2	distilbert/distilgpt2	False	8.91681622761098e-07	20.096967697143555
add	2457	 gladdened	1	distilbert/distilgpt2	distilbert/distilgpt2	False	0.0019795536063611507	8.980608940124512
ened	2457	 gladdened	1	distilbert/distilgpt2	distilbert/distilgpt2	False	0.25019243359565735	1.9988900423049927
ĠSarah	2457	 Sarah	2	distilbert/distilgpt2	distilbert/distilgpt2	False	1.929502650455106e-05	15.66141128540039
Ġbecause	2457	 because	3	distilbert/distilgpt2	distilbert/distilgpt2	False	0.0012852571671828628	9.603727340698242
Ġshe	2457	 she	4	distilbert/distilgpt2	distilbert/distilgpt2	False	0.530953586101532	0.9133424758911133
John	2458	John	0	distilbert/distilgpt2	distilbert/distilgpt2	False	1.0	0.0
Ġgl	2458	 gladdened	1	distilbert/distilgpt2	distilbert/distilgpt2	False	8.318230015902373e-07	20.197219848632812
add	2458	 gladdened	1	distilbert/distilgpt2	distilbert/distilgpt2	False	0.0017116076778620481	9.19043254852295
ened	2458	 gladdened	1	distilbert/distilgpt2	distilbert/distilgpt2	False	0.12525035440921783	2.9971134662628174
ĠSarah	2458	 Sarah	2	distilbert/distilgpt2	distilbert/distilgpt2	False	1.2859914932050742e-05	16.24675941467285
Ġbecause	2458	 because	3	distilbert/distilgpt2	distilbert/distilgpt2	False	0.0012631609570235014	9.628746032714844
Ġshe	2458	 she	4	distilbert/distilgpt2	distilbert/distilgpt2	False	0.5024166703224182	0.9930437207221985
Mary	2459	Mary	0	distilbert/distilgpt2	distilbert/distilgpt2	False	1.0	0.0
Ġgl	2459	 gladdened	1	distilbert/distilgpt2	distilbert/distilgpt2	False	8.91681622761098e-07	20.096967697143555
add	2459	 gladdened	1	distilbert/distilgpt2	distilbert/distilgpt2	False	0.0019795536063611507	8.980608940124512
ened	2459	 gladdened	1	distilbert/distilgpt2	distilbert/distilgpt2	False	0.25019243359565735	1.9988900423049927
ĠSarah	2459	 Sarah	2	distilbert/distilgpt2	distilbert/distilgpt2	False	1.929502650455106e-05	15.66141128540039
Ġbecause	2459	 because	3	distilbert/distilgpt2	distilbert/distilgpt2	False	0.0012852571671828628	9.603727340698242
Ġshe	2459	 she	4	distilbert/distilgpt2	distilbert/distilgpt2	False	0.530953586101532	0.9133424758911133
David	2460	David	0	distilbert/distilgpt2	distilbert/distilgpt2	False	1.0	0.0
Ġgl	2460	 gladdened	1	distilbert/distilgpt2	distilbert/distilgpt2	False	9.019980211633083e-07	20.080371856689453
add	2460	 gladdened	1	distilbert/distilgpt2	distilbert/distilgpt2	False	0.002088310196995735	8.903448104858398
ened	2460	 gladdened	1	distilbert/distilgpt2	distilbert/distilgpt2	False	0.1911747306585312	2.3870363235473633
ĠSarah	2460	 Sarah	2	distilbert/distilgpt2	distilbert/distilgpt2	False	9.569627763994504e-06	16.673105239868164
Ġbecause	2460	 because	3	distilbert/distilgpt2	distilbert/distilgpt2	False	0.0008610144723206758	10.18167495727539
Ġshe	2460	 she	4	distilbert/distilgpt2	distilbert/distilgpt2	False	0.51276034116745	0.963643491268158
Sarah	2461	Sarah	0	distilbert/distilgpt2	distilbert/distilgpt2	False	1.0	0.0
Ġgl	2461	 gladdened	1	distilbert/distilgpt2	distilbert/distilgpt2	False	8.488127036798687e-07	20.16805076599121
add	2461	 gladdened	1	distilbert/distilgpt2	distilbert/distilgpt2	False	0.0021609950345009565	8.85408878326416
ened	2461	 gladdened	1	distilbert/distilgpt2	distilbert/distilgpt2	False	0.26935145258903503	1.892438292503357
ĠMary	2461	 Mary	2	distilbert/distilgpt2	distilbert/distilgpt2	False	3.437414488871582e-05	14.828316688537598
Ġbecause	2461	 because	3	distilbert/distilgpt2	distilbert/distilgpt2	False	0.00038917906931601465	11.327278137207031
Ġshe	2461	 she	4	distilbert/distilgpt2	distilbert/distilgpt2	False	0.47030776739120483	1.0883229970932007
John	2462	John	0	distilbert/distilgpt2	distilbert/distilgpt2	False	1.0	0.0
Ġgl	2462	 gladdened	1	distilbert/distilgpt2	distilbert/distilgpt2	False	8.318230015902373e-07	20.197219848632812
add	2462	 gladdened	1	distilbert/distilgpt2	distilbert/distilgpt2	False	0.0017116076778620481	9.19043254852295
ened	2462	 gladdened	1	distilbert/distilgpt2	distilbert/distilgpt2	False	0.12525035440921783	2.9971134662628174
ĠMary	2462	 Mary	2	distilbert/distilgpt2	distilbert/distilgpt2	False	2.6582325517665595e-05	15.199172973632812
Ġbecause	2462	 because	3	distilbert/distilgpt2	distilbert/distilgpt2	False	0.0008561181020922959	10.189902305603027
Ġshe	2462	 she	4	distilbert/distilgpt2	distilbert/distilgpt2	False	0.4693949818611145	1.091125726699829
Sarah	2463	Sarah	0	distilbert/distilgpt2	distilbert/distilgpt2	False	1.0	0.0
Ġgl	2463	 gladdened	1	distilbert/distilgpt2	distilbert/distilgpt2	False	8.488127036798687e-07	20.16805076599121
add	2463	 gladdened	1	distilbert/distilgpt2	distilbert/distilgpt2	False	0.0021609950345009565	8.85408878326416
ened	2463	 gladdened	1	distilbert/distilgpt2	distilbert/distilgpt2	False	0.26935145258903503	1.892438292503357
ĠMary	2463	 Mary	2	distilbert/distilgpt2	distilbert/distilgpt2	False	3.437414488871582e-05	14.828316688537598
Ġbecause	2463	 because	3	distilbert/distilgpt2	distilbert/distilgpt2	False	0.00038917906931601465	11.327278137207031
Ġshe	2463	 she	4	distilbert/distilgpt2	distilbert/distilgpt2	False	0.47030776739120483	1.0883229970932007
David	2464	David	0	distilbert/distilgpt2	distilbert/distilgpt2	False	1.0	0.0
Ġgl	2464	 gladdened	1	distilbert/distilgpt2	distilbert/distilgpt2	False	9.019980211633083e-07	20.080371856689453
add	2464	 gladdened	1	distilbert/distilgpt2	distilbert/distilgpt2	False	0.002088310196995735	8.903448104858398
ened	2464	 gladdened	1	distilbert/distilgpt2	distilbert/distilgpt2	False	0.1911747306585312	2.3870363235473633
ĠMary	2464	 Mary	2	distilbert/distilgpt2	distilbert/distilgpt2	False	2.0494580894592218e-05	15.574398040771484
Ġbecause	2464	 because	3	distilbert/distilgpt2	distilbert/distilgpt2	False	0.00045410997699946165	11.104670524597168
Ġshe	2464	 she	4	distilbert/distilgpt2	distilbert/distilgpt2	False	0.48224303126335144	1.0521677732467651
John	2465	John	0	distilbert/distilgpt2	distilbert/distilgpt2	False	1.0	0.0
Ġgrabbed	2465	 grabbed	1	distilbert/distilgpt2	distilbert/distilgpt2	False	1.5594294211496162e-07	22.612478256225586
ĠDavid	2465	 David	2	distilbert/distilgpt2	distilbert/distilgpt2	False	0.00019929351401515305	12.292818069458008
Ġbecause	2465	 because	3	distilbert/distilgpt2	distilbert/distilgpt2	False	0.0002886950096581131	11.758166313171387
Ġhe	2465	 he	4	distilbert/distilgpt2	distilbert/distilgpt2	False	0.4847806990146637	1.0445958375930786
Mary	2466	Mary	0	distilbert/distilgpt2	distilbert/distilgpt2	False	1.0	0.0
Ġgrabbed	2466	 grabbed	1	distilbert/distilgpt2	distilbert/distilgpt2	False	1.244411294010206e-07	22.938034057617188
ĠDavid	2466	 David	2	distilbert/distilgpt2	distilbert/distilgpt2	False	0.00013547169510275126	12.84972095489502
Ġbecause	2466	 because	3	distilbert/distilgpt2	distilbert/distilgpt2	False	0.0004542671958915889	11.104170799255371
Ġhe	2466	 he	4	distilbert/distilgpt2	distilbert/distilgpt2	False	0.48861855268478394	1.0332194566726685
John	2467	John	0	distilbert/distilgpt2	distilbert/distilgpt2	False	1.0	0.0
Ġgrabbed	2467	 grabbed	1	distilbert/distilgpt2	distilbert/distilgpt2	False	1.5594294211496162e-07	22.612478256225586
ĠDavid	2467	 David	2	distilbert/distilgpt2	distilbert/distilgpt2	False	0.00019929351401515305	12.292818069458008
Ġbecause	2467	 because	3	distilbert/distilgpt2	distilbert/distilgpt2	False	0.0002886950096581131	11.758166313171387
Ġhe	2467	 he	4	distilbert/distilgpt2	distilbert/distilgpt2	False	0.4847806990146637	1.0445958375930786
Sarah	2468	Sarah	0	distilbert/distilgpt2	distilbert/distilgpt2	False	1.0	0.0
Ġgrabbed	2468	 grabbed	1	distilbert/distilgpt2	distilbert/distilgpt2	False	1.679899952478081e-07	22.5051212310791
ĠDavid	2468	 David	2	distilbert/distilgpt2	distilbert/distilgpt2	False	0.00021031268988735974	12.215176582336426
Ġbecause	2468	 because	3	distilbert/distilgpt2	distilbert/distilgpt2	False	0.00031700986437499523	11.623184204101562
Ġhe	2468	 he	4	distilbert/distilgpt2	distilbert/distilgpt2	False	0.4809243679046631	1.056118130683899
David	2469	David	0	distilbert/distilgpt2	distilbert/distilgpt2	False	1.0	0.0
Ġgrabbed	2469	 grabbed	1	distilbert/distilgpt2	distilbert/distilgpt2	False	1.547971351101296e-07	22.623117446899414
ĠJohn	2469	 John	2	distilbert/distilgpt2	distilbert/distilgpt2	False	0.0004003354115411639	11.286502838134766
Ġbecause	2469	 because	3	distilbert/distilgpt2	distilbert/distilgpt2	False	0.0006764095742255449	10.529815673828125
Ġhe	2469	 he	4	distilbert/distilgpt2	distilbert/distilgpt2	False	0.4642198979854584	1.1071197986602783
Mary	2470	Mary	0	distilbert/distilgpt2	distilbert/distilgpt2	False	1.0	0.0
Ġgrabbed	2470	 grabbed	1	distilbert/distilgpt2	distilbert/distilgpt2	False	1.244411294010206e-07	22.938034057617188
ĠJohn	2470	 John	2	distilbert/distilgpt2	distilbert/distilgpt2	False	0.0003072342078667134	11.668373107910156
Ġbecause	2470	 because	3	distilbert/distilgpt2	distilbert/distilgpt2	False	0.0013940084027126431	9.48654556274414
Ġhe	2470	 he	4	distilbert/distilgpt2	distilbert/distilgpt2	False	0.48857924342155457	1.033335566520691
David	2471	David	0	distilbert/distilgpt2	distilbert/distilgpt2	False	1.0	0.0
Ġgrabbed	2471	 grabbed	1	distilbert/distilgpt2	distilbert/distilgpt2	False	1.547971351101296e-07	22.623117446899414
ĠJohn	2471	 John	2	distilbert/distilgpt2	distilbert/distilgpt2	False	0.0004003354115411639	11.286502838134766
Ġbecause	2471	 because	3	distilbert/distilgpt2	distilbert/distilgpt2	False	0.0006764095742255449	10.529815673828125
Ġhe	2471	 he	4	distilbert/distilgpt2	distilbert/distilgpt2	False	0.4642198979854584	1.1071197986602783
Sarah	2472	Sarah	0	distilbert/distilgpt2	distilbert/distilgpt2	False	1.0	0.0
Ġgrabbed	2472	 grabbed	1	distilbert/distilgpt2	distilbert/distilgpt2	False	1.679899952478081e-07	22.5051212310791
ĠJohn	2472	 John	2	distilbert/distilgpt2	distilbert/distilgpt2	False	0.00037380028516054153	11.385444641113281
Ġbecause	2472	 because	3	distilbert/distilgpt2	distilbert/distilgpt2	False	0.0014169225469231606	9.46302318572998
Ġhe	2472	 he	4	distilbert/distilgpt2	distilbert/distilgpt2	False	0.4694812297821045	1.0908606052398682
Mary	2473	Mary	0	distilbert/distilgpt2	distilbert/distilgpt2	False	1.0	0.0
Ġgrabbed	2473	 grabbed	1	distilbert/distilgpt2	distilbert/distilgpt2	False	1.244411294010206e-07	22.938034057617188
ĠSarah	2473	 Sarah	2	distilbert/distilgpt2	distilbert/distilgpt2	False	0.00014415498299058527	12.760091781616211
Ġbecause	2473	 because	3	distilbert/distilgpt2	distilbert/distilgpt2	False	0.0013923256192356348	9.488287925720215
Ġshe	2473	 she	4	distilbert/distilgpt2	distilbert/distilgpt2	False	0.51235032081604	0.9647976160049438
John	2474	John	0	distilbert/distilgpt2	distilbert/distilgpt2	False	1.0	0.0
Ġgrabbed	2474	 grabbed	1	distilbert/distilgpt2	distilbert/distilgpt2	False	1.5594294211496162e-07	22.612478256225586
ĠSarah	2474	 Sarah	2	distilbert/distilgpt2	distilbert/distilgpt2	False	0.00016958786000031978	12.525679588317871
Ġbecause	2474	 because	3	distilbert/distilgpt2	distilbert/distilgpt2	False	0.0009992668638005853	9.966842651367188
Ġshe	2474	 she	4	distilbert/distilgpt2	distilbert/distilgpt2	False	0.48026585578918457	1.05809485912323
Mary	2475	Mary	0	distilbert/distilgpt2	distilbert/distilgpt2	False	1.0	0.0
Ġgrabbed	2475	 grabbed	1	distilbert/distilgpt2	distilbert/distilgpt2	False	1.244411294010206e-07	22.938034057617188
ĠSarah	2475	 Sarah	2	distilbert/distilgpt2	distilbert/distilgpt2	False	0.00014415498299058527	12.760091781616211
Ġbecause	2475	 because	3	distilbert/distilgpt2	distilbert/distilgpt2	False	0.0013923256192356348	9.488287925720215
Ġshe	2475	 she	4	distilbert/distilgpt2	distilbert/distilgpt2	False	0.51235032081604	0.9647976160049438
David	2476	David	0	distilbert/distilgpt2	distilbert/distilgpt2	False	1.0	0.0
Ġgrabbed	2476	 grabbed	1	distilbert/distilgpt2	distilbert/distilgpt2	False	1.547971351101296e-07	22.623117446899414
ĠSarah	2476	 Sarah	2	distilbert/distilgpt2	distilbert/distilgpt2	False	0.00013791906530968845	12.823890686035156
Ġbecause	2476	 because	3	distilbert/distilgpt2	distilbert/distilgpt2	False	0.0005129908677190542	10.928779602050781
Ġshe	2476	 she	4	distilbert/distilgpt2	distilbert/distilgpt2	False	0.48411861062049866	1.0465675592422485
Sarah	2477	Sarah	0	distilbert/distilgpt2	distilbert/distilgpt2	False	1.0	0.0
Ġgrabbed	2477	 grabbed	1	distilbert/distilgpt2	distilbert/distilgpt2	False	1.679899952478081e-07	22.5051212310791
ĠMary	2477	 Mary	2	distilbert/distilgpt2	distilbert/distilgpt2	False	0.00014870456652715802	12.715263366699219
Ġbecause	2477	 because	3	distilbert/distilgpt2	distilbert/distilgpt2	False	0.0006322460831142962	10.627225875854492
Ġshe	2477	 she	4	distilbert/distilgpt2	distilbert/distilgpt2	False	0.4492112696170807	1.1545339822769165
John	2478	John	0	distilbert/distilgpt2	distilbert/distilgpt2	False	1.0	0.0
Ġgrabbed	2478	 grabbed	1	distilbert/distilgpt2	distilbert/distilgpt2	False	1.5594294211496162e-07	22.612478256225586
ĠMary	2478	 Mary	2	distilbert/distilgpt2	distilbert/distilgpt2	False	0.00015924622130114585	12.616453170776367
Ġbecause	2478	 because	3	distilbert/distilgpt2	distilbert/distilgpt2	False	0.0007558072684332728	10.369693756103516
Ġshe	2478	 she	4	distilbert/distilgpt2	distilbert/distilgpt2	False	0.434333860874176	1.203123688697815
Sarah	2479	Sarah	0	distilbert/distilgpt2	distilbert/distilgpt2	False	1.0	0.0
Ġgrabbed	2479	 grabbed	1	distilbert/distilgpt2	distilbert/distilgpt2	False	1.679899952478081e-07	22.5051212310791
ĠMary	2479	 Mary	2	distilbert/distilgpt2	distilbert/distilgpt2	False	0.00014870456652715802	12.715263366699219
Ġbecause	2479	 because	3	distilbert/distilgpt2	distilbert/distilgpt2	False	0.0006322460831142962	10.627225875854492
Ġshe	2479	 she	4	distilbert/distilgpt2	distilbert/distilgpt2	False	0.4492112696170807	1.1545339822769165
David	2480	David	0	distilbert/distilgpt2	distilbert/distilgpt2	False	1.0	0.0
Ġgrabbed	2480	 grabbed	1	distilbert/distilgpt2	distilbert/distilgpt2	False	1.547971351101296e-07	22.623117446899414
ĠMary	2480	 Mary	2	distilbert/distilgpt2	distilbert/distilgpt2	False	0.00013550349103752524	12.849382400512695
Ġbecause	2480	 because	3	distilbert/distilgpt2	distilbert/distilgpt2	False	0.00040998312761075795	11.252147674560547
Ġshe	2480	 she	4	distilbert/distilgpt2	distilbert/distilgpt2	False	0.43468213081359863	1.2019673585891724
John	2481	John	0	distilbert/distilgpt2	distilbert/distilgpt2	False	1.0	0.0
Ġgraz	2481	 grazed	1	distilbert/distilgpt2	distilbert/distilgpt2	False	3.5601248615790837e-09	28.065425872802734
ed	2481	 grazed	1	distilbert/distilgpt2	distilbert/distilgpt2	False	0.7566316723823547	0.4023369550704956
ĠDavid	2481	 David	2	distilbert/distilgpt2	distilbert/distilgpt2	False	9.781595872482285e-05	13.319570541381836
Ġbecause	2481	 because	3	distilbert/distilgpt2	distilbert/distilgpt2	False	0.0007298820419237018	10.420048713684082
Ġhe	2481	 he	4	distilbert/distilgpt2	distilbert/distilgpt2	False	0.44555529952049255	1.1663236618041992
Mary	2482	Mary	0	distilbert/distilgpt2	distilbert/distilgpt2	False	1.0	0.0
Ġgraz	2482	 grazed	1	distilbert/distilgpt2	distilbert/distilgpt2	False	3.66923513794859e-09	28.021873474121094
ed	2482	 grazed	1	distilbert/distilgpt2	distilbert/distilgpt2	False	0.7690438032150269	0.3788623511791229
ĠDavid	2482	 David	2	distilbert/distilgpt2	distilbert/distilgpt2	False	6.885527545819059e-05	13.82607364654541
Ġbecause	2482	 because	3	distilbert/distilgpt2	distilbert/distilgpt2	False	0.0007302468875423074	10.419327735900879
Ġhe	2482	 he	4	distilbert/distilgpt2	distilbert/distilgpt2	False	0.4253929853439331	1.2331318855285645
John	2483	John	0	distilbert/distilgpt2	distilbert/distilgpt2	False	1.0	0.0
Ġgraz	2483	 grazed	1	distilbert/distilgpt2	distilbert/distilgpt2	False	3.5601248615790837e-09	28.065425872802734
ed	2483	 grazed	1	distilbert/distilgpt2	distilbert/distilgpt2	False	0.7566316723823547	0.4023369550704956
ĠDavid	2483	 David	2	distilbert/distilgpt2	distilbert/distilgpt2	False	9.781595872482285e-05	13.319570541381836
Ġbecause	2483	 because	3	distilbert/distilgpt2	distilbert/distilgpt2	False	0.0007298820419237018	10.420048713684082
Ġhe	2483	 he	4	distilbert/distilgpt2	distilbert/distilgpt2	False	0.44555529952049255	1.1663236618041992
Sarah	2484	Sarah	0	distilbert/distilgpt2	distilbert/distilgpt2	False	1.0	0.0
Ġgraz	2484	 grazed	1	distilbert/distilgpt2	distilbert/distilgpt2	False	4.2332639615949574e-09	27.815582275390625
ed	2484	 grazed	1	distilbert/distilgpt2	distilbert/distilgpt2	False	0.7511069774627686	0.41290974617004395
ĠDavid	2484	 David	2	distilbert/distilgpt2	distilbert/distilgpt2	False	8.407138375332579e-05	13.538025856018066
Ġbecause	2484	 because	3	distilbert/distilgpt2	distilbert/distilgpt2	False	0.0005218714359216392	10.904017448425293
Ġhe	2484	 he	4	distilbert/distilgpt2	distilbert/distilgpt2	False	0.4508891999721527	1.1491551399230957
David	2485	David	0	distilbert/distilgpt2	distilbert/distilgpt2	False	1.0	0.0
Ġgraz	2485	 grazed	1	distilbert/distilgpt2	distilbert/distilgpt2	False	2.891955119821432e-09	28.365306854248047
ed	2485	 grazed	1	distilbert/distilgpt2	distilbert/distilgpt2	False	0.880906879901886	0.18293848633766174
ĠJohn	2485	 John	2	distilbert/distilgpt2	distilbert/distilgpt2	False	0.00020799414778593928	12.231169700622559
Ġbecause	2485	 because	3	distilbert/distilgpt2	distilbert/distilgpt2	False	0.0005454950733110309	10.8401460647583
Ġhe	2485	 he	4	distilbert/distilgpt2	distilbert/distilgpt2	False	0.4118410348892212	1.2798405885696411
Mary	2486	Mary	0	distilbert/distilgpt2	distilbert/distilgpt2	False	1.0	0.0
Ġgraz	2486	 grazed	1	distilbert/distilgpt2	distilbert/distilgpt2	False	3.66923513794859e-09	28.021873474121094
ed	2486	 grazed	1	distilbert/distilgpt2	distilbert/distilgpt2	False	0.7690438032150269	0.3788623511791229
ĠJohn	2486	 John	2	distilbert/distilgpt2	distilbert/distilgpt2	False	0.00013927412510383874	12.809784889221191
Ġbecause	2486	 because	3	distilbert/distilgpt2	distilbert/distilgpt2	False	0.0008843047544360161	10.143168449401855
Ġhe	2486	 he	4	distilbert/distilgpt2	distilbert/distilgpt2	False	0.42555680871009827	1.2325763702392578
David	2487	David	0	distilbert/distilgpt2	distilbert/distilgpt2	False	1.0	0.0
Ġgraz	2487	 grazed	1	distilbert/distilgpt2	distilbert/distilgpt2	False	2.891955119821432e-09	28.365306854248047
ed	2487	 grazed	1	distilbert/distilgpt2	distilbert/distilgpt2	False	0.880906879901886	0.18293848633766174
ĠJohn	2487	 John	2	distilbert/distilgpt2	distilbert/distilgpt2	False	0.00020799414778593928	12.231169700622559
Ġbecause	2487	 because	3	distilbert/distilgpt2	distilbert/distilgpt2	False	0.0005454950733110309	10.8401460647583
Ġhe	2487	 he	4	distilbert/distilgpt2	distilbert/distilgpt2	False	0.4118410348892212	1.2798405885696411
Sarah	2488	Sarah	0	distilbert/distilgpt2	distilbert/distilgpt2	False	1.0	0.0
Ġgraz	2488	 grazed	1	distilbert/distilgpt2	distilbert/distilgpt2	False	4.2332639615949574e-09	27.815582275390625
ed	2488	 grazed	1	distilbert/distilgpt2	distilbert/distilgpt2	False	0.7511069774627686	0.41290974617004395
ĠJohn	2488	 John	2	distilbert/distilgpt2	distilbert/distilgpt2	False	0.00011568782065296546	13.077475547790527
Ġbecause	2488	 because	3	distilbert/distilgpt2	distilbert/distilgpt2	False	0.0009639929630793631	10.01869010925293
Ġhe	2488	 he	4	distilbert/distilgpt2	distilbert/distilgpt2	False	0.4185733497142792	1.256447672843933
Mary	2489	Mary	0	distilbert/distilgpt2	distilbert/distilgpt2	False	1.0	0.0
Ġgraz	2489	 grazed	1	distilbert/distilgpt2	distilbert/distilgpt2	False	3.66923513794859e-09	28.021873474121094
ed	2489	 grazed	1	distilbert/distilgpt2	distilbert/distilgpt2	False	0.7690438032150269	0.3788623511791229
ĠSarah	2489	 Sarah	2	distilbert/distilgpt2	distilbert/distilgpt2	False	5.688131204806268e-05	14.101685523986816
Ġbecause	2489	 because	3	distilbert/distilgpt2	distilbert/distilgpt2	False	0.0016661810223013163	9.229239463806152
Ġshe	2489	 she	4	distilbert/distilgpt2	distilbert/distilgpt2	False	0.47493430972099304	1.07420015335083
John	2490	John	0	distilbert/distilgpt2	distilbert/distilgpt2	False	1.0	0.0
Ġgraz	2490	 grazed	1	distilbert/distilgpt2	distilbert/distilgpt2	False	3.5601248615790837e-09	28.065425872802734
ed	2490	 grazed	1	distilbert/distilgpt2	distilbert/distilgpt2	False	0.7566316723823547	0.4023369550704956
ĠSarah	2490	 Sarah	2	distilbert/distilgpt2	distilbert/distilgpt2	False	6.946198845980689e-05	13.813416481018066
Ġbecause	2490	 because	3	distilbert/distilgpt2	distilbert/distilgpt2	False	0.0015951207606121898	9.292119026184082
Ġshe	2490	 she	4	distilbert/distilgpt2	distilbert/distilgpt2	False	0.46935418248176575	1.0912511348724365
Mary	2491	Mary	0	distilbert/distilgpt2	distilbert/distilgpt2	False	1.0	0.0
Ġgraz	2491	 grazed	1	distilbert/distilgpt2	distilbert/distilgpt2	False	3.66923513794859e-09	28.021873474121094
ed	2491	 grazed	1	distilbert/distilgpt2	distilbert/distilgpt2	False	0.7690438032150269	0.3788623511791229
ĠSarah	2491	 Sarah	2	distilbert/distilgpt2	distilbert/distilgpt2	False	5.688131204806268e-05	14.101685523986816
Ġbecause	2491	 because	3	distilbert/distilgpt2	distilbert/distilgpt2	False	0.0016661810223013163	9.229239463806152
Ġshe	2491	 she	4	distilbert/distilgpt2	distilbert/distilgpt2	False	0.47493430972099304	1.07420015335083
David	2492	David	0	distilbert/distilgpt2	distilbert/distilgpt2	False	1.0	0.0
Ġgraz	2492	 grazed	1	distilbert/distilgpt2	distilbert/distilgpt2	False	2.891955119821432e-09	28.365306854248047
ed	2492	 grazed	1	distilbert/distilgpt2	distilbert/distilgpt2	False	0.880906879901886	0.18293848633766174
ĠSarah	2492	 Sarah	2	distilbert/distilgpt2	distilbert/distilgpt2	False	9.517436410533264e-05	13.359067916870117
Ġbecause	2492	 because	3	distilbert/distilgpt2	distilbert/distilgpt2	False	0.0011181177105754614	9.804712295532227
Ġshe	2492	 she	4	distilbert/distilgpt2	distilbert/distilgpt2	False	0.4743509292602539	1.075973391532898
Sarah	2493	Sarah	0	distilbert/distilgpt2	distilbert/distilgpt2	False	1.0	0.0
Ġgraz	2493	 grazed	1	distilbert/distilgpt2	distilbert/distilgpt2	False	4.2332639615949574e-09	27.815582275390625
ed	2493	 grazed	1	distilbert/distilgpt2	distilbert/distilgpt2	False	0.7511069774627686	0.41290974617004395
ĠMary	2493	 Mary	2	distilbert/distilgpt2	distilbert/distilgpt2	False	7.522897067246959e-05	13.698351860046387
Ġbecause	2493	 because	3	distilbert/distilgpt2	distilbert/distilgpt2	False	0.000626435736194253	10.640545845031738
Ġshe	2493	 she	4	distilbert/distilgpt2	distilbert/distilgpt2	False	0.42005378007888794	1.2513540983200073
John	2494	John	0	distilbert/distilgpt2	distilbert/distilgpt2	False	1.0	0.0
Ġgraz	2494	 grazed	1	distilbert/distilgpt2	distilbert/distilgpt2	False	3.5601248615790837e-09	28.065425872802734
ed	2494	 grazed	1	distilbert/distilgpt2	distilbert/distilgpt2	False	0.7566316723823547	0.4023369550704956
ĠMary	2494	 Mary	2	distilbert/distilgpt2	distilbert/distilgpt2	False	8.253914711531252e-05	13.56456184387207
Ġbecause	2494	 because	3	distilbert/distilgpt2	distilbert/distilgpt2	False	0.0009951599640771747	9.972784042358398
Ġshe	2494	 she	4	distilbert/distilgpt2	distilbert/distilgpt2	False	0.41241589188575745	1.2778282165527344
Sarah	2495	Sarah	0	distilbert/distilgpt2	distilbert/distilgpt2	False	1.0	0.0
Ġgraz	2495	 grazed	1	distilbert/distilgpt2	distilbert/distilgpt2	False	4.2332639615949574e-09	27.815582275390625
ed	2495	 grazed	1	distilbert/distilgpt2	distilbert/distilgpt2	False	0.7511069774627686	0.41290974617004395
ĠMary	2495	 Mary	2	distilbert/distilgpt2	distilbert/distilgpt2	False	7.522897067246959e-05	13.698351860046387
Ġbecause	2495	 because	3	distilbert/distilgpt2	distilbert/distilgpt2	False	0.000626435736194253	10.640545845031738
Ġshe	2495	 she	4	distilbert/distilgpt2	distilbert/distilgpt2	False	0.42005378007888794	1.2513540983200073
David	2496	David	0	distilbert/distilgpt2	distilbert/distilgpt2	False	1.0	0.0
Ġgraz	2496	 grazed	1	distilbert/distilgpt2	distilbert/distilgpt2	False	2.891955119821432e-09	28.365306854248047
ed	2496	 grazed	1	distilbert/distilgpt2	distilbert/distilgpt2	False	0.880906879901886	0.18293848633766174
ĠMary	2496	 Mary	2	distilbert/distilgpt2	distilbert/distilgpt2	False	9.108802623813972e-05	13.422379493713379
Ġbecause	2496	 because	3	distilbert/distilgpt2	distilbert/distilgpt2	False	0.00047886534593999386	11.028092384338379
Ġshe	2496	 she	4	distilbert/distilgpt2	distilbert/distilgpt2	False	0.4181269109249115	1.2579872608184814
John	2497	John	0	distilbert/distilgpt2	distilbert/distilgpt2	False	1.0	0.0
Ġgreeted	2497	 greeted	1	distilbert/distilgpt2	distilbert/distilgpt2	False	8.327457123868953e-08	23.517549514770508
ĠDavid	2497	 David	2	distilbert/distilgpt2	distilbert/distilgpt2	False	0.0005230119568295777	10.90086841583252
Ġbecause	2497	 because	3	distilbert/distilgpt2	distilbert/distilgpt2	False	0.0002955082163680345	11.72451400756836
Ġhe	2497	 he	4	distilbert/distilgpt2	distilbert/distilgpt2	False	0.4387291967868805	1.1885974407196045
Mary	2498	Mary	0	distilbert/distilgpt2	distilbert/distilgpt2	False	1.0	0.0
Ġgreeted	2498	 greeted	1	distilbert/distilgpt2	distilbert/distilgpt2	False	1.0659047688932333e-07	23.161418914794922
ĠDavid	2498	 David	2	distilbert/distilgpt2	distilbert/distilgpt2	False	0.00042633857810869813	11.19571304321289
Ġbecause	2498	 because	3	distilbert/distilgpt2	distilbert/distilgpt2	False	0.00040998312761075795	11.252147674560547
Ġhe	2498	 he	4	distilbert/distilgpt2	distilbert/distilgpt2	False	0.4366287887096405	1.1955208778381348
John	2499	John	0	distilbert/distilgpt2	distilbert/distilgpt2	False	1.0	0.0
Ġgreeted	2499	 greeted	1	distilbert/distilgpt2	distilbert/distilgpt2	False	8.327457123868953e-08	23.517549514770508
ĠDavid	2499	 David	2	distilbert/distilgpt2	distilbert/distilgpt2	False	0.0005230119568295777	10.90086841583252
Ġbecause	2499	 because	3	distilbert/distilgpt2	distilbert/distilgpt2	False	0.0002955082163680345	11.72451400756836
Ġhe	2499	 he	4	distilbert/distilgpt2	distilbert/distilgpt2	False	0.4387291967868805	1.1885974407196045
Sarah	2500	Sarah	0	distilbert/distilgpt2	distilbert/distilgpt2	False	1.0	0.0
Ġgreeted	2500	 greeted	1	distilbert/distilgpt2	distilbert/distilgpt2	False	9.740445250372431e-08	23.29143714904785
ĠDavid	2500	 David	2	distilbert/distilgpt2	distilbert/distilgpt2	False	0.0006623563240282238	10.560104370117188
Ġbecause	2500	 because	3	distilbert/distilgpt2	distilbert/distilgpt2	False	0.00029833533335477114	11.710777282714844
Ġhe	2500	 he	4	distilbert/distilgpt2	distilbert/distilgpt2	False	0.4495319128036499	1.1535046100616455
David	2501	David	0	distilbert/distilgpt2	distilbert/distilgpt2	False	1.0	0.0
Ġgreeted	2501	 greeted	1	distilbert/distilgpt2	distilbert/distilgpt2	False	1.0422125740205956e-07	23.19384765625
ĠJohn	2501	 John	2	distilbert/distilgpt2	distilbert/distilgpt2	False	0.0011857044883072376	9.720039367675781
Ġbecause	2501	 because	3	distilbert/distilgpt2	distilbert/distilgpt2	False	0.0004982606624253094	10.97081184387207
Ġhe	2501	 he	4	distilbert/distilgpt2	distilbert/distilgpt2	False	0.44388118386268616	1.1717545986175537
Mary	2502	Mary	0	distilbert/distilgpt2	distilbert/distilgpt2	False	1.0	0.0
Ġgreeted	2502	 greeted	1	distilbert/distilgpt2	distilbert/distilgpt2	False	1.0659047688932333e-07	23.161418914794922
ĠJohn	2502	 John	2	distilbert/distilgpt2	distilbert/distilgpt2	False	0.000862095330376178	10.179864883422852
Ġbecause	2502	 because	3	distilbert/distilgpt2	distilbert/distilgpt2	False	0.0009126471704803407	10.097655296325684
Ġhe	2502	 he	4	distilbert/distilgpt2	distilbert/distilgpt2	False	0.4707462787628174	1.0869784355163574
David	2503	David	0	distilbert/distilgpt2	distilbert/distilgpt2	False	1.0	0.0
Ġgreeted	2503	 greeted	1	distilbert/distilgpt2	distilbert/distilgpt2	False	1.0422125740205956e-07	23.19384765625
ĠJohn	2503	 John	2	distilbert/distilgpt2	distilbert/distilgpt2	False	0.0011857044883072376	9.720039367675781
Ġbecause	2503	 because	3	distilbert/distilgpt2	distilbert/distilgpt2	False	0.0004982606624253094	10.97081184387207
Ġhe	2503	 he	4	distilbert/distilgpt2	distilbert/distilgpt2	False	0.44388118386268616	1.1717545986175537
Sarah	2504	Sarah	0	distilbert/distilgpt2	distilbert/distilgpt2	False	1.0	0.0
Ġgreeted	2504	 greeted	1	distilbert/distilgpt2	distilbert/distilgpt2	False	9.740445250372431e-08	23.29143714904785
ĠJohn	2504	 John	2	distilbert/distilgpt2	distilbert/distilgpt2	False	0.0011524708243086934	9.761054039001465
Ġbecause	2504	 because	3	distilbert/distilgpt2	distilbert/distilgpt2	False	0.0011026846477761865	9.824764251708984
Ġhe	2504	 he	4	distilbert/distilgpt2	distilbert/distilgpt2	False	0.4591461718082428	1.1229746341705322
Mary	2505	Mary	0	distilbert/distilgpt2	distilbert/distilgpt2	False	1.0	0.0
Ġgreeted	2505	 greeted	1	distilbert/distilgpt2	distilbert/distilgpt2	False	1.0659047688932333e-07	23.161418914794922
ĠSarah	2505	 Sarah	2	distilbert/distilgpt2	distilbert/distilgpt2	False	0.00018605965306051075	12.391946792602539
Ġbecause	2505	 because	3	distilbert/distilgpt2	distilbert/distilgpt2	False	0.001060227514244616	9.881410598754883
Ġshe	2505	 she	4	distilbert/distilgpt2	distilbert/distilgpt2	False	0.5278414487838745	0.9218235015869141
John	2506	John	0	distilbert/distilgpt2	distilbert/distilgpt2	False	1.0	0.0
Ġgreeted	2506	 greeted	1	distilbert/distilgpt2	distilbert/distilgpt2	False	8.327457123868953e-08	23.517549514770508
ĠSarah	2506	 Sarah	2	distilbert/distilgpt2	distilbert/distilgpt2	False	0.00019379754667170346	12.333162307739258
Ġbecause	2506	 because	3	distilbert/distilgpt2	distilbert/distilgpt2	False	0.0008818242349661887	10.147221565246582
Ġshe	2506	 she	4	distilbert/distilgpt2	distilbert/distilgpt2	False	0.5076271891593933	0.9781588315963745
Mary	2507	Mary	0	distilbert/distilgpt2	distilbert/distilgpt2	False	1.0	0.0
Ġgreeted	2507	 greeted	1	distilbert/distilgpt2	distilbert/distilgpt2	False	1.0659047688932333e-07	23.161418914794922
ĠSarah	2507	 Sarah	2	distilbert/distilgpt2	distilbert/distilgpt2	False	0.00018605965306051075	12.391946792602539
Ġbecause	2507	 because	3	distilbert/distilgpt2	distilbert/distilgpt2	False	0.001060227514244616	9.881410598754883
Ġshe	2507	 she	4	distilbert/distilgpt2	distilbert/distilgpt2	False	0.5278414487838745	0.9218235015869141
David	2508	David	0	distilbert/distilgpt2	distilbert/distilgpt2	False	1.0	0.0
Ġgreeted	2508	 greeted	1	distilbert/distilgpt2	distilbert/distilgpt2	False	1.0422125740205956e-07	23.19384765625
ĠSarah	2508	 Sarah	2	distilbert/distilgpt2	distilbert/distilgpt2	False	0.0002033816563198343	12.26352310180664
Ġbecause	2508	 because	3	distilbert/distilgpt2	distilbert/distilgpt2	False	0.0005850552697665989	10.739139556884766
Ġshe	2508	 she	4	distilbert/distilgpt2	distilbert/distilgpt2	False	0.5007108449935913	0.9979503750801086
Sarah	2509	Sarah	0	distilbert/distilgpt2	distilbert/distilgpt2	False	1.0	0.0
Ġgreeted	2509	 greeted	1	distilbert/distilgpt2	distilbert/distilgpt2	False	9.740445250372431e-08	23.29143714904785
ĠMary	2509	 Mary	2	distilbert/distilgpt2	distilbert/distilgpt2	False	0.0006621390348300338	10.560578346252441
Ġbecause	2509	 because	3	distilbert/distilgpt2	distilbert/distilgpt2	False	0.0006235966575331986	10.647099494934082
Ġshe	2509	 she	4	distilbert/distilgpt2	distilbert/distilgpt2	False	0.466418981552124	1.1003016233444214
John	2510	John	0	distilbert/distilgpt2	distilbert/distilgpt2	False	1.0	0.0
Ġgreeted	2510	 greeted	1	distilbert/distilgpt2	distilbert/distilgpt2	False	8.327457123868953e-08	23.517549514770508
ĠMary	2510	 Mary	2	distilbert/distilgpt2	distilbert/distilgpt2	False	0.0004512671148404479	11.113730430603027
Ġbecause	2510	 because	3	distilbert/distilgpt2	distilbert/distilgpt2	False	0.0007138336659409106	10.45212459564209
Ġshe	2510	 she	4	distilbert/distilgpt2	distilbert/distilgpt2	False	0.46040502190589905	1.1190245151519775
Sarah	2511	Sarah	0	distilbert/distilgpt2	distilbert/distilgpt2	False	1.0	0.0
Ġgreeted	2511	 greeted	1	distilbert/distilgpt2	distilbert/distilgpt2	False	9.740445250372431e-08	23.29143714904785
ĠMary	2511	 Mary	2	distilbert/distilgpt2	distilbert/distilgpt2	False	0.0006621390348300338	10.560578346252441
Ġbecause	2511	 because	3	distilbert/distilgpt2	distilbert/distilgpt2	False	0.0006235966575331986	10.647099494934082
Ġshe	2511	 she	4	distilbert/distilgpt2	distilbert/distilgpt2	False	0.466418981552124	1.1003016233444214
David	2512	David	0	distilbert/distilgpt2	distilbert/distilgpt2	False	1.0	0.0
Ġgreeted	2512	 greeted	1	distilbert/distilgpt2	distilbert/distilgpt2	False	1.0422125740205956e-07	23.19384765625
ĠMary	2512	 Mary	2	distilbert/distilgpt2	distilbert/distilgpt2	False	0.00047535612247884274	11.038703918457031
Ġbecause	2512	 because	3	distilbert/distilgpt2	distilbert/distilgpt2	False	0.00044524171971715987	11.133123397827148
Ġshe	2512	 she	4	distilbert/distilgpt2	distilbert/distilgpt2	False	0.4531211853027344	1.142031192779541
John	2513	John	0	distilbert/distilgpt2	distilbert/distilgpt2	False	1.0	0.0
Ġg	2513	 grieved	1	distilbert/distilgpt2	distilbert/distilgpt2	False	2.2083386284066364e-05	15.466678619384766
rieved	2513	 grieved	1	distilbert/distilgpt2	distilbert/distilgpt2	False	0.0003402081783860922	11.521294593811035
ĠDavid	2513	 David	2	distilbert/distilgpt2	distilbert/distilgpt2	False	7.787620415911078e-05	13.648457527160645
Ġbecause	2513	 because	3	distilbert/distilgpt2	distilbert/distilgpt2	False	0.0007313961978070438	10.417058944702148
Ġhe	2513	 he	4	distilbert/distilgpt2	distilbert/distilgpt2	False	0.43872442841529846	1.1886130571365356
Mary	2514	Mary	0	distilbert/distilgpt2	distilbert/distilgpt2	False	1.0	0.0
Ġg	2514	 grieved	1	distilbert/distilgpt2	distilbert/distilgpt2	False	2.2939208065508865e-05	15.411825180053711
rieved	2514	 grieved	1	distilbert/distilgpt2	distilbert/distilgpt2	False	0.00044844119111076	11.122793197631836
ĠDavid	2514	 David	2	distilbert/distilgpt2	distilbert/distilgpt2	False	7.309055945370346e-05	13.739954948425293
Ġbecause	2514	 because	3	distilbert/distilgpt2	distilbert/distilgpt2	False	0.0007143832626752555	10.451014518737793
Ġhe	2514	 he	4	distilbert/distilgpt2	distilbert/distilgpt2	False	0.4476311504840851	1.1596176624298096
John	2515	John	0	distilbert/distilgpt2	distilbert/distilgpt2	False	1.0	0.0
Ġg	2515	 grieved	1	distilbert/distilgpt2	distilbert/distilgpt2	False	2.2083386284066364e-05	15.466678619384766
rieved	2515	 grieved	1	distilbert/distilgpt2	distilbert/distilgpt2	False	0.0003402081783860922	11.521294593811035
ĠDavid	2515	 David	2	distilbert/distilgpt2	distilbert/distilgpt2	False	7.787620415911078e-05	13.648457527160645
Ġbecause	2515	 because	3	distilbert/distilgpt2	distilbert/distilgpt2	False	0.0007313961978070438	10.417058944702148
Ġhe	2515	 he	4	distilbert/distilgpt2	distilbert/distilgpt2	False	0.43872442841529846	1.1886130571365356
Sarah	2516	Sarah	0	distilbert/distilgpt2	distilbert/distilgpt2	False	1.0	0.0
Ġg	2516	 grieved	1	distilbert/distilgpt2	distilbert/distilgpt2	False	2.355991273361724e-05	15.373306274414062
rieved	2516	 grieved	1	distilbert/distilgpt2	distilbert/distilgpt2	False	0.00041366706136614084	11.239242553710938
ĠDavid	2516	 David	2	distilbert/distilgpt2	distilbert/distilgpt2	False	8.135642565321177e-05	13.585384368896484
Ġbecause	2516	 because	3	distilbert/distilgpt2	distilbert/distilgpt2	False	0.0006716028437949717	10.540103912353516
Ġhe	2516	 he	4	distilbert/distilgpt2	distilbert/distilgpt2	False	0.4545688331127167	1.1374293565750122
David	2517	David	0	distilbert/distilgpt2	distilbert/distilgpt2	False	1.0	0.0
Ġg	2517	 grieved	1	distilbert/distilgpt2	distilbert/distilgpt2	False	2.445543577778153e-05	15.319485664367676
rieved	2517	 grieved	1	distilbert/distilgpt2	distilbert/distilgpt2	False	0.0003938235167879611	11.310163497924805
ĠJohn	2517	 John	2	distilbert/distilgpt2	distilbert/distilgpt2	False	0.00015222503861878067	12.681507110595703
Ġbecause	2517	 because	3	distilbert/distilgpt2	distilbert/distilgpt2	False	0.0007549680885858834	10.371296882629395
Ġhe	2517	 he	4	distilbert/distilgpt2	distilbert/distilgpt2	False	0.43022915720939636	1.216822862625122
Mary	2518	Mary	0	distilbert/distilgpt2	distilbert/distilgpt2	False	1.0	0.0
Ġg	2518	 grieved	1	distilbert/distilgpt2	distilbert/distilgpt2	False	2.2939208065508865e-05	15.411825180053711
rieved	2518	 grieved	1	distilbert/distilgpt2	distilbert/distilgpt2	False	0.00044844119111076	11.122793197631836
ĠJohn	2518	 John	2	distilbert/distilgpt2	distilbert/distilgpt2	False	0.00013086987019050866	12.899579048156738
Ġbecause	2518	 because	3	distilbert/distilgpt2	distilbert/distilgpt2	False	0.0006477617425844073	10.592248916625977
Ġhe	2518	 he	4	distilbert/distilgpt2	distilbert/distilgpt2	False	0.4601300358772278	1.1198865175247192
David	2519	David	0	distilbert/distilgpt2	distilbert/distilgpt2	False	1.0	0.0
Ġg	2519	 grieved	1	distilbert/distilgpt2	distilbert/distilgpt2	False	2.445543577778153e-05	15.319485664367676
rieved	2519	 grieved	1	distilbert/distilgpt2	distilbert/distilgpt2	False	0.0003938235167879611	11.310163497924805
ĠJohn	2519	 John	2	distilbert/distilgpt2	distilbert/distilgpt2	False	0.00015222503861878067	12.681507110595703
Ġbecause	2519	 because	3	distilbert/distilgpt2	distilbert/distilgpt2	False	0.0007549680885858834	10.371296882629395
Ġhe	2519	 he	4	distilbert/distilgpt2	distilbert/distilgpt2	False	0.43022915720939636	1.216822862625122
Sarah	2520	Sarah	0	distilbert/distilgpt2	distilbert/distilgpt2	False	1.0	0.0
Ġg	2520	 grieved	1	distilbert/distilgpt2	distilbert/distilgpt2	False	2.355991273361724e-05	15.373306274414062
rieved	2520	 grieved	1	distilbert/distilgpt2	distilbert/distilgpt2	False	0.00041366706136614084	11.239242553710938
ĠJohn	2520	 John	2	distilbert/distilgpt2	distilbert/distilgpt2	False	0.00013036873133387417	12.90511417388916
Ġbecause	2520	 because	3	distilbert/distilgpt2	distilbert/distilgpt2	False	0.0011549099581316113	9.758004188537598
Ġhe	2520	 he	4	distilbert/distilgpt2	distilbert/distilgpt2	False	0.4554815888404846	1.1345354318618774
Mary	2521	Mary	0	distilbert/distilgpt2	distilbert/distilgpt2	False	1.0	0.0
Ġg	2521	 grieved	1	distilbert/distilgpt2	distilbert/distilgpt2	False	2.2939208065508865e-05	15.411825180053711
rieved	2521	 grieved	1	distilbert/distilgpt2	distilbert/distilgpt2	False	0.00044844119111076	11.122793197631836
ĠSarah	2521	 Sarah	2	distilbert/distilgpt2	distilbert/distilgpt2	False	3.146033122902736e-05	14.956106185913086
Ġbecause	2521	 because	3	distilbert/distilgpt2	distilbert/distilgpt2	False	0.0014325709780678153	9.44717788696289
Ġshe	2521	 she	4	distilbert/distilgpt2	distilbert/distilgpt2	False	0.5098685026168823	0.9718029499053955
John	2522	John	0	distilbert/distilgpt2	distilbert/distilgpt2	False	1.0	0.0
Ġg	2522	 grieved	1	distilbert/distilgpt2	distilbert/distilgpt2	False	2.2083386284066364e-05	15.466678619384766
rieved	2522	 grieved	1	distilbert/distilgpt2	distilbert/distilgpt2	False	0.0003402081783860922	11.521294593811035
ĠSarah	2522	 Sarah	2	distilbert/distilgpt2	distilbert/distilgpt2	False	3.189115523127839e-05	14.936484336853027
Ġbecause	2522	 because	3	distilbert/distilgpt2	distilbert/distilgpt2	False	0.0013977643102407455	9.48266315460205
Ġshe	2522	 she	4	distilbert/distilgpt2	distilbert/distilgpt2	False	0.4788273274898529	1.0624226331710815
Mary	2523	Mary	0	distilbert/distilgpt2	distilbert/distilgpt2	False	1.0	0.0
Ġg	2523	 grieved	1	distilbert/distilgpt2	distilbert/distilgpt2	False	2.2939208065508865e-05	15.411825180053711
rieved	2523	 grieved	1	distilbert/distilgpt2	distilbert/distilgpt2	False	0.00044844119111076	11.122793197631836
ĠSarah	2523	 Sarah	2	distilbert/distilgpt2	distilbert/distilgpt2	False	3.146033122902736e-05	14.956106185913086
Ġbecause	2523	 because	3	distilbert/distilgpt2	distilbert/distilgpt2	False	0.0014325709780678153	9.44717788696289
Ġshe	2523	 she	4	distilbert/distilgpt2	distilbert/distilgpt2	False	0.5098685026168823	0.9718029499053955
David	2524	David	0	distilbert/distilgpt2	distilbert/distilgpt2	False	1.0	0.0
Ġg	2524	 grieved	1	distilbert/distilgpt2	distilbert/distilgpt2	False	2.445543577778153e-05	15.319485664367676
rieved	2524	 grieved	1	distilbert/distilgpt2	distilbert/distilgpt2	False	0.0003938235167879611	11.310163497924805
ĠSarah	2524	 Sarah	2	distilbert/distilgpt2	distilbert/distilgpt2	False	2.9235650799819268e-05	15.061911582946777
Ġbecause	2524	 because	3	distilbert/distilgpt2	distilbert/distilgpt2	False	0.001183405052870512	9.722840309143066
Ġshe	2524	 she	4	distilbert/distilgpt2	distilbert/distilgpt2	False	0.4601292610168457	1.1198889017105103
Sarah	2525	Sarah	0	distilbert/distilgpt2	distilbert/distilgpt2	False	1.0	0.0
Ġg	2525	 grieved	1	distilbert/distilgpt2	distilbert/distilgpt2	False	2.355991273361724e-05	15.373306274414062
rieved	2525	 grieved	1	distilbert/distilgpt2	distilbert/distilgpt2	False	0.00041366706136614084	11.239242553710938
ĠMary	2525	 Mary	2	distilbert/distilgpt2	distilbert/distilgpt2	False	4.696672840509564e-05	14.37800121307373
Ġbecause	2525	 because	3	distilbert/distilgpt2	distilbert/distilgpt2	False	0.0007156262872740626	10.448506355285645
Ġshe	2525	 she	4	distilbert/distilgpt2	distilbert/distilgpt2	False	0.46022194623947144	1.119598388671875
John	2526	John	0	distilbert/distilgpt2	distilbert/distilgpt2	False	1.0	0.0
Ġg	2526	 grieved	1	distilbert/distilgpt2	distilbert/distilgpt2	False	2.2083386284066364e-05	15.466678619384766
rieved	2526	 grieved	1	distilbert/distilgpt2	distilbert/distilgpt2	False	0.0003402081783860922	11.521294593811035
ĠMary	2526	 Mary	2	distilbert/distilgpt2	distilbert/distilgpt2	False	4.550526136881672e-05	14.423606872558594
Ġbecause	2526	 because	3	distilbert/distilgpt2	distilbert/distilgpt2	False	0.0009494532714597881	10.04061508178711
Ġshe	2526	 she	4	distilbert/distilgpt2	distilbert/distilgpt2	False	0.46397319436073303	1.1078866720199585
Sarah	2527	Sarah	0	distilbert/distilgpt2	distilbert/distilgpt2	False	1.0	0.0
Ġg	2527	 grieved	1	distilbert/distilgpt2	distilbert/distilgpt2	False	2.355991273361724e-05	15.373306274414062
rieved	2527	 grieved	1	distilbert/distilgpt2	distilbert/distilgpt2	False	0.00041366706136614084	11.239242553710938
ĠMary	2527	 Mary	2	distilbert/distilgpt2	distilbert/distilgpt2	False	4.696672840509564e-05	14.37800121307373
Ġbecause	2527	 because	3	distilbert/distilgpt2	distilbert/distilgpt2	False	0.0007156262872740626	10.448506355285645
Ġshe	2527	 she	4	distilbert/distilgpt2	distilbert/distilgpt2	False	0.46022194623947144	1.119598388671875
David	2528	David	0	distilbert/distilgpt2	distilbert/distilgpt2	False	1.0	0.0
Ġg	2528	 grieved	1	distilbert/distilgpt2	distilbert/distilgpt2	False	2.445543577778153e-05	15.319485664367676
rieved	2528	 grieved	1	distilbert/distilgpt2	distilbert/distilgpt2	False	0.0003938235167879611	11.310163497924805
ĠMary	2528	 Mary	2	distilbert/distilgpt2	distilbert/distilgpt2	False	3.7877936847507954e-05	14.68828296661377
Ġbecause	2528	 because	3	distilbert/distilgpt2	distilbert/distilgpt2	False	0.000548427109606564	10.832412719726562
Ġshe	2528	 she	4	distilbert/distilgpt2	distilbert/distilgpt2	False	0.4400109648704529	1.1843886375427246
John	2529	John	0	distilbert/distilgpt2	distilbert/distilgpt2	False	1.0	0.0
Ġguided	2529	 guided	1	distilbert/distilgpt2	distilbert/distilgpt2	False	6.421815612611681e-08	23.89244270324707
ĠDavid	2529	 David	2	distilbert/distilgpt2	distilbert/distilgpt2	False	7.640025432920083e-05	13.676063537597656
Ġbecause	2529	 because	3	distilbert/distilgpt2	distilbert/distilgpt2	False	0.00015558977611362934	12.649965286254883
Ġhe	2529	 he	4	distilbert/distilgpt2	distilbert/distilgpt2	False	0.41477373242378235	1.2696036100387573
Mary	2530	Mary	0	distilbert/distilgpt2	distilbert/distilgpt2	False	1.0	0.0
Ġguided	2530	 guided	1	distilbert/distilgpt2	distilbert/distilgpt2	False	7.055097483998907e-08	23.756759643554688
ĠDavid	2530	 David	2	distilbert/distilgpt2	distilbert/distilgpt2	False	4.0744464058661833e-05	14.583036422729492
Ġbecause	2530	 because	3	distilbert/distilgpt2	distilbert/distilgpt2	False	0.00019156988128088415	12.349842071533203
Ġhe	2530	 he	4	distilbert/distilgpt2	distilbert/distilgpt2	False	0.4083457589149475	1.2921369075775146
John	2531	John	0	distilbert/distilgpt2	distilbert/distilgpt2	False	1.0	0.0
Ġguided	2531	 guided	1	distilbert/distilgpt2	distilbert/distilgpt2	False	6.421815612611681e-08	23.89244270324707
ĠDavid	2531	 David	2	distilbert/distilgpt2	distilbert/distilgpt2	False	7.640025432920083e-05	13.676063537597656
Ġbecause	2531	 because	3	distilbert/distilgpt2	distilbert/distilgpt2	False	0.00015558977611362934	12.649965286254883
Ġhe	2531	 he	4	distilbert/distilgpt2	distilbert/distilgpt2	False	0.41477373242378235	1.2696036100387573
Sarah	2532	Sarah	0	distilbert/distilgpt2	distilbert/distilgpt2	False	1.0	0.0
Ġguided	2532	 guided	1	distilbert/distilgpt2	distilbert/distilgpt2	False	6.486754244861004e-08	23.877927780151367
ĠDavid	2532	 David	2	distilbert/distilgpt2	distilbert/distilgpt2	False	6.013171514496207e-05	14.021513938903809
Ġbecause	2532	 because	3	distilbert/distilgpt2	distilbert/distilgpt2	False	0.00018732162425294518	12.382194519042969
Ġhe	2532	 he	4	distilbert/distilgpt2	distilbert/distilgpt2	False	0.41861531138420105	1.256303071975708
David	2533	David	0	distilbert/distilgpt2	distilbert/distilgpt2	False	1.0	0.0
Ġguided	2533	 guided	1	distilbert/distilgpt2	distilbert/distilgpt2	False	7.324437945044338e-08	23.702707290649414
ĠJohn	2533	 John	2	distilbert/distilgpt2	distilbert/distilgpt2	False	0.0002746025566011667	11.830367088317871
Ġbecause	2533	 because	3	distilbert/distilgpt2	distilbert/distilgpt2	False	0.00019530374265741557	12.321992874145508
Ġhe	2533	 he	4	distilbert/distilgpt2	distilbert/distilgpt2	False	0.4024883210659027	1.3129812479019165
Mary	2534	Mary	0	distilbert/distilgpt2	distilbert/distilgpt2	False	1.0	0.0
Ġguided	2534	 guided	1	distilbert/distilgpt2	distilbert/distilgpt2	False	7.055097483998907e-08	23.756759643554688
ĠJohn	2534	 John	2	distilbert/distilgpt2	distilbert/distilgpt2	False	0.00010558921349002048	13.209249496459961
Ġbecause	2534	 because	3	distilbert/distilgpt2	distilbert/distilgpt2	False	0.00034620577935129404	11.496082305908203
Ġhe	2534	 he	4	distilbert/distilgpt2	distilbert/distilgpt2	False	0.4359314441680908	1.197826862335205
David	2535	David	0	distilbert/distilgpt2	distilbert/distilgpt2	False	1.0	0.0
Ġguided	2535	 guided	1	distilbert/distilgpt2	distilbert/distilgpt2	False	7.324437945044338e-08	23.702707290649414
ĠJohn	2535	 John	2	distilbert/distilgpt2	distilbert/distilgpt2	False	0.0002746025566011667	11.830367088317871
Ġbecause	2535	 because	3	distilbert/distilgpt2	distilbert/distilgpt2	False	0.00019530374265741557	12.321992874145508
Ġhe	2535	 he	4	distilbert/distilgpt2	distilbert/distilgpt2	False	0.4024883210659027	1.3129812479019165
Sarah	2536	Sarah	0	distilbert/distilgpt2	distilbert/distilgpt2	False	1.0	0.0
Ġguided	2536	 guided	1	distilbert/distilgpt2	distilbert/distilgpt2	False	6.486754244861004e-08	23.877927780151367
ĠJohn	2536	 John	2	distilbert/distilgpt2	distilbert/distilgpt2	False	0.00012047631753375754	13.018962860107422
Ġbecause	2536	 because	3	distilbert/distilgpt2	distilbert/distilgpt2	False	0.0005151863442733884	10.92261791229248
Ġhe	2536	 he	4	distilbert/distilgpt2	distilbert/distilgpt2	False	0.4129960536956787	1.275800108909607
Mary	2537	Mary	0	distilbert/distilgpt2	distilbert/distilgpt2	False	1.0	0.0
Ġguided	2537	 guided	1	distilbert/distilgpt2	distilbert/distilgpt2	False	7.055097483998907e-08	23.756759643554688
ĠSarah	2537	 Sarah	2	distilbert/distilgpt2	distilbert/distilgpt2	False	3.6068555345991626e-05	14.758898735046387
Ġbecause	2537	 because	3	distilbert/distilgpt2	distilbert/distilgpt2	False	0.0005835056654177606	10.742965698242188
Ġshe	2537	 she	4	distilbert/distilgpt2	distilbert/distilgpt2	False	0.46897003054618835	1.0924323797225952
John	2538	John	0	distilbert/distilgpt2	distilbert/distilgpt2	False	1.0	0.0
Ġguided	2538	 guided	1	distilbert/distilgpt2	distilbert/distilgpt2	False	6.421815612611681e-08	23.89244270324707
ĠSarah	2538	 Sarah	2	distilbert/distilgpt2	distilbert/distilgpt2	False	4.316708873375319e-05	14.499709129333496
Ġbecause	2538	 because	3	distilbert/distilgpt2	distilbert/distilgpt2	False	0.0005527609027922153	10.821057319641113
Ġshe	2538	 she	4	distilbert/distilgpt2	distilbert/distilgpt2	False	0.4357547461986542	1.1984117031097412
Mary	2539	Mary	0	distilbert/distilgpt2	distilbert/distilgpt2	False	1.0	0.0
Ġguided	2539	 guided	1	distilbert/distilgpt2	distilbert/distilgpt2	False	7.055097483998907e-08	23.756759643554688
ĠSarah	2539	 Sarah	2	distilbert/distilgpt2	distilbert/distilgpt2	False	3.6068555345991626e-05	14.758898735046387
Ġbecause	2539	 because	3	distilbert/distilgpt2	distilbert/distilgpt2	False	0.0005835056654177606	10.742965698242188
Ġshe	2539	 she	4	distilbert/distilgpt2	distilbert/distilgpt2	False	0.46897003054618835	1.0924323797225952
David	2540	David	0	distilbert/distilgpt2	distilbert/distilgpt2	False	1.0	0.0
Ġguided	2540	 guided	1	distilbert/distilgpt2	distilbert/distilgpt2	False	7.324437945044338e-08	23.702707290649414
ĠSarah	2540	 Sarah	2	distilbert/distilgpt2	distilbert/distilgpt2	False	3.492924588499591e-05	14.805205345153809
Ġbecause	2540	 because	3	distilbert/distilgpt2	distilbert/distilgpt2	False	0.00039966002805158496	11.288939476013184
Ġshe	2540	 she	4	distilbert/distilgpt2	distilbert/distilgpt2	False	0.4344865679740906	1.202616572380066
Sarah	2541	Sarah	0	distilbert/distilgpt2	distilbert/distilgpt2	False	1.0	0.0
Ġguided	2541	 guided	1	distilbert/distilgpt2	distilbert/distilgpt2	False	6.486754244861004e-08	23.877927780151367
ĠMary	2541	 Mary	2	distilbert/distilgpt2	distilbert/distilgpt2	False	8.178934513125569e-05	13.577727317810059
Ġbecause	2541	 because	3	distilbert/distilgpt2	distilbert/distilgpt2	False	0.0002234123821835965	12.128003120422363
Ġshe	2541	 she	4	distilbert/distilgpt2	distilbert/distilgpt2	False	0.3921806514263153	1.350409746170044
John	2542	John	0	distilbert/distilgpt2	distilbert/distilgpt2	False	1.0	0.0
Ġguided	2542	 guided	1	distilbert/distilgpt2	distilbert/distilgpt2	False	6.421815612611681e-08	23.89244270324707
ĠMary	2542	 Mary	2	distilbert/distilgpt2	distilbert/distilgpt2	False	7.792791438987479e-05	13.647500038146973
Ġbecause	2542	 because	3	distilbert/distilgpt2	distilbert/distilgpt2	False	0.00022550782887265086	12.114535331726074
Ġshe	2542	 she	4	distilbert/distilgpt2	distilbert/distilgpt2	False	0.40708860754966736	1.2965853214263916
Sarah	2543	Sarah	0	distilbert/distilgpt2	distilbert/distilgpt2	False	1.0	0.0
Ġguided	2543	 guided	1	distilbert/distilgpt2	distilbert/distilgpt2	False	6.486754244861004e-08	23.877927780151367
ĠMary	2543	 Mary	2	distilbert/distilgpt2	distilbert/distilgpt2	False	8.178934513125569e-05	13.577727317810059
Ġbecause	2543	 because	3	distilbert/distilgpt2	distilbert/distilgpt2	False	0.0002234123821835965	12.128003120422363
Ġshe	2543	 she	4	distilbert/distilgpt2	distilbert/distilgpt2	False	0.3921806514263153	1.350409746170044
David	2544	David	0	distilbert/distilgpt2	distilbert/distilgpt2	False	1.0	0.0
Ġguided	2544	 guided	1	distilbert/distilgpt2	distilbert/distilgpt2	False	7.324437945044338e-08	23.702707290649414
ĠMary	2544	 Mary	2	distilbert/distilgpt2	distilbert/distilgpt2	False	7.58331807446666e-05	13.686811447143555
Ġbecause	2544	 because	3	distilbert/distilgpt2	distilbert/distilgpt2	False	0.00016986952687148005	12.523285865783691
Ġshe	2544	 she	4	distilbert/distilgpt2	distilbert/distilgpt2	False	0.39984196424484253	1.3224982023239136
John	2545	John	0	distilbert/distilgpt2	distilbert/distilgpt2	False	1.0	0.0
Ġhailed	2545	 hailed	1	distilbert/distilgpt2	distilbert/distilgpt2	False	3.9180520161608e-08	24.605287551879883
ĠDavid	2545	 David	2	distilbert/distilgpt2	distilbert/distilgpt2	False	0.0007164378766901791	10.446870803833008
Ġbecause	2545	 because	3	distilbert/distilgpt2	distilbert/distilgpt2	False	5.657165092998184e-05	14.1095609664917
Ġhe	2545	 he	4	distilbert/distilgpt2	distilbert/distilgpt2	False	0.4457235634326935	1.1657788753509521
Mary	2546	Mary	0	distilbert/distilgpt2	distilbert/distilgpt2	False	1.0	0.0
Ġhailed	2546	 hailed	1	distilbert/distilgpt2	distilbert/distilgpt2	False	4.762894789678285e-08	24.323585510253906
ĠDavid	2546	 David	2	distilbert/distilgpt2	distilbert/distilgpt2	False	0.0006949084927327931	10.490889549255371
Ġbecause	2546	 because	3	distilbert/distilgpt2	distilbert/distilgpt2	False	0.0001503751118434593	12.699146270751953
Ġhe	2546	 he	4	distilbert/distilgpt2	distilbert/distilgpt2	False	0.46375277638435364	1.108572244644165
John	2547	John	0	distilbert/distilgpt2	distilbert/distilgpt2	False	1.0	0.0
Ġhailed	2547	 hailed	1	distilbert/distilgpt2	distilbert/distilgpt2	False	3.9180520161608e-08	24.605287551879883
ĠDavid	2547	 David	2	distilbert/distilgpt2	distilbert/distilgpt2	False	0.0007164378766901791	10.446870803833008
Ġbecause	2547	 because	3	distilbert/distilgpt2	distilbert/distilgpt2	False	5.657165092998184e-05	14.1095609664917
Ġhe	2547	 he	4	distilbert/distilgpt2	distilbert/distilgpt2	False	0.4457235634326935	1.1657788753509521
Sarah	2548	Sarah	0	distilbert/distilgpt2	distilbert/distilgpt2	False	1.0	0.0
Ġhailed	2548	 hailed	1	distilbert/distilgpt2	distilbert/distilgpt2	False	3.986764696151113e-08	24.5802059173584
ĠDavid	2548	 David	2	distilbert/distilgpt2	distilbert/distilgpt2	False	0.0013402161421254277	9.543318748474121
Ġbecause	2548	 because	3	distilbert/distilgpt2	distilbert/distilgpt2	False	6.196457979967818e-05	13.97819709777832
Ġhe	2548	 he	4	distilbert/distilgpt2	distilbert/distilgpt2	False	0.4577939212322235	1.1272298097610474
David	2549	David	0	distilbert/distilgpt2	distilbert/distilgpt2	False	1.0	0.0
Ġhailed	2549	 hailed	1	distilbert/distilgpt2	distilbert/distilgpt2	False	4.8651141781874685e-08	24.292951583862305
ĠJohn	2549	 John	2	distilbert/distilgpt2	distilbert/distilgpt2	False	0.0009988376405090094	9.967462539672852
Ġbecause	2549	 because	3	distilbert/distilgpt2	distilbert/distilgpt2	False	7.203636050689965e-05	13.76091480255127
Ġhe	2549	 he	4	distilbert/distilgpt2	distilbert/distilgpt2	False	0.46462398767471313	1.1058645248413086
Mary	2550	Mary	0	distilbert/distilgpt2	distilbert/distilgpt2	False	1.0	0.0
Ġhailed	2550	 hailed	1	distilbert/distilgpt2	distilbert/distilgpt2	False	4.762894789678285e-08	24.323585510253906
ĠJohn	2550	 John	2	distilbert/distilgpt2	distilbert/distilgpt2	False	0.0010097753256559372	9.951749801635742
Ġbecause	2550	 because	3	distilbert/distilgpt2	distilbert/distilgpt2	False	0.0002874740748666227	11.764280319213867
Ġhe	2550	 he	4	distilbert/distilgpt2	distilbert/distilgpt2	False	0.5070220828056335	0.9798795580863953
David	2551	David	0	distilbert/distilgpt2	distilbert/distilgpt2	False	1.0	0.0
Ġhailed	2551	 hailed	1	distilbert/distilgpt2	distilbert/distilgpt2	False	4.8651141781874685e-08	24.292951583862305
ĠJohn	2551	 John	2	distilbert/distilgpt2	distilbert/distilgpt2	False	0.0009988376405090094	9.967462539672852
Ġbecause	2551	 because	3	distilbert/distilgpt2	distilbert/distilgpt2	False	7.203636050689965e-05	13.76091480255127
Ġhe	2551	 he	4	distilbert/distilgpt2	distilbert/distilgpt2	False	0.46462398767471313	1.1058645248413086
Sarah	2552	Sarah	0	distilbert/distilgpt2	distilbert/distilgpt2	False	1.0	0.0
Ġhailed	2552	 hailed	1	distilbert/distilgpt2	distilbert/distilgpt2	False	3.986764696151113e-08	24.5802059173584
ĠJohn	2552	 John	2	distilbert/distilgpt2	distilbert/distilgpt2	False	0.001482590101659298	9.397664070129395
Ġbecause	2552	 because	3	distilbert/distilgpt2	distilbert/distilgpt2	False	0.000173379376064986	12.493780136108398
Ġhe	2552	 he	4	distilbert/distilgpt2	distilbert/distilgpt2	False	0.4786943197250366	1.0628234148025513
Mary	2553	Mary	0	distilbert/distilgpt2	distilbert/distilgpt2	False	1.0	0.0
Ġhailed	2553	 hailed	1	distilbert/distilgpt2	distilbert/distilgpt2	False	4.762894789678285e-08	24.323585510253906
ĠSarah	2553	 Sarah	2	distilbert/distilgpt2	distilbert/distilgpt2	False	0.0001005212907330133	13.280211448669434
Ġbecause	2553	 because	3	distilbert/distilgpt2	distilbert/distilgpt2	False	0.0006362563581205904	10.618103981018066
Ġshe	2553	 she	4	distilbert/distilgpt2	distilbert/distilgpt2	False	0.5162356495857239	0.9538983106613159
John	2554	John	0	distilbert/distilgpt2	distilbert/distilgpt2	False	1.0	0.0
Ġhailed	2554	 hailed	1	distilbert/distilgpt2	distilbert/distilgpt2	False	3.9180520161608e-08	24.605287551879883
ĠSarah	2554	 Sarah	2	distilbert/distilgpt2	distilbert/distilgpt2	False	6.642917287535965e-05	13.877823829650879
Ġbecause	2554	 because	3	distilbert/distilgpt2	distilbert/distilgpt2	False	0.00018131366232410073	12.429224967956543
Ġshe	2554	 she	4	distilbert/distilgpt2	distilbert/distilgpt2	False	0.4970317482948303	1.0085901021957397
Mary	2555	Mary	0	distilbert/distilgpt2	distilbert/distilgpt2	False	1.0	0.0
Ġhailed	2555	 hailed	1	distilbert/distilgpt2	distilbert/distilgpt2	False	4.762894789678285e-08	24.323585510253906
ĠSarah	2555	 Sarah	2	distilbert/distilgpt2	distilbert/distilgpt2	False	0.0001005212907330133	13.280211448669434
Ġbecause	2555	 because	3	distilbert/distilgpt2	distilbert/distilgpt2	False	0.0006362563581205904	10.618103981018066
Ġshe	2555	 she	4	distilbert/distilgpt2	distilbert/distilgpt2	False	0.5162356495857239	0.9538983106613159
David	2556	David	0	distilbert/distilgpt2	distilbert/distilgpt2	False	1.0	0.0
Ġhailed	2556	 hailed	1	distilbert/distilgpt2	distilbert/distilgpt2	False	4.8651141781874685e-08	24.292951583862305
ĠSarah	2556	 Sarah	2	distilbert/distilgpt2	distilbert/distilgpt2	False	7.438969623763114e-05	13.714537620544434
Ġbecause	2556	 because	3	distilbert/distilgpt2	distilbert/distilgpt2	False	0.00012149535905336961	13.006811141967773
Ġshe	2556	 she	4	distilbert/distilgpt2	distilbert/distilgpt2	False	0.45868515968322754	1.124423861503601
Sarah	2557	Sarah	0	distilbert/distilgpt2	distilbert/distilgpt2	False	1.0	0.0
Ġhailed	2557	 hailed	1	distilbert/distilgpt2	distilbert/distilgpt2	False	3.986764696151113e-08	24.5802059173584
ĠMary	2557	 Mary	2	distilbert/distilgpt2	distilbert/distilgpt2	False	0.0001957163622137159	12.318947792053223
Ġbecause	2557	 because	3	distilbert/distilgpt2	distilbert/distilgpt2	False	0.00018391813500784338	12.408648490905762
Ġshe	2557	 she	4	distilbert/distilgpt2	distilbert/distilgpt2	False	0.45173075795173645	1.1464649438858032
John	2558	John	0	distilbert/distilgpt2	distilbert/distilgpt2	False	1.0	0.0
Ġhailed	2558	 hailed	1	distilbert/distilgpt2	distilbert/distilgpt2	False	3.9180520161608e-08	24.605287551879883
ĠMary	2558	 Mary	2	distilbert/distilgpt2	distilbert/distilgpt2	False	8.876126230461523e-05	13.459710121154785
Ġbecause	2558	 because	3	distilbert/distilgpt2	distilbert/distilgpt2	False	0.00021223000658210367	12.202083587646484
Ġshe	2558	 she	4	distilbert/distilgpt2	distilbert/distilgpt2	False	0.474713534116745	1.0748709440231323
Sarah	2559	Sarah	0	distilbert/distilgpt2	distilbert/distilgpt2	False	1.0	0.0
Ġhailed	2559	 hailed	1	distilbert/distilgpt2	distilbert/distilgpt2	False	3.986764696151113e-08	24.5802059173584
ĠMary	2559	 Mary	2	distilbert/distilgpt2	distilbert/distilgpt2	False	0.0001957163622137159	12.318947792053223
Ġbecause	2559	 because	3	distilbert/distilgpt2	distilbert/distilgpt2	False	0.00018391813500784338	12.408648490905762
Ġshe	2559	 she	4	distilbert/distilgpt2	distilbert/distilgpt2	False	0.45173075795173645	1.1464649438858032
David	2560	David	0	distilbert/distilgpt2	distilbert/distilgpt2	False	1.0	0.0
Ġhailed	2560	 hailed	1	distilbert/distilgpt2	distilbert/distilgpt2	False	4.8651141781874685e-08	24.292951583862305
ĠMary	2560	 Mary	2	distilbert/distilgpt2	distilbert/distilgpt2	False	0.00010627901792759076	13.19985580444336
Ġbecause	2560	 because	3	distilbert/distilgpt2	distilbert/distilgpt2	False	8.798605995252728e-05	13.472365379333496
Ġshe	2560	 she	4	distilbert/distilgpt2	distilbert/distilgpt2	False	0.43290838599205017	1.2078664302825928
John	2561	John	0	distilbert/distilgpt2	distilbert/distilgpt2	False	1.0	0.0
Ġharassed	2561	 harassed	1	distilbert/distilgpt2	distilbert/distilgpt2	False	1.3411396437845724e-08	26.151966094970703
ĠDavid	2561	 David	2	distilbert/distilgpt2	distilbert/distilgpt2	False	0.00020531898189801723	12.249845504760742
Ġbecause	2561	 because	3	distilbert/distilgpt2	distilbert/distilgpt2	False	0.0007966595003381371	10.29374885559082
Ġhe	2561	 he	4	distilbert/distilgpt2	distilbert/distilgpt2	False	0.48004940152168274	1.058745265007019
Mary	2562	Mary	0	distilbert/distilgpt2	distilbert/distilgpt2	False	1.0	0.0
Ġharassed	2562	 harassed	1	distilbert/distilgpt2	distilbert/distilgpt2	False	1.713718411622267e-08	25.798294067382812
ĠDavid	2562	 David	2	distilbert/distilgpt2	distilbert/distilgpt2	False	0.00012714863987639546	12.94119644165039
Ġbecause	2562	 because	3	distilbert/distilgpt2	distilbert/distilgpt2	False	0.000835082377307117	10.225793838500977
Ġhe	2562	 he	4	distilbert/distilgpt2	distilbert/distilgpt2	False	0.4721529185771942	1.0826739072799683
John	2563	John	0	distilbert/distilgpt2	distilbert/distilgpt2	False	1.0	0.0
Ġharassed	2563	 harassed	1	distilbert/distilgpt2	distilbert/distilgpt2	False	1.3411396437845724e-08	26.151966094970703
ĠDavid	2563	 David	2	distilbert/distilgpt2	distilbert/distilgpt2	False	0.00020531898189801723	12.249845504760742
Ġbecause	2563	 because	3	distilbert/distilgpt2	distilbert/distilgpt2	False	0.0007966595003381371	10.29374885559082
Ġhe	2563	 he	4	distilbert/distilgpt2	distilbert/distilgpt2	False	0.48004940152168274	1.058745265007019
Sarah	2564	Sarah	0	distilbert/distilgpt2	distilbert/distilgpt2	False	1.0	0.0
Ġharassed	2564	 harassed	1	distilbert/distilgpt2	distilbert/distilgpt2	False	1.682779071643381e-08	25.8245792388916
ĠDavid	2564	 David	2	distilbert/distilgpt2	distilbert/distilgpt2	False	0.0001890145504148677	12.36921501159668
Ġbecause	2564	 because	3	distilbert/distilgpt2	distilbert/distilgpt2	False	0.0008828672580420971	10.145515441894531
Ġhe	2564	 he	4	distilbert/distilgpt2	distilbert/distilgpt2	False	0.4695582091808319	1.0906240940093994
David	2565	David	0	distilbert/distilgpt2	distilbert/distilgpt2	False	1.0	0.0
Ġharassed	2565	 harassed	1	distilbert/distilgpt2	distilbert/distilgpt2	False	1.4235081557956164e-08	26.06597328186035
ĠJohn	2565	 John	2	distilbert/distilgpt2	distilbert/distilgpt2	False	0.0006246549892239273	10.6446533203125
Ġbecause	2565	 because	3	distilbert/distilgpt2	distilbert/distilgpt2	False	0.001538556651212275	9.344206809997559
Ġhe	2565	 he	4	distilbert/distilgpt2	distilbert/distilgpt2	False	0.48771360516548157	1.0358939170837402
Mary	2566	Mary	0	distilbert/distilgpt2	distilbert/distilgpt2	False	1.0	0.0
Ġharassed	2566	 harassed	1	distilbert/distilgpt2	distilbert/distilgpt2	False	1.713718411622267e-08	25.798294067382812
ĠJohn	2566	 John	2	distilbert/distilgpt2	distilbert/distilgpt2	False	0.00039499724516645074	11.305870056152344
Ġbecause	2566	 because	3	distilbert/distilgpt2	distilbert/distilgpt2	False	0.0016280737472698092	9.262618064880371
Ġhe	2566	 he	4	distilbert/distilgpt2	distilbert/distilgpt2	False	0.49109748005867004	1.0259186029434204
David	2567	David	0	distilbert/distilgpt2	distilbert/distilgpt2	False	1.0	0.0
Ġharassed	2567	 harassed	1	distilbert/distilgpt2	distilbert/distilgpt2	False	1.4235081557956164e-08	26.06597328186035
ĠJohn	2567	 John	2	distilbert/distilgpt2	distilbert/distilgpt2	False	0.0006246549892239273	10.6446533203125
Ġbecause	2567	 because	3	distilbert/distilgpt2	distilbert/distilgpt2	False	0.001538556651212275	9.344206809997559
Ġhe	2567	 he	4	distilbert/distilgpt2	distilbert/distilgpt2	False	0.48771360516548157	1.0358939170837402
Sarah	2568	Sarah	0	distilbert/distilgpt2	distilbert/distilgpt2	False	1.0	0.0
Ġharassed	2568	 harassed	1	distilbert/distilgpt2	distilbert/distilgpt2	False	1.682779071643381e-08	25.8245792388916
ĠJohn	2568	 John	2	distilbert/distilgpt2	distilbert/distilgpt2	False	0.0005503181600943208	10.827445983886719
Ġbecause	2568	 because	3	distilbert/distilgpt2	distilbert/distilgpt2	False	0.0028462784830480814	8.456707954406738
Ġhe	2568	 he	4	distilbert/distilgpt2	distilbert/distilgpt2	False	0.4730406701564789	1.0799639225006104
Mary	2569	Mary	0	distilbert/distilgpt2	distilbert/distilgpt2	False	1.0	0.0
Ġharassed	2569	 harassed	1	distilbert/distilgpt2	distilbert/distilgpt2	False	1.713718411622267e-08	25.798294067382812
ĠSarah	2569	 Sarah	2	distilbert/distilgpt2	distilbert/distilgpt2	False	0.00011866756540257484	13.040786743164062
Ġbecause	2569	 because	3	distilbert/distilgpt2	distilbert/distilgpt2	False	0.0028986516408622265	8.430402755737305
Ġshe	2569	 she	4	distilbert/distilgpt2	distilbert/distilgpt2	False	0.4840402603149414	1.0468010902404785
John	2570	John	0	distilbert/distilgpt2	distilbert/distilgpt2	False	1.0	0.0
Ġharassed	2570	 harassed	1	distilbert/distilgpt2	distilbert/distilgpt2	False	1.3411396437845724e-08	26.151966094970703
ĠSarah	2570	 Sarah	2	distilbert/distilgpt2	distilbert/distilgpt2	False	0.00018832075875252485	12.374520301818848
Ġbecause	2570	 because	3	distilbert/distilgpt2	distilbert/distilgpt2	False	0.00207796273753047	8.910614013671875
Ġshe	2570	 she	4	distilbert/distilgpt2	distilbert/distilgpt2	False	0.4691898822784424	1.0917562246322632
Mary	2571	Mary	0	distilbert/distilgpt2	distilbert/distilgpt2	False	1.0	0.0
Ġharassed	2571	 harassed	1	distilbert/distilgpt2	distilbert/distilgpt2	False	1.713718411622267e-08	25.798294067382812
ĠSarah	2571	 Sarah	2	distilbert/distilgpt2	distilbert/distilgpt2	False	0.00011866756540257484	13.040786743164062
Ġbecause	2571	 because	3	distilbert/distilgpt2	distilbert/distilgpt2	False	0.0028986516408622265	8.430402755737305
Ġshe	2571	 she	4	distilbert/distilgpt2	distilbert/distilgpt2	False	0.4840402603149414	1.0468010902404785
David	2572	David	0	distilbert/distilgpt2	distilbert/distilgpt2	False	1.0	0.0
Ġharassed	2572	 harassed	1	distilbert/distilgpt2	distilbert/distilgpt2	False	1.4235081557956164e-08	26.06597328186035
ĠSarah	2572	 Sarah	2	distilbert/distilgpt2	distilbert/distilgpt2	False	0.0001887843245640397	12.370973587036133
Ġbecause	2572	 because	3	distilbert/distilgpt2	distilbert/distilgpt2	False	0.001699801185168326	9.200418472290039
Ġshe	2572	 she	4	distilbert/distilgpt2	distilbert/distilgpt2	False	0.47016412019729614	1.08876371383667
Sarah	2573	Sarah	0	distilbert/distilgpt2	distilbert/distilgpt2	False	1.0	0.0
Ġharassed	2573	 harassed	1	distilbert/distilgpt2	distilbert/distilgpt2	False	1.682779071643381e-08	25.8245792388916
ĠMary	2573	 Mary	2	distilbert/distilgpt2	distilbert/distilgpt2	False	0.00032375226146541536	11.592822074890137
Ġbecause	2573	 because	3	distilbert/distilgpt2	distilbert/distilgpt2	False	0.002147361170500517	8.863219261169434
Ġshe	2573	 she	4	distilbert/distilgpt2	distilbert/distilgpt2	False	0.41460415720939636	1.2701935768127441
John	2574	John	0	distilbert/distilgpt2	distilbert/distilgpt2	False	1.0	0.0
Ġharassed	2574	 harassed	1	distilbert/distilgpt2	distilbert/distilgpt2	False	1.3411396437845724e-08	26.151966094970703
ĠMary	2574	 Mary	2	distilbert/distilgpt2	distilbert/distilgpt2	False	0.00030639622127637267	11.672313690185547
Ġbecause	2574	 because	3	distilbert/distilgpt2	distilbert/distilgpt2	False	0.0024430027697235346	8.677128791809082
Ġshe	2574	 she	4	distilbert/distilgpt2	distilbert/distilgpt2	False	0.435721218585968	1.1985228061676025
Sarah	2575	Sarah	0	distilbert/distilgpt2	distilbert/distilgpt2	False	1.0	0.0
Ġharassed	2575	 harassed	1	distilbert/distilgpt2	distilbert/distilgpt2	False	1.682779071643381e-08	25.8245792388916
ĠMary	2575	 Mary	2	distilbert/distilgpt2	distilbert/distilgpt2	False	0.00032375226146541536	11.592822074890137
Ġbecause	2575	 because	3	distilbert/distilgpt2	distilbert/distilgpt2	False	0.002147361170500517	8.863219261169434
Ġshe	2575	 she	4	distilbert/distilgpt2	distilbert/distilgpt2	False	0.41460415720939636	1.2701935768127441
David	2576	David	0	distilbert/distilgpt2	distilbert/distilgpt2	False	1.0	0.0
Ġharassed	2576	 harassed	1	distilbert/distilgpt2	distilbert/distilgpt2	False	1.4235081557956164e-08	26.06597328186035
ĠMary	2576	 Mary	2	distilbert/distilgpt2	distilbert/distilgpt2	False	0.000312948104692623	11.641789436340332
Ġbecause	2576	 because	3	distilbert/distilgpt2	distilbert/distilgpt2	False	0.0013561215018853545	9.526297569274902
Ġshe	2576	 she	4	distilbert/distilgpt2	distilbert/distilgpt2	False	0.4367823898792267	1.195013403892517
John	2577	John	0	distilbert/distilgpt2	distilbert/distilgpt2	False	1.0	0.0
Ġharmed	2577	 harmed	1	distilbert/distilgpt2	distilbert/distilgpt2	False	1.13896616582565e-08	26.387699127197266
ĠDavid	2577	 David	2	distilbert/distilgpt2	distilbert/distilgpt2	False	0.00010815619316417724	13.174595832824707
Ġbecause	2577	 because	3	distilbert/distilgpt2	distilbert/distilgpt2	False	0.0012514461996033788	9.64218807220459
Ġhe	2577	 he	4	distilbert/distilgpt2	distilbert/distilgpt2	False	0.3867647051811218	1.3704719543457031
Mary	2578	Mary	0	distilbert/distilgpt2	distilbert/distilgpt2	False	1.0	0.0
Ġharmed	2578	 harmed	1	distilbert/distilgpt2	distilbert/distilgpt2	False	1.3207829496764134e-08	26.17403221130371
ĠDavid	2578	 David	2	distilbert/distilgpt2	distilbert/distilgpt2	False	5.456930375657976e-05	14.161550521850586
Ġbecause	2578	 because	3	distilbert/distilgpt2	distilbert/distilgpt2	False	0.0009818471735343337	9.99221420288086
Ġhe	2578	 he	4	distilbert/distilgpt2	distilbert/distilgpt2	False	0.375488817691803	1.4131581783294678
John	2579	John	0	distilbert/distilgpt2	distilbert/distilgpt2	False	1.0	0.0
Ġharmed	2579	 harmed	1	distilbert/distilgpt2	distilbert/distilgpt2	False	1.13896616582565e-08	26.387699127197266
ĠDavid	2579	 David	2	distilbert/distilgpt2	distilbert/distilgpt2	False	0.00010815619316417724	13.174595832824707
Ġbecause	2579	 because	3	distilbert/distilgpt2	distilbert/distilgpt2	False	0.0012514461996033788	9.64218807220459
Ġhe	2579	 he	4	distilbert/distilgpt2	distilbert/distilgpt2	False	0.3867647051811218	1.3704719543457031
Sarah	2580	Sarah	0	distilbert/distilgpt2	distilbert/distilgpt2	False	1.0	0.0
Ġharmed	2580	 harmed	1	distilbert/distilgpt2	distilbert/distilgpt2	False	1.1904955243835502e-08	26.323862075805664
ĠDavid	2580	 David	2	distilbert/distilgpt2	distilbert/distilgpt2	False	0.00012278258509468287	12.991606712341309
Ġbecause	2580	 because	3	distilbert/distilgpt2	distilbert/distilgpt2	False	0.001324035576544702	9.560842514038086
Ġhe	2580	 he	4	distilbert/distilgpt2	distilbert/distilgpt2	False	0.3895149827003479	1.3602492809295654
David	2581	David	0	distilbert/distilgpt2	distilbert/distilgpt2	False	1.0	0.0
Ġharmed	2581	 harmed	1	distilbert/distilgpt2	distilbert/distilgpt2	False	1.3013209176904184e-08	26.19544792175293
ĠJohn	2581	 John	2	distilbert/distilgpt2	distilbert/distilgpt2	False	0.00031843551550991833	11.616711616516113
Ġbecause	2581	 because	3	distilbert/distilgpt2	distilbert/distilgpt2	False	0.0021558336447924376	8.857538223266602
Ġhe	2581	 he	4	distilbert/distilgpt2	distilbert/distilgpt2	False	0.355044424533844	1.4939285516738892
Mary	2582	Mary	0	distilbert/distilgpt2	distilbert/distilgpt2	False	1.0	0.0
Ġharmed	2582	 harmed	1	distilbert/distilgpt2	distilbert/distilgpt2	False	1.3207829496764134e-08	26.17403221130371
ĠJohn	2582	 John	2	distilbert/distilgpt2	distilbert/distilgpt2	False	0.00016779828001745045	12.540984153747559
Ġbecause	2582	 because	3	distilbert/distilgpt2	distilbert/distilgpt2	False	0.0025828795041888952	8.596803665161133
Ġhe	2582	 he	4	distilbert/distilgpt2	distilbert/distilgpt2	False	0.3779928386211395	1.403569221496582
David	2583	David	0	distilbert/distilgpt2	distilbert/distilgpt2	False	1.0	0.0
Ġharmed	2583	 harmed	1	distilbert/distilgpt2	distilbert/distilgpt2	False	1.3013209176904184e-08	26.19544792175293
ĠJohn	2583	 John	2	distilbert/distilgpt2	distilbert/distilgpt2	False	0.00031843551550991833	11.616711616516113
Ġbecause	2583	 because	3	distilbert/distilgpt2	distilbert/distilgpt2	False	0.0021558336447924376	8.857538223266602
Ġhe	2583	 he	4	distilbert/distilgpt2	distilbert/distilgpt2	False	0.355044424533844	1.4939285516738892
Sarah	2584	Sarah	0	distilbert/distilgpt2	distilbert/distilgpt2	False	1.0	0.0
Ġharmed	2584	 harmed	1	distilbert/distilgpt2	distilbert/distilgpt2	False	1.1904955243835502e-08	26.323862075805664
ĠJohn	2584	 John	2	distilbert/distilgpt2	distilbert/distilgpt2	False	0.0003374370571691543	11.53309440612793
Ġbecause	2584	 because	3	distilbert/distilgpt2	distilbert/distilgpt2	False	0.004109327681362629	7.926881790161133
Ġhe	2584	 he	4	distilbert/distilgpt2	distilbert/distilgpt2	False	0.3695097863674164	1.4363155364990234
Mary	2585	Mary	0	distilbert/distilgpt2	distilbert/distilgpt2	False	1.0	0.0
Ġharmed	2585	 harmed	1	distilbert/distilgpt2	distilbert/distilgpt2	False	1.3207829496764134e-08	26.17403221130371
ĠSarah	2585	 Sarah	2	distilbert/distilgpt2	distilbert/distilgpt2	False	3.6272729630582035e-05	14.750755310058594
Ġbecause	2585	 because	3	distilbert/distilgpt2	distilbert/distilgpt2	False	0.002836463740095496	8.461690902709961
Ġshe	2585	 she	4	distilbert/distilgpt2	distilbert/distilgpt2	False	0.3864428997039795	1.3716728687286377
John	2586	John	0	distilbert/distilgpt2	distilbert/distilgpt2	False	1.0	0.0
Ġharmed	2586	 harmed	1	distilbert/distilgpt2	distilbert/distilgpt2	False	1.13896616582565e-08	26.387699127197266
ĠSarah	2586	 Sarah	2	distilbert/distilgpt2	distilbert/distilgpt2	False	4.959104990120977e-05	14.299560546875
Ġbecause	2586	 because	3	distilbert/distilgpt2	distilbert/distilgpt2	False	0.002646062057465315	8.56193733215332
Ġshe	2586	 she	4	distilbert/distilgpt2	distilbert/distilgpt2	False	0.38134968280792236	1.3908135890960693
Mary	2587	Mary	0	distilbert/distilgpt2	distilbert/distilgpt2	False	1.0	0.0
Ġharmed	2587	 harmed	1	distilbert/distilgpt2	distilbert/distilgpt2	False	1.3207829496764134e-08	26.17403221130371
ĠSarah	2587	 Sarah	2	distilbert/distilgpt2	distilbert/distilgpt2	False	3.6272729630582035e-05	14.750755310058594
Ġbecause	2587	 because	3	distilbert/distilgpt2	distilbert/distilgpt2	False	0.002836463740095496	8.461690902709961
Ġshe	2587	 she	4	distilbert/distilgpt2	distilbert/distilgpt2	False	0.3864428997039795	1.3716728687286377
David	2588	David	0	distilbert/distilgpt2	distilbert/distilgpt2	False	1.0	0.0
Ġharmed	2588	 harmed	1	distilbert/distilgpt2	distilbert/distilgpt2	False	1.3013209176904184e-08	26.19544792175293
ĠSarah	2588	 Sarah	2	distilbert/distilgpt2	distilbert/distilgpt2	False	4.269824785296805e-05	14.515463829040527
Ġbecause	2588	 because	3	distilbert/distilgpt2	distilbert/distilgpt2	False	0.001619718736037612	9.270040512084961
Ġshe	2588	 she	4	distilbert/distilgpt2	distilbert/distilgpt2	False	0.36965706944465637	1.43574059009552
Sarah	2589	Sarah	0	distilbert/distilgpt2	distilbert/distilgpt2	False	1.0	0.0
Ġharmed	2589	 harmed	1	distilbert/distilgpt2	distilbert/distilgpt2	False	1.1904955243835502e-08	26.323862075805664
ĠMary	2589	 Mary	2	distilbert/distilgpt2	distilbert/distilgpt2	False	0.00015742998220957816	12.633002281188965
Ġbecause	2589	 because	3	distilbert/distilgpt2	distilbert/distilgpt2	False	0.0021968886721879244	8.830322265625
Ġshe	2589	 she	4	distilbert/distilgpt2	distilbert/distilgpt2	False	0.3444311320781708	1.537712574005127
John	2590	John	0	distilbert/distilgpt2	distilbert/distilgpt2	False	1.0	0.0
Ġharmed	2590	 harmed	1	distilbert/distilgpt2	distilbert/distilgpt2	False	1.13896616582565e-08	26.387699127197266
ĠMary	2590	 Mary	2	distilbert/distilgpt2	distilbert/distilgpt2	False	0.00010640102118486539	13.198200225830078
Ġbecause	2590	 because	3	distilbert/distilgpt2	distilbert/distilgpt2	False	0.002741183852776885	8.510985374450684
Ġshe	2590	 she	4	distilbert/distilgpt2	distilbert/distilgpt2	False	0.3616113066673279	1.467488169670105
Sarah	2591	Sarah	0	distilbert/distilgpt2	distilbert/distilgpt2	False	1.0	0.0
Ġharmed	2591	 harmed	1	distilbert/distilgpt2	distilbert/distilgpt2	False	1.1904955243835502e-08	26.323862075805664
ĠMary	2591	 Mary	2	distilbert/distilgpt2	distilbert/distilgpt2	False	0.00015742998220957816	12.633002281188965
Ġbecause	2591	 because	3	distilbert/distilgpt2	distilbert/distilgpt2	False	0.0021968886721879244	8.830322265625
Ġshe	2591	 she	4	distilbert/distilgpt2	distilbert/distilgpt2	False	0.3444311320781708	1.537712574005127
David	2592	David	0	distilbert/distilgpt2	distilbert/distilgpt2	False	1.0	0.0
Ġharmed	2592	 harmed	1	distilbert/distilgpt2	distilbert/distilgpt2	False	1.3013209176904184e-08	26.19544792175293
ĠMary	2592	 Mary	2	distilbert/distilgpt2	distilbert/distilgpt2	False	8.20747809484601e-05	13.572701454162598
Ġbecause	2592	 because	3	distilbert/distilgpt2	distilbert/distilgpt2	False	0.0011640768498182297	9.746598243713379
Ġshe	2592	 she	4	distilbert/distilgpt2	distilbert/distilgpt2	False	0.3429560363292694	1.5439045429229736
John	2593	John	0	distilbert/distilgpt2	distilbert/distilgpt2	False	1.0	0.0
Ġhated	2593	 hated	1	distilbert/distilgpt2	distilbert/distilgpt2	False	4.3978470642969114e-08	24.438627243041992
ĠDavid	2593	 David	2	distilbert/distilgpt2	distilbert/distilgpt2	False	0.0002721051569096744	11.843547821044922
Ġbecause	2593	 because	3	distilbert/distilgpt2	distilbert/distilgpt2	False	0.003069434082135558	8.347811698913574
Ġhe	2593	 he	4	distilbert/distilgpt2	distilbert/distilgpt2	False	0.4754234552383423	1.0727150440216064
Mary	2594	Mary	0	distilbert/distilgpt2	distilbert/distilgpt2	False	1.0	0.0
Ġhated	2594	 hated	1	distilbert/distilgpt2	distilbert/distilgpt2	False	4.158171051926729e-08	24.51947593688965
ĠDavid	2594	 David	2	distilbert/distilgpt2	distilbert/distilgpt2	False	0.0002157346170861274	12.178454399108887
Ġbecause	2594	 because	3	distilbert/distilgpt2	distilbert/distilgpt2	False	0.00469611119478941	7.734317779541016
Ġhe	2594	 he	4	distilbert/distilgpt2	distilbert/distilgpt2	False	0.4626801311969757	1.1119129657745361
John	2595	John	0	distilbert/distilgpt2	distilbert/distilgpt2	False	1.0	0.0
Ġhated	2595	 hated	1	distilbert/distilgpt2	distilbert/distilgpt2	False	4.3978470642969114e-08	24.438627243041992
ĠDavid	2595	 David	2	distilbert/distilgpt2	distilbert/distilgpt2	False	0.0002721051569096744	11.843547821044922
Ġbecause	2595	 because	3	distilbert/distilgpt2	distilbert/distilgpt2	False	0.003069434082135558	8.347811698913574
Ġhe	2595	 he	4	distilbert/distilgpt2	distilbert/distilgpt2	False	0.4754234552383423	1.0727150440216064
Sarah	2596	Sarah	0	distilbert/distilgpt2	distilbert/distilgpt2	False	1.0	0.0
Ġhated	2596	 hated	1	distilbert/distilgpt2	distilbert/distilgpt2	False	4.20707380044405e-08	24.502607345581055
ĠDavid	2596	 David	2	distilbert/distilgpt2	distilbert/distilgpt2	False	0.00026509733288548887	11.881190299987793
Ġbecause	2596	 because	3	distilbert/distilgpt2	distilbert/distilgpt2	False	0.00335928937420249	8.217628479003906
Ġhe	2596	 he	4	distilbert/distilgpt2	distilbert/distilgpt2	False	0.48658278584480286	1.0392428636550903
David	2597	David	0	distilbert/distilgpt2	distilbert/distilgpt2	False	1.0	0.0
Ġhated	2597	 hated	1	distilbert/distilgpt2	distilbert/distilgpt2	False	4.3768594082393975e-08	24.445528030395508
ĠJohn	2597	 John	2	distilbert/distilgpt2	distilbert/distilgpt2	False	0.0010892959544435143	9.842388153076172
Ġbecause	2597	 because	3	distilbert/distilgpt2	distilbert/distilgpt2	False	0.001133688259869814	9.784760475158691
Ġhe	2597	 he	4	distilbert/distilgpt2	distilbert/distilgpt2	False	0.47850945591926575	1.0633807182312012
Mary	2598	Mary	0	distilbert/distilgpt2	distilbert/distilgpt2	False	1.0	0.0
Ġhated	2598	 hated	1	distilbert/distilgpt2	distilbert/distilgpt2	False	4.158171051926729e-08	24.51947593688965
ĠJohn	2598	 John	2	distilbert/distilgpt2	distilbert/distilgpt2	False	0.0007839274476282299	10.316991806030273
Ġbecause	2598	 because	3	distilbert/distilgpt2	distilbert/distilgpt2	False	0.004516987595707178	7.790423393249512
Ġhe	2598	 he	4	distilbert/distilgpt2	distilbert/distilgpt2	False	0.4720534682273865	1.0829778909683228
David	2599	David	0	distilbert/distilgpt2	distilbert/distilgpt2	False	1.0	0.0
Ġhated	2599	 hated	1	distilbert/distilgpt2	distilbert/distilgpt2	False	4.3768594082393975e-08	24.445528030395508
ĠJohn	2599	 John	2	distilbert/distilgpt2	distilbert/distilgpt2	False	0.0010892959544435143	9.842388153076172
Ġbecause	2599	 because	3	distilbert/distilgpt2	distilbert/distilgpt2	False	0.001133688259869814	9.784760475158691
Ġhe	2599	 he	4	distilbert/distilgpt2	distilbert/distilgpt2	False	0.47850945591926575	1.0633807182312012
Sarah	2600	Sarah	0	distilbert/distilgpt2	distilbert/distilgpt2	False	1.0	0.0
Ġhated	2600	 hated	1	distilbert/distilgpt2	distilbert/distilgpt2	False	4.20707380044405e-08	24.502607345581055
ĠJohn	2600	 John	2	distilbert/distilgpt2	distilbert/distilgpt2	False	0.0008368657436221838	10.222716331481934
Ġbecause	2600	 because	3	distilbert/distilgpt2	distilbert/distilgpt2	False	0.0048069581389427185	7.700660228729248
Ġhe	2600	 he	4	distilbert/distilgpt2	distilbert/distilgpt2	False	0.4711783528327942	1.085654854774475
Mary	2601	Mary	0	distilbert/distilgpt2	distilbert/distilgpt2	False	1.0	0.0
Ġhated	2601	 hated	1	distilbert/distilgpt2	distilbert/distilgpt2	False	4.158171051926729e-08	24.51947593688965
ĠSarah	2601	 Sarah	2	distilbert/distilgpt2	distilbert/distilgpt2	False	0.00012978780432604253	12.9115571975708
Ġbecause	2601	 because	3	distilbert/distilgpt2	distilbert/distilgpt2	False	0.010070004500448704	6.633791923522949
Ġshe	2601	 she	4	distilbert/distilgpt2	distilbert/distilgpt2	False	0.45450833439826965	1.1376214027404785
John	2602	John	0	distilbert/distilgpt2	distilbert/distilgpt2	False	1.0	0.0
Ġhated	2602	 hated	1	distilbert/distilgpt2	distilbert/distilgpt2	False	4.3978470642969114e-08	24.438627243041992
ĠSarah	2602	 Sarah	2	distilbert/distilgpt2	distilbert/distilgpt2	False	0.00012060046719852835	13.017477035522461
Ġbecause	2602	 because	3	distilbert/distilgpt2	distilbert/distilgpt2	False	0.005727904848754406	7.447776794433594
Ġshe	2602	 she	4	distilbert/distilgpt2	distilbert/distilgpt2	False	0.43406692147254944	1.2040106058120728
Mary	2603	Mary	0	distilbert/distilgpt2	distilbert/distilgpt2	False	1.0	0.0
Ġhated	2603	 hated	1	distilbert/distilgpt2	distilbert/distilgpt2	False	4.158171051926729e-08	24.51947593688965
ĠSarah	2603	 Sarah	2	distilbert/distilgpt2	distilbert/distilgpt2	False	0.00012978780432604253	12.9115571975708
Ġbecause	2603	 because	3	distilbert/distilgpt2	distilbert/distilgpt2	False	0.010070004500448704	6.633791923522949
Ġshe	2603	 she	4	distilbert/distilgpt2	distilbert/distilgpt2	False	0.45450833439826965	1.1376214027404785
David	2604	David	0	distilbert/distilgpt2	distilbert/distilgpt2	False	1.0	0.0
Ġhated	2604	 hated	1	distilbert/distilgpt2	distilbert/distilgpt2	False	4.3768594082393975e-08	24.445528030395508
ĠSarah	2604	 Sarah	2	distilbert/distilgpt2	distilbert/distilgpt2	False	0.0001504941756138578	12.698004722595215
Ġbecause	2604	 because	3	distilbert/distilgpt2	distilbert/distilgpt2	False	0.001465241308324039	9.41464614868164
Ġshe	2604	 she	4	distilbert/distilgpt2	distilbert/distilgpt2	False	0.45027077198028564	1.1511353254318237
Sarah	2605	Sarah	0	distilbert/distilgpt2	distilbert/distilgpt2	False	1.0	0.0
Ġhated	2605	 hated	1	distilbert/distilgpt2	distilbert/distilgpt2	False	4.20707380044405e-08	24.502607345581055
ĠMary	2605	 Mary	2	distilbert/distilgpt2	distilbert/distilgpt2	False	0.00017193975509144366	12.50580883026123
Ġbecause	2605	 because	3	distilbert/distilgpt2	distilbert/distilgpt2	False	0.011064494028687477	6.497918605804443
Ġshe	2605	 she	4	distilbert/distilgpt2	distilbert/distilgpt2	False	0.42223113775253296	1.243895173072815
John	2606	John	0	distilbert/distilgpt2	distilbert/distilgpt2	False	1.0	0.0
Ġhated	2606	 hated	1	distilbert/distilgpt2	distilbert/distilgpt2	False	4.3978470642969114e-08	24.438627243041992
ĠMary	2606	 Mary	2	distilbert/distilgpt2	distilbert/distilgpt2	False	0.00012645380047615618	12.949102401733398
Ġbecause	2606	 because	3	distilbert/distilgpt2	distilbert/distilgpt2	False	0.014626710675656796	6.095251083374023
Ġshe	2606	 she	4	distilbert/distilgpt2	distilbert/distilgpt2	False	0.42740994691848755	1.2263076305389404
Sarah	2607	Sarah	0	distilbert/distilgpt2	distilbert/distilgpt2	False	1.0	0.0
Ġhated	2607	 hated	1	distilbert/distilgpt2	distilbert/distilgpt2	False	4.20707380044405e-08	24.502607345581055
ĠMary	2607	 Mary	2	distilbert/distilgpt2	distilbert/distilgpt2	False	0.00017193975509144366	12.50580883026123
Ġbecause	2607	 because	3	distilbert/distilgpt2	distilbert/distilgpt2	False	0.011064494028687477	6.497918605804443
Ġshe	2607	 she	4	distilbert/distilgpt2	distilbert/distilgpt2	False	0.42223113775253296	1.243895173072815
David	2608	David	0	distilbert/distilgpt2	distilbert/distilgpt2	False	1.0	0.0
Ġhated	2608	 hated	1	distilbert/distilgpt2	distilbert/distilgpt2	False	4.3768594082393975e-08	24.445528030395508
ĠMary	2608	 Mary	2	distilbert/distilgpt2	distilbert/distilgpt2	False	0.0001522797829238698	12.680988311767578
Ġbecause	2608	 because	3	distilbert/distilgpt2	distilbert/distilgpt2	False	0.003526215674355626	8.147664070129395
Ġshe	2608	 she	4	distilbert/distilgpt2	distilbert/distilgpt2	False	0.4355907440185547	1.1989548206329346
John	2609	John	0	distilbert/distilgpt2	distilbert/distilgpt2	False	1.0	0.0
Ġhaunted	2609	 haunted	1	distilbert/distilgpt2	distilbert/distilgpt2	False	1.3327450254507767e-08	26.16102409362793
ĠDavid	2609	 David	2	distilbert/distilgpt2	distilbert/distilgpt2	False	4.275448009138927e-05	14.513565063476562
Ġbecause	2609	 because	3	distilbert/distilgpt2	distilbert/distilgpt2	False	0.00025252089835703373	11.951309204101562
Ġhe	2609	 he	4	distilbert/distilgpt2	distilbert/distilgpt2	False	0.426887571811676	1.228071928024292
Mary	2610	Mary	0	distilbert/distilgpt2	distilbert/distilgpt2	False	1.0	0.0
Ġhaunted	2610	 haunted	1	distilbert/distilgpt2	distilbert/distilgpt2	False	1.7547195696465678e-08	25.764184951782227
ĠDavid	2610	 David	2	distilbert/distilgpt2	distilbert/distilgpt2	False	3.1580450013279915e-05	14.950608253479004
Ġbecause	2610	 because	3	distilbert/distilgpt2	distilbert/distilgpt2	False	0.0004221663693897426	11.209900856018066
Ġhe	2610	 he	4	distilbert/distilgpt2	distilbert/distilgpt2	False	0.42157483100891113	1.246139407157898
John	2611	John	0	distilbert/distilgpt2	distilbert/distilgpt2	False	1.0	0.0
Ġhaunted	2611	 haunted	1	distilbert/distilgpt2	distilbert/distilgpt2	False	1.3327450254507767e-08	26.16102409362793
ĠDavid	2611	 David	2	distilbert/distilgpt2	distilbert/distilgpt2	False	4.275448009138927e-05	14.513565063476562
Ġbecause	2611	 because	3	distilbert/distilgpt2	distilbert/distilgpt2	False	0.00025252089835703373	11.951309204101562
Ġhe	2611	 he	4	distilbert/distilgpt2	distilbert/distilgpt2	False	0.426887571811676	1.228071928024292
Sarah	2612	Sarah	0	distilbert/distilgpt2	distilbert/distilgpt2	False	1.0	0.0
Ġhaunted	2612	 haunted	1	distilbert/distilgpt2	distilbert/distilgpt2	False	1.3202993365268867e-08	26.174560546875
ĠDavid	2612	 David	2	distilbert/distilgpt2	distilbert/distilgpt2	False	5.249630703474395e-05	14.217424392700195
Ġbecause	2612	 because	3	distilbert/distilgpt2	distilbert/distilgpt2	False	0.0003712354809977114	11.395378112792969
Ġhe	2612	 he	4	distilbert/distilgpt2	distilbert/distilgpt2	False	0.4391992390155792	1.187052607536316
David	2613	David	0	distilbert/distilgpt2	distilbert/distilgpt2	False	1.0	0.0
Ġhaunted	2613	 haunted	1	distilbert/distilgpt2	distilbert/distilgpt2	False	1.3075109883686764e-08	26.188602447509766
ĠJohn	2613	 John	2	distilbert/distilgpt2	distilbert/distilgpt2	False	0.0005212824908085167	10.905647277832031
Ġbecause	2613	 because	3	distilbert/distilgpt2	distilbert/distilgpt2	False	0.00019408903608564287	12.33099365234375
Ġhe	2613	 he	4	distilbert/distilgpt2	distilbert/distilgpt2	False	0.42517077922821045	1.233885645866394
Mary	2614	Mary	0	distilbert/distilgpt2	distilbert/distilgpt2	False	1.0	0.0
Ġhaunted	2614	 haunted	1	distilbert/distilgpt2	distilbert/distilgpt2	False	1.7547195696465678e-08	25.764184951782227
ĠJohn	2614	 John	2	distilbert/distilgpt2	distilbert/distilgpt2	False	0.0003230188740417361	11.596094131469727
Ġbecause	2614	 because	3	distilbert/distilgpt2	distilbert/distilgpt2	False	0.00032913204631768167	11.569046020507812
Ġhe	2614	 he	4	distilbert/distilgpt2	distilbert/distilgpt2	False	0.4260491132736206	1.2309083938598633
David	2615	David	0	distilbert/distilgpt2	distilbert/distilgpt2	False	1.0	0.0
Ġhaunted	2615	 haunted	1	distilbert/distilgpt2	distilbert/distilgpt2	False	1.3075109883686764e-08	26.188602447509766
ĠJohn	2615	 John	2	distilbert/distilgpt2	distilbert/distilgpt2	False	0.0005212824908085167	10.905647277832031
Ġbecause	2615	 because	3	distilbert/distilgpt2	distilbert/distilgpt2	False	0.00019408903608564287	12.33099365234375
Ġhe	2615	 he	4	distilbert/distilgpt2	distilbert/distilgpt2	False	0.42517077922821045	1.233885645866394
Sarah	2616	Sarah	0	distilbert/distilgpt2	distilbert/distilgpt2	False	1.0	0.0
Ġhaunted	2616	 haunted	1	distilbert/distilgpt2	distilbert/distilgpt2	False	1.3202993365268867e-08	26.174560546875
ĠJohn	2616	 John	2	distilbert/distilgpt2	distilbert/distilgpt2	False	0.00048599904403090477	11.006758689880371
Ġbecause	2616	 because	3	distilbert/distilgpt2	distilbert/distilgpt2	False	0.0004208009340800345	11.214574813842773
Ġhe	2616	 he	4	distilbert/distilgpt2	distilbert/distilgpt2	False	0.4305775463581085	1.2156550884246826
Mary	2617	Mary	0	distilbert/distilgpt2	distilbert/distilgpt2	False	1.0	0.0
Ġhaunted	2617	 haunted	1	distilbert/distilgpt2	distilbert/distilgpt2	False	1.7547195696465678e-08	25.764184951782227
ĠSarah	2617	 Sarah	2	distilbert/distilgpt2	distilbert/distilgpt2	False	2.7467103791423142e-05	15.151935577392578
Ġbecause	2617	 because	3	distilbert/distilgpt2	distilbert/distilgpt2	False	0.001015785033814609	9.94318962097168
Ġshe	2617	 she	4	distilbert/distilgpt2	distilbert/distilgpt2	False	0.46409377455711365	1.1075117588043213
John	2618	John	0	distilbert/distilgpt2	distilbert/distilgpt2	False	1.0	0.0
Ġhaunted	2618	 haunted	1	distilbert/distilgpt2	distilbert/distilgpt2	False	1.3327450254507767e-08	26.16102409362793
ĠSarah	2618	 Sarah	2	distilbert/distilgpt2	distilbert/distilgpt2	False	2.86687609332148e-05	15.090161323547363
Ġbecause	2618	 because	3	distilbert/distilgpt2	distilbert/distilgpt2	False	0.0008434398332610726	10.211427688598633
Ġshe	2618	 she	4	distilbert/distilgpt2	distilbert/distilgpt2	False	0.4408925175666809	1.1815011501312256
Mary	2619	Mary	0	distilbert/distilgpt2	distilbert/distilgpt2	False	1.0	0.0
Ġhaunted	2619	 haunted	1	distilbert/distilgpt2	distilbert/distilgpt2	False	1.7547195696465678e-08	25.764184951782227
ĠSarah	2619	 Sarah	2	distilbert/distilgpt2	distilbert/distilgpt2	False	2.7467103791423142e-05	15.151935577392578
Ġbecause	2619	 because	3	distilbert/distilgpt2	distilbert/distilgpt2	False	0.001015785033814609	9.94318962097168
Ġshe	2619	 she	4	distilbert/distilgpt2	distilbert/distilgpt2	False	0.46409377455711365	1.1075117588043213
David	2620	David	0	distilbert/distilgpt2	distilbert/distilgpt2	False	1.0	0.0
Ġhaunted	2620	 haunted	1	distilbert/distilgpt2	distilbert/distilgpt2	False	1.3075109883686764e-08	26.188602447509766
ĠSarah	2620	 Sarah	2	distilbert/distilgpt2	distilbert/distilgpt2	False	3.4070653782691807e-05	14.841111183166504
Ġbecause	2620	 because	3	distilbert/distilgpt2	distilbert/distilgpt2	False	0.0007808887166902423	10.322595596313477
Ġshe	2620	 she	4	distilbert/distilgpt2	distilbert/distilgpt2	False	0.4391297698020935	1.1872807741165161
Sarah	2621	Sarah	0	distilbert/distilgpt2	distilbert/distilgpt2	False	1.0	0.0
Ġhaunted	2621	 haunted	1	distilbert/distilgpt2	distilbert/distilgpt2	False	1.3202993365268867e-08	26.174560546875
ĠMary	2621	 Mary	2	distilbert/distilgpt2	distilbert/distilgpt2	False	0.0003951008548028767	11.30549144744873
Ġbecause	2621	 because	3	distilbert/distilgpt2	distilbert/distilgpt2	False	0.0005373901803977787	10.86174201965332
Ġshe	2621	 she	4	distilbert/distilgpt2	distilbert/distilgpt2	False	0.3782615065574646	1.4025441408157349
John	2622	John	0	distilbert/distilgpt2	distilbert/distilgpt2	False	1.0	0.0
Ġhaunted	2622	 haunted	1	distilbert/distilgpt2	distilbert/distilgpt2	False	1.3327450254507767e-08	26.16102409362793
ĠMary	2622	 Mary	2	distilbert/distilgpt2	distilbert/distilgpt2	False	0.0003244919644203037	11.589529991149902
Ġbecause	2622	 because	3	distilbert/distilgpt2	distilbert/distilgpt2	False	0.0005647061625495553	10.79021167755127
Ġshe	2622	 she	4	distilbert/distilgpt2	distilbert/distilgpt2	False	0.3661222457885742	1.449602723121643
Sarah	2623	Sarah	0	distilbert/distilgpt2	distilbert/distilgpt2	False	1.0	0.0
Ġhaunted	2623	 haunted	1	distilbert/distilgpt2	distilbert/distilgpt2	False	1.3202993365268867e-08	26.174560546875
ĠMary	2623	 Mary	2	distilbert/distilgpt2	distilbert/distilgpt2	False	0.0003951008548028767	11.30549144744873
Ġbecause	2623	 because	3	distilbert/distilgpt2	distilbert/distilgpt2	False	0.0005373901803977787	10.86174201965332
Ġshe	2623	 she	4	distilbert/distilgpt2	distilbert/distilgpt2	False	0.3782615065574646	1.4025441408157349
David	2624	David	0	distilbert/distilgpt2	distilbert/distilgpt2	False	1.0	0.0
Ġhaunted	2624	 haunted	1	distilbert/distilgpt2	distilbert/distilgpt2	False	1.3075109883686764e-08	26.188602447509766
ĠMary	2624	 Mary	2	distilbert/distilgpt2	distilbert/distilgpt2	False	0.00034223077818751335	11.51274299621582
Ġbecause	2624	 because	3	distilbert/distilgpt2	distilbert/distilgpt2	False	0.00043790083145722747	11.157108306884766
Ġshe	2624	 she	4	distilbert/distilgpt2	distilbert/distilgpt2	False	0.36523449420928955	1.453105092048645
John	2625	John	0	distilbert/distilgpt2	distilbert/distilgpt2	False	1.0	0.0
Ġhelped	2625	 helped	1	distilbert/distilgpt2	distilbert/distilgpt2	False	3.6996943890699185e-06	18.04416275024414
ĠDavid	2625	 David	2	distilbert/distilgpt2	distilbert/distilgpt2	False	0.00035937546635977924	11.442220687866211
Ġbecause	2625	 because	3	distilbert/distilgpt2	distilbert/distilgpt2	False	8.092810458038002e-05	13.592999458312988
Ġhe	2625	 he	4	distilbert/distilgpt2	distilbert/distilgpt2	False	0.39902463555336	1.3254503011703491
Mary	2626	Mary	0	distilbert/distilgpt2	distilbert/distilgpt2	False	1.0	0.0
Ġhelped	2626	 helped	1	distilbert/distilgpt2	distilbert/distilgpt2	False	3.632529342212365e-06	18.070594787597656
ĠDavid	2626	 David	2	distilbert/distilgpt2	distilbert/distilgpt2	False	0.0003101608017459512	11.654695510864258
Ġbecause	2626	 because	3	distilbert/distilgpt2	distilbert/distilgpt2	False	9.991200204240158e-05	13.288982391357422
Ġhe	2626	 he	4	distilbert/distilgpt2	distilbert/distilgpt2	False	0.4152188003063202	1.2680563926696777
John	2627	John	0	distilbert/distilgpt2	distilbert/distilgpt2	False	1.0	0.0
Ġhelped	2627	 helped	1	distilbert/distilgpt2	distilbert/distilgpt2	False	3.6996943890699185e-06	18.04416275024414
ĠDavid	2627	 David	2	distilbert/distilgpt2	distilbert/distilgpt2	False	0.00035937546635977924	11.442220687866211
Ġbecause	2627	 because	3	distilbert/distilgpt2	distilbert/distilgpt2	False	8.092810458038002e-05	13.592999458312988
Ġhe	2627	 he	4	distilbert/distilgpt2	distilbert/distilgpt2	False	0.39902463555336	1.3254503011703491
Sarah	2628	Sarah	0	distilbert/distilgpt2	distilbert/distilgpt2	False	1.0	0.0
Ġhelped	2628	 helped	1	distilbert/distilgpt2	distilbert/distilgpt2	False	3.959547939302865e-06	17.946231842041016
ĠDavid	2628	 David	2	distilbert/distilgpt2	distilbert/distilgpt2	False	0.0005013567279092968	10.961874961853027
Ġbecause	2628	 because	3	distilbert/distilgpt2	distilbert/distilgpt2	False	9.343425335828215e-05	13.385688781738281
Ġhe	2628	 he	4	distilbert/distilgpt2	distilbert/distilgpt2	False	0.41737982630729675	1.260567307472229
David	2629	David	0	distilbert/distilgpt2	distilbert/distilgpt2	False	1.0	0.0
Ġhelped	2629	 helped	1	distilbert/distilgpt2	distilbert/distilgpt2	False	3.8068219510023482e-06	18.002981185913086
ĠJohn	2629	 John	2	distilbert/distilgpt2	distilbert/distilgpt2	False	0.0003715657803695649	11.394094467163086
Ġbecause	2629	 because	3	distilbert/distilgpt2	distilbert/distilgpt2	False	0.0002697946038097143	11.855851173400879
Ġhe	2629	 he	4	distilbert/distilgpt2	distilbert/distilgpt2	False	0.3747429847717285	1.4160267114639282
Mary	2630	Mary	0	distilbert/distilgpt2	distilbert/distilgpt2	False	1.0	0.0
Ġhelped	2630	 helped	1	distilbert/distilgpt2	distilbert/distilgpt2	False	3.632529342212365e-06	18.070594787597656
ĠJohn	2630	 John	2	distilbert/distilgpt2	distilbert/distilgpt2	False	0.00034870055969804525	11.485723495483398
Ġbecause	2630	 because	3	distilbert/distilgpt2	distilbert/distilgpt2	False	0.0003274336049798876	11.576509475708008
Ġhe	2630	 he	4	distilbert/distilgpt2	distilbert/distilgpt2	False	0.41530928015708923	1.2677420377731323
David	2631	David	0	distilbert/distilgpt2	distilbert/distilgpt2	False	1.0	0.0
Ġhelped	2631	 helped	1	distilbert/distilgpt2	distilbert/distilgpt2	False	3.8068219510023482e-06	18.002981185913086
ĠJohn	2631	 John	2	distilbert/distilgpt2	distilbert/distilgpt2	False	0.0003715657803695649	11.394094467163086
Ġbecause	2631	 because	3	distilbert/distilgpt2	distilbert/distilgpt2	False	0.0002697946038097143	11.855851173400879
Ġhe	2631	 he	4	distilbert/distilgpt2	distilbert/distilgpt2	False	0.3747429847717285	1.4160267114639282
Sarah	2632	Sarah	0	distilbert/distilgpt2	distilbert/distilgpt2	False	1.0	0.0
Ġhelped	2632	 helped	1	distilbert/distilgpt2	distilbert/distilgpt2	False	3.959547939302865e-06	17.946231842041016
ĠJohn	2632	 John	2	distilbert/distilgpt2	distilbert/distilgpt2	False	0.00038419978227466345	11.345855712890625
Ġbecause	2632	 because	3	distilbert/distilgpt2	distilbert/distilgpt2	False	0.0004571544413920492	11.095030784606934
Ġhe	2632	 he	4	distilbert/distilgpt2	distilbert/distilgpt2	False	0.3893336355686188	1.3609211444854736
Mary	2633	Mary	0	distilbert/distilgpt2	distilbert/distilgpt2	False	1.0	0.0
Ġhelped	2633	 helped	1	distilbert/distilgpt2	distilbert/distilgpt2	False	3.632529342212365e-06	18.070594787597656
ĠSarah	2633	 Sarah	2	distilbert/distilgpt2	distilbert/distilgpt2	False	5.859827433596365e-05	14.058782577514648
Ġbecause	2633	 because	3	distilbert/distilgpt2	distilbert/distilgpt2	False	0.000414496345911175	11.236352920532227
Ġshe	2633	 she	4	distilbert/distilgpt2	distilbert/distilgpt2	False	0.48612087965011597	1.040613055229187
John	2634	John	0	distilbert/distilgpt2	distilbert/distilgpt2	False	1.0	0.0
Ġhelped	2634	 helped	1	distilbert/distilgpt2	distilbert/distilgpt2	False	3.6996943890699185e-06	18.04416275024414
ĠSarah	2634	 Sarah	2	distilbert/distilgpt2	distilbert/distilgpt2	False	4.029621049994603e-05	14.59899616241455
Ġbecause	2634	 because	3	distilbert/distilgpt2	distilbert/distilgpt2	False	0.0002927132009062916	11.738224983215332
Ġshe	2634	 she	4	distilbert/distilgpt2	distilbert/distilgpt2	False	0.4389273226261139	1.187946081161499
Mary	2635	Mary	0	distilbert/distilgpt2	distilbert/distilgpt2	False	1.0	0.0
Ġhelped	2635	 helped	1	distilbert/distilgpt2	distilbert/distilgpt2	False	3.632529342212365e-06	18.070594787597656
ĠSarah	2635	 Sarah	2	distilbert/distilgpt2	distilbert/distilgpt2	False	5.859827433596365e-05	14.058782577514648
Ġbecause	2635	 because	3	distilbert/distilgpt2	distilbert/distilgpt2	False	0.000414496345911175	11.236352920532227
Ġshe	2635	 she	4	distilbert/distilgpt2	distilbert/distilgpt2	False	0.48612087965011597	1.040613055229187
David	2636	David	0	distilbert/distilgpt2	distilbert/distilgpt2	False	1.0	0.0
Ġhelped	2636	 helped	1	distilbert/distilgpt2	distilbert/distilgpt2	False	3.8068219510023482e-06	18.002981185913086
ĠSarah	2636	 Sarah	2	distilbert/distilgpt2	distilbert/distilgpt2	False	3.491506140562706e-05	14.805790901184082
Ġbecause	2636	 because	3	distilbert/distilgpt2	distilbert/distilgpt2	False	0.00013945727550890297	12.807888984680176
Ġshe	2636	 she	4	distilbert/distilgpt2	distilbert/distilgpt2	False	0.44372501969337463	1.172262191772461
Sarah	2637	Sarah	0	distilbert/distilgpt2	distilbert/distilgpt2	False	1.0	0.0
Ġhelped	2637	 helped	1	distilbert/distilgpt2	distilbert/distilgpt2	False	3.959547939302865e-06	17.946231842041016
ĠMary	2637	 Mary	2	distilbert/distilgpt2	distilbert/distilgpt2	False	0.00012866190809290856	12.924127578735352
Ġbecause	2637	 because	3	distilbert/distilgpt2	distilbert/distilgpt2	False	0.00015800981782376766	12.627697944641113
Ġshe	2637	 she	4	distilbert/distilgpt2	distilbert/distilgpt2	False	0.4253067374229431	1.233424425125122
John	2638	John	0	distilbert/distilgpt2	distilbert/distilgpt2	False	1.0	0.0
Ġhelped	2638	 helped	1	distilbert/distilgpt2	distilbert/distilgpt2	False	3.6996943890699185e-06	18.04416275024414
ĠMary	2638	 Mary	2	distilbert/distilgpt2	distilbert/distilgpt2	False	5.744488225900568e-05	14.087462425231934
Ġbecause	2638	 because	3	distilbert/distilgpt2	distilbert/distilgpt2	False	0.00014980229025240988	12.704652786254883
Ġshe	2638	 she	4	distilbert/distilgpt2	distilbert/distilgpt2	False	0.4181826710700989	1.2577948570251465
Sarah	2639	Sarah	0	distilbert/distilgpt2	distilbert/distilgpt2	False	1.0	0.0
Ġhelped	2639	 helped	1	distilbert/distilgpt2	distilbert/distilgpt2	False	3.959547939302865e-06	17.946231842041016
ĠMary	2639	 Mary	2	distilbert/distilgpt2	distilbert/distilgpt2	False	0.00012866190809290856	12.924127578735352
Ġbecause	2639	 because	3	distilbert/distilgpt2	distilbert/distilgpt2	False	0.00015800981782376766	12.627697944641113
Ġshe	2639	 she	4	distilbert/distilgpt2	distilbert/distilgpt2	False	0.4253067374229431	1.233424425125122
David	2640	David	0	distilbert/distilgpt2	distilbert/distilgpt2	False	1.0	0.0
Ġhelped	2640	 helped	1	distilbert/distilgpt2	distilbert/distilgpt2	False	3.8068219510023482e-06	18.002981185913086
ĠMary	2640	 Mary	2	distilbert/distilgpt2	distilbert/distilgpt2	False	4.824011921300553e-05	14.339406967163086
Ġbecause	2640	 because	3	distilbert/distilgpt2	distilbert/distilgpt2	False	9.039986616699025e-05	13.433320045471191
Ġshe	2640	 she	4	distilbert/distilgpt2	distilbert/distilgpt2	False	0.4171798527240753	1.261258602142334
John	2641	John	0	distilbert/distilgpt2	distilbert/distilgpt2	False	1.0	0.0
Ġhired	2641	 hired	1	distilbert/distilgpt2	distilbert/distilgpt2	False	9.579068915854805e-08	23.31553840637207
ĠDavid	2641	 David	2	distilbert/distilgpt2	distilbert/distilgpt2	False	0.0009976353030651808	9.969200134277344
Ġbecause	2641	 because	3	distilbert/distilgpt2	distilbert/distilgpt2	False	9.120241884374991e-05	13.420568466186523
Ġhe	2641	 he	4	distilbert/distilgpt2	distilbert/distilgpt2	False	0.40362516045570374	1.3089120388031006
Mary	2642	Mary	0	distilbert/distilgpt2	distilbert/distilgpt2	False	1.0	0.0
Ġhired	2642	 hired	1	distilbert/distilgpt2	distilbert/distilgpt2	False	1.088778631697096e-07	23.13078498840332
ĠDavid	2642	 David	2	distilbert/distilgpt2	distilbert/distilgpt2	False	0.0005618247087113559	10.797592163085938
Ġbecause	2642	 because	3	distilbert/distilgpt2	distilbert/distilgpt2	False	0.00010643604036886245	13.197725296020508
Ġhe	2642	 he	4	distilbert/distilgpt2	distilbert/distilgpt2	False	0.40960901975631714	1.2876806259155273
John	2643	John	0	distilbert/distilgpt2	distilbert/distilgpt2	False	1.0	0.0
Ġhired	2643	 hired	1	distilbert/distilgpt2	distilbert/distilgpt2	False	9.579068915854805e-08	23.31553840637207
ĠDavid	2643	 David	2	distilbert/distilgpt2	distilbert/distilgpt2	False	0.0009976353030651808	9.969200134277344
Ġbecause	2643	 because	3	distilbert/distilgpt2	distilbert/distilgpt2	False	9.120241884374991e-05	13.420568466186523
Ġhe	2643	 he	4	distilbert/distilgpt2	distilbert/distilgpt2	False	0.40362516045570374	1.3089120388031006
Sarah	2644	Sarah	0	distilbert/distilgpt2	distilbert/distilgpt2	False	1.0	0.0
Ġhired	2644	 hired	1	distilbert/distilgpt2	distilbert/distilgpt2	False	1.0614171230827196e-07	23.167505264282227
ĠDavid	2644	 David	2	distilbert/distilgpt2	distilbert/distilgpt2	False	0.0010499346535652876	9.895484924316406
Ġbecause	2644	 because	3	distilbert/distilgpt2	distilbert/distilgpt2	False	8.469343447359279e-05	13.527390480041504
Ġhe	2644	 he	4	distilbert/distilgpt2	distilbert/distilgpt2	False	0.38965970277786255	1.3597134351730347
David	2645	David	0	distilbert/distilgpt2	distilbert/distilgpt2	False	1.0	0.0
Ġhired	2645	 hired	1	distilbert/distilgpt2	distilbert/distilgpt2	False	1.1203466954157193e-07	23.08955192565918
ĠJohn	2645	 John	2	distilbert/distilgpt2	distilbert/distilgpt2	False	0.0035238354466855526	8.148637771606445
Ġbecause	2645	 because	3	distilbert/distilgpt2	distilbert/distilgpt2	False	0.00015172502025961876	12.686253547668457
Ġhe	2645	 he	4	distilbert/distilgpt2	distilbert/distilgpt2	False	0.4064735770225525	1.2987666130065918
Mary	2646	Mary	0	distilbert/distilgpt2	distilbert/distilgpt2	False	1.0	0.0
Ġhired	2646	 hired	1	distilbert/distilgpt2	distilbert/distilgpt2	False	1.088778631697096e-07	23.13078498840332
ĠJohn	2646	 John	2	distilbert/distilgpt2	distilbert/distilgpt2	False	0.0016490663401782513	9.244134902954102
Ġbecause	2646	 because	3	distilbert/distilgpt2	distilbert/distilgpt2	False	0.00019443065684754401	12.32845687866211
Ġhe	2646	 he	4	distilbert/distilgpt2	distilbert/distilgpt2	False	0.42516496777534485	1.2339054346084595
David	2647	David	0	distilbert/distilgpt2	distilbert/distilgpt2	False	1.0	0.0
Ġhired	2647	 hired	1	distilbert/distilgpt2	distilbert/distilgpt2	False	1.1203466954157193e-07	23.08955192565918
ĠJohn	2647	 John	2	distilbert/distilgpt2	distilbert/distilgpt2	False	0.0035238354466855526	8.148637771606445
Ġbecause	2647	 because	3	distilbert/distilgpt2	distilbert/distilgpt2	False	0.00015172502025961876	12.686253547668457
Ġhe	2647	 he	4	distilbert/distilgpt2	distilbert/distilgpt2	False	0.4064735770225525	1.2987666130065918
Sarah	2648	Sarah	0	distilbert/distilgpt2	distilbert/distilgpt2	False	1.0	0.0
Ġhired	2648	 hired	1	distilbert/distilgpt2	distilbert/distilgpt2	False	1.0614171230827196e-07	23.167505264282227
ĠJohn	2648	 John	2	distilbert/distilgpt2	distilbert/distilgpt2	False	0.0024689577985554934	8.661882400512695
Ġbecause	2648	 because	3	distilbert/distilgpt2	distilbert/distilgpt2	False	0.00030176856671459973	11.694270133972168
Ġhe	2648	 he	4	distilbert/distilgpt2	distilbert/distilgpt2	False	0.38668927550315857	1.3707534074783325
Mary	2649	Mary	0	distilbert/distilgpt2	distilbert/distilgpt2	False	1.0	0.0
Ġhired	2649	 hired	1	distilbert/distilgpt2	distilbert/distilgpt2	False	1.088778631697096e-07	23.13078498840332
ĠSarah	2649	 Sarah	2	distilbert/distilgpt2	distilbert/distilgpt2	False	0.00020919828966725618	12.222841262817383
Ġbecause	2649	 because	3	distilbert/distilgpt2	distilbert/distilgpt2	False	0.0006757661467418075	10.531188011169434
Ġshe	2649	 she	4	distilbert/distilgpt2	distilbert/distilgpt2	False	0.45756152272224426	1.127962350845337
John	2650	John	0	distilbert/distilgpt2	distilbert/distilgpt2	False	1.0	0.0
Ġhired	2650	 hired	1	distilbert/distilgpt2	distilbert/distilgpt2	False	9.579068915854805e-08	23.31553840637207
ĠSarah	2650	 Sarah	2	distilbert/distilgpt2	distilbert/distilgpt2	False	0.0002507010940462351	11.96174430847168
Ġbecause	2650	 because	3	distilbert/distilgpt2	distilbert/distilgpt2	False	0.0004859144682995975	11.007010459899902
Ġshe	2650	 she	4	distilbert/distilgpt2	distilbert/distilgpt2	False	0.430918425321579	1.2145133018493652
Mary	2651	Mary	0	distilbert/distilgpt2	distilbert/distilgpt2	False	1.0	0.0
Ġhired	2651	 hired	1	distilbert/distilgpt2	distilbert/distilgpt2	False	1.088778631697096e-07	23.13078498840332
ĠSarah	2651	 Sarah	2	distilbert/distilgpt2	distilbert/distilgpt2	False	0.00020919828966725618	12.222841262817383
Ġbecause	2651	 because	3	distilbert/distilgpt2	distilbert/distilgpt2	False	0.0006757661467418075	10.531188011169434
Ġshe	2651	 she	4	distilbert/distilgpt2	distilbert/distilgpt2	False	0.45756152272224426	1.127962350845337
David	2652	David	0	distilbert/distilgpt2	distilbert/distilgpt2	False	1.0	0.0
Ġhired	2652	 hired	1	distilbert/distilgpt2	distilbert/distilgpt2	False	1.1203466954157193e-07	23.08955192565918
ĠSarah	2652	 Sarah	2	distilbert/distilgpt2	distilbert/distilgpt2	False	0.00032473867759108543	11.588433265686035
Ġbecause	2652	 because	3	distilbert/distilgpt2	distilbert/distilgpt2	False	0.0002519841946195811	11.954379081726074
Ġshe	2652	 she	4	distilbert/distilgpt2	distilbert/distilgpt2	False	0.44695723056793213	1.1617913246154785
Sarah	2653	Sarah	0	distilbert/distilgpt2	distilbert/distilgpt2	False	1.0	0.0
Ġhired	2653	 hired	1	distilbert/distilgpt2	distilbert/distilgpt2	False	1.0614171230827196e-07	23.167505264282227
ĠMary	2653	 Mary	2	distilbert/distilgpt2	distilbert/distilgpt2	False	0.0005221918108873069	10.903132438659668
Ġbecause	2653	 because	3	distilbert/distilgpt2	distilbert/distilgpt2	False	0.00017081969417631626	12.515237808227539
Ġshe	2653	 she	4	distilbert/distilgpt2	distilbert/distilgpt2	False	0.409609854221344	1.2876777648925781
John	2654	John	0	distilbert/distilgpt2	distilbert/distilgpt2	False	1.0	0.0
Ġhired	2654	 hired	1	distilbert/distilgpt2	distilbert/distilgpt2	False	9.579068915854805e-08	23.31553840637207
ĠMary	2654	 Mary	2	distilbert/distilgpt2	distilbert/distilgpt2	False	0.0004118661454413086	11.245536804199219
Ġbecause	2654	 because	3	distilbert/distilgpt2	distilbert/distilgpt2	False	0.00023084368149284273	12.080796241760254
Ġshe	2654	 she	4	distilbert/distilgpt2	distilbert/distilgpt2	False	0.42413297295570374	1.2374114990234375
Sarah	2655	Sarah	0	distilbert/distilgpt2	distilbert/distilgpt2	False	1.0	0.0
Ġhired	2655	 hired	1	distilbert/distilgpt2	distilbert/distilgpt2	False	1.0614171230827196e-07	23.167505264282227
ĠMary	2655	 Mary	2	distilbert/distilgpt2	distilbert/distilgpt2	False	0.0005221918108873069	10.903132438659668
Ġbecause	2655	 because	3	distilbert/distilgpt2	distilbert/distilgpt2	False	0.00017081969417631626	12.515237808227539
Ġshe	2655	 she	4	distilbert/distilgpt2	distilbert/distilgpt2	False	0.409609854221344	1.2876777648925781
David	2656	David	0	distilbert/distilgpt2	distilbert/distilgpt2	False	1.0	0.0
Ġhired	2656	 hired	1	distilbert/distilgpt2	distilbert/distilgpt2	False	1.1203466954157193e-07	23.08955192565918
ĠMary	2656	 Mary	2	distilbert/distilgpt2	distilbert/distilgpt2	False	0.00047448219265788794	11.04135799407959
Ġbecause	2656	 because	3	distilbert/distilgpt2	distilbert/distilgpt2	False	9.019869321491569e-05	13.43653392791748
Ġshe	2656	 she	4	distilbert/distilgpt2	distilbert/distilgpt2	False	0.44162097573280334	1.1791194677352905
John	2657	John	0	distilbert/distilgpt2	distilbert/distilgpt2	False	1.0	0.0
Ġhit	2657	 hit	1	distilbert/distilgpt2	distilbert/distilgpt2	False	4.591154720401391e-06	17.732711791992188
ĠDavid	2657	 David	2	distilbert/distilgpt2	distilbert/distilgpt2	False	8.833219180814922e-05	13.46670150756836
Ġbecause	2657	 because	3	distilbert/distilgpt2	distilbert/distilgpt2	False	0.00015220414206851274	12.6817045211792
Ġhe	2657	 he	4	distilbert/distilgpt2	distilbert/distilgpt2	False	0.40876588225364685	1.2906533479690552
Mary	2658	Mary	0	distilbert/distilgpt2	distilbert/distilgpt2	False	1.0	0.0
Ġhit	2658	 hit	1	distilbert/distilgpt2	distilbert/distilgpt2	False	4.459216143004596e-06	17.774778366088867
ĠDavid	2658	 David	2	distilbert/distilgpt2	distilbert/distilgpt2	False	6.319353269645944e-05	13.94986343383789
Ġbecause	2658	 because	3	distilbert/distilgpt2	distilbert/distilgpt2	False	0.00035744719207286835	11.449982643127441
Ġhe	2658	 he	4	distilbert/distilgpt2	distilbert/distilgpt2	False	0.41724419593811035	1.2610361576080322
John	2659	John	0	distilbert/distilgpt2	distilbert/distilgpt2	False	1.0	0.0
Ġhit	2659	 hit	1	distilbert/distilgpt2	distilbert/distilgpt2	False	4.591154720401391e-06	17.732711791992188
ĠDavid	2659	 David	2	distilbert/distilgpt2	distilbert/distilgpt2	False	8.833219180814922e-05	13.46670150756836
Ġbecause	2659	 because	3	distilbert/distilgpt2	distilbert/distilgpt2	False	0.00015220414206851274	12.6817045211792
Ġhe	2659	 he	4	distilbert/distilgpt2	distilbert/distilgpt2	False	0.40876588225364685	1.2906533479690552
Sarah	2660	Sarah	0	distilbert/distilgpt2	distilbert/distilgpt2	False	1.0	0.0
Ġhit	2660	 hit	1	distilbert/distilgpt2	distilbert/distilgpt2	False	4.781504685524851e-06	17.674104690551758
ĠDavid	2660	 David	2	distilbert/distilgpt2	distilbert/distilgpt2	False	0.00011240706226089969	13.118979454040527
Ġbecause	2660	 because	3	distilbert/distilgpt2	distilbert/distilgpt2	False	0.00016452185809612274	12.569433212280273
Ġhe	2660	 he	4	distilbert/distilgpt2	distilbert/distilgpt2	False	0.42309775948524475	1.2409371137619019
David	2661	David	0	distilbert/distilgpt2	distilbert/distilgpt2	False	1.0	0.0
Ġhit	2661	 hit	1	distilbert/distilgpt2	distilbert/distilgpt2	False	4.824993993679527e-06	17.661041259765625
ĠJohn	2661	 John	2	distilbert/distilgpt2	distilbert/distilgpt2	False	0.00023687983048148453	12.043557167053223
Ġbecause	2661	 because	3	distilbert/distilgpt2	distilbert/distilgpt2	False	0.0012020140420645475	9.70033073425293
Ġhe	2661	 he	4	distilbert/distilgpt2	distilbert/distilgpt2	False	0.3942096531391144	1.342965006828308
Mary	2662	Mary	0	distilbert/distilgpt2	distilbert/distilgpt2	False	1.0	0.0
Ġhit	2662	 hit	1	distilbert/distilgpt2	distilbert/distilgpt2	False	4.459216143004596e-06	17.774778366088867
ĠJohn	2662	 John	2	distilbert/distilgpt2	distilbert/distilgpt2	False	0.0002483139978721738	11.975546836853027
Ġbecause	2662	 because	3	distilbert/distilgpt2	distilbert/distilgpt2	False	0.0011179635766893625	9.804910659790039
Ġhe	2662	 he	4	distilbert/distilgpt2	distilbert/distilgpt2	False	0.4056987464427948	1.3015192747116089
David	2663	David	0	distilbert/distilgpt2	distilbert/distilgpt2	False	1.0	0.0
Ġhit	2663	 hit	1	distilbert/distilgpt2	distilbert/distilgpt2	False	4.824993993679527e-06	17.661041259765625
ĠJohn	2663	 John	2	distilbert/distilgpt2	distilbert/distilgpt2	False	0.00023687983048148453	12.043557167053223
Ġbecause	2663	 because	3	distilbert/distilgpt2	distilbert/distilgpt2	False	0.0012020140420645475	9.70033073425293
Ġhe	2663	 he	4	distilbert/distilgpt2	distilbert/distilgpt2	False	0.3942096531391144	1.342965006828308
Sarah	2664	Sarah	0	distilbert/distilgpt2	distilbert/distilgpt2	False	1.0	0.0
Ġhit	2664	 hit	1	distilbert/distilgpt2	distilbert/distilgpt2	False	4.781504685524851e-06	17.674104690551758
ĠJohn	2664	 John	2	distilbert/distilgpt2	distilbert/distilgpt2	False	0.0003453439858276397	11.499678611755371
Ġbecause	2664	 because	3	distilbert/distilgpt2	distilbert/distilgpt2	False	0.0009276019991375506	10.074206352233887
Ġhe	2664	 he	4	distilbert/distilgpt2	distilbert/distilgpt2	False	0.4073464572429657	1.295671820640564
Mary	2665	Mary	0	distilbert/distilgpt2	distilbert/distilgpt2	False	1.0	0.0
Ġhit	2665	 hit	1	distilbert/distilgpt2	distilbert/distilgpt2	False	4.459216143004596e-06	17.774778366088867
ĠSarah	2665	 Sarah	2	distilbert/distilgpt2	distilbert/distilgpt2	False	1.3805309208692051e-05	16.14441680908203
Ġbecause	2665	 because	3	distilbert/distilgpt2	distilbert/distilgpt2	False	0.0010263413423672318	9.92827320098877
Ġshe	2665	 she	4	distilbert/distilgpt2	distilbert/distilgpt2	False	0.437176913022995	1.1937109231948853
John	2666	John	0	distilbert/distilgpt2	distilbert/distilgpt2	False	1.0	0.0
Ġhit	2666	 hit	1	distilbert/distilgpt2	distilbert/distilgpt2	False	4.591154720401391e-06	17.732711791992188
ĠSarah	2666	 Sarah	2	distilbert/distilgpt2	distilbert/distilgpt2	False	8.831227205519099e-06	16.78895378112793
Ġbecause	2666	 because	3	distilbert/distilgpt2	distilbert/distilgpt2	False	0.0004617281083483249	11.080668449401855
Ġshe	2666	 she	4	distilbert/distilgpt2	distilbert/distilgpt2	False	0.40852218866348267	1.2915136814117432
Mary	2667	Mary	0	distilbert/distilgpt2	distilbert/distilgpt2	False	1.0	0.0
Ġhit	2667	 hit	1	distilbert/distilgpt2	distilbert/distilgpt2	False	4.459216143004596e-06	17.774778366088867
ĠSarah	2667	 Sarah	2	distilbert/distilgpt2	distilbert/distilgpt2	False	1.3805309208692051e-05	16.14441680908203
Ġbecause	2667	 because	3	distilbert/distilgpt2	distilbert/distilgpt2	False	0.0010263413423672318	9.92827320098877
Ġshe	2667	 she	4	distilbert/distilgpt2	distilbert/distilgpt2	False	0.437176913022995	1.1937109231948853
David	2668	David	0	distilbert/distilgpt2	distilbert/distilgpt2	False	1.0	0.0
Ġhit	2668	 hit	1	distilbert/distilgpt2	distilbert/distilgpt2	False	4.824993993679527e-06	17.661041259765625
ĠSarah	2668	 Sarah	2	distilbert/distilgpt2	distilbert/distilgpt2	False	9.100011084228754e-06	16.74570083618164
Ġbecause	2668	 because	3	distilbert/distilgpt2	distilbert/distilgpt2	False	0.00018913661187980324	12.36828327178955
Ġshe	2668	 she	4	distilbert/distilgpt2	distilbert/distilgpt2	False	0.40688470005989075	1.297308087348938
Sarah	2669	Sarah	0	distilbert/distilgpt2	distilbert/distilgpt2	False	1.0	0.0
Ġhit	2669	 hit	1	distilbert/distilgpt2	distilbert/distilgpt2	False	4.781504685524851e-06	17.674104690551758
ĠMary	2669	 Mary	2	distilbert/distilgpt2	distilbert/distilgpt2	False	2.731799213506747e-05	15.159789085388184
Ġbecause	2669	 because	3	distilbert/distilgpt2	distilbert/distilgpt2	False	0.00036733970046043396	11.410597801208496
Ġshe	2669	 she	4	distilbert/distilgpt2	distilbert/distilgpt2	False	0.37156566977500916	1.4283108711242676
John	2670	John	0	distilbert/distilgpt2	distilbert/distilgpt2	False	1.0	0.0
Ġhit	2670	 hit	1	distilbert/distilgpt2	distilbert/distilgpt2	False	4.591154720401391e-06	17.732711791992188
ĠMary	2670	 Mary	2	distilbert/distilgpt2	distilbert/distilgpt2	False	2.110145396727603e-05	15.53229808807373
Ġbecause	2670	 because	3	distilbert/distilgpt2	distilbert/distilgpt2	False	0.0005008061998523772	10.963459968566895
Ġshe	2670	 she	4	distilbert/distilgpt2	distilbert/distilgpt2	False	0.3411562740802765	1.5514954328536987
Sarah	2671	Sarah	0	distilbert/distilgpt2	distilbert/distilgpt2	False	1.0	0.0
Ġhit	2671	 hit	1	distilbert/distilgpt2	distilbert/distilgpt2	False	4.781504685524851e-06	17.674104690551758
ĠMary	2671	 Mary	2	distilbert/distilgpt2	distilbert/distilgpt2	False	2.731799213506747e-05	15.159789085388184
Ġbecause	2671	 because	3	distilbert/distilgpt2	distilbert/distilgpt2	False	0.00036733970046043396	11.410597801208496
Ġshe	2671	 she	4	distilbert/distilgpt2	distilbert/distilgpt2	False	0.37156566977500916	1.4283108711242676
David	2672	David	0	distilbert/distilgpt2	distilbert/distilgpt2	False	1.0	0.0
Ġhit	2672	 hit	1	distilbert/distilgpt2	distilbert/distilgpt2	False	4.824993993679527e-06	17.661041259765625
ĠMary	2672	 Mary	2	distilbert/distilgpt2	distilbert/distilgpt2	False	1.9633598640211858e-05	15.636316299438477
Ġbecause	2672	 because	3	distilbert/distilgpt2	distilbert/distilgpt2	False	0.0002649547823239118	11.881966590881348
Ġshe	2672	 she	4	distilbert/distilgpt2	distilbert/distilgpt2	False	0.354330450296402	1.4968327283859253
John	2673	John	0	distilbert/distilgpt2	distilbert/distilgpt2	False	1.0	0.0
Ġhonoured	2673	 honoured	1	distilbert/distilgpt2	distilbert/distilgpt2	False	3.9461767187276564e-08	24.594968795776367
ĠDavid	2673	 David	2	distilbert/distilgpt2	distilbert/distilgpt2	False	0.0004088426358066499	11.256166458129883
Ġbecause	2673	 because	3	distilbert/distilgpt2	distilbert/distilgpt2	False	8.594565588282421e-05	13.506216049194336
Ġhe	2673	 he	4	distilbert/distilgpt2	distilbert/distilgpt2	False	0.562334418296814	0.8304997682571411
Mary	2674	Mary	0	distilbert/distilgpt2	distilbert/distilgpt2	False	1.0	0.0
Ġhonoured	2674	 honoured	1	distilbert/distilgpt2	distilbert/distilgpt2	False	4.733479741503288e-08	24.332523345947266
ĠDavid	2674	 David	2	distilbert/distilgpt2	distilbert/distilgpt2	False	0.0003597482282202691	11.44072437286377
Ġbecause	2674	 because	3	distilbert/distilgpt2	distilbert/distilgpt2	False	0.0001113639518734999	13.132430076599121
Ġhe	2674	 he	4	distilbert/distilgpt2	distilbert/distilgpt2	False	0.5341402888298035	0.9047094583511353
John	2675	John	0	distilbert/distilgpt2	distilbert/distilgpt2	False	1.0	0.0
Ġhonoured	2675	 honoured	1	distilbert/distilgpt2	distilbert/distilgpt2	False	3.9461767187276564e-08	24.594968795776367
ĠDavid	2675	 David	2	distilbert/distilgpt2	distilbert/distilgpt2	False	0.0004088426358066499	11.256166458129883
Ġbecause	2675	 because	3	distilbert/distilgpt2	distilbert/distilgpt2	False	8.594565588282421e-05	13.506216049194336
Ġhe	2675	 he	4	distilbert/distilgpt2	distilbert/distilgpt2	False	0.562334418296814	0.8304997682571411
Sarah	2676	Sarah	0	distilbert/distilgpt2	distilbert/distilgpt2	False	1.0	0.0
Ġhonoured	2676	 honoured	1	distilbert/distilgpt2	distilbert/distilgpt2	False	3.976649054493464e-08	24.583871841430664
ĠDavid	2676	 David	2	distilbert/distilgpt2	distilbert/distilgpt2	False	0.0005632085376419127	10.79404354095459
Ġbecause	2676	 because	3	distilbert/distilgpt2	distilbert/distilgpt2	False	8.456285286229104e-05	13.529616355895996
Ġhe	2676	 he	4	distilbert/distilgpt2	distilbert/distilgpt2	False	0.5684556365013123	0.81488037109375
David	2677	David	0	distilbert/distilgpt2	distilbert/distilgpt2	False	1.0	0.0
Ġhonoured	2677	 honoured	1	distilbert/distilgpt2	distilbert/distilgpt2	False	4.53551152190812e-08	24.3941593170166
ĠJohn	2677	 John	2	distilbert/distilgpt2	distilbert/distilgpt2	False	0.0008045887807384133	10.279460906982422
Ġbecause	2677	 because	3	distilbert/distilgpt2	distilbert/distilgpt2	False	0.00011721694318111986	13.058530807495117
Ġhe	2677	 he	4	distilbert/distilgpt2	distilbert/distilgpt2	False	0.5859846472740173	0.7710652351379395
Mary	2678	Mary	0	distilbert/distilgpt2	distilbert/distilgpt2	False	1.0	0.0
Ġhonoured	2678	 honoured	1	distilbert/distilgpt2	distilbert/distilgpt2	False	4.733479741503288e-08	24.332523345947266
ĠJohn	2678	 John	2	distilbert/distilgpt2	distilbert/distilgpt2	False	0.00048356078332290053	11.014015197753906
Ġbecause	2678	 because	3	distilbert/distilgpt2	distilbert/distilgpt2	False	0.0001485931279603392	12.716344833374023
Ġhe	2678	 he	4	distilbert/distilgpt2	distilbert/distilgpt2	False	0.5836142897605896	0.7769128680229187
David	2679	David	0	distilbert/distilgpt2	distilbert/distilgpt2	False	1.0	0.0
Ġhonoured	2679	 honoured	1	distilbert/distilgpt2	distilbert/distilgpt2	False	4.53551152190812e-08	24.3941593170166
ĠJohn	2679	 John	2	distilbert/distilgpt2	distilbert/distilgpt2	False	0.0008045887807384133	10.279460906982422
Ġbecause	2679	 because	3	distilbert/distilgpt2	distilbert/distilgpt2	False	0.00011721694318111986	13.058530807495117
Ġhe	2679	 he	4	distilbert/distilgpt2	distilbert/distilgpt2	False	0.5859846472740173	0.7710652351379395
Sarah	2680	Sarah	0	distilbert/distilgpt2	distilbert/distilgpt2	False	1.0	0.0
Ġhonoured	2680	 honoured	1	distilbert/distilgpt2	distilbert/distilgpt2	False	3.976649054493464e-08	24.583871841430664
ĠJohn	2680	 John	2	distilbert/distilgpt2	distilbert/distilgpt2	False	0.000581182015594095	10.748722076416016
Ġbecause	2680	 because	3	distilbert/distilgpt2	distilbert/distilgpt2	False	0.0001629893813515082	12.582934379577637
Ġhe	2680	 he	4	distilbert/distilgpt2	distilbert/distilgpt2	False	0.5912230610847473	0.7582255005836487
Mary	2681	Mary	0	distilbert/distilgpt2	distilbert/distilgpt2	False	1.0	0.0
Ġhonoured	2681	 honoured	1	distilbert/distilgpt2	distilbert/distilgpt2	False	4.733479741503288e-08	24.332523345947266
ĠSarah	2681	 Sarah	2	distilbert/distilgpt2	distilbert/distilgpt2	False	0.00010114238830283284	13.27132511138916
Ġbecause	2681	 because	3	distilbert/distilgpt2	distilbert/distilgpt2	False	0.0006266893469728529	10.639962196350098
Ġshe	2681	 she	4	distilbert/distilgpt2	distilbert/distilgpt2	False	0.6331939101219177	0.6592807769775391
John	2682	John	0	distilbert/distilgpt2	distilbert/distilgpt2	False	1.0	0.0
Ġhonoured	2682	 honoured	1	distilbert/distilgpt2	distilbert/distilgpt2	False	3.9461767187276564e-08	24.594968795776367
ĠSarah	2682	 Sarah	2	distilbert/distilgpt2	distilbert/distilgpt2	False	9.06914719962515e-05	13.42867374420166
Ġbecause	2682	 because	3	distilbert/distilgpt2	distilbert/distilgpt2	False	0.0003870231448672712	11.33529281616211
Ġshe	2682	 she	4	distilbert/distilgpt2	distilbert/distilgpt2	False	0.6234744191169739	0.6815977692604065
Mary	2683	Mary	0	distilbert/distilgpt2	distilbert/distilgpt2	False	1.0	0.0
Ġhonoured	2683	 honoured	1	distilbert/distilgpt2	distilbert/distilgpt2	False	4.733479741503288e-08	24.332523345947266
ĠSarah	2683	 Sarah	2	distilbert/distilgpt2	distilbert/distilgpt2	False	0.00010114238830283284	13.27132511138916
Ġbecause	2683	 because	3	distilbert/distilgpt2	distilbert/distilgpt2	False	0.0006266893469728529	10.639962196350098
Ġshe	2683	 she	4	distilbert/distilgpt2	distilbert/distilgpt2	False	0.6331939101219177	0.6592807769775391
David	2684	David	0	distilbert/distilgpt2	distilbert/distilgpt2	False	1.0	0.0
Ġhonoured	2684	 honoured	1	distilbert/distilgpt2	distilbert/distilgpt2	False	4.53551152190812e-08	24.3941593170166
ĠSarah	2684	 Sarah	2	distilbert/distilgpt2	distilbert/distilgpt2	False	0.00013837122241966426	12.819168090820312
Ġbecause	2684	 because	3	distilbert/distilgpt2	distilbert/distilgpt2	False	0.0003243190294597298	11.590298652648926
Ġshe	2684	 she	4	distilbert/distilgpt2	distilbert/distilgpt2	False	0.6087632179260254	0.7160468697547913
Sarah	2685	Sarah	0	distilbert/distilgpt2	distilbert/distilgpt2	False	1.0	0.0
Ġhonoured	2685	 honoured	1	distilbert/distilgpt2	distilbert/distilgpt2	False	3.976649054493464e-08	24.583871841430664
ĠMary	2685	 Mary	2	distilbert/distilgpt2	distilbert/distilgpt2	False	0.0004478605987969786	11.124662399291992
Ġbecause	2685	 because	3	distilbert/distilgpt2	distilbert/distilgpt2	False	0.00015288847498595715	12.675232887268066
Ġshe	2685	 she	4	distilbert/distilgpt2	distilbert/distilgpt2	False	0.5736032128334045	0.8018749356269836
John	2686	John	0	distilbert/distilgpt2	distilbert/distilgpt2	False	1.0	0.0
Ġhonoured	2686	 honoured	1	distilbert/distilgpt2	distilbert/distilgpt2	False	3.9461767187276564e-08	24.594968795776367
ĠMary	2686	 Mary	2	distilbert/distilgpt2	distilbert/distilgpt2	False	0.00024738788488321006	11.980937004089355
Ġbecause	2686	 because	3	distilbert/distilgpt2	distilbert/distilgpt2	False	0.00019797260756604373	12.302411079406738
Ġshe	2686	 she	4	distilbert/distilgpt2	distilbert/distilgpt2	False	0.5841082334518433	0.7756924629211426
Sarah	2687	Sarah	0	distilbert/distilgpt2	distilbert/distilgpt2	False	1.0	0.0
Ġhonoured	2687	 honoured	1	distilbert/distilgpt2	distilbert/distilgpt2	False	3.976649054493464e-08	24.583871841430664
ĠMary	2687	 Mary	2	distilbert/distilgpt2	distilbert/distilgpt2	False	0.0004478605987969786	11.124662399291992
Ġbecause	2687	 because	3	distilbert/distilgpt2	distilbert/distilgpt2	False	0.00015288847498595715	12.675232887268066
Ġshe	2687	 she	4	distilbert/distilgpt2	distilbert/distilgpt2	False	0.5736032128334045	0.8018749356269836
David	2688	David	0	distilbert/distilgpt2	distilbert/distilgpt2	False	1.0	0.0
Ġhonoured	2688	 honoured	1	distilbert/distilgpt2	distilbert/distilgpt2	False	4.53551152190812e-08	24.3941593170166
ĠMary	2688	 Mary	2	distilbert/distilgpt2	distilbert/distilgpt2	False	0.0004317641432862729	11.177469253540039
Ġbecause	2688	 because	3	distilbert/distilgpt2	distilbert/distilgpt2	False	0.000116915070975665	13.062251091003418
Ġshe	2688	 she	4	distilbert/distilgpt2	distilbert/distilgpt2	False	0.5721293091773987	0.8055869340896606
John	2689	John	0	distilbert/distilgpt2	distilbert/distilgpt2	False	1.0	0.0
Ġhugged	2689	 hugged	1	distilbert/distilgpt2	distilbert/distilgpt2	False	3.137944304398843e-08	24.92560577392578
ĠDavid	2689	 David	2	distilbert/distilgpt2	distilbert/distilgpt2	False	0.0014313366264104843	9.448421478271484
Ġbecause	2689	 because	3	distilbert/distilgpt2	distilbert/distilgpt2	False	0.001940663787536323	9.009234428405762
Ġhe	2689	 he	4	distilbert/distilgpt2	distilbert/distilgpt2	False	0.4361349642276764	1.1971534490585327
Mary	2690	Mary	0	distilbert/distilgpt2	distilbert/distilgpt2	False	1.0	0.0
Ġhugged	2690	 hugged	1	distilbert/distilgpt2	distilbert/distilgpt2	False	3.929914882405683e-08	24.600927352905273
ĠDavid	2690	 David	2	distilbert/distilgpt2	distilbert/distilgpt2	False	0.000818429107312113	10.254855155944824
Ġbecause	2690	 because	3	distilbert/distilgpt2	distilbert/distilgpt2	False	0.0021197341848164797	8.881900787353516
Ġhe	2690	 he	4	distilbert/distilgpt2	distilbert/distilgpt2	False	0.4218018054962158	1.2453628778457642
John	2691	John	0	distilbert/distilgpt2	distilbert/distilgpt2	False	1.0	0.0
Ġhugged	2691	 hugged	1	distilbert/distilgpt2	distilbert/distilgpt2	False	3.137944304398843e-08	24.92560577392578
ĠDavid	2691	 David	2	distilbert/distilgpt2	distilbert/distilgpt2	False	0.0014313366264104843	9.448421478271484
Ġbecause	2691	 because	3	distilbert/distilgpt2	distilbert/distilgpt2	False	0.001940663787536323	9.009234428405762
Ġhe	2691	 he	4	distilbert/distilgpt2	distilbert/distilgpt2	False	0.4361349642276764	1.1971534490585327
Sarah	2692	Sarah	0	distilbert/distilgpt2	distilbert/distilgpt2	False	1.0	0.0
Ġhugged	2692	 hugged	1	distilbert/distilgpt2	distilbert/distilgpt2	False	4.024660427148774e-08	24.566556930541992
ĠDavid	2692	 David	2	distilbert/distilgpt2	distilbert/distilgpt2	False	0.0010334578109905124	9.918304443359375
Ġbecause	2692	 because	3	distilbert/distilgpt2	distilbert/distilgpt2	False	0.0024101813323795795	8.696642875671387
Ġhe	2692	 he	4	distilbert/distilgpt2	distilbert/distilgpt2	False	0.4202762842178345	1.2505900859832764
David	2693	David	0	distilbert/distilgpt2	distilbert/distilgpt2	False	1.0	0.0
Ġhugged	2693	 hugged	1	distilbert/distilgpt2	distilbert/distilgpt2	False	3.3222789852516144e-08	24.843252182006836
ĠJohn	2693	 John	2	distilbert/distilgpt2	distilbert/distilgpt2	False	0.0024114642292261124	8.69587516784668
Ġbecause	2693	 because	3	distilbert/distilgpt2	distilbert/distilgpt2	False	0.003251615446060896	8.264627456665039
Ġhe	2693	 he	4	distilbert/distilgpt2	distilbert/distilgpt2	False	0.45750683546066284	1.128134846687317
Mary	2694	Mary	0	distilbert/distilgpt2	distilbert/distilgpt2	False	1.0	0.0
Ġhugged	2694	 hugged	1	distilbert/distilgpt2	distilbert/distilgpt2	False	3.929914882405683e-08	24.600927352905273
ĠJohn	2694	 John	2	distilbert/distilgpt2	distilbert/distilgpt2	False	0.0015476762782782316	9.335680961608887
Ġbecause	2694	 because	3	distilbert/distilgpt2	distilbert/distilgpt2	False	0.004542847629636526	7.782187461853027
Ġhe	2694	 he	4	distilbert/distilgpt2	distilbert/distilgpt2	False	0.44421911239624023	1.170656681060791
David	2695	David	0	distilbert/distilgpt2	distilbert/distilgpt2	False	1.0	0.0
Ġhugged	2695	 hugged	1	distilbert/distilgpt2	distilbert/distilgpt2	False	3.3222789852516144e-08	24.843252182006836
ĠJohn	2695	 John	2	distilbert/distilgpt2	distilbert/distilgpt2	False	0.0024114642292261124	8.69587516784668
Ġbecause	2695	 because	3	distilbert/distilgpt2	distilbert/distilgpt2	False	0.003251615446060896	8.264627456665039
Ġhe	2695	 he	4	distilbert/distilgpt2	distilbert/distilgpt2	False	0.45750683546066284	1.128134846687317
Sarah	2696	Sarah	0	distilbert/distilgpt2	distilbert/distilgpt2	False	1.0	0.0
Ġhugged	2696	 hugged	1	distilbert/distilgpt2	distilbert/distilgpt2	False	4.024660427148774e-08	24.566556930541992
ĠJohn	2696	 John	2	distilbert/distilgpt2	distilbert/distilgpt2	False	0.0016614700434729457	9.23332405090332
Ġbecause	2696	 because	3	distilbert/distilgpt2	distilbert/distilgpt2	False	0.006193291395902634	7.33507776260376
Ġhe	2696	 he	4	distilbert/distilgpt2	distilbert/distilgpt2	False	0.42739930748939514	1.2263435125350952
Mary	2697	Mary	0	distilbert/distilgpt2	distilbert/distilgpt2	False	1.0	0.0
Ġhugged	2697	 hugged	1	distilbert/distilgpt2	distilbert/distilgpt2	False	3.929914882405683e-08	24.600927352905273
ĠSarah	2697	 Sarah	2	distilbert/distilgpt2	distilbert/distilgpt2	False	0.0007290541543625295	10.421686172485352
Ġbecause	2697	 because	3	distilbert/distilgpt2	distilbert/distilgpt2	False	0.003672524821013212	8.089012145996094
Ġshe	2697	 she	4	distilbert/distilgpt2	distilbert/distilgpt2	False	0.48704153299331665	1.0378832817077637
John	2698	John	0	distilbert/distilgpt2	distilbert/distilgpt2	False	1.0	0.0
Ġhugged	2698	 hugged	1	distilbert/distilgpt2	distilbert/distilgpt2	False	3.137944304398843e-08	24.92560577392578
ĠSarah	2698	 Sarah	2	distilbert/distilgpt2	distilbert/distilgpt2	False	0.001192455179989338	9.711849212646484
Ġbecause	2698	 because	3	distilbert/distilgpt2	distilbert/distilgpt2	False	0.0033125493209809065	8.237842559814453
Ġshe	2698	 she	4	distilbert/distilgpt2	distilbert/distilgpt2	False	0.4708029627799988	1.086804747581482
Mary	2699	Mary	0	distilbert/distilgpt2	distilbert/distilgpt2	False	1.0	0.0
Ġhugged	2699	 hugged	1	distilbert/distilgpt2	distilbert/distilgpt2	False	3.929914882405683e-08	24.600927352905273
ĠSarah	2699	 Sarah	2	distilbert/distilgpt2	distilbert/distilgpt2	False	0.0007290541543625295	10.421686172485352
Ġbecause	2699	 because	3	distilbert/distilgpt2	distilbert/distilgpt2	False	0.003672524821013212	8.089012145996094
Ġshe	2699	 she	4	distilbert/distilgpt2	distilbert/distilgpt2	False	0.48704153299331665	1.0378832817077637
David	2700	David	0	distilbert/distilgpt2	distilbert/distilgpt2	False	1.0	0.0
Ġhugged	2700	 hugged	1	distilbert/distilgpt2	distilbert/distilgpt2	False	3.3222789852516144e-08	24.843252182006836
ĠSarah	2700	 Sarah	2	distilbert/distilgpt2	distilbert/distilgpt2	False	0.001307813567109406	9.578627586364746
Ġbecause	2700	 because	3	distilbert/distilgpt2	distilbert/distilgpt2	False	0.002766770077869296	8.497581481933594
Ġshe	2700	 she	4	distilbert/distilgpt2	distilbert/distilgpt2	False	0.48450151085853577	1.0454269647598267
Sarah	2701	Sarah	0	distilbert/distilgpt2	distilbert/distilgpt2	False	1.0	0.0
Ġhugged	2701	 hugged	1	distilbert/distilgpt2	distilbert/distilgpt2	False	4.024660427148774e-08	24.566556930541992
ĠMary	2701	 Mary	2	distilbert/distilgpt2	distilbert/distilgpt2	False	0.0010378826409578323	9.912140846252441
Ġbecause	2701	 because	3	distilbert/distilgpt2	distilbert/distilgpt2	False	0.0023589187767356634	8.72765827178955
Ġshe	2701	 she	4	distilbert/distilgpt2	distilbert/distilgpt2	False	0.41506272554397583	1.2685987949371338
John	2702	John	0	distilbert/distilgpt2	distilbert/distilgpt2	False	1.0	0.0
Ġhugged	2702	 hugged	1	distilbert/distilgpt2	distilbert/distilgpt2	False	3.137944304398843e-08	24.92560577392578
ĠMary	2702	 Mary	2	distilbert/distilgpt2	distilbert/distilgpt2	False	0.0014019609661772847	9.478338241577148
Ġbecause	2702	 because	3	distilbert/distilgpt2	distilbert/distilgpt2	False	0.0022683520801365376	8.784139633178711
Ġshe	2702	 she	4	distilbert/distilgpt2	distilbert/distilgpt2	False	0.4132358431816101	1.2749627828598022
Sarah	2703	Sarah	0	distilbert/distilgpt2	distilbert/distilgpt2	False	1.0	0.0
Ġhugged	2703	 hugged	1	distilbert/distilgpt2	distilbert/distilgpt2	False	4.024660427148774e-08	24.566556930541992
ĠMary	2703	 Mary	2	distilbert/distilgpt2	distilbert/distilgpt2	False	0.0010378826409578323	9.912140846252441
Ġbecause	2703	 because	3	distilbert/distilgpt2	distilbert/distilgpt2	False	0.0023589187767356634	8.72765827178955
Ġshe	2703	 she	4	distilbert/distilgpt2	distilbert/distilgpt2	False	0.41506272554397583	1.2685987949371338
David	2704	David	0	distilbert/distilgpt2	distilbert/distilgpt2	False	1.0	0.0
Ġhugged	2704	 hugged	1	distilbert/distilgpt2	distilbert/distilgpt2	False	3.3222789852516144e-08	24.843252182006836
ĠMary	2704	 Mary	2	distilbert/distilgpt2	distilbert/distilgpt2	False	0.001682767178863287	9.214948654174805
Ġbecause	2704	 because	3	distilbert/distilgpt2	distilbert/distilgpt2	False	0.001477920333854854	9.402215957641602
Ġshe	2704	 she	4	distilbert/distilgpt2	distilbert/distilgpt2	False	0.4210105836391449	1.2480716705322266
John	2705	John	0	distilbert/distilgpt2	distilbert/distilgpt2	False	1.0	0.0
Ġhurt	2705	 hurt	1	distilbert/distilgpt2	distilbert/distilgpt2	False	5.207123194850283e-07	20.873010635375977
ĠDavid	2705	 David	2	distilbert/distilgpt2	distilbert/distilgpt2	False	7.957084744703025e-05	13.617400169372559
Ġbecause	2705	 because	3	distilbert/distilgpt2	distilbert/distilgpt2	False	0.001046034856699407	9.900853157043457
Ġhe	2705	 he	4	distilbert/distilgpt2	distilbert/distilgpt2	False	0.3936930000782013	1.344857096672058
Mary	2706	Mary	0	distilbert/distilgpt2	distilbert/distilgpt2	False	1.0	0.0
Ġhurt	2706	 hurt	1	distilbert/distilgpt2	distilbert/distilgpt2	False	5.156111910764594e-07	20.8872127532959
ĠDavid	2706	 David	2	distilbert/distilgpt2	distilbert/distilgpt2	False	3.771090996451676e-05	14.694658279418945
Ġbecause	2706	 because	3	distilbert/distilgpt2	distilbert/distilgpt2	False	0.0013775791740044951	9.50364875793457
Ġhe	2706	 he	4	distilbert/distilgpt2	distilbert/distilgpt2	False	0.3907582759857178	1.3556517362594604
John	2707	John	0	distilbert/distilgpt2	distilbert/distilgpt2	False	1.0	0.0
Ġhurt	2707	 hurt	1	distilbert/distilgpt2	distilbert/distilgpt2	False	5.207123194850283e-07	20.873010635375977
ĠDavid	2707	 David	2	distilbert/distilgpt2	distilbert/distilgpt2	False	7.957084744703025e-05	13.617400169372559
Ġbecause	2707	 because	3	distilbert/distilgpt2	distilbert/distilgpt2	False	0.001046034856699407	9.900853157043457
Ġhe	2707	 he	4	distilbert/distilgpt2	distilbert/distilgpt2	False	0.3936930000782013	1.344857096672058
Sarah	2708	Sarah	0	distilbert/distilgpt2	distilbert/distilgpt2	False	1.0	0.0
Ġhurt	2708	 hurt	1	distilbert/distilgpt2	distilbert/distilgpt2	False	5.676420187228359e-07	20.748516082763672
ĠDavid	2708	 David	2	distilbert/distilgpt2	distilbert/distilgpt2	False	5.7123055739793926e-05	14.09556770324707
Ġbecause	2708	 because	3	distilbert/distilgpt2	distilbert/distilgpt2	False	0.0012783883139491081	9.611457824707031
Ġhe	2708	 he	4	distilbert/distilgpt2	distilbert/distilgpt2	False	0.40903276205062866	1.2897117137908936
David	2709	David	0	distilbert/distilgpt2	distilbert/distilgpt2	False	1.0	0.0
Ġhurt	2709	 hurt	1	distilbert/distilgpt2	distilbert/distilgpt2	False	4.574156378112093e-07	21.05999183654785
ĠJohn	2709	 John	2	distilbert/distilgpt2	distilbert/distilgpt2	False	0.00029864991665817797	11.709257125854492
Ġbecause	2709	 because	3	distilbert/distilgpt2	distilbert/distilgpt2	False	0.0028551386203616858	8.452223777770996
Ġhe	2709	 he	4	distilbert/distilgpt2	distilbert/distilgpt2	False	0.3559906780719757	1.4900885820388794
Mary	2710	Mary	0	distilbert/distilgpt2	distilbert/distilgpt2	False	1.0	0.0
Ġhurt	2710	 hurt	1	distilbert/distilgpt2	distilbert/distilgpt2	False	5.156111910764594e-07	20.8872127532959
ĠJohn	2710	 John	2	distilbert/distilgpt2	distilbert/distilgpt2	False	0.00018556650320533663	12.39577579498291
Ġbecause	2710	 because	3	distilbert/distilgpt2	distilbert/distilgpt2	False	0.003257789183408022	8.26189136505127
Ġhe	2710	 he	4	distilbert/distilgpt2	distilbert/distilgpt2	False	0.37633392214775085	1.4099148511886597
David	2711	David	0	distilbert/distilgpt2	distilbert/distilgpt2	False	1.0	0.0
Ġhurt	2711	 hurt	1	distilbert/distilgpt2	distilbert/distilgpt2	False	4.574156378112093e-07	21.05999183654785
ĠJohn	2711	 John	2	distilbert/distilgpt2	distilbert/distilgpt2	False	0.00029864991665817797	11.709257125854492
Ġbecause	2711	 because	3	distilbert/distilgpt2	distilbert/distilgpt2	False	0.0028551386203616858	8.452223777770996
Ġhe	2711	 he	4	distilbert/distilgpt2	distilbert/distilgpt2	False	0.3559906780719757	1.4900885820388794
Sarah	2712	Sarah	0	distilbert/distilgpt2	distilbert/distilgpt2	False	1.0	0.0
Ġhurt	2712	 hurt	1	distilbert/distilgpt2	distilbert/distilgpt2	False	5.676420187228359e-07	20.748516082763672
ĠJohn	2712	 John	2	distilbert/distilgpt2	distilbert/distilgpt2	False	0.00022741676366422325	12.102374076843262
Ġbecause	2712	 because	3	distilbert/distilgpt2	distilbert/distilgpt2	False	0.004573288839310408	7.772552490234375
Ġhe	2712	 he	4	distilbert/distilgpt2	distilbert/distilgpt2	False	0.3734872043132782	1.4208693504333496
Mary	2713	Mary	0	distilbert/distilgpt2	distilbert/distilgpt2	False	1.0	0.0
Ġhurt	2713	 hurt	1	distilbert/distilgpt2	distilbert/distilgpt2	False	5.156111910764594e-07	20.8872127532959
ĠSarah	2713	 Sarah	2	distilbert/distilgpt2	distilbert/distilgpt2	False	5.076822708360851e-05	14.265714645385742
Ġbecause	2713	 because	3	distilbert/distilgpt2	distilbert/distilgpt2	False	0.0029229046776890755	8.418381690979004
Ġshe	2713	 she	4	distilbert/distilgpt2	distilbert/distilgpt2	False	0.39442676305770874	1.3421707153320312
John	2714	John	0	distilbert/distilgpt2	distilbert/distilgpt2	False	1.0	0.0
Ġhurt	2714	 hurt	1	distilbert/distilgpt2	distilbert/distilgpt2	False	5.207123194850283e-07	20.873010635375977
ĠSarah	2714	 Sarah	2	distilbert/distilgpt2	distilbert/distilgpt2	False	4.954217001795769e-05	14.300983428955078
Ġbecause	2714	 because	3	distilbert/distilgpt2	distilbert/distilgpt2	False	0.0022627776488661766	8.787689208984375
Ġshe	2714	 she	4	distilbert/distilgpt2	distilbert/distilgpt2	False	0.38237589597702026	1.3869365453720093
Mary	2715	Mary	0	distilbert/distilgpt2	distilbert/distilgpt2	False	1.0	0.0
Ġhurt	2715	 hurt	1	distilbert/distilgpt2	distilbert/distilgpt2	False	5.156111910764594e-07	20.8872127532959
ĠSarah	2715	 Sarah	2	distilbert/distilgpt2	distilbert/distilgpt2	False	5.076822708360851e-05	14.265714645385742
Ġbecause	2715	 because	3	distilbert/distilgpt2	distilbert/distilgpt2	False	0.0029229046776890755	8.418381690979004
Ġshe	2715	 she	4	distilbert/distilgpt2	distilbert/distilgpt2	False	0.39442676305770874	1.3421707153320312
David	2716	David	0	distilbert/distilgpt2	distilbert/distilgpt2	False	1.0	0.0
Ġhurt	2716	 hurt	1	distilbert/distilgpt2	distilbert/distilgpt2	False	4.574156378112093e-07	21.05999183654785
ĠSarah	2716	 Sarah	2	distilbert/distilgpt2	distilbert/distilgpt2	False	4.837736196350306e-05	14.335308074951172
Ġbecause	2716	 because	3	distilbert/distilgpt2	distilbert/distilgpt2	False	0.001122774905525148	9.798715591430664
Ġshe	2716	 she	4	distilbert/distilgpt2	distilbert/distilgpt2	False	0.3890272080898285	1.362057089805603
Sarah	2717	Sarah	0	distilbert/distilgpt2	distilbert/distilgpt2	False	1.0	0.0
Ġhurt	2717	 hurt	1	distilbert/distilgpt2	distilbert/distilgpt2	False	5.676420187228359e-07	20.748516082763672
ĠMary	2717	 Mary	2	distilbert/distilgpt2	distilbert/distilgpt2	False	8.222425822168589e-05	13.570075988769531
Ġbecause	2717	 because	3	distilbert/distilgpt2	distilbert/distilgpt2	False	0.0018253326416015625	9.097624778747559
Ġshe	2717	 she	4	distilbert/distilgpt2	distilbert/distilgpt2	False	0.35153841972351074	1.5082457065582275
John	2718	John	0	distilbert/distilgpt2	distilbert/distilgpt2	False	1.0	0.0
Ġhurt	2718	 hurt	1	distilbert/distilgpt2	distilbert/distilgpt2	False	5.207123194850283e-07	20.873010635375977
ĠMary	2718	 Mary	2	distilbert/distilgpt2	distilbert/distilgpt2	False	5.8138928579865023e-05	14.070136070251465
Ġbecause	2718	 because	3	distilbert/distilgpt2	distilbert/distilgpt2	False	0.001938747358508408	9.010659217834473
Ġshe	2718	 she	4	distilbert/distilgpt2	distilbert/distilgpt2	False	0.35556313395500183	1.491822361946106
Sarah	2719	Sarah	0	distilbert/distilgpt2	distilbert/distilgpt2	False	1.0	0.0
Ġhurt	2719	 hurt	1	distilbert/distilgpt2	distilbert/distilgpt2	False	5.676420187228359e-07	20.748516082763672
ĠMary	2719	 Mary	2	distilbert/distilgpt2	distilbert/distilgpt2	False	8.222425822168589e-05	13.570075988769531
Ġbecause	2719	 because	3	distilbert/distilgpt2	distilbert/distilgpt2	False	0.0018253326416015625	9.097624778747559
Ġshe	2719	 she	4	distilbert/distilgpt2	distilbert/distilgpt2	False	0.35153841972351074	1.5082457065582275
David	2720	David	0	distilbert/distilgpt2	distilbert/distilgpt2	False	1.0	0.0
Ġhurt	2720	 hurt	1	distilbert/distilgpt2	distilbert/distilgpt2	False	4.574156378112093e-07	21.05999183654785
ĠMary	2720	 Mary	2	distilbert/distilgpt2	distilbert/distilgpt2	False	5.4240044846665114e-05	14.170282363891602
Ġbecause	2720	 because	3	distilbert/distilgpt2	distilbert/distilgpt2	False	0.0011191540397703648	9.803375244140625
Ġshe	2720	 she	4	distilbert/distilgpt2	distilbert/distilgpt2	False	0.34878796339035034	1.5195778608322144
John	2721	John	0	distilbert/distilgpt2	distilbert/distilgpt2	False	1.0	0.0
Ġidol	2721	 idolized	1	distilbert/distilgpt2	distilbert/distilgpt2	False	5.812348646827559e-08	24.03630256652832
ized	2721	 idolized	1	distilbert/distilgpt2	distilbert/distilgpt2	False	0.18833652138710022	2.4086153507232666
ĠDavid	2721	 David	2	distilbert/distilgpt2	distilbert/distilgpt2	False	0.002192082582041621	8.83348274230957
Ġbecause	2721	 because	3	distilbert/distilgpt2	distilbert/distilgpt2	False	0.000206831464311108	12.239256858825684
Ġhe	2721	 he	4	distilbert/distilgpt2	distilbert/distilgpt2	False	0.45580247044563293	1.1335194110870361
Mary	2722	Mary	0	distilbert/distilgpt2	distilbert/distilgpt2	False	1.0	0.0
Ġidol	2722	 idolized	1	distilbert/distilgpt2	distilbert/distilgpt2	False	6.496039617331917e-08	23.875864028930664
ized	2722	 idolized	1	distilbert/distilgpt2	distilbert/distilgpt2	False	0.15929648280143738	2.6502137184143066
ĠDavid	2722	 David	2	distilbert/distilgpt2	distilbert/distilgpt2	False	0.0012975716963410378	9.589969635009766
Ġbecause	2722	 because	3	distilbert/distilgpt2	distilbert/distilgpt2	False	0.000490378646645695	10.993816375732422
Ġhe	2722	 he	4	distilbert/distilgpt2	distilbert/distilgpt2	False	0.4409835934638977	1.1812031269073486
John	2723	John	0	distilbert/distilgpt2	distilbert/distilgpt2	False	1.0	0.0
Ġidol	2723	 idolized	1	distilbert/distilgpt2	distilbert/distilgpt2	False	5.812348646827559e-08	24.03630256652832
ized	2723	 idolized	1	distilbert/distilgpt2	distilbert/distilgpt2	False	0.18833652138710022	2.4086153507232666
ĠDavid	2723	 David	2	distilbert/distilgpt2	distilbert/distilgpt2	False	0.002192082582041621	8.83348274230957
Ġbecause	2723	 because	3	distilbert/distilgpt2	distilbert/distilgpt2	False	0.000206831464311108	12.239256858825684
Ġhe	2723	 he	4	distilbert/distilgpt2	distilbert/distilgpt2	False	0.45580247044563293	1.1335194110870361
Sarah	2724	Sarah	0	distilbert/distilgpt2	distilbert/distilgpt2	False	1.0	0.0
Ġidol	2724	 idolized	1	distilbert/distilgpt2	distilbert/distilgpt2	False	5.4842963947976386e-08	24.120119094848633
ized	2724	 idolized	1	distilbert/distilgpt2	distilbert/distilgpt2	False	0.19056232273578644	2.39166522026062
ĠDavid	2724	 David	2	distilbert/distilgpt2	distilbert/distilgpt2	False	0.00189687660895288	9.042158126831055
Ġbecause	2724	 because	3	distilbert/distilgpt2	distilbert/distilgpt2	False	0.00020741931803058833	12.235161781311035
Ġhe	2724	 he	4	distilbert/distilgpt2	distilbert/distilgpt2	False	0.47550278902053833	1.0724743604660034
David	2725	David	0	distilbert/distilgpt2	distilbert/distilgpt2	False	1.0	0.0
Ġidol	2725	 idolized	1	distilbert/distilgpt2	distilbert/distilgpt2	False	7.190556772229684e-08	23.729320526123047
ized	2725	 idolized	1	distilbert/distilgpt2	distilbert/distilgpt2	False	0.2193327248096466	2.1888070106506348
ĠJohn	2725	 John	2	distilbert/distilgpt2	distilbert/distilgpt2	False	0.0031226910650730133	8.322994232177734
Ġbecause	2725	 because	3	distilbert/distilgpt2	distilbert/distilgpt2	False	7.592978363391012e-05	13.684974670410156
Ġhe	2725	 he	4	distilbert/distilgpt2	distilbert/distilgpt2	False	0.5243620276451111	0.9313650131225586
Mary	2726	Mary	0	distilbert/distilgpt2	distilbert/distilgpt2	False	1.0	0.0
Ġidol	2726	 idolized	1	distilbert/distilgpt2	distilbert/distilgpt2	False	6.496039617331917e-08	23.875864028930664
ized	2726	 idolized	1	distilbert/distilgpt2	distilbert/distilgpt2	False	0.15929648280143738	2.6502137184143066
ĠJohn	2726	 John	2	distilbert/distilgpt2	distilbert/distilgpt2	False	0.0017534559592604637	9.155583381652832
Ġbecause	2726	 because	3	distilbert/distilgpt2	distilbert/distilgpt2	False	0.000442953227320686	11.140558242797852
Ġhe	2726	 he	4	distilbert/distilgpt2	distilbert/distilgpt2	False	0.5187052488327026	0.9470131993293762
David	2727	David	0	distilbert/distilgpt2	distilbert/distilgpt2	False	1.0	0.0
Ġidol	2727	 idolized	1	distilbert/distilgpt2	distilbert/distilgpt2	False	7.190556772229684e-08	23.729320526123047
ized	2727	 idolized	1	distilbert/distilgpt2	distilbert/distilgpt2	False	0.2193327248096466	2.1888070106506348
ĠJohn	2727	 John	2	distilbert/distilgpt2	distilbert/distilgpt2	False	0.0031226910650730133	8.322994232177734
Ġbecause	2727	 because	3	distilbert/distilgpt2	distilbert/distilgpt2	False	7.592978363391012e-05	13.684974670410156
Ġhe	2727	 he	4	distilbert/distilgpt2	distilbert/distilgpt2	False	0.5243620276451111	0.9313650131225586
Sarah	2728	Sarah	0	distilbert/distilgpt2	distilbert/distilgpt2	False	1.0	0.0
Ġidol	2728	 idolized	1	distilbert/distilgpt2	distilbert/distilgpt2	False	5.4842963947976386e-08	24.120119094848633
ized	2728	 idolized	1	distilbert/distilgpt2	distilbert/distilgpt2	False	0.19056232273578644	2.39166522026062
ĠJohn	2728	 John	2	distilbert/distilgpt2	distilbert/distilgpt2	False	0.0020637190900743008	8.920537948608398
Ġbecause	2728	 because	3	distilbert/distilgpt2	distilbert/distilgpt2	False	0.00022592197638005018	12.11188793182373
Ġhe	2728	 he	4	distilbert/distilgpt2	distilbert/distilgpt2	False	0.5236697793006897	0.9332708120346069
Mary	2729	Mary	0	distilbert/distilgpt2	distilbert/distilgpt2	False	1.0	0.0
Ġidol	2729	 idolized	1	distilbert/distilgpt2	distilbert/distilgpt2	False	6.496039617331917e-08	23.875864028930664
ized	2729	 idolized	1	distilbert/distilgpt2	distilbert/distilgpt2	False	0.15929648280143738	2.6502137184143066
ĠSarah	2729	 Sarah	2	distilbert/distilgpt2	distilbert/distilgpt2	False	0.000451818312285468	11.111969947814941
Ġbecause	2729	 because	3	distilbert/distilgpt2	distilbert/distilgpt2	False	0.0012808161554858088	9.608720779418945
Ġshe	2729	 she	4	distilbert/distilgpt2	distilbert/distilgpt2	False	0.5410261154174805	0.886229932308197
John	2730	John	0	distilbert/distilgpt2	distilbert/distilgpt2	False	1.0	0.0
Ġidol	2730	 idolized	1	distilbert/distilgpt2	distilbert/distilgpt2	False	5.812348646827559e-08	24.03630256652832
ized	2730	 idolized	1	distilbert/distilgpt2	distilbert/distilgpt2	False	0.18833652138710022	2.4086153507232666
ĠSarah	2730	 Sarah	2	distilbert/distilgpt2	distilbert/distilgpt2	False	0.0005428020376712084	10.847286224365234
Ġbecause	2730	 because	3	distilbert/distilgpt2	distilbert/distilgpt2	False	0.00047996651846915483	11.024778366088867
Ġshe	2730	 she	4	distilbert/distilgpt2	distilbert/distilgpt2	False	0.5229689478874207	0.9352028965950012
Mary	2731	Mary	0	distilbert/distilgpt2	distilbert/distilgpt2	False	1.0	0.0
Ġidol	2731	 idolized	1	distilbert/distilgpt2	distilbert/distilgpt2	False	6.496039617331917e-08	23.875864028930664
ized	2731	 idolized	1	distilbert/distilgpt2	distilbert/distilgpt2	False	0.15929648280143738	2.6502137184143066
ĠSarah	2731	 Sarah	2	distilbert/distilgpt2	distilbert/distilgpt2	False	0.000451818312285468	11.111969947814941
Ġbecause	2731	 because	3	distilbert/distilgpt2	distilbert/distilgpt2	False	0.0012808161554858088	9.608720779418945
Ġshe	2731	 she	4	distilbert/distilgpt2	distilbert/distilgpt2	False	0.5410261154174805	0.886229932308197
David	2732	David	0	distilbert/distilgpt2	distilbert/distilgpt2	False	1.0	0.0
Ġidol	2732	 idolized	1	distilbert/distilgpt2	distilbert/distilgpt2	False	7.190556772229684e-08	23.729320526123047
ized	2732	 idolized	1	distilbert/distilgpt2	distilbert/distilgpt2	False	0.2193327248096466	2.1888070106506348
ĠSarah	2732	 Sarah	2	distilbert/distilgpt2	distilbert/distilgpt2	False	0.000591597578022629	10.723095893859863
Ġbecause	2732	 because	3	distilbert/distilgpt2	distilbert/distilgpt2	False	0.00017779419431462884	12.457504272460938
Ġshe	2732	 she	4	distilbert/distilgpt2	distilbert/distilgpt2	False	0.542427122592926	0.8824988603591919
Sarah	2733	Sarah	0	distilbert/distilgpt2	distilbert/distilgpt2	False	1.0	0.0
Ġidol	2733	 idolized	1	distilbert/distilgpt2	distilbert/distilgpt2	False	5.4842963947976386e-08	24.120119094848633
ized	2733	 idolized	1	distilbert/distilgpt2	distilbert/distilgpt2	False	0.19056232273578644	2.39166522026062
ĠMary	2733	 Mary	2	distilbert/distilgpt2	distilbert/distilgpt2	False	0.0008447350701317191	10.209213256835938
Ġbecause	2733	 because	3	distilbert/distilgpt2	distilbert/distilgpt2	False	0.0009096419671550393	10.102413177490234
Ġshe	2733	 she	4	distilbert/distilgpt2	distilbert/distilgpt2	False	0.49703991413116455	1.0085663795471191
John	2734	John	0	distilbert/distilgpt2	distilbert/distilgpt2	False	1.0	0.0
Ġidol	2734	 idolized	1	distilbert/distilgpt2	distilbert/distilgpt2	False	5.812348646827559e-08	24.03630256652832
ized	2734	 idolized	1	distilbert/distilgpt2	distilbert/distilgpt2	False	0.18833652138710022	2.4086153507232666
ĠMary	2734	 Mary	2	distilbert/distilgpt2	distilbert/distilgpt2	False	0.0009053574758581817	10.109225273132324
Ġbecause	2734	 because	3	distilbert/distilgpt2	distilbert/distilgpt2	False	0.0015196953900158405	9.3620023727417
Ġshe	2734	 she	4	distilbert/distilgpt2	distilbert/distilgpt2	False	0.4918816387653351	1.023616909980774
Sarah	2735	Sarah	0	distilbert/distilgpt2	distilbert/distilgpt2	False	1.0	0.0
Ġidol	2735	 idolized	1	distilbert/distilgpt2	distilbert/distilgpt2	False	5.4842963947976386e-08	24.120119094848633
ized	2735	 idolized	1	distilbert/distilgpt2	distilbert/distilgpt2	False	0.19056232273578644	2.39166522026062
ĠMary	2735	 Mary	2	distilbert/distilgpt2	distilbert/distilgpt2	False	0.0008447350701317191	10.209213256835938
Ġbecause	2735	 because	3	distilbert/distilgpt2	distilbert/distilgpt2	False	0.0009096419671550393	10.102413177490234
Ġshe	2735	 she	4	distilbert/distilgpt2	distilbert/distilgpt2	False	0.49703991413116455	1.0085663795471191
David	2736	David	0	distilbert/distilgpt2	distilbert/distilgpt2	False	1.0	0.0
Ġidol	2736	 idolized	1	distilbert/distilgpt2	distilbert/distilgpt2	False	7.190556772229684e-08	23.729320526123047
ized	2736	 idolized	1	distilbert/distilgpt2	distilbert/distilgpt2	False	0.2193327248096466	2.1888070106506348
ĠMary	2736	 Mary	2	distilbert/distilgpt2	distilbert/distilgpt2	False	0.0007674936205148697	10.34755802154541
Ġbecause	2736	 because	3	distilbert/distilgpt2	distilbert/distilgpt2	False	0.00031469741952605546	11.633747100830078
Ġshe	2736	 she	4	distilbert/distilgpt2	distilbert/distilgpt2	False	0.5083290934562683	0.9761652946472168
John	2737	John	0	distilbert/distilgpt2	distilbert/distilgpt2	False	1.0	0.0
Ġinc	2737	 incensed	1	distilbert/distilgpt2	distilbert/distilgpt2	False	4.268696613962675e-07	21.159700393676758
ensed	2737	 incensed	1	distilbert/distilgpt2	distilbert/distilgpt2	False	0.007500997744500637	7.058701992034912
ĠDavid	2737	 David	2	distilbert/distilgpt2	distilbert/distilgpt2	False	0.00015109905507415533	12.692217826843262
Ġbecause	2737	 because	3	distilbert/distilgpt2	distilbert/distilgpt2	False	0.000691642053425312	10.497686386108398
Ġhe	2737	 he	4	distilbert/distilgpt2	distilbert/distilgpt2	False	0.38525277376174927	1.3761228322982788
Mary	2738	Mary	0	distilbert/distilgpt2	distilbert/distilgpt2	False	1.0	0.0
Ġinc	2738	 incensed	1	distilbert/distilgpt2	distilbert/distilgpt2	False	4.5278989091457333e-07	21.074655532836914
ensed	2738	 incensed	1	distilbert/distilgpt2	distilbert/distilgpt2	False	0.007373393047600985	7.083455562591553
ĠDavid	2738	 David	2	distilbert/distilgpt2	distilbert/distilgpt2	False	0.00010325790208298713	13.241459846496582
Ġbecause	2738	 because	3	distilbert/distilgpt2	distilbert/distilgpt2	False	0.0009763292036950588	10.000344276428223
Ġhe	2738	 he	4	distilbert/distilgpt2	distilbert/distilgpt2	False	0.37620383501052856	1.4104136228561401
John	2739	John	0	distilbert/distilgpt2	distilbert/distilgpt2	False	1.0	0.0
Ġinc	2739	 incensed	1	distilbert/distilgpt2	distilbert/distilgpt2	False	4.268696613962675e-07	21.159700393676758
ensed	2739	 incensed	1	distilbert/distilgpt2	distilbert/distilgpt2	False	0.007500997744500637	7.058701992034912
ĠDavid	2739	 David	2	distilbert/distilgpt2	distilbert/distilgpt2	False	0.00015109905507415533	12.692217826843262
Ġbecause	2739	 because	3	distilbert/distilgpt2	distilbert/distilgpt2	False	0.000691642053425312	10.497686386108398
Ġhe	2739	 he	4	distilbert/distilgpt2	distilbert/distilgpt2	False	0.38525277376174927	1.3761228322982788
Sarah	2740	Sarah	0	distilbert/distilgpt2	distilbert/distilgpt2	False	1.0	0.0
Ġinc	2740	 incensed	1	distilbert/distilgpt2	distilbert/distilgpt2	False	4.945569003211858e-07	20.94736099243164
ensed	2740	 incensed	1	distilbert/distilgpt2	distilbert/distilgpt2	False	0.005806363187730312	7.428149223327637
ĠDavid	2740	 David	2	distilbert/distilgpt2	distilbert/distilgpt2	False	0.00013215983926784247	12.885428428649902
Ġbecause	2740	 because	3	distilbert/distilgpt2	distilbert/distilgpt2	False	0.0005839279037900269	10.741922378540039
Ġhe	2740	 he	4	distilbert/distilgpt2	distilbert/distilgpt2	False	0.38537585735321045	1.3756619691848755
David	2741	David	0	distilbert/distilgpt2	distilbert/distilgpt2	False	1.0	0.0
Ġinc	2741	 incensed	1	distilbert/distilgpt2	distilbert/distilgpt2	False	5.571142196458823e-07	20.775524139404297
ensed	2741	 incensed	1	distilbert/distilgpt2	distilbert/distilgpt2	False	0.015733977779746056	5.9899725914001465
ĠJohn	2741	 John	2	distilbert/distilgpt2	distilbert/distilgpt2	False	0.00043488710070960224	11.167071342468262
Ġbecause	2741	 because	3	distilbert/distilgpt2	distilbert/distilgpt2	False	0.0009354521171189845	10.06204891204834
Ġhe	2741	 he	4	distilbert/distilgpt2	distilbert/distilgpt2	False	0.4023924171924591	1.313325047492981
Mary	2742	Mary	0	distilbert/distilgpt2	distilbert/distilgpt2	False	1.0	0.0
Ġinc	2742	 incensed	1	distilbert/distilgpt2	distilbert/distilgpt2	False	4.5278989091457333e-07	21.074655532836914
ensed	2742	 incensed	1	distilbert/distilgpt2	distilbert/distilgpt2	False	0.007373393047600985	7.083455562591553
ĠJohn	2742	 John	2	distilbert/distilgpt2	distilbert/distilgpt2	False	0.0002649163652677089	11.88217544555664
Ġbecause	2742	 because	3	distilbert/distilgpt2	distilbert/distilgpt2	False	0.0012405733577907085	9.654777526855469
Ġhe	2742	 he	4	distilbert/distilgpt2	distilbert/distilgpt2	False	0.4021340608596802	1.3142515420913696
David	2743	David	0	distilbert/distilgpt2	distilbert/distilgpt2	False	1.0	0.0
Ġinc	2743	 incensed	1	distilbert/distilgpt2	distilbert/distilgpt2	False	5.571142196458823e-07	20.775524139404297
ensed	2743	 incensed	1	distilbert/distilgpt2	distilbert/distilgpt2	False	0.015733977779746056	5.9899725914001465
ĠJohn	2743	 John	2	distilbert/distilgpt2	distilbert/distilgpt2	False	0.00043488710070960224	11.167071342468262
Ġbecause	2743	 because	3	distilbert/distilgpt2	distilbert/distilgpt2	False	0.0009354521171189845	10.06204891204834
Ġhe	2743	 he	4	distilbert/distilgpt2	distilbert/distilgpt2	False	0.4023924171924591	1.313325047492981
Sarah	2744	Sarah	0	distilbert/distilgpt2	distilbert/distilgpt2	False	1.0	0.0
Ġinc	2744	 incensed	1	distilbert/distilgpt2	distilbert/distilgpt2	False	4.945569003211858e-07	20.94736099243164
ensed	2744	 incensed	1	distilbert/distilgpt2	distilbert/distilgpt2	False	0.005806363187730312	7.428149223327637
ĠJohn	2744	 John	2	distilbert/distilgpt2	distilbert/distilgpt2	False	0.00029689434450119734	11.71776294708252
Ġbecause	2744	 because	3	distilbert/distilgpt2	distilbert/distilgpt2	False	0.001420451095327735	9.45943546295166
Ġhe	2744	 he	4	distilbert/distilgpt2	distilbert/distilgpt2	False	0.3942217230796814	1.3429208993911743
Mary	2745	Mary	0	distilbert/distilgpt2	distilbert/distilgpt2	False	1.0	0.0
Ġinc	2745	 incensed	1	distilbert/distilgpt2	distilbert/distilgpt2	False	4.5278989091457333e-07	21.074655532836914
ensed	2745	 incensed	1	distilbert/distilgpt2	distilbert/distilgpt2	False	0.007373393047600985	7.083455562591553
ĠSarah	2745	 Sarah	2	distilbert/distilgpt2	distilbert/distilgpt2	False	4.659136538975872e-05	14.389577865600586
Ġbecause	2745	 because	3	distilbert/distilgpt2	distilbert/distilgpt2	False	0.0031287900637835264	8.320178985595703
Ġshe	2745	 she	4	distilbert/distilgpt2	distilbert/distilgpt2	False	0.4694370627403259	1.0909963846206665
John	2746	John	0	distilbert/distilgpt2	distilbert/distilgpt2	False	1.0	0.0
Ġinc	2746	 incensed	1	distilbert/distilgpt2	distilbert/distilgpt2	False	4.268696613962675e-07	21.159700393676758
ensed	2746	 incensed	1	distilbert/distilgpt2	distilbert/distilgpt2	False	0.007500997744500637	7.058701992034912
ĠSarah	2746	 Sarah	2	distilbert/distilgpt2	distilbert/distilgpt2	False	4.607663140632212e-05	14.40560531616211
Ġbecause	2746	 because	3	distilbert/distilgpt2	distilbert/distilgpt2	False	0.001518266974017024	9.363358497619629
Ġshe	2746	 she	4	distilbert/distilgpt2	distilbert/distilgpt2	False	0.4552515745162964	1.1352641582489014
Mary	2747	Mary	0	distilbert/distilgpt2	distilbert/distilgpt2	False	1.0	0.0
Ġinc	2747	 incensed	1	distilbert/distilgpt2	distilbert/distilgpt2	False	4.5278989091457333e-07	21.074655532836914
ensed	2747	 incensed	1	distilbert/distilgpt2	distilbert/distilgpt2	False	0.007373393047600985	7.083455562591553
ĠSarah	2747	 Sarah	2	distilbert/distilgpt2	distilbert/distilgpt2	False	4.659136538975872e-05	14.389577865600586
Ġbecause	2747	 because	3	distilbert/distilgpt2	distilbert/distilgpt2	False	0.0031287900637835264	8.320178985595703
Ġshe	2747	 she	4	distilbert/distilgpt2	distilbert/distilgpt2	False	0.4694370627403259	1.0909963846206665
David	2748	David	0	distilbert/distilgpt2	distilbert/distilgpt2	False	1.0	0.0
Ġinc	2748	 incensed	1	distilbert/distilgpt2	distilbert/distilgpt2	False	5.571142196458823e-07	20.775524139404297
ensed	2748	 incensed	1	distilbert/distilgpt2	distilbert/distilgpt2	False	0.015733977779746056	5.9899725914001465
ĠSarah	2748	 Sarah	2	distilbert/distilgpt2	distilbert/distilgpt2	False	4.9904745537787676e-05	14.2904634475708
Ġbecause	2748	 because	3	distilbert/distilgpt2	distilbert/distilgpt2	False	0.0006595284212380648	10.566277503967285
Ġshe	2748	 she	4	distilbert/distilgpt2	distilbert/distilgpt2	False	0.45013943314552307	1.151556134223938
Sarah	2749	Sarah	0	distilbert/distilgpt2	distilbert/distilgpt2	False	1.0	0.0
Ġinc	2749	 incensed	1	distilbert/distilgpt2	distilbert/distilgpt2	False	4.945569003211858e-07	20.94736099243164
ensed	2749	 incensed	1	distilbert/distilgpt2	distilbert/distilgpt2	False	0.005806363187730312	7.428149223327637
ĠMary	2749	 Mary	2	distilbert/distilgpt2	distilbert/distilgpt2	False	6.35960532235913e-05	13.940703392028809
Ġbecause	2749	 because	3	distilbert/distilgpt2	distilbert/distilgpt2	False	0.001821828307583928	9.100397109985352
Ġshe	2749	 she	4	distilbert/distilgpt2	distilbert/distilgpt2	False	0.43283239006996155	1.2081196308135986
John	2750	John	0	distilbert/distilgpt2	distilbert/distilgpt2	False	1.0	0.0
Ġinc	2750	 incensed	1	distilbert/distilgpt2	distilbert/distilgpt2	False	4.268696613962675e-07	21.159700393676758
ensed	2750	 incensed	1	distilbert/distilgpt2	distilbert/distilgpt2	False	0.007500997744500637	7.058701992034912
ĠMary	2750	 Mary	2	distilbert/distilgpt2	distilbert/distilgpt2	False	6.055734775145538e-05	14.011338233947754
Ġbecause	2750	 because	3	distilbert/distilgpt2	distilbert/distilgpt2	False	0.0026692706160247326	8.549338340759277
Ġshe	2750	 she	4	distilbert/distilgpt2	distilbert/distilgpt2	False	0.4335376024246216	1.2057709693908691
Sarah	2751	Sarah	0	distilbert/distilgpt2	distilbert/distilgpt2	False	1.0	0.0
Ġinc	2751	 incensed	1	distilbert/distilgpt2	distilbert/distilgpt2	False	4.945569003211858e-07	20.94736099243164
ensed	2751	 incensed	1	distilbert/distilgpt2	distilbert/distilgpt2	False	0.005806363187730312	7.428149223327637
ĠMary	2751	 Mary	2	distilbert/distilgpt2	distilbert/distilgpt2	False	6.35960532235913e-05	13.940703392028809
Ġbecause	2751	 because	3	distilbert/distilgpt2	distilbert/distilgpt2	False	0.001821828307583928	9.100397109985352
Ġshe	2751	 she	4	distilbert/distilgpt2	distilbert/distilgpt2	False	0.43283239006996155	1.2081196308135986
David	2752	David	0	distilbert/distilgpt2	distilbert/distilgpt2	False	1.0	0.0
Ġinc	2752	 incensed	1	distilbert/distilgpt2	distilbert/distilgpt2	False	5.571142196458823e-07	20.775524139404297
ensed	2752	 incensed	1	distilbert/distilgpt2	distilbert/distilgpt2	False	0.015733977779746056	5.9899725914001465
ĠMary	2752	 Mary	2	distilbert/distilgpt2	distilbert/distilgpt2	False	5.310144115355797e-05	14.200889587402344
Ġbecause	2752	 because	3	distilbert/distilgpt2	distilbert/distilgpt2	False	0.001649616751819849	9.243653297424316
Ġshe	2752	 she	4	distilbert/distilgpt2	distilbert/distilgpt2	False	0.4272359013557434	1.2268952131271362
John	2753	John	0	distilbert/distilgpt2	distilbert/distilgpt2	False	1.0	0.0
Ġinfuri	2753	 infuriated	1	distilbert/distilgpt2	distilbert/distilgpt2	False	1.3403059995198419e-08	26.152862548828125
ated	2753	 infuriated	1	distilbert/distilgpt2	distilbert/distilgpt2	False	0.8895133137702942	0.16891184449195862
ĠDavid	2753	 David	2	distilbert/distilgpt2	distilbert/distilgpt2	False	0.0007865582010708749	10.312158584594727
Ġbecause	2753	 because	3	distilbert/distilgpt2	distilbert/distilgpt2	False	0.0002051780465990305	12.250836372375488
Ġhe	2753	 he	4	distilbert/distilgpt2	distilbert/distilgpt2	False	0.40494173765182495	1.3042137622833252
Mary	2754	Mary	0	distilbert/distilgpt2	distilbert/distilgpt2	False	1.0	0.0
Ġinfuri	2754	 infuriated	1	distilbert/distilgpt2	distilbert/distilgpt2	False	1.3092104289569306e-08	26.18672752380371
ated	2754	 infuriated	1	distilbert/distilgpt2	distilbert/distilgpt2	False	0.9188873767852783	0.12203992903232574
ĠDavid	2754	 David	2	distilbert/distilgpt2	distilbert/distilgpt2	False	0.0006834677769802511	10.514839172363281
Ġbecause	2754	 because	3	distilbert/distilgpt2	distilbert/distilgpt2	False	0.0005642097676172853	10.791481018066406
Ġhe	2754	 he	4	distilbert/distilgpt2	distilbert/distilgpt2	False	0.41008585691452026	1.2860021591186523
John	2755	John	0	distilbert/distilgpt2	distilbert/distilgpt2	False	1.0	0.0
Ġinfuri	2755	 infuriated	1	distilbert/distilgpt2	distilbert/distilgpt2	False	1.3403059995198419e-08	26.152862548828125
ated	2755	 infuriated	1	distilbert/distilgpt2	distilbert/distilgpt2	False	0.8895133137702942	0.16891184449195862
ĠDavid	2755	 David	2	distilbert/distilgpt2	distilbert/distilgpt2	False	0.0007865582010708749	10.312158584594727
Ġbecause	2755	 because	3	distilbert/distilgpt2	distilbert/distilgpt2	False	0.0002051780465990305	12.250836372375488
Ġhe	2755	 he	4	distilbert/distilgpt2	distilbert/distilgpt2	False	0.40494173765182495	1.3042137622833252
Sarah	2756	Sarah	0	distilbert/distilgpt2	distilbert/distilgpt2	False	1.0	0.0
Ġinfuri	2756	 infuriated	1	distilbert/distilgpt2	distilbert/distilgpt2	False	1.2319272713057217e-08	26.274507522583008
ated	2756	 infuriated	1	distilbert/distilgpt2	distilbert/distilgpt2	False	0.9008649587631226	0.15061716735363007
ĠDavid	2756	 David	2	distilbert/distilgpt2	distilbert/distilgpt2	False	0.0007167327567003667	10.446276664733887
Ġbecause	2756	 because	3	distilbert/distilgpt2	distilbert/distilgpt2	False	0.00017138935800176114	12.510435104370117
Ġhe	2756	 he	4	distilbert/distilgpt2	distilbert/distilgpt2	False	0.40790608525276184	1.2936911582946777
David	2757	David	0	distilbert/distilgpt2	distilbert/distilgpt2	False	1.0	0.0
Ġinfuri	2757	 infuriated	1	distilbert/distilgpt2	distilbert/distilgpt2	False	1.3949477128960552e-08	26.095212936401367
ated	2757	 infuriated	1	distilbert/distilgpt2	distilbert/distilgpt2	False	0.9421095252037048	0.08603333681821823
ĠJohn	2757	 John	2	distilbert/distilgpt2	distilbert/distilgpt2	False	0.0014541361015290022	9.42562198638916
Ġbecause	2757	 because	3	distilbert/distilgpt2	distilbert/distilgpt2	False	0.00024537823628634214	11.992705345153809
Ġhe	2757	 he	4	distilbert/distilgpt2	distilbert/distilgpt2	False	0.4121095538139343	1.2789002656936646
Mary	2758	Mary	0	distilbert/distilgpt2	distilbert/distilgpt2	False	1.0	0.0
Ġinfuri	2758	 infuriated	1	distilbert/distilgpt2	distilbert/distilgpt2	False	1.3092104289569306e-08	26.18672752380371
ated	2758	 infuriated	1	distilbert/distilgpt2	distilbert/distilgpt2	False	0.9188873767852783	0.12203992903232574
ĠJohn	2758	 John	2	distilbert/distilgpt2	distilbert/distilgpt2	False	0.001300571020692587	9.586639404296875
Ġbecause	2758	 because	3	distilbert/distilgpt2	distilbert/distilgpt2	False	0.0008202763274312019	10.251602172851562
Ġhe	2758	 he	4	distilbert/distilgpt2	distilbert/distilgpt2	False	0.417326956987381	1.2607500553131104
David	2759	David	0	distilbert/distilgpt2	distilbert/distilgpt2	False	1.0	0.0
Ġinfuri	2759	 infuriated	1	distilbert/distilgpt2	distilbert/distilgpt2	False	1.3949477128960552e-08	26.095212936401367
ated	2759	 infuriated	1	distilbert/distilgpt2	distilbert/distilgpt2	False	0.9421095252037048	0.08603333681821823
ĠJohn	2759	 John	2	distilbert/distilgpt2	distilbert/distilgpt2	False	0.0014541361015290022	9.42562198638916
Ġbecause	2759	 because	3	distilbert/distilgpt2	distilbert/distilgpt2	False	0.00024537823628634214	11.992705345153809
Ġhe	2759	 he	4	distilbert/distilgpt2	distilbert/distilgpt2	False	0.4121095538139343	1.2789002656936646
Sarah	2760	Sarah	0	distilbert/distilgpt2	distilbert/distilgpt2	False	1.0	0.0
Ġinfuri	2760	 infuriated	1	distilbert/distilgpt2	distilbert/distilgpt2	False	1.2319272713057217e-08	26.274507522583008
ated	2760	 infuriated	1	distilbert/distilgpt2	distilbert/distilgpt2	False	0.9008649587631226	0.15061716735363007
ĠJohn	2760	 John	2	distilbert/distilgpt2	distilbert/distilgpt2	False	0.0012574157444760203	9.635322570800781
Ġbecause	2760	 because	3	distilbert/distilgpt2	distilbert/distilgpt2	False	0.0007592366309836507	10.363162994384766
Ġhe	2760	 he	4	distilbert/distilgpt2	distilbert/distilgpt2	False	0.40808960795402527	1.2930421829223633
Mary	2761	Mary	0	distilbert/distilgpt2	distilbert/distilgpt2	False	1.0	0.0
Ġinfuri	2761	 infuriated	1	distilbert/distilgpt2	distilbert/distilgpt2	False	1.3092104289569306e-08	26.18672752380371
ated	2761	 infuriated	1	distilbert/distilgpt2	distilbert/distilgpt2	False	0.9188873767852783	0.12203992903232574
ĠSarah	2761	 Sarah	2	distilbert/distilgpt2	distilbert/distilgpt2	False	0.00018322451796848327	12.41409969329834
Ġbecause	2761	 because	3	distilbert/distilgpt2	distilbert/distilgpt2	False	0.0019759726710617542	8.983221054077148
Ġshe	2761	 she	4	distilbert/distilgpt2	distilbert/distilgpt2	False	0.4842399060726166	1.0462061166763306
John	2762	John	0	distilbert/distilgpt2	distilbert/distilgpt2	False	1.0	0.0
Ġinfuri	2762	 infuriated	1	distilbert/distilgpt2	distilbert/distilgpt2	False	1.3403059995198419e-08	26.152862548828125
ated	2762	 infuriated	1	distilbert/distilgpt2	distilbert/distilgpt2	False	0.8895133137702942	0.16891184449195862
ĠSarah	2762	 Sarah	2	distilbert/distilgpt2	distilbert/distilgpt2	False	0.00021479683346115053	12.18474006652832
Ġbecause	2762	 because	3	distilbert/distilgpt2	distilbert/distilgpt2	False	0.00044302610331214964	11.140320777893066
Ġshe	2762	 she	4	distilbert/distilgpt2	distilbert/distilgpt2	False	0.45468828082084656	1.1370502710342407
Mary	2763	Mary	0	distilbert/distilgpt2	distilbert/distilgpt2	False	1.0	0.0
Ġinfuri	2763	 infuriated	1	distilbert/distilgpt2	distilbert/distilgpt2	False	1.3092104289569306e-08	26.18672752380371
ated	2763	 infuriated	1	distilbert/distilgpt2	distilbert/distilgpt2	False	0.9188873767852783	0.12203992903232574
ĠSarah	2763	 Sarah	2	distilbert/distilgpt2	distilbert/distilgpt2	False	0.00018322451796848327	12.41409969329834
Ġbecause	2763	 because	3	distilbert/distilgpt2	distilbert/distilgpt2	False	0.0019759726710617542	8.983221054077148
Ġshe	2763	 she	4	distilbert/distilgpt2	distilbert/distilgpt2	False	0.4842399060726166	1.0462061166763306
David	2764	David	0	distilbert/distilgpt2	distilbert/distilgpt2	False	1.0	0.0
Ġinfuri	2764	 infuriated	1	distilbert/distilgpt2	distilbert/distilgpt2	False	1.3949477128960552e-08	26.095212936401367
ated	2764	 infuriated	1	distilbert/distilgpt2	distilbert/distilgpt2	False	0.9421095252037048	0.08603333681821823
ĠSarah	2764	 Sarah	2	distilbert/distilgpt2	distilbert/distilgpt2	False	0.00018686360272113234	12.385726928710938
Ġbecause	2764	 because	3	distilbert/distilgpt2	distilbert/distilgpt2	False	0.00016200562822632492	12.591668128967285
Ġshe	2764	 she	4	distilbert/distilgpt2	distilbert/distilgpt2	False	0.4306327998638153	1.2154699563980103
Sarah	2765	Sarah	0	distilbert/distilgpt2	distilbert/distilgpt2	False	1.0	0.0
Ġinfuri	2765	 infuriated	1	distilbert/distilgpt2	distilbert/distilgpt2	False	1.2319272713057217e-08	26.274507522583008
ated	2765	 infuriated	1	distilbert/distilgpt2	distilbert/distilgpt2	False	0.9008649587631226	0.15061716735363007
ĠMary	2765	 Mary	2	distilbert/distilgpt2	distilbert/distilgpt2	False	0.00036630037357099354	11.414685249328613
Ġbecause	2765	 because	3	distilbert/distilgpt2	distilbert/distilgpt2	False	0.001318163936957717	9.567254066467285
Ġshe	2765	 she	4	distilbert/distilgpt2	distilbert/distilgpt2	False	0.43531063199043274	1.1998828649520874
John	2766	John	0	distilbert/distilgpt2	distilbert/distilgpt2	False	1.0	0.0
Ġinfuri	2766	 infuriated	1	distilbert/distilgpt2	distilbert/distilgpt2	False	1.3403059995198419e-08	26.152862548828125
ated	2766	 infuriated	1	distilbert/distilgpt2	distilbert/distilgpt2	False	0.8895133137702942	0.16891184449195862
ĠMary	2766	 Mary	2	distilbert/distilgpt2	distilbert/distilgpt2	False	0.00030727172270417213	11.668197631835938
Ġbecause	2766	 because	3	distilbert/distilgpt2	distilbert/distilgpt2	False	0.001716711325570941	9.186137199401855
Ġshe	2766	 she	4	distilbert/distilgpt2	distilbert/distilgpt2	False	0.44018736481666565	1.1838103532791138
Sarah	2767	Sarah	0	distilbert/distilgpt2	distilbert/distilgpt2	False	1.0	0.0
Ġinfuri	2767	 infuriated	1	distilbert/distilgpt2	distilbert/distilgpt2	False	1.2319272713057217e-08	26.274507522583008
ated	2767	 infuriated	1	distilbert/distilgpt2	distilbert/distilgpt2	False	0.9008649587631226	0.15061716735363007
ĠMary	2767	 Mary	2	distilbert/distilgpt2	distilbert/distilgpt2	False	0.00036630037357099354	11.414685249328613
Ġbecause	2767	 because	3	distilbert/distilgpt2	distilbert/distilgpt2	False	0.001318163936957717	9.567254066467285
Ġshe	2767	 she	4	distilbert/distilgpt2	distilbert/distilgpt2	False	0.43531063199043274	1.1998828649520874
David	2768	David	0	distilbert/distilgpt2	distilbert/distilgpt2	False	1.0	0.0
Ġinfuri	2768	 infuriated	1	distilbert/distilgpt2	distilbert/distilgpt2	False	1.3949477128960552e-08	26.095212936401367
ated	2768	 infuriated	1	distilbert/distilgpt2	distilbert/distilgpt2	False	0.9421095252037048	0.08603333681821823
ĠMary	2768	 Mary	2	distilbert/distilgpt2	distilbert/distilgpt2	False	0.00026598823023959994	11.876350402832031
Ġbecause	2768	 because	3	distilbert/distilgpt2	distilbert/distilgpt2	False	0.0006027126219123602	10.696242332458496
Ġshe	2768	 she	4	distilbert/distilgpt2	distilbert/distilgpt2	False	0.41166743636131287	1.2804487943649292
John	2769	John	0	distilbert/distilgpt2	distilbert/distilgpt2	False	1.0	0.0
Ġinspired	2769	 inspired	1	distilbert/distilgpt2	distilbert/distilgpt2	False	4.899558234683354e-07	20.960845947265625
ĠDavid	2769	 David	2	distilbert/distilgpt2	distilbert/distilgpt2	False	0.00033187863300554454	11.557056427001953
Ġbecause	2769	 because	3	distilbert/distilgpt2	distilbert/distilgpt2	False	0.00015628545952495188	12.643528938293457
Ġhe	2769	 he	4	distilbert/distilgpt2	distilbert/distilgpt2	False	0.34244248270988464	1.546066403388977
Mary	2770	Mary	0	distilbert/distilgpt2	distilbert/distilgpt2	False	1.0	0.0
Ġinspired	2770	 inspired	1	distilbert/distilgpt2	distilbert/distilgpt2	False	5.465440153784584e-07	20.803159713745117
ĠDavid	2770	 David	2	distilbert/distilgpt2	distilbert/distilgpt2	False	0.0001898752525448799	12.36266040802002
Ġbecause	2770	 because	3	distilbert/distilgpt2	distilbert/distilgpt2	False	0.00021873002697248012	12.158560752868652
Ġhe	2770	 he	4	distilbert/distilgpt2	distilbert/distilgpt2	False	0.3390056788921356	1.5606187582015991
John	2771	John	0	distilbert/distilgpt2	distilbert/distilgpt2	False	1.0	0.0
Ġinspired	2771	 inspired	1	distilbert/distilgpt2	distilbert/distilgpt2	False	4.899558234683354e-07	20.960845947265625
ĠDavid	2771	 David	2	distilbert/distilgpt2	distilbert/distilgpt2	False	0.00033187863300554454	11.557056427001953
Ġbecause	2771	 because	3	distilbert/distilgpt2	distilbert/distilgpt2	False	0.00015628545952495188	12.643528938293457
Ġhe	2771	 he	4	distilbert/distilgpt2	distilbert/distilgpt2	False	0.34244248270988464	1.546066403388977
Sarah	2772	Sarah	0	distilbert/distilgpt2	distilbert/distilgpt2	False	1.0	0.0
Ġinspired	2772	 inspired	1	distilbert/distilgpt2	distilbert/distilgpt2	False	5.017819830754888e-07	20.926435470581055
ĠDavid	2772	 David	2	distilbert/distilgpt2	distilbert/distilgpt2	False	0.0001817170123104006	12.426018714904785
Ġbecause	2772	 because	3	distilbert/distilgpt2	distilbert/distilgpt2	False	0.00022452048142440617	12.120864868164062
Ġhe	2772	 he	4	distilbert/distilgpt2	distilbert/distilgpt2	False	0.3488570749759674	1.5192919969558716
David	2773	David	0	distilbert/distilgpt2	distilbert/distilgpt2	False	1.0	0.0
Ġinspired	2773	 inspired	1	distilbert/distilgpt2	distilbert/distilgpt2	False	4.780781637236942e-07	20.99625015258789
ĠJohn	2773	 John	2	distilbert/distilgpt2	distilbert/distilgpt2	False	0.0008607920026406646	10.182047843933105
Ġbecause	2773	 because	3	distilbert/distilgpt2	distilbert/distilgpt2	False	0.00014716720033902675	12.730256080627441
Ġhe	2773	 he	4	distilbert/distilgpt2	distilbert/distilgpt2	False	0.3532267212867737	1.5013335943222046
Mary	2774	Mary	0	distilbert/distilgpt2	distilbert/distilgpt2	False	1.0	0.0
Ġinspired	2774	 inspired	1	distilbert/distilgpt2	distilbert/distilgpt2	False	5.465440153784584e-07	20.803159713745117
ĠJohn	2774	 John	2	distilbert/distilgpt2	distilbert/distilgpt2	False	0.00041610436164774	11.230767250061035
Ġbecause	2774	 because	3	distilbert/distilgpt2	distilbert/distilgpt2	False	0.00023478774528484792	12.056355476379395
Ġhe	2774	 he	4	distilbert/distilgpt2	distilbert/distilgpt2	False	0.3512127697467804	1.5095828771591187
David	2775	David	0	distilbert/distilgpt2	distilbert/distilgpt2	False	1.0	0.0
Ġinspired	2775	 inspired	1	distilbert/distilgpt2	distilbert/distilgpt2	False	4.780781637236942e-07	20.99625015258789
ĠJohn	2775	 John	2	distilbert/distilgpt2	distilbert/distilgpt2	False	0.0008607920026406646	10.182047843933105
Ġbecause	2775	 because	3	distilbert/distilgpt2	distilbert/distilgpt2	False	0.00014716720033902675	12.730256080627441
Ġhe	2775	 he	4	distilbert/distilgpt2	distilbert/distilgpt2	False	0.3532267212867737	1.5013335943222046
Sarah	2776	Sarah	0	distilbert/distilgpt2	distilbert/distilgpt2	False	1.0	0.0
Ġinspired	2776	 inspired	1	distilbert/distilgpt2	distilbert/distilgpt2	False	5.017819830754888e-07	20.926435470581055
ĠJohn	2776	 John	2	distilbert/distilgpt2	distilbert/distilgpt2	False	0.0003575845912564546	11.449427604675293
Ġbecause	2776	 because	3	distilbert/distilgpt2	distilbert/distilgpt2	False	0.0003504962660372257	11.478313446044922
Ġhe	2776	 he	4	distilbert/distilgpt2	distilbert/distilgpt2	False	0.34198567271232605	1.54799222946167
Mary	2777	Mary	0	distilbert/distilgpt2	distilbert/distilgpt2	False	1.0	0.0
Ġinspired	2777	 inspired	1	distilbert/distilgpt2	distilbert/distilgpt2	False	5.465440153784584e-07	20.803159713745117
ĠSarah	2777	 Sarah	2	distilbert/distilgpt2	distilbert/distilgpt2	False	4.0720071410760283e-05	14.583900451660156
Ġbecause	2777	 because	3	distilbert/distilgpt2	distilbert/distilgpt2	False	0.0005691663827747107	10.778861999511719
Ġshe	2777	 she	4	distilbert/distilgpt2	distilbert/distilgpt2	False	0.38913023471832275	1.3616750240325928
John	2778	John	0	distilbert/distilgpt2	distilbert/distilgpt2	False	1.0	0.0
Ġinspired	2778	 inspired	1	distilbert/distilgpt2	distilbert/distilgpt2	False	4.899558234683354e-07	20.960845947265625
ĠSarah	2778	 Sarah	2	distilbert/distilgpt2	distilbert/distilgpt2	False	4.017568426206708e-05	14.603318214416504
Ġbecause	2778	 because	3	distilbert/distilgpt2	distilbert/distilgpt2	False	0.0003769127943087369	11.373481750488281
Ġshe	2778	 she	4	distilbert/distilgpt2	distilbert/distilgpt2	False	0.37623459100723267	1.4102956056594849
Mary	2779	Mary	0	distilbert/distilgpt2	distilbert/distilgpt2	False	1.0	0.0
Ġinspired	2779	 inspired	1	distilbert/distilgpt2	distilbert/distilgpt2	False	5.465440153784584e-07	20.803159713745117
ĠSarah	2779	 Sarah	2	distilbert/distilgpt2	distilbert/distilgpt2	False	4.0720071410760283e-05	14.583900451660156
Ġbecause	2779	 because	3	distilbert/distilgpt2	distilbert/distilgpt2	False	0.0005691663827747107	10.778861999511719
Ġshe	2779	 she	4	distilbert/distilgpt2	distilbert/distilgpt2	False	0.38913023471832275	1.3616750240325928
David	2780	David	0	distilbert/distilgpt2	distilbert/distilgpt2	False	1.0	0.0
Ġinspired	2780	 inspired	1	distilbert/distilgpt2	distilbert/distilgpt2	False	4.780781637236942e-07	20.99625015258789
ĠSarah	2780	 Sarah	2	distilbert/distilgpt2	distilbert/distilgpt2	False	4.880103006144054e-05	14.322729110717773
Ġbecause	2780	 because	3	distilbert/distilgpt2	distilbert/distilgpt2	False	0.0002489575417712331	11.971813201904297
Ġshe	2780	 she	4	distilbert/distilgpt2	distilbert/distilgpt2	False	0.3867594599723816	1.3704915046691895
Sarah	2781	Sarah	0	distilbert/distilgpt2	distilbert/distilgpt2	False	1.0	0.0
Ġinspired	2781	 inspired	1	distilbert/distilgpt2	distilbert/distilgpt2	False	5.017819830754888e-07	20.926435470581055
ĠMary	2781	 Mary	2	distilbert/distilgpt2	distilbert/distilgpt2	False	0.00010085217945743352	13.275469779968262
Ġbecause	2781	 because	3	distilbert/distilgpt2	distilbert/distilgpt2	False	0.00014296251174528152	12.772075653076172
Ġshe	2781	 she	4	distilbert/distilgpt2	distilbert/distilgpt2	False	0.31125137209892273	1.6838479042053223
John	2782	John	0	distilbert/distilgpt2	distilbert/distilgpt2	False	1.0	0.0
Ġinspired	2782	 inspired	1	distilbert/distilgpt2	distilbert/distilgpt2	False	4.899558234683354e-07	20.960845947265625
ĠMary	2782	 Mary	2	distilbert/distilgpt2	distilbert/distilgpt2	False	0.00011143970186822116	13.131448745727539
Ġbecause	2782	 because	3	distilbert/distilgpt2	distilbert/distilgpt2	False	0.00019395360141061246	12.332000732421875
Ġshe	2782	 she	4	distilbert/distilgpt2	distilbert/distilgpt2	False	0.32825663685798645	1.607103943824768
Sarah	2783	Sarah	0	distilbert/distilgpt2	distilbert/distilgpt2	False	1.0	0.0
Ġinspired	2783	 inspired	1	distilbert/distilgpt2	distilbert/distilgpt2	False	5.017819830754888e-07	20.926435470581055
ĠMary	2783	 Mary	2	distilbert/distilgpt2	distilbert/distilgpt2	False	0.00010085217945743352	13.275469779968262
Ġbecause	2783	 because	3	distilbert/distilgpt2	distilbert/distilgpt2	False	0.00014296251174528152	12.772075653076172
Ġshe	2783	 she	4	distilbert/distilgpt2	distilbert/distilgpt2	False	0.31125137209892273	1.6838479042053223
David	2784	David	0	distilbert/distilgpt2	distilbert/distilgpt2	False	1.0	0.0
Ġinspired	2784	 inspired	1	distilbert/distilgpt2	distilbert/distilgpt2	False	4.780781637236942e-07	20.99625015258789
ĠMary	2784	 Mary	2	distilbert/distilgpt2	distilbert/distilgpt2	False	0.00012066949420841411	13.016651153564453
Ġbecause	2784	 because	3	distilbert/distilgpt2	distilbert/distilgpt2	False	0.00010249079059576616	13.252218246459961
Ġshe	2784	 she	4	distilbert/distilgpt2	distilbert/distilgpt2	False	0.3328964114189148	1.5868548154830933
John	2785	John	0	distilbert/distilgpt2	distilbert/distilgpt2	False	1.0	0.0
Ġinstructed	2785	 instructed	1	distilbert/distilgpt2	distilbert/distilgpt2	False	6.299144672539114e-08	23.920269012451172
ĠDavid	2785	 David	2	distilbert/distilgpt2	distilbert/distilgpt2	False	0.0006555548752658069	10.574995994567871
Ġbecause	2785	 because	3	distilbert/distilgpt2	distilbert/distilgpt2	False	0.00020714550919365138	12.237068176269531
Ġhe	2785	 he	4	distilbert/distilgpt2	distilbert/distilgpt2	False	0.3337571322917938	1.5831295251846313
Mary	2786	Mary	0	distilbert/distilgpt2	distilbert/distilgpt2	False	1.0	0.0
Ġinstructed	2786	 instructed	1	distilbert/distilgpt2	distilbert/distilgpt2	False	7.84316611657232e-08	23.603988647460938
ĠDavid	2786	 David	2	distilbert/distilgpt2	distilbert/distilgpt2	False	0.0003882760356646031	11.330629348754883
Ġbecause	2786	 because	3	distilbert/distilgpt2	distilbert/distilgpt2	False	0.00022179304505698383	12.138498306274414
Ġhe	2786	 he	4	distilbert/distilgpt2	distilbert/distilgpt2	False	0.35185444355010986	1.5069494247436523
John	2787	John	0	distilbert/distilgpt2	distilbert/distilgpt2	False	1.0	0.0
Ġinstructed	2787	 instructed	1	distilbert/distilgpt2	distilbert/distilgpt2	False	6.299144672539114e-08	23.920269012451172
ĠDavid	2787	 David	2	distilbert/distilgpt2	distilbert/distilgpt2	False	0.0006555548752658069	10.574995994567871
Ġbecause	2787	 because	3	distilbert/distilgpt2	distilbert/distilgpt2	False	0.00020714550919365138	12.237068176269531
Ġhe	2787	 he	4	distilbert/distilgpt2	distilbert/distilgpt2	False	0.3337571322917938	1.5831295251846313
Sarah	2788	Sarah	0	distilbert/distilgpt2	distilbert/distilgpt2	False	1.0	0.0
Ġinstructed	2788	 instructed	1	distilbert/distilgpt2	distilbert/distilgpt2	False	7.167840010424698e-08	23.73388671875
ĠDavid	2788	 David	2	distilbert/distilgpt2	distilbert/distilgpt2	False	0.0005319635383784771	10.876384735107422
Ġbecause	2788	 because	3	distilbert/distilgpt2	distilbert/distilgpt2	False	0.0002169506624341011	12.170345306396484
Ġhe	2788	 he	4	distilbert/distilgpt2	distilbert/distilgpt2	False	0.33268916606903076	1.5877532958984375
David	2789	David	0	distilbert/distilgpt2	distilbert/distilgpt2	False	1.0	0.0
Ġinstructed	2789	 instructed	1	distilbert/distilgpt2	distilbert/distilgpt2	False	7.289678904953689e-08	23.709569931030273
ĠJohn	2789	 John	2	distilbert/distilgpt2	distilbert/distilgpt2	False	0.0008523291326127946	10.196301460266113
Ġbecause	2789	 because	3	distilbert/distilgpt2	distilbert/distilgpt2	False	0.00032251220545731485	11.598358154296875
Ġhe	2789	 he	4	distilbert/distilgpt2	distilbert/distilgpt2	False	0.34576451778411865	1.5321383476257324
Mary	2790	Mary	0	distilbert/distilgpt2	distilbert/distilgpt2	False	1.0	0.0
Ġinstructed	2790	 instructed	1	distilbert/distilgpt2	distilbert/distilgpt2	False	7.84316611657232e-08	23.603988647460938
ĠJohn	2790	 John	2	distilbert/distilgpt2	distilbert/distilgpt2	False	0.0006116040167398751	10.675114631652832
Ġbecause	2790	 because	3	distilbert/distilgpt2	distilbert/distilgpt2	False	0.00045271587441675365	11.109106063842773
Ġhe	2790	 he	4	distilbert/distilgpt2	distilbert/distilgpt2	False	0.38625064492225647	1.3723907470703125
David	2791	David	0	distilbert/distilgpt2	distilbert/distilgpt2	False	1.0	0.0
Ġinstructed	2791	 instructed	1	distilbert/distilgpt2	distilbert/distilgpt2	False	7.289678904953689e-08	23.709569931030273
ĠJohn	2791	 John	2	distilbert/distilgpt2	distilbert/distilgpt2	False	0.0008523291326127946	10.196301460266113
Ġbecause	2791	 because	3	distilbert/distilgpt2	distilbert/distilgpt2	False	0.00032251220545731485	11.598358154296875
Ġhe	2791	 he	4	distilbert/distilgpt2	distilbert/distilgpt2	False	0.34576451778411865	1.5321383476257324
Sarah	2792	Sarah	0	distilbert/distilgpt2	distilbert/distilgpt2	False	1.0	0.0
Ġinstructed	2792	 instructed	1	distilbert/distilgpt2	distilbert/distilgpt2	False	7.167840010424698e-08	23.73388671875
ĠJohn	2792	 John	2	distilbert/distilgpt2	distilbert/distilgpt2	False	0.0006595815648324788	10.566161155700684
Ġbecause	2792	 because	3	distilbert/distilgpt2	distilbert/distilgpt2	False	0.0008950738701969385	10.12570571899414
Ġhe	2792	 he	4	distilbert/distilgpt2	distilbert/distilgpt2	False	0.347212553024292	1.526108980178833
Mary	2793	Mary	0	distilbert/distilgpt2	distilbert/distilgpt2	False	1.0	0.0
Ġinstructed	2793	 instructed	1	distilbert/distilgpt2	distilbert/distilgpt2	False	7.84316611657232e-08	23.603988647460938
ĠSarah	2793	 Sarah	2	distilbert/distilgpt2	distilbert/distilgpt2	False	0.0001670043566264212	12.547826766967773
Ġbecause	2793	 because	3	distilbert/distilgpt2	distilbert/distilgpt2	False	0.0005587235791608691	10.805577278137207
Ġshe	2793	 she	4	distilbert/distilgpt2	distilbert/distilgpt2	False	0.4339388310909271	1.2044364213943481
John	2794	John	0	distilbert/distilgpt2	distilbert/distilgpt2	False	1.0	0.0
Ġinstructed	2794	 instructed	1	distilbert/distilgpt2	distilbert/distilgpt2	False	6.299144672539114e-08	23.920269012451172
ĠSarah	2794	 Sarah	2	distilbert/distilgpt2	distilbert/distilgpt2	False	0.0001931234000949189	12.338189125061035
Ġbecause	2794	 because	3	distilbert/distilgpt2	distilbert/distilgpt2	False	0.0005216577555984259	10.904608726501465
Ġshe	2794	 she	4	distilbert/distilgpt2	distilbert/distilgpt2	False	0.4015805423259735	1.3162387609481812
Mary	2795	Mary	0	distilbert/distilgpt2	distilbert/distilgpt2	False	1.0	0.0
Ġinstructed	2795	 instructed	1	distilbert/distilgpt2	distilbert/distilgpt2	False	7.84316611657232e-08	23.603988647460938
ĠSarah	2795	 Sarah	2	distilbert/distilgpt2	distilbert/distilgpt2	False	0.0001670043566264212	12.547826766967773
Ġbecause	2795	 because	3	distilbert/distilgpt2	distilbert/distilgpt2	False	0.0005587235791608691	10.805577278137207
Ġshe	2795	 she	4	distilbert/distilgpt2	distilbert/distilgpt2	False	0.4339388310909271	1.2044364213943481
David	2796	David	0	distilbert/distilgpt2	distilbert/distilgpt2	False	1.0	0.0
Ġinstructed	2796	 instructed	1	distilbert/distilgpt2	distilbert/distilgpt2	False	7.289678904953689e-08	23.709569931030273
ĠSarah	2796	 Sarah	2	distilbert/distilgpt2	distilbert/distilgpt2	False	0.00017316968296654522	12.495526313781738
Ġbecause	2796	 because	3	distilbert/distilgpt2	distilbert/distilgpt2	False	0.00037402278394438326	11.384586334228516
Ġshe	2796	 she	4	distilbert/distilgpt2	distilbert/distilgpt2	False	0.38704320788383484	1.3694335222244263
Sarah	2797	Sarah	0	distilbert/distilgpt2	distilbert/distilgpt2	False	1.0	0.0
Ġinstructed	2797	 instructed	1	distilbert/distilgpt2	distilbert/distilgpt2	False	7.167840010424698e-08	23.73388671875
ĠMary	2797	 Mary	2	distilbert/distilgpt2	distilbert/distilgpt2	False	0.0002056723169516772	12.24736499786377
Ġbecause	2797	 because	3	distilbert/distilgpt2	distilbert/distilgpt2	False	0.00030079856514930725	11.698914527893066
Ġshe	2797	 she	4	distilbert/distilgpt2	distilbert/distilgpt2	False	0.3463900089263916	1.5295307636260986
John	2798	John	0	distilbert/distilgpt2	distilbert/distilgpt2	False	1.0	0.0
Ġinstructed	2798	 instructed	1	distilbert/distilgpt2	distilbert/distilgpt2	False	6.299144672539114e-08	23.920269012451172
ĠMary	2798	 Mary	2	distilbert/distilgpt2	distilbert/distilgpt2	False	0.00024119092267937958	12.017537117004395
Ġbecause	2798	 because	3	distilbert/distilgpt2	distilbert/distilgpt2	False	0.00032932861358858645	11.568184852600098
Ġshe	2798	 she	4	distilbert/distilgpt2	distilbert/distilgpt2	False	0.35156258940696716	1.5081465244293213
Sarah	2799	Sarah	0	distilbert/distilgpt2	distilbert/distilgpt2	False	1.0	0.0
Ġinstructed	2799	 instructed	1	distilbert/distilgpt2	distilbert/distilgpt2	False	7.167840010424698e-08	23.73388671875
ĠMary	2799	 Mary	2	distilbert/distilgpt2	distilbert/distilgpt2	False	0.0002056723169516772	12.24736499786377
Ġbecause	2799	 because	3	distilbert/distilgpt2	distilbert/distilgpt2	False	0.00030079856514930725	11.698914527893066
Ġshe	2799	 she	4	distilbert/distilgpt2	distilbert/distilgpt2	False	0.3463900089263916	1.5295307636260986
David	2800	David	0	distilbert/distilgpt2	distilbert/distilgpt2	False	1.0	0.0
Ġinstructed	2800	 instructed	1	distilbert/distilgpt2	distilbert/distilgpt2	False	7.289678904953689e-08	23.709569931030273
ĠMary	2800	 Mary	2	distilbert/distilgpt2	distilbert/distilgpt2	False	0.00018849091429729015	12.373217582702637
Ġbecause	2800	 because	3	distilbert/distilgpt2	distilbert/distilgpt2	False	0.0002208464138675481	12.144668579101562
Ġshe	2800	 she	4	distilbert/distilgpt2	distilbert/distilgpt2	False	0.34661993384361267	1.5285735130310059
John	2801	John	0	distilbert/distilgpt2	distilbert/distilgpt2	False	1.0	0.0
Ġinsulted	2801	 insulted	1	distilbert/distilgpt2	distilbert/distilgpt2	False	2.5563521077742735e-08	25.221338272094727
ĠDavid	2801	 David	2	distilbert/distilgpt2	distilbert/distilgpt2	False	0.000702595105394721	10.475018501281738
Ġbecause	2801	 because	3	distilbert/distilgpt2	distilbert/distilgpt2	False	0.0008006910793483257	10.286466598510742
Ġhe	2801	 he	4	distilbert/distilgpt2	distilbert/distilgpt2	False	0.46395447850227356	1.1079448461532593
Mary	2802	Mary	0	distilbert/distilgpt2	distilbert/distilgpt2	False	1.0	0.0
Ġinsulted	2802	 insulted	1	distilbert/distilgpt2	distilbert/distilgpt2	False	2.7245723899227414e-08	25.12939453125
ĠDavid	2802	 David	2	distilbert/distilgpt2	distilbert/distilgpt2	False	0.00042642271728254855	11.195427894592285
Ġbecause	2802	 because	3	distilbert/distilgpt2	distilbert/distilgpt2	False	0.0015360459219664335	9.346563339233398
Ġhe	2802	 he	4	distilbert/distilgpt2	distilbert/distilgpt2	False	0.46485579013824463	1.1051448583602905
John	2803	John	0	distilbert/distilgpt2	distilbert/distilgpt2	False	1.0	0.0
Ġinsulted	2803	 insulted	1	distilbert/distilgpt2	distilbert/distilgpt2	False	2.5563521077742735e-08	25.221338272094727
ĠDavid	2803	 David	2	distilbert/distilgpt2	distilbert/distilgpt2	False	0.000702595105394721	10.475018501281738
Ġbecause	2803	 because	3	distilbert/distilgpt2	distilbert/distilgpt2	False	0.0008006910793483257	10.286466598510742
Ġhe	2803	 he	4	distilbert/distilgpt2	distilbert/distilgpt2	False	0.46395447850227356	1.1079448461532593
Sarah	2804	Sarah	0	distilbert/distilgpt2	distilbert/distilgpt2	False	1.0	0.0
Ġinsulted	2804	 insulted	1	distilbert/distilgpt2	distilbert/distilgpt2	False	2.6344878278905526e-08	25.177902221679688
ĠDavid	2804	 David	2	distilbert/distilgpt2	distilbert/distilgpt2	False	0.0007079672068357468	10.464030265808105
Ġbecause	2804	 because	3	distilbert/distilgpt2	distilbert/distilgpt2	False	0.0007364355842582881	10.407153129577637
Ġhe	2804	 he	4	distilbert/distilgpt2	distilbert/distilgpt2	False	0.4654889702796936	1.1031811237335205
David	2805	David	0	distilbert/distilgpt2	distilbert/distilgpt2	False	1.0	0.0
Ġinsulted	2805	 insulted	1	distilbert/distilgpt2	distilbert/distilgpt2	False	2.582965485942168e-08	25.206396102905273
ĠJohn	2805	 John	2	distilbert/distilgpt2	distilbert/distilgpt2	False	0.0020318187307566404	8.943012237548828
Ġbecause	2805	 because	3	distilbert/distilgpt2	distilbert/distilgpt2	False	0.0009103622869588435	10.101271629333496
Ġhe	2805	 he	4	distilbert/distilgpt2	distilbert/distilgpt2	False	0.47938430309295654	1.0607454776763916
Mary	2806	Mary	0	distilbert/distilgpt2	distilbert/distilgpt2	False	1.0	0.0
Ġinsulted	2806	 insulted	1	distilbert/distilgpt2	distilbert/distilgpt2	False	2.7245723899227414e-08	25.12939453125
ĠJohn	2806	 John	2	distilbert/distilgpt2	distilbert/distilgpt2	False	0.0011678896844387054	9.741880416870117
Ġbecause	2806	 because	3	distilbert/distilgpt2	distilbert/distilgpt2	False	0.0027015376836061478	8.532003402709961
Ġhe	2806	 he	4	distilbert/distilgpt2	distilbert/distilgpt2	False	0.48349127173423767	1.048438310623169
David	2807	David	0	distilbert/distilgpt2	distilbert/distilgpt2	False	1.0	0.0
Ġinsulted	2807	 insulted	1	distilbert/distilgpt2	distilbert/distilgpt2	False	2.582965485942168e-08	25.206396102905273
ĠJohn	2807	 John	2	distilbert/distilgpt2	distilbert/distilgpt2	False	0.0020318187307566404	8.943012237548828
Ġbecause	2807	 because	3	distilbert/distilgpt2	distilbert/distilgpt2	False	0.0009103622869588435	10.101271629333496
Ġhe	2807	 he	4	distilbert/distilgpt2	distilbert/distilgpt2	False	0.47938430309295654	1.0607454776763916
Sarah	2808	Sarah	0	distilbert/distilgpt2	distilbert/distilgpt2	False	1.0	0.0
Ġinsulted	2808	 insulted	1	distilbert/distilgpt2	distilbert/distilgpt2	False	2.6344878278905526e-08	25.177902221679688
ĠJohn	2808	 John	2	distilbert/distilgpt2	distilbert/distilgpt2	False	0.0020367116667330265	8.939542770385742
Ġbecause	2808	 because	3	distilbert/distilgpt2	distilbert/distilgpt2	False	0.0020249353256076574	8.947908401489258
Ġhe	2808	 he	4	distilbert/distilgpt2	distilbert/distilgpt2	False	0.46662935614585876	1.0996510982513428
Mary	2809	Mary	0	distilbert/distilgpt2	distilbert/distilgpt2	False	1.0	0.0
Ġinsulted	2809	 insulted	1	distilbert/distilgpt2	distilbert/distilgpt2	False	2.7245723899227414e-08	25.12939453125
ĠSarah	2809	 Sarah	2	distilbert/distilgpt2	distilbert/distilgpt2	False	0.0003691704769153148	11.403425216674805
Ġbecause	2809	 because	3	distilbert/distilgpt2	distilbert/distilgpt2	False	0.004300778266042471	7.861186504364014
Ġshe	2809	 she	4	distilbert/distilgpt2	distilbert/distilgpt2	False	0.5118009448051453	0.9663454294204712
John	2810	John	0	distilbert/distilgpt2	distilbert/distilgpt2	False	1.0	0.0
Ġinsulted	2810	 insulted	1	distilbert/distilgpt2	distilbert/distilgpt2	False	2.5563521077742735e-08	25.221338272094727
ĠSarah	2810	 Sarah	2	distilbert/distilgpt2	distilbert/distilgpt2	False	0.0006575140287168324	10.570691108703613
Ġbecause	2810	 because	3	distilbert/distilgpt2	distilbert/distilgpt2	False	0.0017522248672321439	9.156596183776855
Ġshe	2810	 she	4	distilbert/distilgpt2	distilbert/distilgpt2	False	0.5016773343086243	0.9951683878898621
Mary	2811	Mary	0	distilbert/distilgpt2	distilbert/distilgpt2	False	1.0	0.0
Ġinsulted	2811	 insulted	1	distilbert/distilgpt2	distilbert/distilgpt2	False	2.7245723899227414e-08	25.12939453125
ĠSarah	2811	 Sarah	2	distilbert/distilgpt2	distilbert/distilgpt2	False	0.0003691704769153148	11.403425216674805
Ġbecause	2811	 because	3	distilbert/distilgpt2	distilbert/distilgpt2	False	0.004300778266042471	7.861186504364014
Ġshe	2811	 she	4	distilbert/distilgpt2	distilbert/distilgpt2	False	0.5118009448051453	0.9663454294204712
David	2812	David	0	distilbert/distilgpt2	distilbert/distilgpt2	False	1.0	0.0
Ġinsulted	2812	 insulted	1	distilbert/distilgpt2	distilbert/distilgpt2	False	2.582965485942168e-08	25.206396102905273
ĠSarah	2812	 Sarah	2	distilbert/distilgpt2	distilbert/distilgpt2	False	0.0006672018207609653	10.549589157104492
Ġbecause	2812	 because	3	distilbert/distilgpt2	distilbert/distilgpt2	False	0.0006909231306053698	10.499187469482422
Ġshe	2812	 she	4	distilbert/distilgpt2	distilbert/distilgpt2	False	0.5039007663726807	0.9887884259223938
Sarah	2813	Sarah	0	distilbert/distilgpt2	distilbert/distilgpt2	False	1.0	0.0
Ġinsulted	2813	 insulted	1	distilbert/distilgpt2	distilbert/distilgpt2	False	2.6344878278905526e-08	25.177902221679688
ĠMary	2813	 Mary	2	distilbert/distilgpt2	distilbert/distilgpt2	False	0.0005471331533044577	10.835820198059082
Ġbecause	2813	 because	3	distilbert/distilgpt2	distilbert/distilgpt2	False	0.004060474690049887	7.944136142730713
Ġshe	2813	 she	4	distilbert/distilgpt2	distilbert/distilgpt2	False	0.43534979224205017	1.1997530460357666
John	2814	John	0	distilbert/distilgpt2	distilbert/distilgpt2	False	1.0	0.0
Ġinsulted	2814	 insulted	1	distilbert/distilgpt2	distilbert/distilgpt2	False	2.5563521077742735e-08	25.221338272094727
ĠMary	2814	 Mary	2	distilbert/distilgpt2	distilbert/distilgpt2	False	0.0005224869819357991	10.90231704711914
Ġbecause	2814	 because	3	distilbert/distilgpt2	distilbert/distilgpt2	False	0.0045340461656451225	7.784985065460205
Ġshe	2814	 she	4	distilbert/distilgpt2	distilbert/distilgpt2	False	0.44986557960510254	1.1524341106414795
Sarah	2815	Sarah	0	distilbert/distilgpt2	distilbert/distilgpt2	False	1.0	0.0
Ġinsulted	2815	 insulted	1	distilbert/distilgpt2	distilbert/distilgpt2	False	2.6344878278905526e-08	25.177902221679688
ĠMary	2815	 Mary	2	distilbert/distilgpt2	distilbert/distilgpt2	False	0.0005471331533044577	10.835820198059082
Ġbecause	2815	 because	3	distilbert/distilgpt2	distilbert/distilgpt2	False	0.004060474690049887	7.944136142730713
Ġshe	2815	 she	4	distilbert/distilgpt2	distilbert/distilgpt2	False	0.43534979224205017	1.1997530460357666
David	2816	David	0	distilbert/distilgpt2	distilbert/distilgpt2	False	1.0	0.0
Ġinsulted	2816	 insulted	1	distilbert/distilgpt2	distilbert/distilgpt2	False	2.582965485942168e-08	25.206396102905273
ĠMary	2816	 Mary	2	distilbert/distilgpt2	distilbert/distilgpt2	False	0.0004999741795472801	10.965858459472656
Ġbecause	2816	 because	3	distilbert/distilgpt2	distilbert/distilgpt2	False	0.0019417800940573215	9.008404731750488
Ġshe	2816	 she	4	distilbert/distilgpt2	distilbert/distilgpt2	False	0.4537907540798187	1.1399009227752686
John	2817	John	0	distilbert/distilgpt2	distilbert/distilgpt2	False	1.0	0.0
Ġinterrupted	2817	 interrupted	1	distilbert/distilgpt2	distilbert/distilgpt2	False	8.444924759487549e-08	23.497339248657227
ĠDavid	2817	 David	2	distilbert/distilgpt2	distilbert/distilgpt2	False	0.00027721698279492557	11.816697120666504
Ġbecause	2817	 because	3	distilbert/distilgpt2	distilbert/distilgpt2	False	0.0005225893692113459	10.902034759521484
Ġhe	2817	 he	4	distilbert/distilgpt2	distilbert/distilgpt2	False	0.3537333309650421	1.4992660284042358
Mary	2818	Mary	0	distilbert/distilgpt2	distilbert/distilgpt2	False	1.0	0.0
Ġinterrupted	2818	 interrupted	1	distilbert/distilgpt2	distilbert/distilgpt2	False	1.056803284882335e-07	23.173789978027344
ĠDavid	2818	 David	2	distilbert/distilgpt2	distilbert/distilgpt2	False	0.00018353616178501397	12.41164779663086
Ġbecause	2818	 because	3	distilbert/distilgpt2	distilbert/distilgpt2	False	0.0005279802717268467	10.887228012084961
Ġhe	2818	 he	4	distilbert/distilgpt2	distilbert/distilgpt2	False	0.35490846633911133	1.4944812059402466
John	2819	John	0	distilbert/distilgpt2	distilbert/distilgpt2	False	1.0	0.0
Ġinterrupted	2819	 interrupted	1	distilbert/distilgpt2	distilbert/distilgpt2	False	8.444924759487549e-08	23.497339248657227
ĠDavid	2819	 David	2	distilbert/distilgpt2	distilbert/distilgpt2	False	0.00027721698279492557	11.816697120666504
Ġbecause	2819	 because	3	distilbert/distilgpt2	distilbert/distilgpt2	False	0.0005225893692113459	10.902034759521484
Ġhe	2819	 he	4	distilbert/distilgpt2	distilbert/distilgpt2	False	0.3537333309650421	1.4992660284042358
Sarah	2820	Sarah	0	distilbert/distilgpt2	distilbert/distilgpt2	False	1.0	0.0
Ġinterrupted	2820	 interrupted	1	distilbert/distilgpt2	distilbert/distilgpt2	False	1.0744123102313097e-07	23.149948120117188
ĠDavid	2820	 David	2	distilbert/distilgpt2	distilbert/distilgpt2	False	0.0003286631254013628	11.5711030960083
Ġbecause	2820	 because	3	distilbert/distilgpt2	distilbert/distilgpt2	False	0.00045679882168769836	11.096153259277344
Ġhe	2820	 he	4	distilbert/distilgpt2	distilbert/distilgpt2	False	0.3416081368923187	1.5495858192443848
David	2821	David	0	distilbert/distilgpt2	distilbert/distilgpt2	False	1.0	0.0
Ġinterrupted	2821	 interrupted	1	distilbert/distilgpt2	distilbert/distilgpt2	False	9.147945689846892e-08	23.381977081298828
ĠJohn	2821	 John	2	distilbert/distilgpt2	distilbert/distilgpt2	False	0.0005192264798097312	10.911348342895508
Ġbecause	2821	 because	3	distilbert/distilgpt2	distilbert/distilgpt2	False	0.0006219639326445758	10.65088176727295
Ġhe	2821	 he	4	distilbert/distilgpt2	distilbert/distilgpt2	False	0.32394838333129883	1.626164197921753
Mary	2822	Mary	0	distilbert/distilgpt2	distilbert/distilgpt2	False	1.0	0.0
Ġinterrupted	2822	 interrupted	1	distilbert/distilgpt2	distilbert/distilgpt2	False	1.056803284882335e-07	23.173789978027344
ĠJohn	2822	 John	2	distilbert/distilgpt2	distilbert/distilgpt2	False	0.0003301323449704796	11.564667701721191
Ġbecause	2822	 because	3	distilbert/distilgpt2	distilbert/distilgpt2	False	0.0014328497927635908	9.44689655303955
Ġhe	2822	 he	4	distilbert/distilgpt2	distilbert/distilgpt2	False	0.3504105508327484	1.512881875038147
David	2823	David	0	distilbert/distilgpt2	distilbert/distilgpt2	False	1.0	0.0
Ġinterrupted	2823	 interrupted	1	distilbert/distilgpt2	distilbert/distilgpt2	False	9.147945689846892e-08	23.381977081298828
ĠJohn	2823	 John	2	distilbert/distilgpt2	distilbert/distilgpt2	False	0.0005192264798097312	10.911348342895508
Ġbecause	2823	 because	3	distilbert/distilgpt2	distilbert/distilgpt2	False	0.0006219639326445758	10.65088176727295
Ġhe	2823	 he	4	distilbert/distilgpt2	distilbert/distilgpt2	False	0.32394838333129883	1.626164197921753
Sarah	2824	Sarah	0	distilbert/distilgpt2	distilbert/distilgpt2	False	1.0	0.0
Ġinterrupted	2824	 interrupted	1	distilbert/distilgpt2	distilbert/distilgpt2	False	1.0744123102313097e-07	23.149948120117188
ĠJohn	2824	 John	2	distilbert/distilgpt2	distilbert/distilgpt2	False	0.0005150949582457542	10.922874450683594
Ġbecause	2824	 because	3	distilbert/distilgpt2	distilbert/distilgpt2	False	0.0017262819455936551	9.178115844726562
Ġhe	2824	 he	4	distilbert/distilgpt2	distilbert/distilgpt2	False	0.32211440801620483	1.6343549489974976
Mary	2825	Mary	0	distilbert/distilgpt2	distilbert/distilgpt2	False	1.0	0.0
Ġinterrupted	2825	 interrupted	1	distilbert/distilgpt2	distilbert/distilgpt2	False	1.056803284882335e-07	23.173789978027344
ĠSarah	2825	 Sarah	2	distilbert/distilgpt2	distilbert/distilgpt2	False	4.8806941777002066e-05	14.322554588317871
Ġbecause	2825	 because	3	distilbert/distilgpt2	distilbert/distilgpt2	False	0.002146192127838731	8.864005088806152
Ġshe	2825	 she	4	distilbert/distilgpt2	distilbert/distilgpt2	False	0.45145466923713684	1.1473469734191895
John	2826	John	0	distilbert/distilgpt2	distilbert/distilgpt2	False	1.0	0.0
Ġinterrupted	2826	 interrupted	1	distilbert/distilgpt2	distilbert/distilgpt2	False	8.444924759487549e-08	23.497339248657227
ĠSarah	2826	 Sarah	2	distilbert/distilgpt2	distilbert/distilgpt2	False	6.367015885189176e-05	13.9390230178833
Ġbecause	2826	 because	3	distilbert/distilgpt2	distilbert/distilgpt2	False	0.001967990305274725	8.98906135559082
Ġshe	2826	 she	4	distilbert/distilgpt2	distilbert/distilgpt2	False	0.4207195043563843	1.2490694522857666
Mary	2827	Mary	0	distilbert/distilgpt2	distilbert/distilgpt2	False	1.0	0.0
Ġinterrupted	2827	 interrupted	1	distilbert/distilgpt2	distilbert/distilgpt2	False	1.056803284882335e-07	23.173789978027344
ĠSarah	2827	 Sarah	2	distilbert/distilgpt2	distilbert/distilgpt2	False	4.8806941777002066e-05	14.322554588317871
Ġbecause	2827	 because	3	distilbert/distilgpt2	distilbert/distilgpt2	False	0.002146192127838731	8.864005088806152
Ġshe	2827	 she	4	distilbert/distilgpt2	distilbert/distilgpt2	False	0.45145466923713684	1.1473469734191895
David	2828	David	0	distilbert/distilgpt2	distilbert/distilgpt2	False	1.0	0.0
Ġinterrupted	2828	 interrupted	1	distilbert/distilgpt2	distilbert/distilgpt2	False	9.147945689846892e-08	23.381977081298828
ĠSarah	2828	 Sarah	2	distilbert/distilgpt2	distilbert/distilgpt2	False	7.18252849765122e-05	13.765149116516113
Ġbecause	2828	 because	3	distilbert/distilgpt2	distilbert/distilgpt2	False	0.0009357331437058747	10.061614990234375
Ġshe	2828	 she	4	distilbert/distilgpt2	distilbert/distilgpt2	False	0.4073343575000763	1.2957146167755127
Sarah	2829	Sarah	0	distilbert/distilgpt2	distilbert/distilgpt2	False	1.0	0.0
Ġinterrupted	2829	 interrupted	1	distilbert/distilgpt2	distilbert/distilgpt2	False	1.0744123102313097e-07	23.149948120117188
ĠMary	2829	 Mary	2	distilbert/distilgpt2	distilbert/distilgpt2	False	0.00010834191198227927	13.172121047973633
Ġbecause	2829	 because	3	distilbert/distilgpt2	distilbert/distilgpt2	False	0.0008181341690942645	10.255374908447266
Ġshe	2829	 she	4	distilbert/distilgpt2	distilbert/distilgpt2	False	0.3599170446395874	1.4742636680603027
John	2830	John	0	distilbert/distilgpt2	distilbert/distilgpt2	False	1.0	0.0
Ġinterrupted	2830	 interrupted	1	distilbert/distilgpt2	distilbert/distilgpt2	False	8.444924759487549e-08	23.497339248657227
ĠMary	2830	 Mary	2	distilbert/distilgpt2	distilbert/distilgpt2	False	7.739967986708507e-05	13.657313346862793
Ġbecause	2830	 because	3	distilbert/distilgpt2	distilbert/distilgpt2	False	0.0010185097344219685	9.939324378967285
Ġshe	2830	 she	4	distilbert/distilgpt2	distilbert/distilgpt2	False	0.3525417149066925	1.504134178161621
Sarah	2831	Sarah	0	distilbert/distilgpt2	distilbert/distilgpt2	False	1.0	0.0
Ġinterrupted	2831	 interrupted	1	distilbert/distilgpt2	distilbert/distilgpt2	False	1.0744123102313097e-07	23.149948120117188
ĠMary	2831	 Mary	2	distilbert/distilgpt2	distilbert/distilgpt2	False	0.00010834191198227927	13.172121047973633
Ġbecause	2831	 because	3	distilbert/distilgpt2	distilbert/distilgpt2	False	0.0008181341690942645	10.255374908447266
Ġshe	2831	 she	4	distilbert/distilgpt2	distilbert/distilgpt2	False	0.3599170446395874	1.4742636680603027
David	2832	David	0	distilbert/distilgpt2	distilbert/distilgpt2	False	1.0	0.0
Ġinterrupted	2832	 interrupted	1	distilbert/distilgpt2	distilbert/distilgpt2	False	9.147945689846892e-08	23.381977081298828
ĠMary	2832	 Mary	2	distilbert/distilgpt2	distilbert/distilgpt2	False	7.52854612073861e-05	13.697269439697266
Ġbecause	2832	 because	3	distilbert/distilgpt2	distilbert/distilgpt2	False	0.0005100191337987781	10.937161445617676
Ġshe	2832	 she	4	distilbert/distilgpt2	distilbert/distilgpt2	False	0.3489726781845093	1.5188140869140625
John	2833	John	0	distilbert/distilgpt2	distilbert/distilgpt2	False	1.0	0.0
Ġintimidated	2833	 intimidated	1	distilbert/distilgpt2	distilbert/distilgpt2	False	5.472893249702793e-09	27.445049285888672
ĠDavid	2833	 David	2	distilbert/distilgpt2	distilbert/distilgpt2	False	0.0003943412157241255	11.308267593383789
Ġbecause	2833	 because	3	distilbert/distilgpt2	distilbert/distilgpt2	False	0.0007974622421897948	10.292296409606934
Ġhe	2833	 he	4	distilbert/distilgpt2	distilbert/distilgpt2	False	0.442987859249115	1.1746609210968018
Mary	2834	Mary	0	distilbert/distilgpt2	distilbert/distilgpt2	False	1.0	0.0
Ġintimidated	2834	 intimidated	1	distilbert/distilgpt2	distilbert/distilgpt2	False	5.874750019785324e-09	27.342824935913086
ĠDavid	2834	 David	2	distilbert/distilgpt2	distilbert/distilgpt2	False	0.00021367272711358964	12.192309379577637
Ġbecause	2834	 because	3	distilbert/distilgpt2	distilbert/distilgpt2	False	0.0009825403103604913	9.991195678710938
Ġhe	2834	 he	4	distilbert/distilgpt2	distilbert/distilgpt2	False	0.43919581174850464	1.1870638132095337
John	2835	John	0	distilbert/distilgpt2	distilbert/distilgpt2	False	1.0	0.0
Ġintimidated	2835	 intimidated	1	distilbert/distilgpt2	distilbert/distilgpt2	False	5.472893249702793e-09	27.445049285888672
ĠDavid	2835	 David	2	distilbert/distilgpt2	distilbert/distilgpt2	False	0.0003943412157241255	11.308267593383789
Ġbecause	2835	 because	3	distilbert/distilgpt2	distilbert/distilgpt2	False	0.0007974622421897948	10.292296409606934
Ġhe	2835	 he	4	distilbert/distilgpt2	distilbert/distilgpt2	False	0.442987859249115	1.1746609210968018
Sarah	2836	Sarah	0	distilbert/distilgpt2	distilbert/distilgpt2	False	1.0	0.0
Ġintimidated	2836	 intimidated	1	distilbert/distilgpt2	distilbert/distilgpt2	False	5.7011533272088855e-09	27.386098861694336
ĠDavid	2836	 David	2	distilbert/distilgpt2	distilbert/distilgpt2	False	0.0002541936410125345	11.941784858703613
Ġbecause	2836	 because	3	distilbert/distilgpt2	distilbert/distilgpt2	False	0.0010990388691425323	9.82954216003418
Ġhe	2836	 he	4	distilbert/distilgpt2	distilbert/distilgpt2	False	0.44252991676330566	1.1761531829833984
David	2837	David	0	distilbert/distilgpt2	distilbert/distilgpt2	False	1.0	0.0
Ġintimidated	2837	 intimidated	1	distilbert/distilgpt2	distilbert/distilgpt2	False	5.401111113911838e-09	27.464096069335938
ĠJohn	2837	 John	2	distilbert/distilgpt2	distilbert/distilgpt2	False	0.0009415902895852923	10.052613258361816
Ġbecause	2837	 because	3	distilbert/distilgpt2	distilbert/distilgpt2	False	0.0009210375719703734	10.084452629089355
Ġhe	2837	 he	4	distilbert/distilgpt2	distilbert/distilgpt2	False	0.4363683760166168	1.1963815689086914
Mary	2838	Mary	0	distilbert/distilgpt2	distilbert/distilgpt2	False	1.0	0.0
Ġintimidated	2838	 intimidated	1	distilbert/distilgpt2	distilbert/distilgpt2	False	5.874750019785324e-09	27.342824935913086
ĠJohn	2838	 John	2	distilbert/distilgpt2	distilbert/distilgpt2	False	0.0004959781654179096	10.977436065673828
Ġbecause	2838	 because	3	distilbert/distilgpt2	distilbert/distilgpt2	False	0.0015120299067348242	9.369297981262207
Ġhe	2838	 he	4	distilbert/distilgpt2	distilbert/distilgpt2	False	0.4449014663696289	1.1684422492980957
David	2839	David	0	distilbert/distilgpt2	distilbert/distilgpt2	False	1.0	0.0
Ġintimidated	2839	 intimidated	1	distilbert/distilgpt2	distilbert/distilgpt2	False	5.401111113911838e-09	27.464096069335938
ĠJohn	2839	 John	2	distilbert/distilgpt2	distilbert/distilgpt2	False	0.0009415902895852923	10.052613258361816
Ġbecause	2839	 because	3	distilbert/distilgpt2	distilbert/distilgpt2	False	0.0009210375719703734	10.084452629089355
Ġhe	2839	 he	4	distilbert/distilgpt2	distilbert/distilgpt2	False	0.4363683760166168	1.1963815689086914
Sarah	2840	Sarah	0	distilbert/distilgpt2	distilbert/distilgpt2	False	1.0	0.0
Ġintimidated	2840	 intimidated	1	distilbert/distilgpt2	distilbert/distilgpt2	False	5.7011533272088855e-09	27.386098861694336
ĠJohn	2840	 John	2	distilbert/distilgpt2	distilbert/distilgpt2	False	0.0005125299794599414	10.930075645446777
Ġbecause	2840	 because	3	distilbert/distilgpt2	distilbert/distilgpt2	False	0.002868914045393467	8.445279121398926
Ġhe	2840	 he	4	distilbert/distilgpt2	distilbert/distilgpt2	False	0.43284934759140015	1.2080631256103516
Mary	2841	Mary	0	distilbert/distilgpt2	distilbert/distilgpt2	False	1.0	0.0
Ġintimidated	2841	 intimidated	1	distilbert/distilgpt2	distilbert/distilgpt2	False	5.874750019785324e-09	27.342824935913086
ĠSarah	2841	 Sarah	2	distilbert/distilgpt2	distilbert/distilgpt2	False	0.00017431944434065372	12.485979080200195
Ġbecause	2841	 because	3	distilbert/distilgpt2	distilbert/distilgpt2	False	0.0027111154049634933	8.526897430419922
Ġshe	2841	 she	4	distilbert/distilgpt2	distilbert/distilgpt2	False	0.49299800395965576	1.0203462839126587
John	2842	John	0	distilbert/distilgpt2	distilbert/distilgpt2	False	1.0	0.0
Ġintimidated	2842	 intimidated	1	distilbert/distilgpt2	distilbert/distilgpt2	False	5.472893249702793e-09	27.445049285888672
ĠSarah	2842	 Sarah	2	distilbert/distilgpt2	distilbert/distilgpt2	False	0.00024832962662912905	11.975456237792969
Ġbecause	2842	 because	3	distilbert/distilgpt2	distilbert/distilgpt2	False	0.0017255197744816542	9.178752899169922
Ġshe	2842	 she	4	distilbert/distilgpt2	distilbert/distilgpt2	False	0.46222567558288574	1.1133307218551636
Mary	2843	Mary	0	distilbert/distilgpt2	distilbert/distilgpt2	False	1.0	0.0
Ġintimidated	2843	 intimidated	1	distilbert/distilgpt2	distilbert/distilgpt2	False	5.874750019785324e-09	27.342824935913086
ĠSarah	2843	 Sarah	2	distilbert/distilgpt2	distilbert/distilgpt2	False	0.00017431944434065372	12.485979080200195
Ġbecause	2843	 because	3	distilbert/distilgpt2	distilbert/distilgpt2	False	0.0027111154049634933	8.526897430419922
Ġshe	2843	 she	4	distilbert/distilgpt2	distilbert/distilgpt2	False	0.49299800395965576	1.0203462839126587
David	2844	David	0	distilbert/distilgpt2	distilbert/distilgpt2	False	1.0	0.0
Ġintimidated	2844	 intimidated	1	distilbert/distilgpt2	distilbert/distilgpt2	False	5.401111113911838e-09	27.464096069335938
ĠSarah	2844	 Sarah	2	distilbert/distilgpt2	distilbert/distilgpt2	False	0.00025976417236961424	11.910510063171387
Ġbecause	2844	 because	3	distilbert/distilgpt2	distilbert/distilgpt2	False	0.0010210027685388923	9.935797691345215
Ġshe	2844	 she	4	distilbert/distilgpt2	distilbert/distilgpt2	False	0.45580294728279114	1.133517861366272
Sarah	2845	Sarah	0	distilbert/distilgpt2	distilbert/distilgpt2	False	1.0	0.0
Ġintimidated	2845	 intimidated	1	distilbert/distilgpt2	distilbert/distilgpt2	False	5.7011533272088855e-09	27.386098861694336
ĠMary	2845	 Mary	2	distilbert/distilgpt2	distilbert/distilgpt2	False	0.0002551281650085002	11.936490058898926
Ġbecause	2845	 because	3	distilbert/distilgpt2	distilbert/distilgpt2	False	0.001986340619623661	8.975671768188477
Ġshe	2845	 she	4	distilbert/distilgpt2	distilbert/distilgpt2	False	0.42875930666923523	1.2217601537704468
John	2846	John	0	distilbert/distilgpt2	distilbert/distilgpt2	False	1.0	0.0
Ġintimidated	2846	 intimidated	1	distilbert/distilgpt2	distilbert/distilgpt2	False	5.472893249702793e-09	27.445049285888672
ĠMary	2846	 Mary	2	distilbert/distilgpt2	distilbert/distilgpt2	False	0.0002735024900175631	11.836158752441406
Ġbecause	2846	 because	3	distilbert/distilgpt2	distilbert/distilgpt2	False	0.002132972003892064	8.872919082641602
Ġshe	2846	 she	4	distilbert/distilgpt2	distilbert/distilgpt2	False	0.42377492785453796	1.238629937171936
Sarah	2847	Sarah	0	distilbert/distilgpt2	distilbert/distilgpt2	False	1.0	0.0
Ġintimidated	2847	 intimidated	1	distilbert/distilgpt2	distilbert/distilgpt2	False	5.7011533272088855e-09	27.386098861694336
ĠMary	2847	 Mary	2	distilbert/distilgpt2	distilbert/distilgpt2	False	0.0002551281650085002	11.936490058898926
Ġbecause	2847	 because	3	distilbert/distilgpt2	distilbert/distilgpt2	False	0.001986340619623661	8.975671768188477
Ġshe	2847	 she	4	distilbert/distilgpt2	distilbert/distilgpt2	False	0.42875930666923523	1.2217601537704468
David	2848	David	0	distilbert/distilgpt2	distilbert/distilgpt2	False	1.0	0.0
Ġintimidated	2848	 intimidated	1	distilbert/distilgpt2	distilbert/distilgpt2	False	5.401111113911838e-09	27.464096069335938
ĠMary	2848	 Mary	2	distilbert/distilgpt2	distilbert/distilgpt2	False	0.0002821844245772809	11.7910737991333
Ġbecause	2848	 because	3	distilbert/distilgpt2	distilbert/distilgpt2	False	0.001162906177341938	9.74804973602295
Ġshe	2848	 she	4	distilbert/distilgpt2	distilbert/distilgpt2	False	0.4166649878025055	1.26304030418396
John	2849	John	0	distilbert/distilgpt2	distilbert/distilgpt2	False	1.0	0.0
Ġintrigued	2849	 intrigued	1	distilbert/distilgpt2	distilbert/distilgpt2	False	1.8917646116278775e-08	25.65569305419922
ĠDavid	2849	 David	2	distilbert/distilgpt2	distilbert/distilgpt2	False	0.000212905477383174	12.19749927520752
Ġbecause	2849	 because	3	distilbert/distilgpt2	distilbert/distilgpt2	False	0.0008733428549021482	10.161164283752441
Ġhe	2849	 he	4	distilbert/distilgpt2	distilbert/distilgpt2	False	0.44621697068214417	1.1641827821731567
Mary	2850	Mary	0	distilbert/distilgpt2	distilbert/distilgpt2	False	1.0	0.0
Ġintrigued	2850	 intrigued	1	distilbert/distilgpt2	distilbert/distilgpt2	False	2.195075587962947e-08	25.44115447998047
ĠDavid	2850	 David	2	distilbert/distilgpt2	distilbert/distilgpt2	False	0.00011530473420862108	13.082261085510254
Ġbecause	2850	 because	3	distilbert/distilgpt2	distilbert/distilgpt2	False	0.0014163227751851082	9.463634490966797
Ġhe	2850	 he	4	distilbert/distilgpt2	distilbert/distilgpt2	False	0.45259320735931396	1.1437132358551025
John	2851	John	0	distilbert/distilgpt2	distilbert/distilgpt2	False	1.0	0.0
Ġintrigued	2851	 intrigued	1	distilbert/distilgpt2	distilbert/distilgpt2	False	1.8917646116278775e-08	25.65569305419922
ĠDavid	2851	 David	2	distilbert/distilgpt2	distilbert/distilgpt2	False	0.000212905477383174	12.19749927520752
Ġbecause	2851	 because	3	distilbert/distilgpt2	distilbert/distilgpt2	False	0.0008733428549021482	10.161164283752441
Ġhe	2851	 he	4	distilbert/distilgpt2	distilbert/distilgpt2	False	0.44621697068214417	1.1641827821731567
Sarah	2852	Sarah	0	distilbert/distilgpt2	distilbert/distilgpt2	False	1.0	0.0
Ġintrigued	2852	 intrigued	1	distilbert/distilgpt2	distilbert/distilgpt2	False	1.887385714383072e-08	25.659034729003906
ĠDavid	2852	 David	2	distilbert/distilgpt2	distilbert/distilgpt2	False	0.00015600431652273983	12.646126747131348
Ġbecause	2852	 because	3	distilbert/distilgpt2	distilbert/distilgpt2	False	0.0015770129393786192	9.308589935302734
Ġhe	2852	 he	4	distilbert/distilgpt2	distilbert/distilgpt2	False	0.4353153705596924	1.1998671293258667
David	2853	David	0	distilbert/distilgpt2	distilbert/distilgpt2	False	1.0	0.0
Ġintrigued	2853	 intrigued	1	distilbert/distilgpt2	distilbert/distilgpt2	False	2.0655271271152742e-08	25.528915405273438
ĠJohn	2853	 John	2	distilbert/distilgpt2	distilbert/distilgpt2	False	0.00031519029289484024	11.631489753723145
Ġbecause	2853	 because	3	distilbert/distilgpt2	distilbert/distilgpt2	False	0.0010434647556394339	9.904402732849121
Ġhe	2853	 he	4	distilbert/distilgpt2	distilbert/distilgpt2	False	0.4159717857837677	1.2654424905776978
Mary	2854	Mary	0	distilbert/distilgpt2	distilbert/distilgpt2	False	1.0	0.0
Ġintrigued	2854	 intrigued	1	distilbert/distilgpt2	distilbert/distilgpt2	False	2.195075587962947e-08	25.44115447998047
ĠJohn	2854	 John	2	distilbert/distilgpt2	distilbert/distilgpt2	False	0.00018675510364118963	12.386564254760742
Ġbecause	2854	 because	3	distilbert/distilgpt2	distilbert/distilgpt2	False	0.001946126576513052	9.005178451538086
Ġhe	2854	 he	4	distilbert/distilgpt2	distilbert/distilgpt2	False	0.44922709465026855	1.1544831991195679
David	2855	David	0	distilbert/distilgpt2	distilbert/distilgpt2	False	1.0	0.0
Ġintrigued	2855	 intrigued	1	distilbert/distilgpt2	distilbert/distilgpt2	False	2.0655271271152742e-08	25.528915405273438
ĠJohn	2855	 John	2	distilbert/distilgpt2	distilbert/distilgpt2	False	0.00031519029289484024	11.631489753723145
Ġbecause	2855	 because	3	distilbert/distilgpt2	distilbert/distilgpt2	False	0.0010434647556394339	9.904402732849121
Ġhe	2855	 he	4	distilbert/distilgpt2	distilbert/distilgpt2	False	0.4159717857837677	1.2654424905776978
Sarah	2856	Sarah	0	distilbert/distilgpt2	distilbert/distilgpt2	False	1.0	0.0
Ġintrigued	2856	 intrigued	1	distilbert/distilgpt2	distilbert/distilgpt2	False	1.887385714383072e-08	25.659034729003906
ĠJohn	2856	 John	2	distilbert/distilgpt2	distilbert/distilgpt2	False	0.00022342154989019036	12.127943992614746
Ġbecause	2856	 because	3	distilbert/distilgpt2	distilbert/distilgpt2	False	0.003281183773651719	8.251567840576172
Ġhe	2856	 he	4	distilbert/distilgpt2	distilbert/distilgpt2	False	0.4258444607257843	1.231601595878601
Mary	2857	Mary	0	distilbert/distilgpt2	distilbert/distilgpt2	False	1.0	0.0
Ġintrigued	2857	 intrigued	1	distilbert/distilgpt2	distilbert/distilgpt2	False	2.195075587962947e-08	25.44115447998047
ĠSarah	2857	 Sarah	2	distilbert/distilgpt2	distilbert/distilgpt2	False	5.800872531835921e-05	14.073370933532715
Ġbecause	2857	 because	3	distilbert/distilgpt2	distilbert/distilgpt2	False	0.003477590624243021	8.167695999145508
Ġshe	2857	 she	4	distilbert/distilgpt2	distilbert/distilgpt2	False	0.4927327334880829	1.0211228132247925
John	2858	John	0	distilbert/distilgpt2	distilbert/distilgpt2	False	1.0	0.0
Ġintrigued	2858	 intrigued	1	distilbert/distilgpt2	distilbert/distilgpt2	False	1.8917646116278775e-08	25.65569305419922
ĠSarah	2858	 Sarah	2	distilbert/distilgpt2	distilbert/distilgpt2	False	6.670170114375651e-05	13.871916770935059
Ġbecause	2858	 because	3	distilbert/distilgpt2	distilbert/distilgpt2	False	0.002614521188661456	8.579237937927246
Ġshe	2858	 she	4	distilbert/distilgpt2	distilbert/distilgpt2	False	0.4462420344352722	1.1641017198562622
Mary	2859	Mary	0	distilbert/distilgpt2	distilbert/distilgpt2	False	1.0	0.0
Ġintrigued	2859	 intrigued	1	distilbert/distilgpt2	distilbert/distilgpt2	False	2.195075587962947e-08	25.44115447998047
ĠSarah	2859	 Sarah	2	distilbert/distilgpt2	distilbert/distilgpt2	False	5.800872531835921e-05	14.073370933532715
Ġbecause	2859	 because	3	distilbert/distilgpt2	distilbert/distilgpt2	False	0.003477590624243021	8.167695999145508
Ġshe	2859	 she	4	distilbert/distilgpt2	distilbert/distilgpt2	False	0.4927327334880829	1.0211228132247925
David	2860	David	0	distilbert/distilgpt2	distilbert/distilgpt2	False	1.0	0.0
Ġintrigued	2860	 intrigued	1	distilbert/distilgpt2	distilbert/distilgpt2	False	2.0655271271152742e-08	25.528915405273438
ĠSarah	2860	 Sarah	2	distilbert/distilgpt2	distilbert/distilgpt2	False	6.512487743748352e-05	13.906432151794434
Ġbecause	2860	 because	3	distilbert/distilgpt2	distilbert/distilgpt2	False	0.0015527249779552221	9.330982208251953
Ġshe	2860	 she	4	distilbert/distilgpt2	distilbert/distilgpt2	False	0.4273006319999695	1.2266767024993896
Sarah	2861	Sarah	0	distilbert/distilgpt2	distilbert/distilgpt2	False	1.0	0.0
Ġintrigued	2861	 intrigued	1	distilbert/distilgpt2	distilbert/distilgpt2	False	1.887385714383072e-08	25.659034729003906
ĠMary	2861	 Mary	2	distilbert/distilgpt2	distilbert/distilgpt2	False	0.0001325093035120517	12.88161849975586
Ġbecause	2861	 because	3	distilbert/distilgpt2	distilbert/distilgpt2	False	0.0015915627591311932	9.295340538024902
Ġshe	2861	 she	4	distilbert/distilgpt2	distilbert/distilgpt2	False	0.43131184577941895	1.2131967544555664
John	2862	John	0	distilbert/distilgpt2	distilbert/distilgpt2	False	1.0	0.0
Ġintrigued	2862	 intrigued	1	distilbert/distilgpt2	distilbert/distilgpt2	False	1.8917646116278775e-08	25.65569305419922
ĠMary	2862	 Mary	2	distilbert/distilgpt2	distilbert/distilgpt2	False	0.00011142981384182349	13.131577491760254
Ġbecause	2862	 because	3	distilbert/distilgpt2	distilbert/distilgpt2	False	0.0018238883931189775	9.098767280578613
Ġshe	2862	 she	4	distilbert/distilgpt2	distilbert/distilgpt2	False	0.43485233187675476	1.2014025449752808
Sarah	2863	Sarah	0	distilbert/distilgpt2	distilbert/distilgpt2	False	1.0	0.0
Ġintrigued	2863	 intrigued	1	distilbert/distilgpt2	distilbert/distilgpt2	False	1.887385714383072e-08	25.659034729003906
ĠMary	2863	 Mary	2	distilbert/distilgpt2	distilbert/distilgpt2	False	0.0001325093035120517	12.88161849975586
Ġbecause	2863	 because	3	distilbert/distilgpt2	distilbert/distilgpt2	False	0.0015915627591311932	9.295340538024902
Ġshe	2863	 she	4	distilbert/distilgpt2	distilbert/distilgpt2	False	0.43131184577941895	1.2131967544555664
David	2864	David	0	distilbert/distilgpt2	distilbert/distilgpt2	False	1.0	0.0
Ġintrigued	2864	 intrigued	1	distilbert/distilgpt2	distilbert/distilgpt2	False	2.0655271271152742e-08	25.528915405273438
ĠMary	2864	 Mary	2	distilbert/distilgpt2	distilbert/distilgpt2	False	0.00012116905418224633	13.010690689086914
Ġbecause	2864	 because	3	distilbert/distilgpt2	distilbert/distilgpt2	False	0.0008489839965477586	10.201974868774414
Ġshe	2864	 she	4	distilbert/distilgpt2	distilbert/distilgpt2	False	0.4074045717716217	1.2954659461975098
John	2865	John	0	distilbert/distilgpt2	distilbert/distilgpt2	False	1.0	0.0
Ġinv	2865	 invigorated	1	distilbert/distilgpt2	distilbert/distilgpt2	False	1.2967193185886572e-07	22.878629684448242
igor	2865	 invigorated	1	distilbert/distilgpt2	distilbert/distilgpt2	False	0.023441949859261513	5.414763450622559
ated	2865	 invigorated	1	distilbert/distilgpt2	distilbert/distilgpt2	False	0.5457596182823181	0.8736624717712402
ĠDavid	2865	 David	2	distilbert/distilgpt2	distilbert/distilgpt2	False	0.0003828068438451737	11.351096153259277
Ġbecause	2865	 because	3	distilbert/distilgpt2	distilbert/distilgpt2	False	9.537534788250923e-05	13.356023788452148
Ġhe	2865	 he	4	distilbert/distilgpt2	distilbert/distilgpt2	False	0.40315312147140503	1.3106002807617188
Mary	2866	Mary	0	distilbert/distilgpt2	distilbert/distilgpt2	False	1.0	0.0
Ġinv	2866	 invigorated	1	distilbert/distilgpt2	distilbert/distilgpt2	False	1.4142939619432582e-07	22.753414154052734
igor	2866	 invigorated	1	distilbert/distilgpt2	distilbert/distilgpt2	False	0.032038614153862	4.964044570922852
ated	2866	 invigorated	1	distilbert/distilgpt2	distilbert/distilgpt2	False	0.532133162021637	0.910140872001648
ĠDavid	2866	 David	2	distilbert/distilgpt2	distilbert/distilgpt2	False	0.00025019043823704123	11.964685440063477
Ġbecause	2866	 because	3	distilbert/distilgpt2	distilbert/distilgpt2	False	0.00011932167399208993	13.032855987548828
Ġhe	2866	 he	4	distilbert/distilgpt2	distilbert/distilgpt2	False	0.38742876052856445	1.3679970502853394
John	2867	John	0	distilbert/distilgpt2	distilbert/distilgpt2	False	1.0	0.0
Ġinv	2867	 invigorated	1	distilbert/distilgpt2	distilbert/distilgpt2	False	1.2967193185886572e-07	22.878629684448242
igor	2867	 invigorated	1	distilbert/distilgpt2	distilbert/distilgpt2	False	0.023441949859261513	5.414763450622559
ated	2867	 invigorated	1	distilbert/distilgpt2	distilbert/distilgpt2	False	0.5457596182823181	0.8736624717712402
ĠDavid	2867	 David	2	distilbert/distilgpt2	distilbert/distilgpt2	False	0.0003828068438451737	11.351096153259277
Ġbecause	2867	 because	3	distilbert/distilgpt2	distilbert/distilgpt2	False	9.537534788250923e-05	13.356023788452148
Ġhe	2867	 he	4	distilbert/distilgpt2	distilbert/distilgpt2	False	0.40315312147140503	1.3106002807617188
Sarah	2868	Sarah	0	distilbert/distilgpt2	distilbert/distilgpt2	False	1.0	0.0
Ġinv	2868	 invigorated	1	distilbert/distilgpt2	distilbert/distilgpt2	False	1.3875845183974889e-07	22.780920028686523
igor	2868	 invigorated	1	distilbert/distilgpt2	distilbert/distilgpt2	False	0.06383635848760605	3.969477891921997
ated	2868	 invigorated	1	distilbert/distilgpt2	distilbert/distilgpt2	False	0.4724932014942169	1.081634521484375
ĠDavid	2868	 David	2	distilbert/distilgpt2	distilbert/distilgpt2	False	0.00031835411209613085	11.617079734802246
Ġbecause	2868	 because	3	distilbert/distilgpt2	distilbert/distilgpt2	False	0.00010570286394795403	13.207697868347168
Ġhe	2868	 he	4	distilbert/distilgpt2	distilbert/distilgpt2	False	0.4119618833065033	1.2794172763824463
David	2869	David	0	distilbert/distilgpt2	distilbert/distilgpt2	False	1.0	0.0
Ġinv	2869	 invigorated	1	distilbert/distilgpt2	distilbert/distilgpt2	False	1.3824570999076968e-07	22.78626251220703
igor	2869	 invigorated	1	distilbert/distilgpt2	distilbert/distilgpt2	False	0.024127840995788574	5.373157501220703
ated	2869	 invigorated	1	distilbert/distilgpt2	distilbert/distilgpt2	False	0.5616726279258728	0.8321986198425293
ĠJohn	2869	 John	2	distilbert/distilgpt2	distilbert/distilgpt2	False	0.0006512440741062164	10.584513664245605
Ġbecause	2869	 because	3	distilbert/distilgpt2	distilbert/distilgpt2	False	9.447325282962993e-05	13.369734764099121
Ġhe	2869	 he	4	distilbert/distilgpt2	distilbert/distilgpt2	False	0.39132019877433777	1.3535785675048828
Mary	2870	Mary	0	distilbert/distilgpt2	distilbert/distilgpt2	False	1.0	0.0
Ġinv	2870	 invigorated	1	distilbert/distilgpt2	distilbert/distilgpt2	False	1.4142939619432582e-07	22.753414154052734
igor	2870	 invigorated	1	distilbert/distilgpt2	distilbert/distilgpt2	False	0.032038614153862	4.964044570922852
ated	2870	 invigorated	1	distilbert/distilgpt2	distilbert/distilgpt2	False	0.532133162021637	0.910140872001648
ĠJohn	2870	 John	2	distilbert/distilgpt2	distilbert/distilgpt2	False	0.0003846703330054879	11.34408950805664
Ġbecause	2870	 because	3	distilbert/distilgpt2	distilbert/distilgpt2	False	0.00017916063370648772	12.44645881652832
Ġhe	2870	 he	4	distilbert/distilgpt2	distilbert/distilgpt2	False	0.3968316614627838	1.3334009647369385
David	2871	David	0	distilbert/distilgpt2	distilbert/distilgpt2	False	1.0	0.0
Ġinv	2871	 invigorated	1	distilbert/distilgpt2	distilbert/distilgpt2	False	1.3824570999076968e-07	22.78626251220703
igor	2871	 invigorated	1	distilbert/distilgpt2	distilbert/distilgpt2	False	0.024127840995788574	5.373157501220703
ated	2871	 invigorated	1	distilbert/distilgpt2	distilbert/distilgpt2	False	0.5616726279258728	0.8321986198425293
ĠJohn	2871	 John	2	distilbert/distilgpt2	distilbert/distilgpt2	False	0.0006512440741062164	10.584513664245605
Ġbecause	2871	 because	3	distilbert/distilgpt2	distilbert/distilgpt2	False	9.447325282962993e-05	13.369734764099121
Ġhe	2871	 he	4	distilbert/distilgpt2	distilbert/distilgpt2	False	0.39132019877433777	1.3535785675048828
Sarah	2872	Sarah	0	distilbert/distilgpt2	distilbert/distilgpt2	False	1.0	0.0
Ġinv	2872	 invigorated	1	distilbert/distilgpt2	distilbert/distilgpt2	False	1.3875845183974889e-07	22.780920028686523
igor	2872	 invigorated	1	distilbert/distilgpt2	distilbert/distilgpt2	False	0.06383635848760605	3.969477891921997
ated	2872	 invigorated	1	distilbert/distilgpt2	distilbert/distilgpt2	False	0.4724932014942169	1.081634521484375
ĠJohn	2872	 John	2	distilbert/distilgpt2	distilbert/distilgpt2	False	0.0003535303403623402	11.4658784866333
Ġbecause	2872	 because	3	distilbert/distilgpt2	distilbert/distilgpt2	False	0.0002801703230943531	11.801407814025879
Ġhe	2872	 he	4	distilbert/distilgpt2	distilbert/distilgpt2	False	0.40168365836143494	1.3158683776855469
Mary	2873	Mary	0	distilbert/distilgpt2	distilbert/distilgpt2	False	1.0	0.0
Ġinv	2873	 invigorated	1	distilbert/distilgpt2	distilbert/distilgpt2	False	1.4142939619432582e-07	22.753414154052734
igor	2873	 invigorated	1	distilbert/distilgpt2	distilbert/distilgpt2	False	0.032038614153862	4.964044570922852
ated	2873	 invigorated	1	distilbert/distilgpt2	distilbert/distilgpt2	False	0.532133162021637	0.910140872001648
ĠSarah	2873	 Sarah	2	distilbert/distilgpt2	distilbert/distilgpt2	False	5.2822833822574466e-05	14.208478927612305
Ġbecause	2873	 because	3	distilbert/distilgpt2	distilbert/distilgpt2	False	0.0005669141537509859	10.784582138061523
Ġshe	2873	 she	4	distilbert/distilgpt2	distilbert/distilgpt2	False	0.45136746764183044	1.1476256847381592
John	2874	John	0	distilbert/distilgpt2	distilbert/distilgpt2	False	1.0	0.0
Ġinv	2874	 invigorated	1	distilbert/distilgpt2	distilbert/distilgpt2	False	1.2967193185886572e-07	22.878629684448242
igor	2874	 invigorated	1	distilbert/distilgpt2	distilbert/distilgpt2	False	0.023441949859261513	5.414763450622559
ated	2874	 invigorated	1	distilbert/distilgpt2	distilbert/distilgpt2	False	0.5457596182823181	0.8736624717712402
ĠSarah	2874	 Sarah	2	distilbert/distilgpt2	distilbert/distilgpt2	False	6.501906318590045e-05	13.908777236938477
Ġbecause	2874	 because	3	distilbert/distilgpt2	distilbert/distilgpt2	False	0.0002812620659824461	11.795797348022461
Ġshe	2874	 she	4	distilbert/distilgpt2	distilbert/distilgpt2	False	0.4405292272567749	1.1826903820037842
Mary	2875	Mary	0	distilbert/distilgpt2	distilbert/distilgpt2	False	1.0	0.0
Ġinv	2875	 invigorated	1	distilbert/distilgpt2	distilbert/distilgpt2	False	1.4142939619432582e-07	22.753414154052734
igor	2875	 invigorated	1	distilbert/distilgpt2	distilbert/distilgpt2	False	0.032038614153862	4.964044570922852
ated	2875	 invigorated	1	distilbert/distilgpt2	distilbert/distilgpt2	False	0.532133162021637	0.910140872001648
ĠSarah	2875	 Sarah	2	distilbert/distilgpt2	distilbert/distilgpt2	False	5.2822833822574466e-05	14.208478927612305
Ġbecause	2875	 because	3	distilbert/distilgpt2	distilbert/distilgpt2	False	0.0005669141537509859	10.784582138061523
Ġshe	2875	 she	4	distilbert/distilgpt2	distilbert/distilgpt2	False	0.45136746764183044	1.1476256847381592
David	2876	David	0	distilbert/distilgpt2	distilbert/distilgpt2	False	1.0	0.0
Ġinv	2876	 invigorated	1	distilbert/distilgpt2	distilbert/distilgpt2	False	1.3824570999076968e-07	22.78626251220703
igor	2876	 invigorated	1	distilbert/distilgpt2	distilbert/distilgpt2	False	0.024127840995788574	5.373157501220703
ated	2876	 invigorated	1	distilbert/distilgpt2	distilbert/distilgpt2	False	0.5616726279258728	0.8321986198425293
ĠSarah	2876	 Sarah	2	distilbert/distilgpt2	distilbert/distilgpt2	False	6.984240462770686e-05	13.805537223815918
Ġbecause	2876	 because	3	distilbert/distilgpt2	distilbert/distilgpt2	False	0.00013343666796572506	12.871557235717773
Ġshe	2876	 she	4	distilbert/distilgpt2	distilbert/distilgpt2	False	0.42709222435951233	1.2273805141448975
Sarah	2877	Sarah	0	distilbert/distilgpt2	distilbert/distilgpt2	False	1.0	0.0
Ġinv	2877	 invigorated	1	distilbert/distilgpt2	distilbert/distilgpt2	False	1.3875845183974889e-07	22.780920028686523
igor	2877	 invigorated	1	distilbert/distilgpt2	distilbert/distilgpt2	False	0.06383635848760605	3.969477891921997
ated	2877	 invigorated	1	distilbert/distilgpt2	distilbert/distilgpt2	False	0.4724932014942169	1.081634521484375
ĠMary	2877	 Mary	2	distilbert/distilgpt2	distilbert/distilgpt2	False	0.00019446942314971238	12.328168869018555
Ġbecause	2877	 because	3	distilbert/distilgpt2	distilbert/distilgpt2	False	0.00029007461853325367	11.751288414001465
Ġshe	2877	 she	4	distilbert/distilgpt2	distilbert/distilgpt2	False	0.4031944274902344	1.3104524612426758
John	2878	John	0	distilbert/distilgpt2	distilbert/distilgpt2	False	1.0	0.0
Ġinv	2878	 invigorated	1	distilbert/distilgpt2	distilbert/distilgpt2	False	1.2967193185886572e-07	22.878629684448242
igor	2878	 invigorated	1	distilbert/distilgpt2	distilbert/distilgpt2	False	0.023441949859261513	5.414763450622559
ated	2878	 invigorated	1	distilbert/distilgpt2	distilbert/distilgpt2	False	0.5457596182823181	0.8736624717712402
ĠMary	2878	 Mary	2	distilbert/distilgpt2	distilbert/distilgpt2	False	0.00016571814194321632	12.558980941772461
Ġbecause	2878	 because	3	distilbert/distilgpt2	distilbert/distilgpt2	False	0.00048711453564465046	11.003451347351074
Ġshe	2878	 she	4	distilbert/distilgpt2	distilbert/distilgpt2	False	0.4020170271396637	1.314671516418457
Sarah	2879	Sarah	0	distilbert/distilgpt2	distilbert/distilgpt2	False	1.0	0.0
Ġinv	2879	 invigorated	1	distilbert/distilgpt2	distilbert/distilgpt2	False	1.3875845183974889e-07	22.780920028686523
igor	2879	 invigorated	1	distilbert/distilgpt2	distilbert/distilgpt2	False	0.06383635848760605	3.969477891921997
ated	2879	 invigorated	1	distilbert/distilgpt2	distilbert/distilgpt2	False	0.4724932014942169	1.081634521484375
ĠMary	2879	 Mary	2	distilbert/distilgpt2	distilbert/distilgpt2	False	0.00019446942314971238	12.328168869018555
Ġbecause	2879	 because	3	distilbert/distilgpt2	distilbert/distilgpt2	False	0.00029007461853325367	11.751288414001465
Ġshe	2879	 she	4	distilbert/distilgpt2	distilbert/distilgpt2	False	0.4031944274902344	1.3104524612426758
David	2880	David	0	distilbert/distilgpt2	distilbert/distilgpt2	False	1.0	0.0
Ġinv	2880	 invigorated	1	distilbert/distilgpt2	distilbert/distilgpt2	False	1.3824570999076968e-07	22.78626251220703
igor	2880	 invigorated	1	distilbert/distilgpt2	distilbert/distilgpt2	False	0.024127840995788574	5.373157501220703
ated	2880	 invigorated	1	distilbert/distilgpt2	distilbert/distilgpt2	False	0.5616726279258728	0.8321986198425293
ĠMary	2880	 Mary	2	distilbert/distilgpt2	distilbert/distilgpt2	False	0.00016016264271456748	12.608174324035645
Ġbecause	2880	 because	3	distilbert/distilgpt2	distilbert/distilgpt2	False	0.00015155754226725549	12.687847137451172
Ġshe	2880	 she	4	distilbert/distilgpt2	distilbert/distilgpt2	False	0.3900645077228546	1.3582154512405396
John	2881	John	0	distilbert/distilgpt2	distilbert/distilgpt2	False	1.0	0.0
Ġirritated	2881	 irritated	1	distilbert/distilgpt2	distilbert/distilgpt2	False	3.187505370760846e-08	24.902996063232422
ĠDavid	2881	 David	2	distilbert/distilgpt2	distilbert/distilgpt2	False	0.0003482758183963597	11.487482070922852
Ġbecause	2881	 because	3	distilbert/distilgpt2	distilbert/distilgpt2	False	0.0018734127515926957	9.060115814208984
Ġhe	2881	 he	4	distilbert/distilgpt2	distilbert/distilgpt2	False	0.44490936398506165	1.1684166193008423
Mary	2882	Mary	0	distilbert/distilgpt2	distilbert/distilgpt2	False	1.0	0.0
Ġirritated	2882	 irritated	1	distilbert/distilgpt2	distilbert/distilgpt2	False	3.255516745070963e-08	24.87253761291504
ĠDavid	2882	 David	2	distilbert/distilgpt2	distilbert/distilgpt2	False	0.00018791385809890926	12.377640724182129
Ġbecause	2882	 because	3	distilbert/distilgpt2	distilbert/distilgpt2	False	0.0028376516420394182	8.461087226867676
Ġhe	2882	 he	4	distilbert/distilgpt2	distilbert/distilgpt2	False	0.4396807551383972	1.185471773147583
John	2883	John	0	distilbert/distilgpt2	distilbert/distilgpt2	False	1.0	0.0
Ġirritated	2883	 irritated	1	distilbert/distilgpt2	distilbert/distilgpt2	False	3.187505370760846e-08	24.902996063232422
ĠDavid	2883	 David	2	distilbert/distilgpt2	distilbert/distilgpt2	False	0.0003482758183963597	11.487482070922852
Ġbecause	2883	 because	3	distilbert/distilgpt2	distilbert/distilgpt2	False	0.0018734127515926957	9.060115814208984
Ġhe	2883	 he	4	distilbert/distilgpt2	distilbert/distilgpt2	False	0.44490936398506165	1.1684166193008423
Sarah	2884	Sarah	0	distilbert/distilgpt2	distilbert/distilgpt2	False	1.0	0.0
Ġirritated	2884	 irritated	1	distilbert/distilgpt2	distilbert/distilgpt2	False	3.286687189074655e-08	24.85879135131836
ĠDavid	2884	 David	2	distilbert/distilgpt2	distilbert/distilgpt2	False	0.00032866219407878816	11.571106910705566
Ġbecause	2884	 because	3	distilbert/distilgpt2	distilbert/distilgpt2	False	0.002186801750212908	8.83696174621582
Ġhe	2884	 he	4	distilbert/distilgpt2	distilbert/distilgpt2	False	0.4310033321380615	1.2142291069030762
David	2885	David	0	distilbert/distilgpt2	distilbert/distilgpt2	False	1.0	0.0
Ġirritated	2885	 irritated	1	distilbert/distilgpt2	distilbert/distilgpt2	False	3.208720755765171e-08	24.8934268951416
ĠJohn	2885	 John	2	distilbert/distilgpt2	distilbert/distilgpt2	False	0.0010824617929756641	9.851468086242676
Ġbecause	2885	 because	3	distilbert/distilgpt2	distilbert/distilgpt2	False	0.0032987475860863924	8.243865966796875
Ġhe	2885	 he	4	distilbert/distilgpt2	distilbert/distilgpt2	False	0.4230048358440399	1.2412539720535278
Mary	2886	Mary	0	distilbert/distilgpt2	distilbert/distilgpt2	False	1.0	0.0
Ġirritated	2886	 irritated	1	distilbert/distilgpt2	distilbert/distilgpt2	False	3.255516745070963e-08	24.87253761291504
ĠJohn	2886	 John	2	distilbert/distilgpt2	distilbert/distilgpt2	False	0.0005560516729019582	10.812493324279785
Ġbecause	2886	 because	3	distilbert/distilgpt2	distilbert/distilgpt2	False	0.0050605544820427895	7.62648868560791
Ġhe	2886	 he	4	distilbert/distilgpt2	distilbert/distilgpt2	False	0.42420363426208496	1.2371711730957031
David	2887	David	0	distilbert/distilgpt2	distilbert/distilgpt2	False	1.0	0.0
Ġirritated	2887	 irritated	1	distilbert/distilgpt2	distilbert/distilgpt2	False	3.208720755765171e-08	24.8934268951416
ĠJohn	2887	 John	2	distilbert/distilgpt2	distilbert/distilgpt2	False	0.0010824617929756641	9.851468086242676
Ġbecause	2887	 because	3	distilbert/distilgpt2	distilbert/distilgpt2	False	0.0032987475860863924	8.243865966796875
Ġhe	2887	 he	4	distilbert/distilgpt2	distilbert/distilgpt2	False	0.4230048358440399	1.2412539720535278
Sarah	2888	Sarah	0	distilbert/distilgpt2	distilbert/distilgpt2	False	1.0	0.0
Ġirritated	2888	 irritated	1	distilbert/distilgpt2	distilbert/distilgpt2	False	3.286687189074655e-08	24.85879135131836
ĠJohn	2888	 John	2	distilbert/distilgpt2	distilbert/distilgpt2	False	0.0009174725273624063	10.090047836303711
Ġbecause	2888	 because	3	distilbert/distilgpt2	distilbert/distilgpt2	False	0.007907637394964695	6.982537746429443
Ġhe	2888	 he	4	distilbert/distilgpt2	distilbert/distilgpt2	False	0.4079430103302002	1.29356050491333
Mary	2889	Mary	0	distilbert/distilgpt2	distilbert/distilgpt2	False	1.0	0.0
Ġirritated	2889	 irritated	1	distilbert/distilgpt2	distilbert/distilgpt2	False	3.255516745070963e-08	24.87253761291504
ĠSarah	2889	 Sarah	2	distilbert/distilgpt2	distilbert/distilgpt2	False	0.00011431776511017233	13.0946626663208
Ġbecause	2889	 because	3	distilbert/distilgpt2	distilbert/distilgpt2	False	0.005474569741636515	7.513038635253906
Ġshe	2889	 she	4	distilbert/distilgpt2	distilbert/distilgpt2	False	0.5029274225234985	0.9915778636932373
John	2890	John	0	distilbert/distilgpt2	distilbert/distilgpt2	False	1.0	0.0
Ġirritated	2890	 irritated	1	distilbert/distilgpt2	distilbert/distilgpt2	False	3.187505370760846e-08	24.902996063232422
ĠSarah	2890	 Sarah	2	distilbert/distilgpt2	distilbert/distilgpt2	False	0.0001676818064879626	12.541986465454102
Ġbecause	2890	 because	3	distilbert/distilgpt2	distilbert/distilgpt2	False	0.003639505011960864	8.102042198181152
Ġshe	2890	 she	4	distilbert/distilgpt2	distilbert/distilgpt2	False	0.47847047448158264	1.0634982585906982
Mary	2891	Mary	0	distilbert/distilgpt2	distilbert/distilgpt2	False	1.0	0.0
Ġirritated	2891	 irritated	1	distilbert/distilgpt2	distilbert/distilgpt2	False	3.255516745070963e-08	24.87253761291504
ĠSarah	2891	 Sarah	2	distilbert/distilgpt2	distilbert/distilgpt2	False	0.00011431776511017233	13.0946626663208
Ġbecause	2891	 because	3	distilbert/distilgpt2	distilbert/distilgpt2	False	0.005474569741636515	7.513038635253906
Ġshe	2891	 she	4	distilbert/distilgpt2	distilbert/distilgpt2	False	0.5029274225234985	0.9915778636932373
David	2892	David	0	distilbert/distilgpt2	distilbert/distilgpt2	False	1.0	0.0
Ġirritated	2892	 irritated	1	distilbert/distilgpt2	distilbert/distilgpt2	False	3.208720755765171e-08	24.8934268951416
ĠSarah	2892	 Sarah	2	distilbert/distilgpt2	distilbert/distilgpt2	False	0.00014385477697942406	12.763099670410156
Ġbecause	2892	 because	3	distilbert/distilgpt2	distilbert/distilgpt2	False	0.0015704423421993852	9.314613342285156
Ġshe	2892	 she	4	distilbert/distilgpt2	distilbert/distilgpt2	False	0.4604330360889435	1.1189367771148682
Sarah	2893	Sarah	0	distilbert/distilgpt2	distilbert/distilgpt2	False	1.0	0.0
Ġirritated	2893	 irritated	1	distilbert/distilgpt2	distilbert/distilgpt2	False	3.286687189074655e-08	24.85879135131836
ĠMary	2893	 Mary	2	distilbert/distilgpt2	distilbert/distilgpt2	False	0.0002577564737293869	11.921704292297363
Ġbecause	2893	 because	3	distilbert/distilgpt2	distilbert/distilgpt2	False	0.003397471271455288	8.201322555541992
Ġshe	2893	 she	4	distilbert/distilgpt2	distilbert/distilgpt2	False	0.4233481287956238	1.2400835752487183
John	2894	John	0	distilbert/distilgpt2	distilbert/distilgpt2	False	1.0	0.0
Ġirritated	2894	 irritated	1	distilbert/distilgpt2	distilbert/distilgpt2	False	3.187505370760846e-08	24.902996063232422
ĠMary	2894	 Mary	2	distilbert/distilgpt2	distilbert/distilgpt2	False	0.00020046161080244929	12.28438663482666
Ġbecause	2894	 because	3	distilbert/distilgpt2	distilbert/distilgpt2	False	0.0034617623314261436	8.174277305603027
Ġshe	2894	 she	4	distilbert/distilgpt2	distilbert/distilgpt2	False	0.44280269742012024	1.1752641201019287
Sarah	2895	Sarah	0	distilbert/distilgpt2	distilbert/distilgpt2	False	1.0	0.0
Ġirritated	2895	 irritated	1	distilbert/distilgpt2	distilbert/distilgpt2	False	3.286687189074655e-08	24.85879135131836
ĠMary	2895	 Mary	2	distilbert/distilgpt2	distilbert/distilgpt2	False	0.0002577564737293869	11.921704292297363
Ġbecause	2895	 because	3	distilbert/distilgpt2	distilbert/distilgpt2	False	0.003397471271455288	8.201322555541992
Ġshe	2895	 she	4	distilbert/distilgpt2	distilbert/distilgpt2	False	0.4233481287956238	1.2400835752487183
David	2896	David	0	distilbert/distilgpt2	distilbert/distilgpt2	False	1.0	0.0
Ġirritated	2896	 irritated	1	distilbert/distilgpt2	distilbert/distilgpt2	False	3.208720755765171e-08	24.8934268951416
ĠMary	2896	 Mary	2	distilbert/distilgpt2	distilbert/distilgpt2	False	0.00016981687804218382	12.52373218536377
Ġbecause	2896	 because	3	distilbert/distilgpt2	distilbert/distilgpt2	False	0.0020553411450237036	8.926406860351562
Ġshe	2896	 she	4	distilbert/distilgpt2	distilbert/distilgpt2	False	0.4253929555416107	1.233132004737854
John	2897	John	0	distilbert/distilgpt2	distilbert/distilgpt2	False	1.0	0.0
Ġj	2897	 jollified	1	distilbert/distilgpt2	distilbert/distilgpt2	False	1.1876294593093917e-05	16.361555099487305
oll	2897	 jollified	1	distilbert/distilgpt2	distilbert/distilgpt2	False	0.0007501834770664573	10.38046932220459
ified	2897	 jollified	1	distilbert/distilgpt2	distilbert/distilgpt2	False	0.002165242563933134	8.851255416870117
ĠDavid	2897	 David	2	distilbert/distilgpt2	distilbert/distilgpt2	False	0.00037648563738912344	11.375117301940918
Ġbecause	2897	 because	3	distilbert/distilgpt2	distilbert/distilgpt2	False	0.0002886693982873112	11.758294105529785
Ġhe	2897	 he	4	distilbert/distilgpt2	distilbert/distilgpt2	False	0.3711246848106384	1.4300241470336914
Mary	2898	Mary	0	distilbert/distilgpt2	distilbert/distilgpt2	False	1.0	0.0
Ġj	2898	 jollified	1	distilbert/distilgpt2	distilbert/distilgpt2	False	1.1150757018185686e-05	16.452499389648438
oll	2898	 jollified	1	distilbert/distilgpt2	distilbert/distilgpt2	False	0.0010330838849768043	9.918827056884766
ified	2898	 jollified	1	distilbert/distilgpt2	distilbert/distilgpt2	False	0.003270072164013982	8.256462097167969
ĠDavid	2898	 David	2	distilbert/distilgpt2	distilbert/distilgpt2	False	0.00021336076315492392	12.194416999816895
Ġbecause	2898	 because	3	distilbert/distilgpt2	distilbert/distilgpt2	False	0.0003458891296759248	11.497403144836426
Ġhe	2898	 he	4	distilbert/distilgpt2	distilbert/distilgpt2	False	0.3686574399471283	1.4396473169326782
John	2899	John	0	distilbert/distilgpt2	distilbert/distilgpt2	False	1.0	0.0
Ġj	2899	 jollified	1	distilbert/distilgpt2	distilbert/distilgpt2	False	1.1876294593093917e-05	16.361555099487305
oll	2899	 jollified	1	distilbert/distilgpt2	distilbert/distilgpt2	False	0.0007501834770664573	10.38046932220459
ified	2899	 jollified	1	distilbert/distilgpt2	distilbert/distilgpt2	False	0.002165242563933134	8.851255416870117
ĠDavid	2899	 David	2	distilbert/distilgpt2	distilbert/distilgpt2	False	0.00037648563738912344	11.375117301940918
Ġbecause	2899	 because	3	distilbert/distilgpt2	distilbert/distilgpt2	False	0.0002886693982873112	11.758294105529785
Ġhe	2899	 he	4	distilbert/distilgpt2	distilbert/distilgpt2	False	0.3711246848106384	1.4300241470336914
Sarah	2900	Sarah	0	distilbert/distilgpt2	distilbert/distilgpt2	False	1.0	0.0
Ġj	2900	 jollified	1	distilbert/distilgpt2	distilbert/distilgpt2	False	1.180458002636442e-05	16.37029457092285
oll	2900	 jollified	1	distilbert/distilgpt2	distilbert/distilgpt2	False	0.0008548425394110382	10.19205379486084
ified	2900	 jollified	1	distilbert/distilgpt2	distilbert/distilgpt2	False	0.0018312853062525392	9.092927932739258
ĠDavid	2900	 David	2	distilbert/distilgpt2	distilbert/distilgpt2	False	0.0001808263623388484	12.433107376098633
Ġbecause	2900	 because	3	distilbert/distilgpt2	distilbert/distilgpt2	False	0.00018571611144579947	12.394613265991211
Ġhe	2900	 he	4	distilbert/distilgpt2	distilbert/distilgpt2	False	0.3701619803905487	1.4337713718414307
David	2901	David	0	distilbert/distilgpt2	distilbert/distilgpt2	False	1.0	0.0
Ġj	2901	 jollified	1	distilbert/distilgpt2	distilbert/distilgpt2	False	1.2808301107725129e-05	16.252561569213867
oll	2901	 jollified	1	distilbert/distilgpt2	distilbert/distilgpt2	False	0.0006875757244415581	10.506194114685059
ified	2901	 jollified	1	distilbert/distilgpt2	distilbert/distilgpt2	False	0.002562916371971369	8.60799789428711
ĠJohn	2901	 John	2	distilbert/distilgpt2	distilbert/distilgpt2	False	0.00037588991108350456	11.377402305603027
Ġbecause	2901	 because	3	distilbert/distilgpt2	distilbert/distilgpt2	False	0.0004890915006399155	10.997608184814453
Ġhe	2901	 he	4	distilbert/distilgpt2	distilbert/distilgpt2	False	0.39186644554138184	1.3515660762786865
Mary	2902	Mary	0	distilbert/distilgpt2	distilbert/distilgpt2	False	1.0	0.0
Ġj	2902	 jollified	1	distilbert/distilgpt2	distilbert/distilgpt2	False	1.1150757018185686e-05	16.452499389648438
oll	2902	 jollified	1	distilbert/distilgpt2	distilbert/distilgpt2	False	0.0010330838849768043	9.918827056884766
ified	2902	 jollified	1	distilbert/distilgpt2	distilbert/distilgpt2	False	0.003270072164013982	8.256462097167969
ĠJohn	2902	 John	2	distilbert/distilgpt2	distilbert/distilgpt2	False	0.00020849939028266817	12.227669715881348
Ġbecause	2902	 because	3	distilbert/distilgpt2	distilbert/distilgpt2	False	0.0005152020021341741	10.922574043273926
Ġhe	2902	 he	4	distilbert/distilgpt2	distilbert/distilgpt2	False	0.40385743975639343	1.3080819845199585
David	2903	David	0	distilbert/distilgpt2	distilbert/distilgpt2	False	1.0	0.0
Ġj	2903	 jollified	1	distilbert/distilgpt2	distilbert/distilgpt2	False	1.2808301107725129e-05	16.252561569213867
oll	2903	 jollified	1	distilbert/distilgpt2	distilbert/distilgpt2	False	0.0006875757244415581	10.506194114685059
ified	2903	 jollified	1	distilbert/distilgpt2	distilbert/distilgpt2	False	0.002562916371971369	8.60799789428711
ĠJohn	2903	 John	2	distilbert/distilgpt2	distilbert/distilgpt2	False	0.00037588991108350456	11.377402305603027
Ġbecause	2903	 because	3	distilbert/distilgpt2	distilbert/distilgpt2	False	0.0004890915006399155	10.997608184814453
Ġhe	2903	 he	4	distilbert/distilgpt2	distilbert/distilgpt2	False	0.39186644554138184	1.3515660762786865
Sarah	2904	Sarah	0	distilbert/distilgpt2	distilbert/distilgpt2	False	1.0	0.0
Ġj	2904	 jollified	1	distilbert/distilgpt2	distilbert/distilgpt2	False	1.180458002636442e-05	16.37029457092285
oll	2904	 jollified	1	distilbert/distilgpt2	distilbert/distilgpt2	False	0.0008548425394110382	10.19205379486084
ified	2904	 jollified	1	distilbert/distilgpt2	distilbert/distilgpt2	False	0.0018312853062525392	9.092927932739258
ĠJohn	2904	 John	2	distilbert/distilgpt2	distilbert/distilgpt2	False	0.00014174719399306923	12.784392356872559
Ġbecause	2904	 because	3	distilbert/distilgpt2	distilbert/distilgpt2	False	0.0006396999815478921	10.61031723022461
Ġhe	2904	 he	4	distilbert/distilgpt2	distilbert/distilgpt2	False	0.3808175325393677	1.3928282260894775
Mary	2905	Mary	0	distilbert/distilgpt2	distilbert/distilgpt2	False	1.0	0.0
Ġj	2905	 jollified	1	distilbert/distilgpt2	distilbert/distilgpt2	False	1.1150757018185686e-05	16.452499389648438
oll	2905	 jollified	1	distilbert/distilgpt2	distilbert/distilgpt2	False	0.0010330838849768043	9.918827056884766
ified	2905	 jollified	1	distilbert/distilgpt2	distilbert/distilgpt2	False	0.003270072164013982	8.256462097167969
ĠSarah	2905	 Sarah	2	distilbert/distilgpt2	distilbert/distilgpt2	False	5.6062930525513366e-05	14.12259292602539
Ġbecause	2905	 because	3	distilbert/distilgpt2	distilbert/distilgpt2	False	0.0010660106781870127	9.873562812805176
Ġshe	2905	 she	4	distilbert/distilgpt2	distilbert/distilgpt2	False	0.48812180757522583	1.0346869230270386
John	2906	John	0	distilbert/distilgpt2	distilbert/distilgpt2	False	1.0	0.0
Ġj	2906	 jollified	1	distilbert/distilgpt2	distilbert/distilgpt2	False	1.1876294593093917e-05	16.361555099487305
oll	2906	 jollified	1	distilbert/distilgpt2	distilbert/distilgpt2	False	0.0007501834770664573	10.38046932220459
ified	2906	 jollified	1	distilbert/distilgpt2	distilbert/distilgpt2	False	0.002165242563933134	8.851255416870117
ĠSarah	2906	 Sarah	2	distilbert/distilgpt2	distilbert/distilgpt2	False	7.9912984801922e-05	13.611210823059082
Ġbecause	2906	 because	3	distilbert/distilgpt2	distilbert/distilgpt2	False	0.0008070872281678021	10.274988174438477
Ġshe	2906	 she	4	distilbert/distilgpt2	distilbert/distilgpt2	False	0.44259119033813477	1.1759533882141113
Mary	2907	Mary	0	distilbert/distilgpt2	distilbert/distilgpt2	False	1.0	0.0
Ġj	2907	 jollified	1	distilbert/distilgpt2	distilbert/distilgpt2	False	1.1150757018185686e-05	16.452499389648438
oll	2907	 jollified	1	distilbert/distilgpt2	distilbert/distilgpt2	False	0.0010330838849768043	9.918827056884766
ified	2907	 jollified	1	distilbert/distilgpt2	distilbert/distilgpt2	False	0.003270072164013982	8.256462097167969
ĠSarah	2907	 Sarah	2	distilbert/distilgpt2	distilbert/distilgpt2	False	5.6062930525513366e-05	14.12259292602539
Ġbecause	2907	 because	3	distilbert/distilgpt2	distilbert/distilgpt2	False	0.0010660106781870127	9.873562812805176
Ġshe	2907	 she	4	distilbert/distilgpt2	distilbert/distilgpt2	False	0.48812180757522583	1.0346869230270386
David	2908	David	0	distilbert/distilgpt2	distilbert/distilgpt2	False	1.0	0.0
Ġj	2908	 jollified	1	distilbert/distilgpt2	distilbert/distilgpt2	False	1.2808301107725129e-05	16.252561569213867
oll	2908	 jollified	1	distilbert/distilgpt2	distilbert/distilgpt2	False	0.0006875757244415581	10.506194114685059
ified	2908	 jollified	1	distilbert/distilgpt2	distilbert/distilgpt2	False	0.002562916371971369	8.60799789428711
ĠSarah	2908	 Sarah	2	distilbert/distilgpt2	distilbert/distilgpt2	False	7.599237869726494e-05	13.683785438537598
Ġbecause	2908	 because	3	distilbert/distilgpt2	distilbert/distilgpt2	False	0.0005460720276460052	10.838621139526367
Ġshe	2908	 she	4	distilbert/distilgpt2	distilbert/distilgpt2	False	0.4458819031715393	1.165266513824463
Sarah	2909	Sarah	0	distilbert/distilgpt2	distilbert/distilgpt2	False	1.0	0.0
Ġj	2909	 jollified	1	distilbert/distilgpt2	distilbert/distilgpt2	False	1.180458002636442e-05	16.37029457092285
oll	2909	 jollified	1	distilbert/distilgpt2	distilbert/distilgpt2	False	0.0008548425394110382	10.19205379486084
ified	2909	 jollified	1	distilbert/distilgpt2	distilbert/distilgpt2	False	0.0018312853062525392	9.092927932739258
ĠMary	2909	 Mary	2	distilbert/distilgpt2	distilbert/distilgpt2	False	0.0001213973737321794	13.007975578308105
Ġbecause	2909	 because	3	distilbert/distilgpt2	distilbert/distilgpt2	False	0.0004089941212441772	11.255632400512695
Ġshe	2909	 she	4	distilbert/distilgpt2	distilbert/distilgpt2	False	0.4345749020576477	1.202323317527771
John	2910	John	0	distilbert/distilgpt2	distilbert/distilgpt2	False	1.0	0.0
Ġj	2910	 jollified	1	distilbert/distilgpt2	distilbert/distilgpt2	False	1.1876294593093917e-05	16.361555099487305
oll	2910	 jollified	1	distilbert/distilgpt2	distilbert/distilgpt2	False	0.0007501834770664573	10.38046932220459
ified	2910	 jollified	1	distilbert/distilgpt2	distilbert/distilgpt2	False	0.002165242563933134	8.851255416870117
ĠMary	2910	 Mary	2	distilbert/distilgpt2	distilbert/distilgpt2	False	0.0001695220562396571	12.526239395141602
Ġbecause	2910	 because	3	distilbert/distilgpt2	distilbert/distilgpt2	False	0.0010083848610520363	9.95373821258545
Ġshe	2910	 she	4	distilbert/distilgpt2	distilbert/distilgpt2	False	0.42386019229888916	1.2383396625518799
Sarah	2911	Sarah	0	distilbert/distilgpt2	distilbert/distilgpt2	False	1.0	0.0
Ġj	2911	 jollified	1	distilbert/distilgpt2	distilbert/distilgpt2	False	1.180458002636442e-05	16.37029457092285
oll	2911	 jollified	1	distilbert/distilgpt2	distilbert/distilgpt2	False	0.0008548425394110382	10.19205379486084
ified	2911	 jollified	1	distilbert/distilgpt2	distilbert/distilgpt2	False	0.0018312853062525392	9.092927932739258
ĠMary	2911	 Mary	2	distilbert/distilgpt2	distilbert/distilgpt2	False	0.0001213973737321794	13.007975578308105
Ġbecause	2911	 because	3	distilbert/distilgpt2	distilbert/distilgpt2	False	0.0004089941212441772	11.255632400512695
Ġshe	2911	 she	4	distilbert/distilgpt2	distilbert/distilgpt2	False	0.4345749020576477	1.202323317527771
David	2912	David	0	distilbert/distilgpt2	distilbert/distilgpt2	False	1.0	0.0
Ġj	2912	 jollified	1	distilbert/distilgpt2	distilbert/distilgpt2	False	1.2808301107725129e-05	16.252561569213867
oll	2912	 jollified	1	distilbert/distilgpt2	distilbert/distilgpt2	False	0.0006875757244415581	10.506194114685059
ified	2912	 jollified	1	distilbert/distilgpt2	distilbert/distilgpt2	False	0.002562916371971369	8.60799789428711
ĠMary	2912	 Mary	2	distilbert/distilgpt2	distilbert/distilgpt2	False	0.00014796739560551941	12.722433090209961
Ġbecause	2912	 because	3	distilbert/distilgpt2	distilbert/distilgpt2	False	0.0005228306981734931	10.901369094848633
Ġshe	2912	 she	4	distilbert/distilgpt2	distilbert/distilgpt2	False	0.43008291721343994	1.217313289642334
John	2913	John	0	distilbert/distilgpt2	distilbert/distilgpt2	False	1.0	0.0
Ġj	2913	 jolted	1	distilbert/distilgpt2	distilbert/distilgpt2	False	1.1876294593093917e-05	16.361555099487305
ol	2913	 jolted	1	distilbert/distilgpt2	distilbert/distilgpt2	False	0.006221354007720947	7.328555583953857
ted	2913	 jolted	1	distilbert/distilgpt2	distilbert/distilgpt2	False	0.08921495825052261	3.4865705966949463
ĠDavid	2913	 David	2	distilbert/distilgpt2	distilbert/distilgpt2	False	8.093026553979144e-05	13.592961311340332
Ġbecause	2913	 because	3	distilbert/distilgpt2	distilbert/distilgpt2	False	0.0002682552149053663	11.864106178283691
Ġhe	2913	 he	4	distilbert/distilgpt2	distilbert/distilgpt2	False	0.4262275695800781	1.23030424118042
Mary	2914	Mary	0	distilbert/distilgpt2	distilbert/distilgpt2	False	1.0	0.0
Ġj	2914	 jolted	1	distilbert/distilgpt2	distilbert/distilgpt2	False	1.1150757018185686e-05	16.452499389648438
ol	2914	 jolted	1	distilbert/distilgpt2	distilbert/distilgpt2	False	0.01221452560275793	6.355258464813232
ted	2914	 jolted	1	distilbert/distilgpt2	distilbert/distilgpt2	False	0.09518253803253174	3.3931591510772705
ĠDavid	2914	 David	2	distilbert/distilgpt2	distilbert/distilgpt2	False	4.869670374318957e-05	14.32581615447998
Ġbecause	2914	 because	3	distilbert/distilgpt2	distilbert/distilgpt2	False	0.0003367839381098747	11.535888671875
Ġhe	2914	 he	4	distilbert/distilgpt2	distilbert/distilgpt2	False	0.41523200273513794	1.2680104970932007
John	2915	John	0	distilbert/distilgpt2	distilbert/distilgpt2	False	1.0	0.0
Ġj	2915	 jolted	1	distilbert/distilgpt2	distilbert/distilgpt2	False	1.1876294593093917e-05	16.361555099487305
ol	2915	 jolted	1	distilbert/distilgpt2	distilbert/distilgpt2	False	0.006221354007720947	7.328555583953857
ted	2915	 jolted	1	distilbert/distilgpt2	distilbert/distilgpt2	False	0.08921495825052261	3.4865705966949463
ĠDavid	2915	 David	2	distilbert/distilgpt2	distilbert/distilgpt2	False	8.093026553979144e-05	13.592961311340332
Ġbecause	2915	 because	3	distilbert/distilgpt2	distilbert/distilgpt2	False	0.0002682552149053663	11.864106178283691
Ġhe	2915	 he	4	distilbert/distilgpt2	distilbert/distilgpt2	False	0.4262275695800781	1.23030424118042
Sarah	2916	Sarah	0	distilbert/distilgpt2	distilbert/distilgpt2	False	1.0	0.0
Ġj	2916	 jolted	1	distilbert/distilgpt2	distilbert/distilgpt2	False	1.180458002636442e-05	16.37029457092285
ol	2916	 jolted	1	distilbert/distilgpt2	distilbert/distilgpt2	False	0.008989247493445873	6.797584056854248
ted	2916	 jolted	1	distilbert/distilgpt2	distilbert/distilgpt2	False	0.08487892895936966	3.5584497451782227
ĠDavid	2916	 David	2	distilbert/distilgpt2	distilbert/distilgpt2	False	5.461100226966664e-05	14.160449028015137
Ġbecause	2916	 because	3	distilbert/distilgpt2	distilbert/distilgpt2	False	0.00025149682187475264	11.957172393798828
Ġhe	2916	 he	4	distilbert/distilgpt2	distilbert/distilgpt2	False	0.4467295706272125	1.1625263690948486
David	2917	David	0	distilbert/distilgpt2	distilbert/distilgpt2	False	1.0	0.0
Ġj	2917	 jolted	1	distilbert/distilgpt2	distilbert/distilgpt2	False	1.2808301107725129e-05	16.252561569213867
ol	2917	 jolted	1	distilbert/distilgpt2	distilbert/distilgpt2	False	0.007382779847830534	7.081620216369629
ted	2917	 jolted	1	distilbert/distilgpt2	distilbert/distilgpt2	False	0.12551161646842957	2.994107246398926
ĠJohn	2917	 John	2	distilbert/distilgpt2	distilbert/distilgpt2	False	0.00031000556191429496	11.655418395996094
Ġbecause	2917	 because	3	distilbert/distilgpt2	distilbert/distilgpt2	False	0.0005331278080120683	10.873230934143066
Ġhe	2917	 he	4	distilbert/distilgpt2	distilbert/distilgpt2	False	0.43394580483436584	1.2044132947921753
Mary	2918	Mary	0	distilbert/distilgpt2	distilbert/distilgpt2	False	1.0	0.0
Ġj	2918	 jolted	1	distilbert/distilgpt2	distilbert/distilgpt2	False	1.1150757018185686e-05	16.452499389648438
ol	2918	 jolted	1	distilbert/distilgpt2	distilbert/distilgpt2	False	0.01221452560275793	6.355258464813232
ted	2918	 jolted	1	distilbert/distilgpt2	distilbert/distilgpt2	False	0.09518253803253174	3.3931591510772705
ĠJohn	2918	 John	2	distilbert/distilgpt2	distilbert/distilgpt2	False	0.00016544797108508646	12.561334609985352
Ġbecause	2918	 because	3	distilbert/distilgpt2	distilbert/distilgpt2	False	0.0006823899457231164	10.517115592956543
Ġhe	2918	 he	4	distilbert/distilgpt2	distilbert/distilgpt2	False	0.4348638951778412	1.2013641595840454
David	2919	David	0	distilbert/distilgpt2	distilbert/distilgpt2	False	1.0	0.0
Ġj	2919	 jolted	1	distilbert/distilgpt2	distilbert/distilgpt2	False	1.2808301107725129e-05	16.252561569213867
ol	2919	 jolted	1	distilbert/distilgpt2	distilbert/distilgpt2	False	0.007382779847830534	7.081620216369629
ted	2919	 jolted	1	distilbert/distilgpt2	distilbert/distilgpt2	False	0.12551161646842957	2.994107246398926
ĠJohn	2919	 John	2	distilbert/distilgpt2	distilbert/distilgpt2	False	0.00031000556191429496	11.655418395996094
Ġbecause	2919	 because	3	distilbert/distilgpt2	distilbert/distilgpt2	False	0.0005331278080120683	10.873230934143066
Ġhe	2919	 he	4	distilbert/distilgpt2	distilbert/distilgpt2	False	0.43394580483436584	1.2044132947921753
Sarah	2920	Sarah	0	distilbert/distilgpt2	distilbert/distilgpt2	False	1.0	0.0
Ġj	2920	 jolted	1	distilbert/distilgpt2	distilbert/distilgpt2	False	1.180458002636442e-05	16.37029457092285
ol	2920	 jolted	1	distilbert/distilgpt2	distilbert/distilgpt2	False	0.008989247493445873	6.797584056854248
ted	2920	 jolted	1	distilbert/distilgpt2	distilbert/distilgpt2	False	0.08487892895936966	3.5584497451782227
ĠJohn	2920	 John	2	distilbert/distilgpt2	distilbert/distilgpt2	False	0.00015059325960464776	12.697054862976074
Ġbecause	2920	 because	3	distilbert/distilgpt2	distilbert/distilgpt2	False	0.0009522606851533055	10.036355972290039
Ġhe	2920	 he	4	distilbert/distilgpt2	distilbert/distilgpt2	False	0.43849945068359375	1.189353108406067
Mary	2921	Mary	0	distilbert/distilgpt2	distilbert/distilgpt2	False	1.0	0.0
Ġj	2921	 jolted	1	distilbert/distilgpt2	distilbert/distilgpt2	False	1.1150757018185686e-05	16.452499389648438
ol	2921	 jolted	1	distilbert/distilgpt2	distilbert/distilgpt2	False	0.01221452560275793	6.355258464813232
ted	2921	 jolted	1	distilbert/distilgpt2	distilbert/distilgpt2	False	0.09518253803253174	3.3931591510772705
ĠSarah	2921	 Sarah	2	distilbert/distilgpt2	distilbert/distilgpt2	False	3.145775190205313e-05	14.95622444152832
Ġbecause	2921	 because	3	distilbert/distilgpt2	distilbert/distilgpt2	False	0.0011231485987082124	9.798235893249512
Ġshe	2921	 she	4	distilbert/distilgpt2	distilbert/distilgpt2	False	0.47952938079833984	1.0603089332580566
John	2922	John	0	distilbert/distilgpt2	distilbert/distilgpt2	False	1.0	0.0
Ġj	2922	 jolted	1	distilbert/distilgpt2	distilbert/distilgpt2	False	1.1876294593093917e-05	16.361555099487305
ol	2922	 jolted	1	distilbert/distilgpt2	distilbert/distilgpt2	False	0.006221354007720947	7.328555583953857
ted	2922	 jolted	1	distilbert/distilgpt2	distilbert/distilgpt2	False	0.08921495825052261	3.4865705966949463
ĠSarah	2922	 Sarah	2	distilbert/distilgpt2	distilbert/distilgpt2	False	3.750393079826608e-05	14.702598571777344
Ġbecause	2922	 because	3	distilbert/distilgpt2	distilbert/distilgpt2	False	0.0007771718082949519	10.329479217529297
Ġshe	2922	 she	4	distilbert/distilgpt2	distilbert/distilgpt2	False	0.45441511273384094	1.1379172801971436
Mary	2923	Mary	0	distilbert/distilgpt2	distilbert/distilgpt2	False	1.0	0.0
Ġj	2923	 jolted	1	distilbert/distilgpt2	distilbert/distilgpt2	False	1.1150757018185686e-05	16.452499389648438
ol	2923	 jolted	1	distilbert/distilgpt2	distilbert/distilgpt2	False	0.01221452560275793	6.355258464813232
ted	2923	 jolted	1	distilbert/distilgpt2	distilbert/distilgpt2	False	0.09518253803253174	3.3931591510772705
ĠSarah	2923	 Sarah	2	distilbert/distilgpt2	distilbert/distilgpt2	False	3.145775190205313e-05	14.95622444152832
Ġbecause	2923	 because	3	distilbert/distilgpt2	distilbert/distilgpt2	False	0.0011231485987082124	9.798235893249512
Ġshe	2923	 she	4	distilbert/distilgpt2	distilbert/distilgpt2	False	0.47952938079833984	1.0603089332580566
David	2924	David	0	distilbert/distilgpt2	distilbert/distilgpt2	False	1.0	0.0
Ġj	2924	 jolted	1	distilbert/distilgpt2	distilbert/distilgpt2	False	1.2808301107725129e-05	16.252561569213867
ol	2924	 jolted	1	distilbert/distilgpt2	distilbert/distilgpt2	False	0.007382779847830534	7.081620216369629
ted	2924	 jolted	1	distilbert/distilgpt2	distilbert/distilgpt2	False	0.12551161646842957	2.994107246398926
ĠSarah	2924	 Sarah	2	distilbert/distilgpt2	distilbert/distilgpt2	False	4.077105404576287e-05	14.5820951461792
Ġbecause	2924	 because	3	distilbert/distilgpt2	distilbert/distilgpt2	False	0.0005052987835370004	10.950575828552246
Ġshe	2924	 she	4	distilbert/distilgpt2	distilbert/distilgpt2	False	0.4669768214225769	1.0985771417617798
Sarah	2925	Sarah	0	distilbert/distilgpt2	distilbert/distilgpt2	False	1.0	0.0
Ġj	2925	 jolted	1	distilbert/distilgpt2	distilbert/distilgpt2	False	1.180458002636442e-05	16.37029457092285
ol	2925	 jolted	1	distilbert/distilgpt2	distilbert/distilgpt2	False	0.008989247493445873	6.797584056854248
ted	2925	 jolted	1	distilbert/distilgpt2	distilbert/distilgpt2	False	0.08487892895936966	3.5584497451782227
ĠMary	2925	 Mary	2	distilbert/distilgpt2	distilbert/distilgpt2	False	4.5275148295331746e-05	14.43092155456543
Ġbecause	2925	 because	3	distilbert/distilgpt2	distilbert/distilgpt2	False	0.0005009106243960559	10.963159561157227
Ġshe	2925	 she	4	distilbert/distilgpt2	distilbert/distilgpt2	False	0.4475058317184448	1.1600216627120972
John	2926	John	0	distilbert/distilgpt2	distilbert/distilgpt2	False	1.0	0.0
Ġj	2926	 jolted	1	distilbert/distilgpt2	distilbert/distilgpt2	False	1.1876294593093917e-05	16.361555099487305
ol	2926	 jolted	1	distilbert/distilgpt2	distilbert/distilgpt2	False	0.006221354007720947	7.328555583953857
ted	2926	 jolted	1	distilbert/distilgpt2	distilbert/distilgpt2	False	0.08921495825052261	3.4865705966949463
ĠMary	2926	 Mary	2	distilbert/distilgpt2	distilbert/distilgpt2	False	4.554068800644018e-05	14.422484397888184
Ġbecause	2926	 because	3	distilbert/distilgpt2	distilbert/distilgpt2	False	0.000892907555680722	10.129201889038086
Ġshe	2926	 she	4	distilbert/distilgpt2	distilbert/distilgpt2	False	0.4234672784805298	1.2396776676177979
Sarah	2927	Sarah	0	distilbert/distilgpt2	distilbert/distilgpt2	False	1.0	0.0
Ġj	2927	 jolted	1	distilbert/distilgpt2	distilbert/distilgpt2	False	1.180458002636442e-05	16.37029457092285
ol	2927	 jolted	1	distilbert/distilgpt2	distilbert/distilgpt2	False	0.008989247493445873	6.797584056854248
ted	2927	 jolted	1	distilbert/distilgpt2	distilbert/distilgpt2	False	0.08487892895936966	3.5584497451782227
ĠMary	2927	 Mary	2	distilbert/distilgpt2	distilbert/distilgpt2	False	4.5275148295331746e-05	14.43092155456543
Ġbecause	2927	 because	3	distilbert/distilgpt2	distilbert/distilgpt2	False	0.0005009106243960559	10.963159561157227
Ġshe	2927	 she	4	distilbert/distilgpt2	distilbert/distilgpt2	False	0.4475058317184448	1.1600216627120972
David	2928	David	0	distilbert/distilgpt2	distilbert/distilgpt2	False	1.0	0.0
Ġj	2928	 jolted	1	distilbert/distilgpt2	distilbert/distilgpt2	False	1.2808301107725129e-05	16.252561569213867
ol	2928	 jolted	1	distilbert/distilgpt2	distilbert/distilgpt2	False	0.007382779847830534	7.081620216369629
ted	2928	 jolted	1	distilbert/distilgpt2	distilbert/distilgpt2	False	0.12551161646842957	2.994107246398926
ĠMary	2928	 Mary	2	distilbert/distilgpt2	distilbert/distilgpt2	False	4.928933412884362e-05	14.308364868164062
Ġbecause	2928	 because	3	distilbert/distilgpt2	distilbert/distilgpt2	False	0.00044167027226649225	11.144742965698242
Ġshe	2928	 she	4	distilbert/distilgpt2	distilbert/distilgpt2	False	0.43862080574035645	1.1889538764953613
John	2929	John	0	distilbert/distilgpt2	distilbert/distilgpt2	False	1.0	0.0
Ġkilled	2929	 killed	1	distilbert/distilgpt2	distilbert/distilgpt2	False	1.2242816183061223e-06	19.639633178710938
ĠDavid	2929	 David	2	distilbert/distilgpt2	distilbert/distilgpt2	False	0.0001829102693591267	12.416576385498047
Ġbecause	2929	 because	3	distilbert/distilgpt2	distilbert/distilgpt2	False	0.00021599976753350347	12.176682472229004
Ġhe	2929	 he	4	distilbert/distilgpt2	distilbert/distilgpt2	False	0.43062055110931396	1.2155109643936157
Mary	2930	Mary	0	distilbert/distilgpt2	distilbert/distilgpt2	False	1.0	0.0
Ġkilled	2930	 killed	1	distilbert/distilgpt2	distilbert/distilgpt2	False	1.3475282685249113e-06	19.501253128051758
ĠDavid	2930	 David	2	distilbert/distilgpt2	distilbert/distilgpt2	False	0.00010792343528009951	13.177703857421875
Ġbecause	2930	 because	3	distilbert/distilgpt2	distilbert/distilgpt2	False	0.00035328109515830874	11.466896057128906
Ġhe	2930	 he	4	distilbert/distilgpt2	distilbert/distilgpt2	False	0.4302886128425598	1.2166234254837036
John	2931	John	0	distilbert/distilgpt2	distilbert/distilgpt2	False	1.0	0.0
Ġkilled	2931	 killed	1	distilbert/distilgpt2	distilbert/distilgpt2	False	1.2242816183061223e-06	19.639633178710938
ĠDavid	2931	 David	2	distilbert/distilgpt2	distilbert/distilgpt2	False	0.0001829102693591267	12.416576385498047
Ġbecause	2931	 because	3	distilbert/distilgpt2	distilbert/distilgpt2	False	0.00021599976753350347	12.176682472229004
Ġhe	2931	 he	4	distilbert/distilgpt2	distilbert/distilgpt2	False	0.43062055110931396	1.2155109643936157
Sarah	2932	Sarah	0	distilbert/distilgpt2	distilbert/distilgpt2	False	1.0	0.0
Ġkilled	2932	 killed	1	distilbert/distilgpt2	distilbert/distilgpt2	False	1.3666513041243888e-06	19.48092269897461
ĠDavid	2932	 David	2	distilbert/distilgpt2	distilbert/distilgpt2	False	0.0001611130719538778	12.599638938903809
Ġbecause	2932	 because	3	distilbert/distilgpt2	distilbert/distilgpt2	False	0.000122778132208623	12.991659164428711
Ġhe	2932	 he	4	distilbert/distilgpt2	distilbert/distilgpt2	False	0.45341330766677856	1.141101360321045
David	2933	David	0	distilbert/distilgpt2	distilbert/distilgpt2	False	1.0	0.0
Ġkilled	2933	 killed	1	distilbert/distilgpt2	distilbert/distilgpt2	False	1.2702270169029362e-06	19.586483001708984
ĠJohn	2933	 John	2	distilbert/distilgpt2	distilbert/distilgpt2	False	0.0005478899693116546	10.833826065063477
Ġbecause	2933	 because	3	distilbert/distilgpt2	distilbert/distilgpt2	False	0.00018045563774649054	12.436068534851074
Ġhe	2933	 he	4	distilbert/distilgpt2	distilbert/distilgpt2	False	0.44155609607696533	1.1793314218521118
Mary	2934	Mary	0	distilbert/distilgpt2	distilbert/distilgpt2	False	1.0	0.0
Ġkilled	2934	 killed	1	distilbert/distilgpt2	distilbert/distilgpt2	False	1.3475282685249113e-06	19.501253128051758
ĠJohn	2934	 John	2	distilbert/distilgpt2	distilbert/distilgpt2	False	0.00041711650555953383	11.227261543273926
Ġbecause	2934	 because	3	distilbert/distilgpt2	distilbert/distilgpt2	False	0.0003823409497272223	11.352852821350098
Ġhe	2934	 he	4	distilbert/distilgpt2	distilbert/distilgpt2	False	0.445462167263031	1.1666252613067627
David	2935	David	0	distilbert/distilgpt2	distilbert/distilgpt2	False	1.0	0.0
Ġkilled	2935	 killed	1	distilbert/distilgpt2	distilbert/distilgpt2	False	1.2702270169029362e-06	19.586483001708984
ĠJohn	2935	 John	2	distilbert/distilgpt2	distilbert/distilgpt2	False	0.0005478899693116546	10.833826065063477
Ġbecause	2935	 because	3	distilbert/distilgpt2	distilbert/distilgpt2	False	0.00018045563774649054	12.436068534851074
Ġhe	2935	 he	4	distilbert/distilgpt2	distilbert/distilgpt2	False	0.44155609607696533	1.1793314218521118
Sarah	2936	Sarah	0	distilbert/distilgpt2	distilbert/distilgpt2	False	1.0	0.0
Ġkilled	2936	 killed	1	distilbert/distilgpt2	distilbert/distilgpt2	False	1.3666513041243888e-06	19.48092269897461
ĠJohn	2936	 John	2	distilbert/distilgpt2	distilbert/distilgpt2	False	0.0005468712188303471	10.836511611938477
Ġbecause	2936	 because	3	distilbert/distilgpt2	distilbert/distilgpt2	False	0.0002780143986456096	11.812552452087402
Ġhe	2936	 he	4	distilbert/distilgpt2	distilbert/distilgpt2	False	0.439307302236557	1.1866976022720337
Mary	2937	Mary	0	distilbert/distilgpt2	distilbert/distilgpt2	False	1.0	0.0
Ġkilled	2937	 killed	1	distilbert/distilgpt2	distilbert/distilgpt2	False	1.3475282685249113e-06	19.501253128051758
ĠSarah	2937	 Sarah	2	distilbert/distilgpt2	distilbert/distilgpt2	False	5.4444804845843464e-05	14.164846420288086
Ġbecause	2937	 because	3	distilbert/distilgpt2	distilbert/distilgpt2	False	0.0017926266882568598	9.123708724975586
Ġshe	2937	 she	4	distilbert/distilgpt2	distilbert/distilgpt2	False	0.4753338098526001	1.0729870796203613
John	2938	John	0	distilbert/distilgpt2	distilbert/distilgpt2	False	1.0	0.0
Ġkilled	2938	 killed	1	distilbert/distilgpt2	distilbert/distilgpt2	False	1.2242816183061223e-06	19.639633178710938
ĠSarah	2938	 Sarah	2	distilbert/distilgpt2	distilbert/distilgpt2	False	7.553501200163737e-05	13.692495346069336
Ġbecause	2938	 because	3	distilbert/distilgpt2	distilbert/distilgpt2	False	0.0011101006530225277	9.815093994140625
Ġshe	2938	 she	4	distilbert/distilgpt2	distilbert/distilgpt2	False	0.4635048508644104	1.1093436479568481
Mary	2939	Mary	0	distilbert/distilgpt2	distilbert/distilgpt2	False	1.0	0.0
Ġkilled	2939	 killed	1	distilbert/distilgpt2	distilbert/distilgpt2	False	1.3475282685249113e-06	19.501253128051758
ĠSarah	2939	 Sarah	2	distilbert/distilgpt2	distilbert/distilgpt2	False	5.4444804845843464e-05	14.164846420288086
Ġbecause	2939	 because	3	distilbert/distilgpt2	distilbert/distilgpt2	False	0.0017926266882568598	9.123708724975586
Ġshe	2939	 she	4	distilbert/distilgpt2	distilbert/distilgpt2	False	0.4753338098526001	1.0729870796203613
David	2940	David	0	distilbert/distilgpt2	distilbert/distilgpt2	False	1.0	0.0
Ġkilled	2940	 killed	1	distilbert/distilgpt2	distilbert/distilgpt2	False	1.2702270169029362e-06	19.586483001708984
ĠSarah	2940	 Sarah	2	distilbert/distilgpt2	distilbert/distilgpt2	False	6.351974298013374e-05	13.942435264587402
Ġbecause	2940	 because	3	distilbert/distilgpt2	distilbert/distilgpt2	False	0.0009044065373018384	10.110740661621094
Ġshe	2940	 she	4	distilbert/distilgpt2	distilbert/distilgpt2	False	0.48612043261528015	1.040614366531372
Sarah	2941	Sarah	0	distilbert/distilgpt2	distilbert/distilgpt2	False	1.0	0.0
Ġkilled	2941	 killed	1	distilbert/distilgpt2	distilbert/distilgpt2	False	1.3666513041243888e-06	19.48092269897461
ĠMary	2941	 Mary	2	distilbert/distilgpt2	distilbert/distilgpt2	False	0.0002466296136844903	11.985365867614746
Ġbecause	2941	 because	3	distilbert/distilgpt2	distilbert/distilgpt2	False	0.0007693461375311017	10.344079971313477
Ġshe	2941	 she	4	distilbert/distilgpt2	distilbert/distilgpt2	False	0.42043301463127136	1.2500522136688232
John	2942	John	0	distilbert/distilgpt2	distilbert/distilgpt2	False	1.0	0.0
Ġkilled	2942	 killed	1	distilbert/distilgpt2	distilbert/distilgpt2	False	1.2242816183061223e-06	19.639633178710938
ĠMary	2942	 Mary	2	distilbert/distilgpt2	distilbert/distilgpt2	False	0.00025790941435843706	11.92084789276123
Ġbecause	2942	 because	3	distilbert/distilgpt2	distilbert/distilgpt2	False	0.000964113452937454	10.018509864807129
Ġshe	2942	 she	4	distilbert/distilgpt2	distilbert/distilgpt2	False	0.4123377203941345	1.2781016826629639
Sarah	2943	Sarah	0	distilbert/distilgpt2	distilbert/distilgpt2	False	1.0	0.0
Ġkilled	2943	 killed	1	distilbert/distilgpt2	distilbert/distilgpt2	False	1.3666513041243888e-06	19.48092269897461
ĠMary	2943	 Mary	2	distilbert/distilgpt2	distilbert/distilgpt2	False	0.0002466296136844903	11.985365867614746
Ġbecause	2943	 because	3	distilbert/distilgpt2	distilbert/distilgpt2	False	0.0007693461375311017	10.344079971313477
Ġshe	2943	 she	4	distilbert/distilgpt2	distilbert/distilgpt2	False	0.42043301463127136	1.2500522136688232
David	2944	David	0	distilbert/distilgpt2	distilbert/distilgpt2	False	1.0	0.0
Ġkilled	2944	 killed	1	distilbert/distilgpt2	distilbert/distilgpt2	False	1.2702270169029362e-06	19.586483001708984
ĠMary	2944	 Mary	2	distilbert/distilgpt2	distilbert/distilgpt2	False	0.00021761665993835777	12.165923118591309
Ġbecause	2944	 because	3	distilbert/distilgpt2	distilbert/distilgpt2	False	0.0004680930869653821	11.060916900634766
Ġshe	2944	 she	4	distilbert/distilgpt2	distilbert/distilgpt2	False	0.4276631474494934	1.22545325756073
John	2945	John	0	distilbert/distilgpt2	distilbert/distilgpt2	False	1.0	0.0
Ġkissed	2945	 kissed	1	distilbert/distilgpt2	distilbert/distilgpt2	False	3.794016834035574e-08	24.65169906616211
ĠDavid	2945	 David	2	distilbert/distilgpt2	distilbert/distilgpt2	False	0.00023755943402647972	12.039423942565918
Ġbecause	2945	 because	3	distilbert/distilgpt2	distilbert/distilgpt2	False	0.0019388850778341293	9.010557174682617
Ġhe	2945	 he	4	distilbert/distilgpt2	distilbert/distilgpt2	False	0.4012715816497803	1.3173491954803467
Mary	2946	Mary	0	distilbert/distilgpt2	distilbert/distilgpt2	False	1.0	0.0
Ġkissed	2946	 kissed	1	distilbert/distilgpt2	distilbert/distilgpt2	False	4.583455037732165e-08	24.378990173339844
ĠDavid	2946	 David	2	distilbert/distilgpt2	distilbert/distilgpt2	False	0.0001479071652283892	12.723020553588867
Ġbecause	2946	 because	3	distilbert/distilgpt2	distilbert/distilgpt2	False	0.0019374220864847302	9.011646270751953
Ġhe	2946	 he	4	distilbert/distilgpt2	distilbert/distilgpt2	False	0.3966521918773651	1.334053635597229
John	2947	John	0	distilbert/distilgpt2	distilbert/distilgpt2	False	1.0	0.0
Ġkissed	2947	 kissed	1	distilbert/distilgpt2	distilbert/distilgpt2	False	3.794016834035574e-08	24.65169906616211
ĠDavid	2947	 David	2	distilbert/distilgpt2	distilbert/distilgpt2	False	0.00023755943402647972	12.039423942565918
Ġbecause	2947	 because	3	distilbert/distilgpt2	distilbert/distilgpt2	False	0.0019388850778341293	9.010557174682617
Ġhe	2947	 he	4	distilbert/distilgpt2	distilbert/distilgpt2	False	0.4012715816497803	1.3173491954803467
Sarah	2948	Sarah	0	distilbert/distilgpt2	distilbert/distilgpt2	False	1.0	0.0
Ġkissed	2948	 kissed	1	distilbert/distilgpt2	distilbert/distilgpt2	False	4.912567419523839e-08	24.278947830200195
ĠDavid	2948	 David	2	distilbert/distilgpt2	distilbert/distilgpt2	False	0.00021410046610981226	12.189424514770508
Ġbecause	2948	 because	3	distilbert/distilgpt2	distilbert/distilgpt2	False	0.0016622465336695313	9.232649803161621
Ġhe	2948	 he	4	distilbert/distilgpt2	distilbert/distilgpt2	False	0.3958200514316559	1.3370834589004517
David	2949	David	0	distilbert/distilgpt2	distilbert/distilgpt2	False	1.0	0.0
Ġkissed	2949	 kissed	1	distilbert/distilgpt2	distilbert/distilgpt2	False	3.2894529766736014e-08	24.857576370239258
ĠJohn	2949	 John	2	distilbert/distilgpt2	distilbert/distilgpt2	False	0.0005025230348110199	10.95852279663086
Ġbecause	2949	 because	3	distilbert/distilgpt2	distilbert/distilgpt2	False	0.00251606572419405	8.634614944458008
Ġhe	2949	 he	4	distilbert/distilgpt2	distilbert/distilgpt2	False	0.40703216195106506	1.2967853546142578
Mary	2950	Mary	0	distilbert/distilgpt2	distilbert/distilgpt2	False	1.0	0.0
Ġkissed	2950	 kissed	1	distilbert/distilgpt2	distilbert/distilgpt2	False	4.583455037732165e-08	24.378990173339844
ĠJohn	2950	 John	2	distilbert/distilgpt2	distilbert/distilgpt2	False	0.00035686593037098646	11.452330589294434
Ġbecause	2950	 because	3	distilbert/distilgpt2	distilbert/distilgpt2	False	0.0031171836890280247	8.325541496276855
Ġhe	2950	 he	4	distilbert/distilgpt2	distilbert/distilgpt2	False	0.4325391352176666	1.2090975046157837
David	2951	David	0	distilbert/distilgpt2	distilbert/distilgpt2	False	1.0	0.0
Ġkissed	2951	 kissed	1	distilbert/distilgpt2	distilbert/distilgpt2	False	3.2894529766736014e-08	24.857576370239258
ĠJohn	2951	 John	2	distilbert/distilgpt2	distilbert/distilgpt2	False	0.0005025230348110199	10.95852279663086
Ġbecause	2951	 because	3	distilbert/distilgpt2	distilbert/distilgpt2	False	0.00251606572419405	8.634614944458008
Ġhe	2951	 he	4	distilbert/distilgpt2	distilbert/distilgpt2	False	0.40703216195106506	1.2967853546142578
Sarah	2952	Sarah	0	distilbert/distilgpt2	distilbert/distilgpt2	False	1.0	0.0
Ġkissed	2952	 kissed	1	distilbert/distilgpt2	distilbert/distilgpt2	False	4.912567419523839e-08	24.278947830200195
ĠJohn	2952	 John	2	distilbert/distilgpt2	distilbert/distilgpt2	False	0.0004610245523508638	11.082868576049805
Ġbecause	2952	 because	3	distilbert/distilgpt2	distilbert/distilgpt2	False	0.0032815481536090374	8.251407623291016
Ġhe	2952	 he	4	distilbert/distilgpt2	distilbert/distilgpt2	False	0.4030490815639496	1.3109725713729858
Mary	2953	Mary	0	distilbert/distilgpt2	distilbert/distilgpt2	False	1.0	0.0
Ġkissed	2953	 kissed	1	distilbert/distilgpt2	distilbert/distilgpt2	False	4.583455037732165e-08	24.378990173339844
ĠSarah	2953	 Sarah	2	distilbert/distilgpt2	distilbert/distilgpt2	False	0.00018685949908103794	12.385758399963379
Ġbecause	2953	 because	3	distilbert/distilgpt2	distilbert/distilgpt2	False	0.00204531685449183	8.933460235595703
Ġshe	2953	 she	4	distilbert/distilgpt2	distilbert/distilgpt2	False	0.5005347728729248	0.9984578490257263
John	2954	John	0	distilbert/distilgpt2	distilbert/distilgpt2	False	1.0	0.0
Ġkissed	2954	 kissed	1	distilbert/distilgpt2	distilbert/distilgpt2	False	3.794016834035574e-08	24.65169906616211
ĠSarah	2954	 Sarah	2	distilbert/distilgpt2	distilbert/distilgpt2	False	0.0002865513670258224	11.768918991088867
Ġbecause	2954	 because	3	distilbert/distilgpt2	distilbert/distilgpt2	False	0.0022729861084371805	8.781195640563965
Ġshe	2954	 she	4	distilbert/distilgpt2	distilbert/distilgpt2	False	0.4615022540092468	1.1155904531478882
Mary	2955	Mary	0	distilbert/distilgpt2	distilbert/distilgpt2	False	1.0	0.0
Ġkissed	2955	 kissed	1	distilbert/distilgpt2	distilbert/distilgpt2	False	4.583455037732165e-08	24.378990173339844
ĠSarah	2955	 Sarah	2	distilbert/distilgpt2	distilbert/distilgpt2	False	0.00018685949908103794	12.385758399963379
Ġbecause	2955	 because	3	distilbert/distilgpt2	distilbert/distilgpt2	False	0.00204531685449183	8.933460235595703
Ġshe	2955	 she	4	distilbert/distilgpt2	distilbert/distilgpt2	False	0.5005347728729248	0.9984578490257263
David	2956	David	0	distilbert/distilgpt2	distilbert/distilgpt2	False	1.0	0.0
Ġkissed	2956	 kissed	1	distilbert/distilgpt2	distilbert/distilgpt2	False	3.2894529766736014e-08	24.857576370239258
ĠSarah	2956	 Sarah	2	distilbert/distilgpt2	distilbert/distilgpt2	False	0.00033398723462596536	11.547919273376465
Ġbecause	2956	 because	3	distilbert/distilgpt2	distilbert/distilgpt2	False	0.0018389734905213118	9.086883544921875
Ġshe	2956	 she	4	distilbert/distilgpt2	distilbert/distilgpt2	False	0.4685210883617401	1.0938141345977783
Sarah	2957	Sarah	0	distilbert/distilgpt2	distilbert/distilgpt2	False	1.0	0.0
Ġkissed	2957	 kissed	1	distilbert/distilgpt2	distilbert/distilgpt2	False	4.912567419523839e-08	24.278947830200195
ĠMary	2957	 Mary	2	distilbert/distilgpt2	distilbert/distilgpt2	False	0.00028022564947605133	11.80112361907959
Ġbecause	2957	 because	3	distilbert/distilgpt2	distilbert/distilgpt2	False	0.0012582771014422178	9.634334564208984
Ġshe	2957	 she	4	distilbert/distilgpt2	distilbert/distilgpt2	False	0.39927560091018677	1.3245432376861572
John	2958	John	0	distilbert/distilgpt2	distilbert/distilgpt2	False	1.0	0.0
Ġkissed	2958	 kissed	1	distilbert/distilgpt2	distilbert/distilgpt2	False	3.794016834035574e-08	24.65169906616211
ĠMary	2958	 Mary	2	distilbert/distilgpt2	distilbert/distilgpt2	False	0.00040601202636025846	11.266189575195312
Ġbecause	2958	 because	3	distilbert/distilgpt2	distilbert/distilgpt2	False	0.0017760262126103044	9.137131690979004
Ġshe	2958	 she	4	distilbert/distilgpt2	distilbert/distilgpt2	False	0.38031530380249023	1.394732117652893
Sarah	2959	Sarah	0	distilbert/distilgpt2	distilbert/distilgpt2	False	1.0	0.0
Ġkissed	2959	 kissed	1	distilbert/distilgpt2	distilbert/distilgpt2	False	4.912567419523839e-08	24.278947830200195
ĠMary	2959	 Mary	2	distilbert/distilgpt2	distilbert/distilgpt2	False	0.00028022564947605133	11.80112361907959
Ġbecause	2959	 because	3	distilbert/distilgpt2	distilbert/distilgpt2	False	0.0012582771014422178	9.634334564208984
Ġshe	2959	 she	4	distilbert/distilgpt2	distilbert/distilgpt2	False	0.39927560091018677	1.3245432376861572
David	2960	David	0	distilbert/distilgpt2	distilbert/distilgpt2	False	1.0	0.0
Ġkissed	2960	 kissed	1	distilbert/distilgpt2	distilbert/distilgpt2	False	3.2894529766736014e-08	24.857576370239258
ĠMary	2960	 Mary	2	distilbert/distilgpt2	distilbert/distilgpt2	False	0.0005053739878349006	10.950361251831055
Ġbecause	2960	 because	3	distilbert/distilgpt2	distilbert/distilgpt2	False	0.0012368292082101107	9.659137725830078
Ġshe	2960	 she	4	distilbert/distilgpt2	distilbert/distilgpt2	False	0.3743298649787903	1.4176180362701416
John	2961	John	0	distilbert/distilgpt2	distilbert/distilgpt2	False	1.0	0.0
Ġlauded	2961	 lauded	1	distilbert/distilgpt2	distilbert/distilgpt2	False	2.9838481907518144e-08	24.99825096130371
ĠDavid	2961	 David	2	distilbert/distilgpt2	distilbert/distilgpt2	False	0.0011475594947114587	9.767215728759766
Ġbecause	2961	 because	3	distilbert/distilgpt2	distilbert/distilgpt2	False	9.247517300536856e-05	13.400574684143066
Ġhe	2961	 he	4	distilbert/distilgpt2	distilbert/distilgpt2	False	0.42370694875717163	1.238861322402954
Mary	2962	Mary	0	distilbert/distilgpt2	distilbert/distilgpt2	False	1.0	0.0
Ġlauded	2962	 lauded	1	distilbert/distilgpt2	distilbert/distilgpt2	False	3.5072122983592635e-08	24.765100479125977
ĠDavid	2962	 David	2	distilbert/distilgpt2	distilbert/distilgpt2	False	0.0009108594385907054	10.100483894348145
Ġbecause	2962	 because	3	distilbert/distilgpt2	distilbert/distilgpt2	False	0.00013761332957074046	12.827092170715332
Ġhe	2962	 he	4	distilbert/distilgpt2	distilbert/distilgpt2	False	0.43553611636161804	1.1991357803344727
John	2963	John	0	distilbert/distilgpt2	distilbert/distilgpt2	False	1.0	0.0
Ġlauded	2963	 lauded	1	distilbert/distilgpt2	distilbert/distilgpt2	False	2.9838481907518144e-08	24.99825096130371
ĠDavid	2963	 David	2	distilbert/distilgpt2	distilbert/distilgpt2	False	0.0011475594947114587	9.767215728759766
Ġbecause	2963	 because	3	distilbert/distilgpt2	distilbert/distilgpt2	False	9.247517300536856e-05	13.400574684143066
Ġhe	2963	 he	4	distilbert/distilgpt2	distilbert/distilgpt2	False	0.42370694875717163	1.238861322402954
Sarah	2964	Sarah	0	distilbert/distilgpt2	distilbert/distilgpt2	False	1.0	0.0
Ġlauded	2964	 lauded	1	distilbert/distilgpt2	distilbert/distilgpt2	False	3.09281418253704e-08	24.946504592895508
ĠDavid	2964	 David	2	distilbert/distilgpt2	distilbert/distilgpt2	False	0.001498037832789123	9.382710456848145
Ġbecause	2964	 because	3	distilbert/distilgpt2	distilbert/distilgpt2	False	0.0001063818417605944	13.198460578918457
Ġhe	2964	 he	4	distilbert/distilgpt2	distilbert/distilgpt2	False	0.42079946398735046	1.2487952709197998
David	2965	David	0	distilbert/distilgpt2	distilbert/distilgpt2	False	1.0	0.0
Ġlauded	2965	 lauded	1	distilbert/distilgpt2	distilbert/distilgpt2	False	3.675884485687675e-08	24.69733238220215
ĠJohn	2965	 John	2	distilbert/distilgpt2	distilbert/distilgpt2	False	0.001521210535429418	9.360564231872559
Ġbecause	2965	 because	3	distilbert/distilgpt2	distilbert/distilgpt2	False	9.89932450465858e-05	13.3023099899292
Ġhe	2965	 he	4	distilbert/distilgpt2	distilbert/distilgpt2	False	0.4682687520980835	1.0945913791656494
Mary	2966	Mary	0	distilbert/distilgpt2	distilbert/distilgpt2	False	1.0	0.0
Ġlauded	2966	 lauded	1	distilbert/distilgpt2	distilbert/distilgpt2	False	3.5072122983592635e-08	24.765100479125977
ĠJohn	2966	 John	2	distilbert/distilgpt2	distilbert/distilgpt2	False	0.001420356915332377	9.4595308303833
Ġbecause	2966	 because	3	distilbert/distilgpt2	distilbert/distilgpt2	False	0.00016652866906952113	12.551941871643066
Ġhe	2966	 he	4	distilbert/distilgpt2	distilbert/distilgpt2	False	0.4815146028995514	1.0543485879898071
David	2967	David	0	distilbert/distilgpt2	distilbert/distilgpt2	False	1.0	0.0
Ġlauded	2967	 lauded	1	distilbert/distilgpt2	distilbert/distilgpt2	False	3.675884485687675e-08	24.69733238220215
ĠJohn	2967	 John	2	distilbert/distilgpt2	distilbert/distilgpt2	False	0.001521210535429418	9.360564231872559
Ġbecause	2967	 because	3	distilbert/distilgpt2	distilbert/distilgpt2	False	9.89932450465858e-05	13.3023099899292
Ġhe	2967	 he	4	distilbert/distilgpt2	distilbert/distilgpt2	False	0.4682687520980835	1.0945913791656494
Sarah	2968	Sarah	0	distilbert/distilgpt2	distilbert/distilgpt2	False	1.0	0.0
Ġlauded	2968	 lauded	1	distilbert/distilgpt2	distilbert/distilgpt2	False	3.09281418253704e-08	24.946504592895508
ĠJohn	2968	 John	2	distilbert/distilgpt2	distilbert/distilgpt2	False	0.0018472066149115562	9.080438613891602
Ġbecause	2968	 because	3	distilbert/distilgpt2	distilbert/distilgpt2	False	0.00018465117318555713	12.402910232543945
Ġhe	2968	 he	4	distilbert/distilgpt2	distilbert/distilgpt2	False	0.4557233452796936	1.1337698698043823
Mary	2969	Mary	0	distilbert/distilgpt2	distilbert/distilgpt2	False	1.0	0.0
Ġlauded	2969	 lauded	1	distilbert/distilgpt2	distilbert/distilgpt2	False	3.5072122983592635e-08	24.765100479125977
ĠSarah	2969	 Sarah	2	distilbert/distilgpt2	distilbert/distilgpt2	False	0.00018610438564792275	12.391600608825684
Ġbecause	2969	 because	3	distilbert/distilgpt2	distilbert/distilgpt2	False	0.0005343173397704959	10.870015144348145
Ġshe	2969	 she	4	distilbert/distilgpt2	distilbert/distilgpt2	False	0.5091409087181091	0.9738631844520569
John	2970	John	0	distilbert/distilgpt2	distilbert/distilgpt2	False	1.0	0.0
Ġlauded	2970	 lauded	1	distilbert/distilgpt2	distilbert/distilgpt2	False	2.9838481907518144e-08	24.99825096130371
ĠSarah	2970	 Sarah	2	distilbert/distilgpt2	distilbert/distilgpt2	False	0.00015921889280434698	12.616701126098633
Ġbecause	2970	 because	3	distilbert/distilgpt2	distilbert/distilgpt2	False	0.00022840616293251514	12.096110343933105
Ġshe	2970	 she	4	distilbert/distilgpt2	distilbert/distilgpt2	False	0.4860580563545227	1.0407994985580444
Mary	2971	Mary	0	distilbert/distilgpt2	distilbert/distilgpt2	False	1.0	0.0
Ġlauded	2971	 lauded	1	distilbert/distilgpt2	distilbert/distilgpt2	False	3.5072122983592635e-08	24.765100479125977
ĠSarah	2971	 Sarah	2	distilbert/distilgpt2	distilbert/distilgpt2	False	0.00018610438564792275	12.391600608825684
Ġbecause	2971	 because	3	distilbert/distilgpt2	distilbert/distilgpt2	False	0.0005343173397704959	10.870015144348145
Ġshe	2971	 she	4	distilbert/distilgpt2	distilbert/distilgpt2	False	0.5091409087181091	0.9738631844520569
David	2972	David	0	distilbert/distilgpt2	distilbert/distilgpt2	False	1.0	0.0
Ġlauded	2972	 lauded	1	distilbert/distilgpt2	distilbert/distilgpt2	False	3.675884485687675e-08	24.69733238220215
ĠSarah	2972	 Sarah	2	distilbert/distilgpt2	distilbert/distilgpt2	False	0.0001730212679831311	12.496763229370117
Ġbecause	2972	 because	3	distilbert/distilgpt2	distilbert/distilgpt2	False	0.0001845372753450647	12.403800010681152
Ġshe	2972	 she	4	distilbert/distilgpt2	distilbert/distilgpt2	False	0.4667789936065674	1.0991884469985962
Sarah	2973	Sarah	0	distilbert/distilgpt2	distilbert/distilgpt2	False	1.0	0.0
Ġlauded	2973	 lauded	1	distilbert/distilgpt2	distilbert/distilgpt2	False	3.09281418253704e-08	24.946504592895508
ĠMary	2973	 Mary	2	distilbert/distilgpt2	distilbert/distilgpt2	False	0.00030690626590512693	11.669914245605469
Ġbecause	2973	 because	3	distilbert/distilgpt2	distilbert/distilgpt2	False	0.0002103006700053811	12.215258598327637
Ġshe	2973	 she	4	distilbert/distilgpt2	distilbert/distilgpt2	False	0.44631877541542053	1.163853645324707
John	2974	John	0	distilbert/distilgpt2	distilbert/distilgpt2	False	1.0	0.0
Ġlauded	2974	 lauded	1	distilbert/distilgpt2	distilbert/distilgpt2	False	2.9838481907518144e-08	24.99825096130371
ĠMary	2974	 Mary	2	distilbert/distilgpt2	distilbert/distilgpt2	False	0.00017927565204445273	12.44553279876709
Ġbecause	2974	 because	3	distilbert/distilgpt2	distilbert/distilgpt2	False	0.00026045675622299314	11.906668663024902
Ġshe	2974	 she	4	distilbert/distilgpt2	distilbert/distilgpt2	False	0.48431575298309326	1.0459802150726318
Sarah	2975	Sarah	0	distilbert/distilgpt2	distilbert/distilgpt2	False	1.0	0.0
Ġlauded	2975	 lauded	1	distilbert/distilgpt2	distilbert/distilgpt2	False	3.09281418253704e-08	24.946504592895508
ĠMary	2975	 Mary	2	distilbert/distilgpt2	distilbert/distilgpt2	False	0.00030690626590512693	11.669914245605469
Ġbecause	2975	 because	3	distilbert/distilgpt2	distilbert/distilgpt2	False	0.0002103006700053811	12.215258598327637
Ġshe	2975	 she	4	distilbert/distilgpt2	distilbert/distilgpt2	False	0.44631877541542053	1.163853645324707
David	2976	David	0	distilbert/distilgpt2	distilbert/distilgpt2	False	1.0	0.0
Ġlauded	2976	 lauded	1	distilbert/distilgpt2	distilbert/distilgpt2	False	3.675884485687675e-08	24.69733238220215
ĠMary	2976	 Mary	2	distilbert/distilgpt2	distilbert/distilgpt2	False	0.00019095173047389835	12.354504585266113
Ġbecause	2976	 because	3	distilbert/distilgpt2	distilbert/distilgpt2	False	0.00013467716053128242	12.858206748962402
Ġshe	2976	 she	4	distilbert/distilgpt2	distilbert/distilgpt2	False	0.45751625299453735	1.1281051635742188
John	2977	John	0	distilbert/distilgpt2	distilbert/distilgpt2	False	1.0	0.0
Ġlaughed	2977	 laughed	1	distilbert/distilgpt2	distilbert/distilgpt2	False	1.5003753617293114e-07	22.66817283630371
Ġat	2977	 at	2	distilbert/distilgpt2	distilbert/distilgpt2	False	0.10647741705179214	3.2313807010650635
ĠDavid	2977	 David	3	distilbert/distilgpt2	distilbert/distilgpt2	False	0.001030147192068398	9.922933578491211
Ġbecause	2977	 because	4	distilbert/distilgpt2	distilbert/distilgpt2	False	0.0011866253335028887	9.71891975402832
Ġhe	2977	 he	5	distilbert/distilgpt2	distilbert/distilgpt2	False	0.4323592782020569	1.2096974849700928
Mary	2978	Mary	0	distilbert/distilgpt2	distilbert/distilgpt2	False	1.0	0.0
Ġlaughed	2978	 laughed	1	distilbert/distilgpt2	distilbert/distilgpt2	False	1.4633523903739842e-07	22.704219818115234
Ġat	2978	 at	2	distilbert/distilgpt2	distilbert/distilgpt2	False	0.12203452736139297	3.0346386432647705
ĠDavid	2978	 David	3	distilbert/distilgpt2	distilbert/distilgpt2	False	0.0006391810602508485	10.61148738861084
Ġbecause	2978	 because	4	distilbert/distilgpt2	distilbert/distilgpt2	False	0.0019291869830340147	9.017790794372559
Ġhe	2978	 he	5	distilbert/distilgpt2	distilbert/distilgpt2	False	0.43817028403282166	1.1904364824295044
John	2979	John	0	distilbert/distilgpt2	distilbert/distilgpt2	False	1.0	0.0
Ġlaughed	2979	 laughed	1	distilbert/distilgpt2	distilbert/distilgpt2	False	1.5003753617293114e-07	22.66817283630371
Ġat	2979	 at	2	distilbert/distilgpt2	distilbert/distilgpt2	False	0.10647741705179214	3.2313807010650635
ĠDavid	2979	 David	3	distilbert/distilgpt2	distilbert/distilgpt2	False	0.001030147192068398	9.922933578491211
Ġbecause	2979	 because	4	distilbert/distilgpt2	distilbert/distilgpt2	False	0.0011866253335028887	9.71891975402832
Ġhe	2979	 he	5	distilbert/distilgpt2	distilbert/distilgpt2	False	0.4323592782020569	1.2096974849700928
Sarah	2980	Sarah	0	distilbert/distilgpt2	distilbert/distilgpt2	False	1.0	0.0
Ġlaughed	2980	 laughed	1	distilbert/distilgpt2	distilbert/distilgpt2	False	1.7543322883284418e-07	22.442575454711914
Ġat	2980	 at	2	distilbert/distilgpt2	distilbert/distilgpt2	False	0.11922818422317505	3.0682027339935303
ĠDavid	2980	 David	3	distilbert/distilgpt2	distilbert/distilgpt2	False	0.0009174690931104124	10.090052604675293
Ġbecause	2980	 because	4	distilbert/distilgpt2	distilbert/distilgpt2	False	0.0007824362837709486	10.31973934173584
Ġhe	2980	 he	5	distilbert/distilgpt2	distilbert/distilgpt2	False	0.4387277364730835	1.1886022090911865
David	2981	David	0	distilbert/distilgpt2	distilbert/distilgpt2	False	1.0	0.0
Ġlaughed	2981	 laughed	1	distilbert/distilgpt2	distilbert/distilgpt2	False	1.4353031474456657e-07	22.732141494750977
Ġat	2981	 at	2	distilbert/distilgpt2	distilbert/distilgpt2	False	0.17081190645694733	2.5495195388793945
ĠJohn	2981	 John	3	distilbert/distilgpt2	distilbert/distilgpt2	False	0.0007343039033003151	10.411334991455078
Ġbecause	2981	 because	4	distilbert/distilgpt2	distilbert/distilgpt2	False	0.00032225949689745903	11.599489212036133
Ġhe	2981	 he	5	distilbert/distilgpt2	distilbert/distilgpt2	False	0.42051824927330017	1.2497596740722656
Mary	2982	Mary	0	distilbert/distilgpt2	distilbert/distilgpt2	False	1.0	0.0
Ġlaughed	2982	 laughed	1	distilbert/distilgpt2	distilbert/distilgpt2	False	1.4633523903739842e-07	22.704219818115234
Ġat	2982	 at	2	distilbert/distilgpt2	distilbert/distilgpt2	False	0.12203452736139297	3.0346386432647705
ĠJohn	2982	 John	3	distilbert/distilgpt2	distilbert/distilgpt2	False	0.0004957650671713054	10.978055953979492
Ġbecause	2982	 because	4	distilbert/distilgpt2	distilbert/distilgpt2	False	0.0008656654972583055	10.17390251159668
Ġhe	2982	 he	5	distilbert/distilgpt2	distilbert/distilgpt2	False	0.4425208568572998	1.1761826276779175
David	2983	David	0	distilbert/distilgpt2	distilbert/distilgpt2	False	1.0	0.0
Ġlaughed	2983	 laughed	1	distilbert/distilgpt2	distilbert/distilgpt2	False	1.4353031474456657e-07	22.732141494750977
Ġat	2983	 at	2	distilbert/distilgpt2	distilbert/distilgpt2	False	0.17081190645694733	2.5495195388793945
ĠJohn	2983	 John	3	distilbert/distilgpt2	distilbert/distilgpt2	False	0.0007343039033003151	10.411334991455078
Ġbecause	2983	 because	4	distilbert/distilgpt2	distilbert/distilgpt2	False	0.00032225949689745903	11.599489212036133
Ġhe	2983	 he	5	distilbert/distilgpt2	distilbert/distilgpt2	False	0.42051824927330017	1.2497596740722656
Sarah	2984	Sarah	0	distilbert/distilgpt2	distilbert/distilgpt2	False	1.0	0.0
Ġlaughed	2984	 laughed	1	distilbert/distilgpt2	distilbert/distilgpt2	False	1.7543322883284418e-07	22.442575454711914
Ġat	2984	 at	2	distilbert/distilgpt2	distilbert/distilgpt2	False	0.11922818422317505	3.0682027339935303
ĠJohn	2984	 John	3	distilbert/distilgpt2	distilbert/distilgpt2	False	0.0006128517561592162	10.672174453735352
Ġbecause	2984	 because	4	distilbert/distilgpt2	distilbert/distilgpt2	False	0.0007799554150551558	10.324320793151855
Ġhe	2984	 he	5	distilbert/distilgpt2	distilbert/distilgpt2	False	0.4359878599643707	1.1976401805877686
Mary	2985	Mary	0	distilbert/distilgpt2	distilbert/distilgpt2	False	1.0	0.0
Ġlaughed	2985	 laughed	1	distilbert/distilgpt2	distilbert/distilgpt2	False	1.4633523903739842e-07	22.704219818115234
Ġat	2985	 at	2	distilbert/distilgpt2	distilbert/distilgpt2	False	0.12203452736139297	3.0346386432647705
ĠSarah	2985	 Sarah	3	distilbert/distilgpt2	distilbert/distilgpt2	False	0.00011393411114113405	13.099513053894043
Ġbecause	2985	 because	4	distilbert/distilgpt2	distilbert/distilgpt2	False	0.003114919178187847	8.326589584350586
Ġshe	2985	 she	5	distilbert/distilgpt2	distilbert/distilgpt2	False	0.4925179183483124	1.021751880645752
John	2986	John	0	distilbert/distilgpt2	distilbert/distilgpt2	False	1.0	0.0
Ġlaughed	2986	 laughed	1	distilbert/distilgpt2	distilbert/distilgpt2	False	1.5003753617293114e-07	22.66817283630371
Ġat	2986	 at	2	distilbert/distilgpt2	distilbert/distilgpt2	False	0.10647741705179214	3.2313807010650635
ĠSarah	2986	 Sarah	3	distilbert/distilgpt2	distilbert/distilgpt2	False	0.0001750694791553542	12.479784965515137
Ġbecause	2986	 because	4	distilbert/distilgpt2	distilbert/distilgpt2	False	0.0016018464230000973	9.286048889160156
Ġshe	2986	 she	5	distilbert/distilgpt2	distilbert/distilgpt2	False	0.45204514265060425	1.1454613208770752
Mary	2987	Mary	0	distilbert/distilgpt2	distilbert/distilgpt2	False	1.0	0.0
Ġlaughed	2987	 laughed	1	distilbert/distilgpt2	distilbert/distilgpt2	False	1.4633523903739842e-07	22.704219818115234
Ġat	2987	 at	2	distilbert/distilgpt2	distilbert/distilgpt2	False	0.12203452736139297	3.0346386432647705
ĠSarah	2987	 Sarah	3	distilbert/distilgpt2	distilbert/distilgpt2	False	0.00011393411114113405	13.099513053894043
Ġbecause	2987	 because	4	distilbert/distilgpt2	distilbert/distilgpt2	False	0.003114919178187847	8.326589584350586
Ġshe	2987	 she	5	distilbert/distilgpt2	distilbert/distilgpt2	False	0.4925179183483124	1.021751880645752
David	2988	David	0	distilbert/distilgpt2	distilbert/distilgpt2	False	1.0	0.0
Ġlaughed	2988	 laughed	1	distilbert/distilgpt2	distilbert/distilgpt2	False	1.4353031474456657e-07	22.732141494750977
Ġat	2988	 at	2	distilbert/distilgpt2	distilbert/distilgpt2	False	0.17081190645694733	2.5495195388793945
ĠSarah	2988	 Sarah	3	distilbert/distilgpt2	distilbert/distilgpt2	False	0.00015772136976011097	12.63033390045166
Ġbecause	2988	 because	4	distilbert/distilgpt2	distilbert/distilgpt2	False	0.0006725851562805474	10.537995338439941
Ġshe	2988	 she	5	distilbert/distilgpt2	distilbert/distilgpt2	False	0.4535657465457916	1.1406164169311523
Sarah	2989	Sarah	0	distilbert/distilgpt2	distilbert/distilgpt2	False	1.0	0.0
Ġlaughed	2989	 laughed	1	distilbert/distilgpt2	distilbert/distilgpt2	False	1.7543322883284418e-07	22.442575454711914
Ġat	2989	 at	2	distilbert/distilgpt2	distilbert/distilgpt2	False	0.11922818422317505	3.0682027339935303
ĠMary	2989	 Mary	3	distilbert/distilgpt2	distilbert/distilgpt2	False	0.00032787577947601676	11.574563026428223
Ġbecause	2989	 because	4	distilbert/distilgpt2	distilbert/distilgpt2	False	0.0007842875202186406	10.316329956054688
Ġshe	2989	 she	5	distilbert/distilgpt2	distilbert/distilgpt2	False	0.45239606499671936	1.1443417072296143
John	2990	John	0	distilbert/distilgpt2	distilbert/distilgpt2	False	1.0	0.0
Ġlaughed	2990	 laughed	1	distilbert/distilgpt2	distilbert/distilgpt2	False	1.5003753617293114e-07	22.66817283630371
Ġat	2990	 at	2	distilbert/distilgpt2	distilbert/distilgpt2	False	0.10647741705179214	3.2313807010650635
ĠMary	2990	 Mary	3	distilbert/distilgpt2	distilbert/distilgpt2	False	0.00031284484430216253	11.642265319824219
Ġbecause	2990	 because	4	distilbert/distilgpt2	distilbert/distilgpt2	False	0.0016340890433639288	9.25729751586914
Ġshe	2990	 she	5	distilbert/distilgpt2	distilbert/distilgpt2	False	0.41579049825668335	1.2660713195800781
Sarah	2991	Sarah	0	distilbert/distilgpt2	distilbert/distilgpt2	False	1.0	0.0
Ġlaughed	2991	 laughed	1	distilbert/distilgpt2	distilbert/distilgpt2	False	1.7543322883284418e-07	22.442575454711914
Ġat	2991	 at	2	distilbert/distilgpt2	distilbert/distilgpt2	False	0.11922818422317505	3.0682027339935303
ĠMary	2991	 Mary	3	distilbert/distilgpt2	distilbert/distilgpt2	False	0.00032787577947601676	11.574563026428223
Ġbecause	2991	 because	4	distilbert/distilgpt2	distilbert/distilgpt2	False	0.0007842875202186406	10.316329956054688
Ġshe	2991	 she	5	distilbert/distilgpt2	distilbert/distilgpt2	False	0.45239606499671936	1.1443417072296143
David	2992	David	0	distilbert/distilgpt2	distilbert/distilgpt2	False	1.0	0.0
Ġlaughed	2992	 laughed	1	distilbert/distilgpt2	distilbert/distilgpt2	False	1.4353031474456657e-07	22.732141494750977
Ġat	2992	 at	2	distilbert/distilgpt2	distilbert/distilgpt2	False	0.17081190645694733	2.5495195388793945
ĠMary	2992	 Mary	3	distilbert/distilgpt2	distilbert/distilgpt2	False	0.00028318160912021995	11.785984992980957
Ġbecause	2992	 because	4	distilbert/distilgpt2	distilbert/distilgpt2	False	0.000462821451947093	11.077256202697754
Ġshe	2992	 she	5	distilbert/distilgpt2	distilbert/distilgpt2	False	0.41278839111328125	1.2765257358551025
John	2993	John	0	distilbert/distilgpt2	distilbert/distilgpt2	False	1.0	0.0
Ġled	2993	 led	1	distilbert/distilgpt2	distilbert/distilgpt2	False	2.4020432647375856e-06	18.667306900024414
ĠDavid	2993	 David	2	distilbert/distilgpt2	distilbert/distilgpt2	False	0.0001427205716026947	12.774518966674805
Ġbecause	2993	 because	3	distilbert/distilgpt2	distilbert/distilgpt2	False	1.886077006929554e-05	15.694252014160156
Ġhe	2993	 he	4	distilbert/distilgpt2	distilbert/distilgpt2	False	0.37135377526283264	1.4291338920593262
Mary	2994	Mary	0	distilbert/distilgpt2	distilbert/distilgpt2	False	1.0	0.0
Ġled	2994	 led	1	distilbert/distilgpt2	distilbert/distilgpt2	False	3.0049891392991412e-06	18.344209671020508
ĠDavid	2994	 David	2	distilbert/distilgpt2	distilbert/distilgpt2	False	0.00010520845535211265	13.214461326599121
Ġbecause	2994	 because	3	distilbert/distilgpt2	distilbert/distilgpt2	False	3.662425297079608e-05	14.736841201782227
Ġhe	2994	 he	4	distilbert/distilgpt2	distilbert/distilgpt2	False	0.39958271384239197	1.3234339952468872
John	2995	John	0	distilbert/distilgpt2	distilbert/distilgpt2	False	1.0	0.0
Ġled	2995	 led	1	distilbert/distilgpt2	distilbert/distilgpt2	False	2.4020432647375856e-06	18.667306900024414
ĠDavid	2995	 David	2	distilbert/distilgpt2	distilbert/distilgpt2	False	0.0001427205716026947	12.774518966674805
Ġbecause	2995	 because	3	distilbert/distilgpt2	distilbert/distilgpt2	False	1.886077006929554e-05	15.694252014160156
Ġhe	2995	 he	4	distilbert/distilgpt2	distilbert/distilgpt2	False	0.37135377526283264	1.4291338920593262
Sarah	2996	Sarah	0	distilbert/distilgpt2	distilbert/distilgpt2	False	1.0	0.0
Ġled	2996	 led	1	distilbert/distilgpt2	distilbert/distilgpt2	False	2.7439757559477584e-06	18.47530174255371
ĠDavid	2996	 David	2	distilbert/distilgpt2	distilbert/distilgpt2	False	0.00017657301214057952	12.467447280883789
Ġbecause	2996	 because	3	distilbert/distilgpt2	distilbert/distilgpt2	False	1.6116109691211022e-05	15.921136856079102
Ġhe	2996	 he	4	distilbert/distilgpt2	distilbert/distilgpt2	False	0.37453314661979675	1.4168347120285034
David	2997	David	0	distilbert/distilgpt2	distilbert/distilgpt2	False	1.0	0.0
Ġled	2997	 led	1	distilbert/distilgpt2	distilbert/distilgpt2	False	2.6364357381680747e-06	18.53297996520996
ĠJohn	2997	 John	2	distilbert/distilgpt2	distilbert/distilgpt2	False	0.00017630765796639025	12.469616889953613
Ġbecause	2997	 because	3	distilbert/distilgpt2	distilbert/distilgpt2	False	4.726183760794811e-05	14.368965148925781
Ġhe	2997	 he	4	distilbert/distilgpt2	distilbert/distilgpt2	False	0.3610391616821289	1.4697728157043457
Mary	2998	Mary	0	distilbert/distilgpt2	distilbert/distilgpt2	False	1.0	0.0
Ġled	2998	 led	1	distilbert/distilgpt2	distilbert/distilgpt2	False	3.0049891392991412e-06	18.344209671020508
ĠJohn	2998	 John	2	distilbert/distilgpt2	distilbert/distilgpt2	False	0.0001593417691765353	12.615588188171387
Ġbecause	2998	 because	3	distilbert/distilgpt2	distilbert/distilgpt2	False	0.0001421779888914898	12.780014038085938
Ġhe	2998	 he	4	distilbert/distilgpt2	distilbert/distilgpt2	False	0.3998573124408722	1.322442889213562
David	2999	David	0	distilbert/distilgpt2	distilbert/distilgpt2	False	1.0	0.0
Ġled	2999	 led	1	distilbert/distilgpt2	distilbert/distilgpt2	False	2.6364357381680747e-06	18.53297996520996
ĠJohn	2999	 John	2	distilbert/distilgpt2	distilbert/distilgpt2	False	0.00017630765796639025	12.469616889953613
Ġbecause	2999	 because	3	distilbert/distilgpt2	distilbert/distilgpt2	False	4.726183760794811e-05	14.368965148925781
Ġhe	2999	 he	4	distilbert/distilgpt2	distilbert/distilgpt2	False	0.3610391616821289	1.4697728157043457
Sarah	3000	Sarah	0	distilbert/distilgpt2	distilbert/distilgpt2	False	1.0	0.0
Ġled	3000	 led	1	distilbert/distilgpt2	distilbert/distilgpt2	False	2.7439757559477584e-06	18.47530174255371
ĠJohn	3000	 John	2	distilbert/distilgpt2	distilbert/distilgpt2	False	0.00020031713938806206	12.285426139831543
Ġbecause	3000	 because	3	distilbert/distilgpt2	distilbert/distilgpt2	False	0.00011097083188360557	13.137532234191895
Ġhe	3000	 he	4	distilbert/distilgpt2	distilbert/distilgpt2	False	0.3527883291244507	1.5031253099441528
Mary	3001	Mary	0	distilbert/distilgpt2	distilbert/distilgpt2	False	1.0	0.0
Ġled	3001	 led	1	distilbert/distilgpt2	distilbert/distilgpt2	False	3.0049891392991412e-06	18.344209671020508
ĠSarah	3001	 Sarah	2	distilbert/distilgpt2	distilbert/distilgpt2	False	1.709989010123536e-05	15.835653305053711
Ġbecause	3001	 because	3	distilbert/distilgpt2	distilbert/distilgpt2	False	0.0002731876156758517	11.837820053100586
Ġshe	3001	 she	4	distilbert/distilgpt2	distilbert/distilgpt2	False	0.47460490465164185	1.075201153755188
John	3002	John	0	distilbert/distilgpt2	distilbert/distilgpt2	False	1.0	0.0
Ġled	3002	 led	1	distilbert/distilgpt2	distilbert/distilgpt2	False	2.4020432647375856e-06	18.667306900024414
ĠSarah	3002	 Sarah	2	distilbert/distilgpt2	distilbert/distilgpt2	False	1.688433621893637e-05	15.853955268859863
Ġbecause	3002	 because	3	distilbert/distilgpt2	distilbert/distilgpt2	False	0.00012448677443899214	12.971719741821289
Ġshe	3002	 she	4	distilbert/distilgpt2	distilbert/distilgpt2	False	0.42066043615341187	1.2492719888687134
Mary	3003	Mary	0	distilbert/distilgpt2	distilbert/distilgpt2	False	1.0	0.0
Ġled	3003	 led	1	distilbert/distilgpt2	distilbert/distilgpt2	False	3.0049891392991412e-06	18.344209671020508
ĠSarah	3003	 Sarah	2	distilbert/distilgpt2	distilbert/distilgpt2	False	1.709989010123536e-05	15.835653305053711
Ġbecause	3003	 because	3	distilbert/distilgpt2	distilbert/distilgpt2	False	0.0002731876156758517	11.837820053100586
Ġshe	3003	 she	4	distilbert/distilgpt2	distilbert/distilgpt2	False	0.47460490465164185	1.075201153755188
David	3004	David	0	distilbert/distilgpt2	distilbert/distilgpt2	False	1.0	0.0
Ġled	3004	 led	1	distilbert/distilgpt2	distilbert/distilgpt2	False	2.6364357381680747e-06	18.53297996520996
ĠSarah	3004	 Sarah	2	distilbert/distilgpt2	distilbert/distilgpt2	False	1.441540734958835e-05	16.082029342651367
Ġbecause	3004	 because	3	distilbert/distilgpt2	distilbert/distilgpt2	False	4.348308721091598e-05	14.48918628692627
Ġshe	3004	 she	4	distilbert/distilgpt2	distilbert/distilgpt2	False	0.4276907742023468	1.2253600358963013
Sarah	3005	Sarah	0	distilbert/distilgpt2	distilbert/distilgpt2	False	1.0	0.0
Ġled	3005	 led	1	distilbert/distilgpt2	distilbert/distilgpt2	False	2.7439757559477584e-06	18.47530174255371
ĠMary	3005	 Mary	2	distilbert/distilgpt2	distilbert/distilgpt2	False	7.442085188813508e-05	13.713933944702148
Ġbecause	3005	 because	3	distilbert/distilgpt2	distilbert/distilgpt2	False	7.578726945212111e-05	13.687685012817383
Ġshe	3005	 she	4	distilbert/distilgpt2	distilbert/distilgpt2	False	0.3897424042224884	1.3594071865081787
John	3006	John	0	distilbert/distilgpt2	distilbert/distilgpt2	False	1.0	0.0
Ġled	3006	 led	1	distilbert/distilgpt2	distilbert/distilgpt2	False	2.4020432647375856e-06	18.667306900024414
ĠMary	3006	 Mary	2	distilbert/distilgpt2	distilbert/distilgpt2	False	4.862273272010498e-05	14.328009605407715
Ġbecause	3006	 because	3	distilbert/distilgpt2	distilbert/distilgpt2	False	0.0001009790285024792	13.273656845092773
Ġshe	3006	 she	4	distilbert/distilgpt2	distilbert/distilgpt2	False	0.37632879614830017	1.409934401512146
Sarah	3007	Sarah	0	distilbert/distilgpt2	distilbert/distilgpt2	False	1.0	0.0
Ġled	3007	 led	1	distilbert/distilgpt2	distilbert/distilgpt2	False	2.7439757559477584e-06	18.47530174255371
ĠMary	3007	 Mary	2	distilbert/distilgpt2	distilbert/distilgpt2	False	7.442085188813508e-05	13.713933944702148
Ġbecause	3007	 because	3	distilbert/distilgpt2	distilbert/distilgpt2	False	7.578726945212111e-05	13.687685012817383
Ġshe	3007	 she	4	distilbert/distilgpt2	distilbert/distilgpt2	False	0.3897424042224884	1.3594071865081787
David	3008	David	0	distilbert/distilgpt2	distilbert/distilgpt2	False	1.0	0.0
Ġled	3008	 led	1	distilbert/distilgpt2	distilbert/distilgpt2	False	2.6364357381680747e-06	18.53297996520996
ĠMary	3008	 Mary	2	distilbert/distilgpt2	distilbert/distilgpt2	False	3.5042892704950646e-05	14.800518989562988
Ġbecause	3008	 because	3	distilbert/distilgpt2	distilbert/distilgpt2	False	4.207690290058963e-05	14.536611557006836
Ġshe	3008	 she	4	distilbert/distilgpt2	distilbert/distilgpt2	False	0.38844725489616394	1.3642094135284424
John	3009	John	0	distilbert/distilgpt2	distilbert/distilgpt2	False	1.0	0.0
Ġleft	3009	 left	1	distilbert/distilgpt2	distilbert/distilgpt2	False	1.9662811610032804e-05	15.634170532226562
ĠDavid	3009	 David	2	distilbert/distilgpt2	distilbert/distilgpt2	False	0.00010280924470862374	13.247742652893066
Ġbecause	3009	 because	3	distilbert/distilgpt2	distilbert/distilgpt2	False	9.739484812598675e-05	13.32579517364502
Ġhe	3009	 he	4	distilbert/distilgpt2	distilbert/distilgpt2	False	0.42669615149497986	1.2287189960479736
Mary	3010	Mary	0	distilbert/distilgpt2	distilbert/distilgpt2	False	1.0	0.0
Ġleft	3010	 left	1	distilbert/distilgpt2	distilbert/distilgpt2	False	2.0785444576176815e-05	15.55406665802002
ĠDavid	3010	 David	2	distilbert/distilgpt2	distilbert/distilgpt2	False	7.074944005580619e-05	13.786921501159668
Ġbecause	3010	 because	3	distilbert/distilgpt2	distilbert/distilgpt2	False	0.00016786597552709281	12.54040241241455
Ġhe	3010	 he	4	distilbert/distilgpt2	distilbert/distilgpt2	False	0.41993141174316406	1.2517744302749634
John	3011	John	0	distilbert/distilgpt2	distilbert/distilgpt2	False	1.0	0.0
Ġleft	3011	 left	1	distilbert/distilgpt2	distilbert/distilgpt2	False	1.9662811610032804e-05	15.634170532226562
ĠDavid	3011	 David	2	distilbert/distilgpt2	distilbert/distilgpt2	False	0.00010280924470862374	13.247742652893066
Ġbecause	3011	 because	3	distilbert/distilgpt2	distilbert/distilgpt2	False	9.739484812598675e-05	13.32579517364502
Ġhe	3011	 he	4	distilbert/distilgpt2	distilbert/distilgpt2	False	0.42669615149497986	1.2287189960479736
Sarah	3012	Sarah	0	distilbert/distilgpt2	distilbert/distilgpt2	False	1.0	0.0
Ġleft	3012	 left	1	distilbert/distilgpt2	distilbert/distilgpt2	False	1.9814553525066003e-05	15.623080253601074
ĠDavid	3012	 David	2	distilbert/distilgpt2	distilbert/distilgpt2	False	0.00011313558206893504	13.109659194946289
Ġbecause	3012	 because	3	distilbert/distilgpt2	distilbert/distilgpt2	False	8.907085430109873e-05	13.454687118530273
Ġhe	3012	 he	4	distilbert/distilgpt2	distilbert/distilgpt2	False	0.4331497848033905	1.2070621252059937
David	3013	David	0	distilbert/distilgpt2	distilbert/distilgpt2	False	1.0	0.0
Ġleft	3013	 left	1	distilbert/distilgpt2	distilbert/distilgpt2	False	1.8718330466072075e-05	15.705188751220703
ĠJohn	3013	 John	2	distilbert/distilgpt2	distilbert/distilgpt2	False	5.494188371812925e-05	14.151734352111816
Ġbecause	3013	 because	3	distilbert/distilgpt2	distilbert/distilgpt2	False	0.00028054785798303783	11.79946517944336
Ġhe	3013	 he	4	distilbert/distilgpt2	distilbert/distilgpt2	False	0.3740541338920593	1.418681025505066
Mary	3014	Mary	0	distilbert/distilgpt2	distilbert/distilgpt2	False	1.0	0.0
Ġleft	3014	 left	1	distilbert/distilgpt2	distilbert/distilgpt2	False	2.0785444576176815e-05	15.55406665802002
ĠJohn	3014	 John	2	distilbert/distilgpt2	distilbert/distilgpt2	False	4.912200165563263e-05	14.313271522521973
Ġbecause	3014	 because	3	distilbert/distilgpt2	distilbert/distilgpt2	False	0.0005473883356899023	10.835147857666016
Ġhe	3014	 he	4	distilbert/distilgpt2	distilbert/distilgpt2	False	0.40753063559532166	1.2950196266174316
David	3015	David	0	distilbert/distilgpt2	distilbert/distilgpt2	False	1.0	0.0
Ġleft	3015	 left	1	distilbert/distilgpt2	distilbert/distilgpt2	False	1.8718330466072075e-05	15.705188751220703
ĠJohn	3015	 John	2	distilbert/distilgpt2	distilbert/distilgpt2	False	5.494188371812925e-05	14.151734352111816
Ġbecause	3015	 because	3	distilbert/distilgpt2	distilbert/distilgpt2	False	0.00028054785798303783	11.79946517944336
Ġhe	3015	 he	4	distilbert/distilgpt2	distilbert/distilgpt2	False	0.3740541338920593	1.418681025505066
Sarah	3016	Sarah	0	distilbert/distilgpt2	distilbert/distilgpt2	False	1.0	0.0
Ġleft	3016	 left	1	distilbert/distilgpt2	distilbert/distilgpt2	False	1.9814553525066003e-05	15.623080253601074
ĠJohn	3016	 John	2	distilbert/distilgpt2	distilbert/distilgpt2	False	5.187396891415119e-05	14.23462963104248
Ġbecause	3016	 because	3	distilbert/distilgpt2	distilbert/distilgpt2	False	0.0005705415969714522	10.77538013458252
Ġhe	3016	 he	4	distilbert/distilgpt2	distilbert/distilgpt2	False	0.3891560733318329	1.3615792989730835
Mary	3017	Mary	0	distilbert/distilgpt2	distilbert/distilgpt2	False	1.0	0.0
Ġleft	3017	 left	1	distilbert/distilgpt2	distilbert/distilgpt2	False	2.0785444576176815e-05	15.55406665802002
ĠSarah	3017	 Sarah	2	distilbert/distilgpt2	distilbert/distilgpt2	False	3.1799256248632446e-05	14.94064712524414
Ġbecause	3017	 because	3	distilbert/distilgpt2	distilbert/distilgpt2	False	0.0011772820726037025	9.730324745178223
Ġshe	3017	 she	4	distilbert/distilgpt2	distilbert/distilgpt2	False	0.45984959602355957	1.120766043663025
John	3018	John	0	distilbert/distilgpt2	distilbert/distilgpt2	False	1.0	0.0
Ġleft	3018	 left	1	distilbert/distilgpt2	distilbert/distilgpt2	False	1.9662811610032804e-05	15.634170532226562
ĠSarah	3018	 Sarah	2	distilbert/distilgpt2	distilbert/distilgpt2	False	2.9345430448302068e-05	15.056504249572754
Ġbecause	3018	 because	3	distilbert/distilgpt2	distilbert/distilgpt2	False	0.0007023194921202958	10.475584983825684
Ġshe	3018	 she	4	distilbert/distilgpt2	distilbert/distilgpt2	False	0.43727928400039673	1.1933730840682983
Mary	3019	Mary	0	distilbert/distilgpt2	distilbert/distilgpt2	False	1.0	0.0
Ġleft	3019	 left	1	distilbert/distilgpt2	distilbert/distilgpt2	False	2.0785444576176815e-05	15.55406665802002
ĠSarah	3019	 Sarah	2	distilbert/distilgpt2	distilbert/distilgpt2	False	3.1799256248632446e-05	14.94064712524414
Ġbecause	3019	 because	3	distilbert/distilgpt2	distilbert/distilgpt2	False	0.0011772820726037025	9.730324745178223
Ġshe	3019	 she	4	distilbert/distilgpt2	distilbert/distilgpt2	False	0.45984959602355957	1.120766043663025
David	3020	David	0	distilbert/distilgpt2	distilbert/distilgpt2	False	1.0	0.0
Ġleft	3020	 left	1	distilbert/distilgpt2	distilbert/distilgpt2	False	1.8718330466072075e-05	15.705188751220703
ĠSarah	3020	 Sarah	2	distilbert/distilgpt2	distilbert/distilgpt2	False	2.7515028705238365e-05	15.149420738220215
Ġbecause	3020	 because	3	distilbert/distilgpt2	distilbert/distilgpt2	False	0.0002974660019390285	11.714987754821777
Ġshe	3020	 she	4	distilbert/distilgpt2	distilbert/distilgpt2	False	0.4320525527000427	1.2107213735580444
Sarah	3021	Sarah	0	distilbert/distilgpt2	distilbert/distilgpt2	False	1.0	0.0
Ġleft	3021	 left	1	distilbert/distilgpt2	distilbert/distilgpt2	False	1.9814553525066003e-05	15.623080253601074
ĠMary	3021	 Mary	2	distilbert/distilgpt2	distilbert/distilgpt2	False	3.689264121931046e-05	14.72630786895752
Ġbecause	3021	 because	3	distilbert/distilgpt2	distilbert/distilgpt2	False	0.0004371587128844112	11.159555435180664
Ġshe	3021	 she	4	distilbert/distilgpt2	distilbert/distilgpt2	False	0.3987714350223541	1.3263660669326782
John	3022	John	0	distilbert/distilgpt2	distilbert/distilgpt2	False	1.0	0.0
Ġleft	3022	 left	1	distilbert/distilgpt2	distilbert/distilgpt2	False	1.9662811610032804e-05	15.634170532226562
ĠMary	3022	 Mary	2	distilbert/distilgpt2	distilbert/distilgpt2	False	2.2203375920071267e-05	15.458861351013184
Ġbecause	3022	 because	3	distilbert/distilgpt2	distilbert/distilgpt2	False	0.0005702149355784059	10.776206970214844
Ġshe	3022	 she	4	distilbert/distilgpt2	distilbert/distilgpt2	False	0.39270955324172974	1.3484654426574707
Sarah	3023	Sarah	0	distilbert/distilgpt2	distilbert/distilgpt2	False	1.0	0.0
Ġleft	3023	 left	1	distilbert/distilgpt2	distilbert/distilgpt2	False	1.9814553525066003e-05	15.623080253601074
ĠMary	3023	 Mary	2	distilbert/distilgpt2	distilbert/distilgpt2	False	3.689264121931046e-05	14.72630786895752
Ġbecause	3023	 because	3	distilbert/distilgpt2	distilbert/distilgpt2	False	0.0004371587128844112	11.159555435180664
Ġshe	3023	 she	4	distilbert/distilgpt2	distilbert/distilgpt2	False	0.3987714350223541	1.3263660669326782
David	3024	David	0	distilbert/distilgpt2	distilbert/distilgpt2	False	1.0	0.0
Ġleft	3024	 left	1	distilbert/distilgpt2	distilbert/distilgpt2	False	1.8718330466072075e-05	15.705188751220703
ĠMary	3024	 Mary	2	distilbert/distilgpt2	distilbert/distilgpt2	False	2.7560619855648838e-05	15.147031784057617
Ġbecause	3024	 because	3	distilbert/distilgpt2	distilbert/distilgpt2	False	0.0001730402436805889	12.496604919433594
Ġshe	3024	 she	4	distilbert/distilgpt2	distilbert/distilgpt2	False	0.39031216502189636	1.3572996854782104
John	3025	John	0	distilbert/distilgpt2	distilbert/distilgpt2	False	1.0	0.0
Ġlied	3025	 lied	1	distilbert/distilgpt2	distilbert/distilgpt2	False	1.2673865512624616e-07	22.911640167236328
Ġto	3025	 to	2	distilbert/distilgpt2	distilbert/distilgpt2	False	0.22263209521770477	2.167266607284546
ĠDavid	3025	 David	3	distilbert/distilgpt2	distilbert/distilgpt2	False	0.0009863956365734339	9.985546112060547
Ġbecause	3025	 because	4	distilbert/distilgpt2	distilbert/distilgpt2	False	0.0018482640152797103	9.07961368560791
Ġhe	3025	 he	5	distilbert/distilgpt2	distilbert/distilgpt2	False	0.4792875051498413	1.0610368251800537
Mary	3026	Mary	0	distilbert/distilgpt2	distilbert/distilgpt2	False	1.0	0.0
Ġlied	3026	 lied	1	distilbert/distilgpt2	distilbert/distilgpt2	False	1.4579198648334568e-07	22.709585189819336
Ġto	3026	 to	2	distilbert/distilgpt2	distilbert/distilgpt2	False	0.26413068175315857	1.9206762313842773
ĠDavid	3026	 David	3	distilbert/distilgpt2	distilbert/distilgpt2	False	0.0008568527991883457	10.188665390014648
Ġbecause	3026	 because	4	distilbert/distilgpt2	distilbert/distilgpt2	False	0.0031967160757631063	8.289194107055664
Ġhe	3026	 he	5	distilbert/distilgpt2	distilbert/distilgpt2	False	0.45411062240600586	1.1388843059539795
John	3027	John	0	distilbert/distilgpt2	distilbert/distilgpt2	False	1.0	0.0
Ġlied	3027	 lied	1	distilbert/distilgpt2	distilbert/distilgpt2	False	1.2673865512624616e-07	22.911640167236328
Ġto	3027	 to	2	distilbert/distilgpt2	distilbert/distilgpt2	False	0.22263209521770477	2.167266607284546
ĠDavid	3027	 David	3	distilbert/distilgpt2	distilbert/distilgpt2	False	0.0009863956365734339	9.985546112060547
Ġbecause	3027	 because	4	distilbert/distilgpt2	distilbert/distilgpt2	False	0.0018482640152797103	9.07961368560791
Ġhe	3027	 he	5	distilbert/distilgpt2	distilbert/distilgpt2	False	0.4792875051498413	1.0610368251800537
Sarah	3028	Sarah	0	distilbert/distilgpt2	distilbert/distilgpt2	False	1.0	0.0
Ġlied	3028	 lied	1	distilbert/distilgpt2	distilbert/distilgpt2	False	1.640108990841327e-07	22.539705276489258
Ġto	3028	 to	2	distilbert/distilgpt2	distilbert/distilgpt2	False	0.21920248866081238	2.189664125442505
ĠDavid	3028	 David	3	distilbert/distilgpt2	distilbert/distilgpt2	False	0.0011176405241712928	9.805328369140625
Ġbecause	3028	 because	4	distilbert/distilgpt2	distilbert/distilgpt2	False	0.0013700712006539106	9.511533737182617
Ġhe	3028	 he	5	distilbert/distilgpt2	distilbert/distilgpt2	False	0.48138466477394104	1.05473792552948
David	3029	David	0	distilbert/distilgpt2	distilbert/distilgpt2	False	1.0	0.0
Ġlied	3029	 lied	1	distilbert/distilgpt2	distilbert/distilgpt2	False	1.396993383195877e-07	22.77117156982422
Ġto	3029	 to	2	distilbert/distilgpt2	distilbert/distilgpt2	False	0.25367140769958496	1.9789671897888184
ĠJohn	3029	 John	3	distilbert/distilgpt2	distilbert/distilgpt2	False	0.0010195982176810503	9.937783241271973
Ġbecause	3029	 because	4	distilbert/distilgpt2	distilbert/distilgpt2	False	0.0007822877960279584	10.320013046264648
Ġhe	3029	 he	5	distilbert/distilgpt2	distilbert/distilgpt2	False	0.48412564396858215	1.0465465784072876
Mary	3030	Mary	0	distilbert/distilgpt2	distilbert/distilgpt2	False	1.0	0.0
Ġlied	3030	 lied	1	distilbert/distilgpt2	distilbert/distilgpt2	False	1.4579198648334568e-07	22.709585189819336
Ġto	3030	 to	2	distilbert/distilgpt2	distilbert/distilgpt2	False	0.26413068175315857	1.9206762313842773
ĠJohn	3030	 John	3	distilbert/distilgpt2	distilbert/distilgpt2	False	0.0014366399263963103	9.443085670471191
Ġbecause	3030	 because	4	distilbert/distilgpt2	distilbert/distilgpt2	False	0.0026916353963315487	8.537301063537598
Ġhe	3030	 he	5	distilbert/distilgpt2	distilbert/distilgpt2	False	0.45203492045402527	1.1454938650131226
David	3031	David	0	distilbert/distilgpt2	distilbert/distilgpt2	False	1.0	0.0
Ġlied	3031	 lied	1	distilbert/distilgpt2	distilbert/distilgpt2	False	1.396993383195877e-07	22.77117156982422
Ġto	3031	 to	2	distilbert/distilgpt2	distilbert/distilgpt2	False	0.25367140769958496	1.9789671897888184
ĠJohn	3031	 John	3	distilbert/distilgpt2	distilbert/distilgpt2	False	0.0010195982176810503	9.937783241271973
Ġbecause	3031	 because	4	distilbert/distilgpt2	distilbert/distilgpt2	False	0.0007822877960279584	10.320013046264648
Ġhe	3031	 he	5	distilbert/distilgpt2	distilbert/distilgpt2	False	0.48412564396858215	1.0465465784072876
Sarah	3032	Sarah	0	distilbert/distilgpt2	distilbert/distilgpt2	False	1.0	0.0
Ġlied	3032	 lied	1	distilbert/distilgpt2	distilbert/distilgpt2	False	1.640108990841327e-07	22.539705276489258
Ġto	3032	 to	2	distilbert/distilgpt2	distilbert/distilgpt2	False	0.21920248866081238	2.189664125442505
ĠJohn	3032	 John	3	distilbert/distilgpt2	distilbert/distilgpt2	False	0.0016096110921353102	9.279071807861328
Ġbecause	3032	 because	4	distilbert/distilgpt2	distilbert/distilgpt2	False	0.0017928063170984387	9.123564720153809
Ġhe	3032	 he	5	distilbert/distilgpt2	distilbert/distilgpt2	False	0.4640466570854187	1.1076582670211792
Mary	3033	Mary	0	distilbert/distilgpt2	distilbert/distilgpt2	False	1.0	0.0
Ġlied	3033	 lied	1	distilbert/distilgpt2	distilbert/distilgpt2	False	1.4579198648334568e-07	22.709585189819336
Ġto	3033	 to	2	distilbert/distilgpt2	distilbert/distilgpt2	False	0.26413068175315857	1.9206762313842773
ĠSarah	3033	 Sarah	3	distilbert/distilgpt2	distilbert/distilgpt2	False	0.0002635779674164951	11.889482498168945
Ġbecause	3033	 because	4	distilbert/distilgpt2	distilbert/distilgpt2	False	0.006190551444888115	7.335716247558594
Ġshe	3033	 she	5	distilbert/distilgpt2	distilbert/distilgpt2	False	0.49653714895248413	1.010026454925537
John	3034	John	0	distilbert/distilgpt2	distilbert/distilgpt2	False	1.0	0.0
Ġlied	3034	 lied	1	distilbert/distilgpt2	distilbert/distilgpt2	False	1.2673865512624616e-07	22.911640167236328
Ġto	3034	 to	2	distilbert/distilgpt2	distilbert/distilgpt2	False	0.22263209521770477	2.167266607284546
ĠSarah	3034	 Sarah	3	distilbert/distilgpt2	distilbert/distilgpt2	False	0.00036096805706620216	11.43584156036377
Ġbecause	3034	 because	4	distilbert/distilgpt2	distilbert/distilgpt2	False	0.0024064630270004272	8.698869705200195
Ġshe	3034	 she	5	distilbert/distilgpt2	distilbert/distilgpt2	False	0.4877062141895294	1.035915732383728
Mary	3035	Mary	0	distilbert/distilgpt2	distilbert/distilgpt2	False	1.0	0.0
Ġlied	3035	 lied	1	distilbert/distilgpt2	distilbert/distilgpt2	False	1.4579198648334568e-07	22.709585189819336
Ġto	3035	 to	2	distilbert/distilgpt2	distilbert/distilgpt2	False	0.26413068175315857	1.9206762313842773
ĠSarah	3035	 Sarah	3	distilbert/distilgpt2	distilbert/distilgpt2	False	0.0002635779674164951	11.889482498168945
Ġbecause	3035	 because	4	distilbert/distilgpt2	distilbert/distilgpt2	False	0.006190551444888115	7.335716247558594
Ġshe	3035	 she	5	distilbert/distilgpt2	distilbert/distilgpt2	False	0.49653714895248413	1.010026454925537
David	3036	David	0	distilbert/distilgpt2	distilbert/distilgpt2	False	1.0	0.0
Ġlied	3036	 lied	1	distilbert/distilgpt2	distilbert/distilgpt2	False	1.396993383195877e-07	22.77117156982422
Ġto	3036	 to	2	distilbert/distilgpt2	distilbert/distilgpt2	False	0.25367140769958496	1.9789671897888184
ĠSarah	3036	 Sarah	3	distilbert/distilgpt2	distilbert/distilgpt2	False	0.00024521752493456006	11.993650436401367
Ġbecause	3036	 because	4	distilbert/distilgpt2	distilbert/distilgpt2	False	0.0010401686886325479	9.908967018127441
Ġshe	3036	 she	5	distilbert/distilgpt2	distilbert/distilgpt2	False	0.5181136131286621	0.9486596584320068
Sarah	3037	Sarah	0	distilbert/distilgpt2	distilbert/distilgpt2	False	1.0	0.0
Ġlied	3037	 lied	1	distilbert/distilgpt2	distilbert/distilgpt2	False	1.640108990841327e-07	22.539705276489258
Ġto	3037	 to	2	distilbert/distilgpt2	distilbert/distilgpt2	False	0.21920248866081238	2.189664125442505
ĠMary	3037	 Mary	3	distilbert/distilgpt2	distilbert/distilgpt2	False	0.0005210057133808732	10.906413078308105
Ġbecause	3037	 because	4	distilbert/distilgpt2	distilbert/distilgpt2	False	0.005471399053931236	7.513874530792236
Ġshe	3037	 she	5	distilbert/distilgpt2	distilbert/distilgpt2	False	0.46705910563468933	1.0983229875564575
John	3038	John	0	distilbert/distilgpt2	distilbert/distilgpt2	False	1.0	0.0
Ġlied	3038	 lied	1	distilbert/distilgpt2	distilbert/distilgpt2	False	1.2673865512624616e-07	22.911640167236328
Ġto	3038	 to	2	distilbert/distilgpt2	distilbert/distilgpt2	False	0.22263209521770477	2.167266607284546
ĠMary	3038	 Mary	3	distilbert/distilgpt2	distilbert/distilgpt2	False	0.0004794927663169801	11.026203155517578
Ġbecause	3038	 because	4	distilbert/distilgpt2	distilbert/distilgpt2	False	0.007297174539417028	7.098446369171143
Ġshe	3038	 she	5	distilbert/distilgpt2	distilbert/distilgpt2	False	0.4462176263332367	1.1641806364059448
Sarah	3039	Sarah	0	distilbert/distilgpt2	distilbert/distilgpt2	False	1.0	0.0
Ġlied	3039	 lied	1	distilbert/distilgpt2	distilbert/distilgpt2	False	1.640108990841327e-07	22.539705276489258
Ġto	3039	 to	2	distilbert/distilgpt2	distilbert/distilgpt2	False	0.21920248866081238	2.189664125442505
ĠMary	3039	 Mary	3	distilbert/distilgpt2	distilbert/distilgpt2	False	0.0005210057133808732	10.906413078308105
Ġbecause	3039	 because	4	distilbert/distilgpt2	distilbert/distilgpt2	False	0.005471399053931236	7.513874530792236
Ġshe	3039	 she	5	distilbert/distilgpt2	distilbert/distilgpt2	False	0.46705910563468933	1.0983229875564575
David	3040	David	0	distilbert/distilgpt2	distilbert/distilgpt2	False	1.0	0.0
Ġlied	3040	 lied	1	distilbert/distilgpt2	distilbert/distilgpt2	False	1.396993383195877e-07	22.77117156982422
Ġto	3040	 to	2	distilbert/distilgpt2	distilbert/distilgpt2	False	0.25367140769958496	1.9789671897888184
ĠMary	3040	 Mary	3	distilbert/distilgpt2	distilbert/distilgpt2	False	0.0003158013860229403	11.628694534301758
Ġbecause	3040	 because	4	distilbert/distilgpt2	distilbert/distilgpt2	False	0.0018972266698256135	9.041892051696777
Ġshe	3040	 she	5	distilbert/distilgpt2	distilbert/distilgpt2	False	0.4765971004962921	1.0691579580307007
John	3041	John	0	distilbert/distilgpt2	distilbert/distilgpt2	False	1.0	0.0
Ġliked	3041	 liked	1	distilbert/distilgpt2	distilbert/distilgpt2	False	5.043491455580806e-07	20.9190731048584
ĠDavid	3041	 David	2	distilbert/distilgpt2	distilbert/distilgpt2	False	0.00023488450096920133	12.055761337280273
Ġbecause	3041	 because	3	distilbert/distilgpt2	distilbert/distilgpt2	False	0.0013131833402439952	9.572715759277344
Ġhe	3041	 he	4	distilbert/distilgpt2	distilbert/distilgpt2	False	0.5549288988113403	0.8496251702308655
Mary	3042	Mary	0	distilbert/distilgpt2	distilbert/distilgpt2	False	1.0	0.0
Ġliked	3042	 liked	1	distilbert/distilgpt2	distilbert/distilgpt2	False	5.356989731808426e-07	20.832073211669922
ĠDavid	3042	 David	2	distilbert/distilgpt2	distilbert/distilgpt2	False	0.00022055383305996656	12.146581649780273
Ġbecause	3042	 because	3	distilbert/distilgpt2	distilbert/distilgpt2	False	0.0018690219148993492	9.06350040435791
Ġhe	3042	 he	4	distilbert/distilgpt2	distilbert/distilgpt2	False	0.5541149377822876	0.8517428040504456
John	3043	John	0	distilbert/distilgpt2	distilbert/distilgpt2	False	1.0	0.0
Ġliked	3043	 liked	1	distilbert/distilgpt2	distilbert/distilgpt2	False	5.043491455580806e-07	20.9190731048584
ĠDavid	3043	 David	2	distilbert/distilgpt2	distilbert/distilgpt2	False	0.00023488450096920133	12.055761337280273
Ġbecause	3043	 because	3	distilbert/distilgpt2	distilbert/distilgpt2	False	0.0013131833402439952	9.572715759277344
Ġhe	3043	 he	4	distilbert/distilgpt2	distilbert/distilgpt2	False	0.5549288988113403	0.8496251702308655
Sarah	3044	Sarah	0	distilbert/distilgpt2	distilbert/distilgpt2	False	1.0	0.0
Ġliked	3044	 liked	1	distilbert/distilgpt2	distilbert/distilgpt2	False	5.784955874332809e-07	20.72119140625
ĠDavid	3044	 David	2	distilbert/distilgpt2	distilbert/distilgpt2	False	0.00022257427917793393	12.13342571258545
Ġbecause	3044	 because	3	distilbert/distilgpt2	distilbert/distilgpt2	False	0.0014257800066843629	9.454032897949219
Ġhe	3044	 he	4	distilbert/distilgpt2	distilbert/distilgpt2	False	0.5550538301467896	0.8493003845214844
David	3045	David	0	distilbert/distilgpt2	distilbert/distilgpt2	False	1.0	0.0
Ġliked	3045	 liked	1	distilbert/distilgpt2	distilbert/distilgpt2	False	5.465596473186451e-07	20.803117752075195
ĠJohn	3045	 John	2	distilbert/distilgpt2	distilbert/distilgpt2	False	0.000996128423139453	9.971381187438965
Ġbecause	3045	 because	3	distilbert/distilgpt2	distilbert/distilgpt2	False	0.0011717062443494797	9.737173080444336
Ġhe	3045	 he	4	distilbert/distilgpt2	distilbert/distilgpt2	False	0.5637593269348145	0.8268487453460693
Mary	3046	Mary	0	distilbert/distilgpt2	distilbert/distilgpt2	False	1.0	0.0
Ġliked	3046	 liked	1	distilbert/distilgpt2	distilbert/distilgpt2	False	5.356989731808426e-07	20.832073211669922
ĠJohn	3046	 John	2	distilbert/distilgpt2	distilbert/distilgpt2	False	0.000795397034380585	10.296036720275879
Ġbecause	3046	 because	3	distilbert/distilgpt2	distilbert/distilgpt2	False	0.00209830398671329	8.896560668945312
Ġhe	3046	 he	4	distilbert/distilgpt2	distilbert/distilgpt2	False	0.5638301372528076	0.8266675472259521
David	3047	David	0	distilbert/distilgpt2	distilbert/distilgpt2	False	1.0	0.0
Ġliked	3047	 liked	1	distilbert/distilgpt2	distilbert/distilgpt2	False	5.465596473186451e-07	20.803117752075195
ĠJohn	3047	 John	2	distilbert/distilgpt2	distilbert/distilgpt2	False	0.000996128423139453	9.971381187438965
Ġbecause	3047	 because	3	distilbert/distilgpt2	distilbert/distilgpt2	False	0.0011717062443494797	9.737173080444336
Ġhe	3047	 he	4	distilbert/distilgpt2	distilbert/distilgpt2	False	0.5637593269348145	0.8268487453460693
Sarah	3048	Sarah	0	distilbert/distilgpt2	distilbert/distilgpt2	False	1.0	0.0
Ġliked	3048	 liked	1	distilbert/distilgpt2	distilbert/distilgpt2	False	5.784955874332809e-07	20.72119140625
ĠJohn	3048	 John	2	distilbert/distilgpt2	distilbert/distilgpt2	False	0.0008218722068704665	10.248798370361328
Ġbecause	3048	 because	3	distilbert/distilgpt2	distilbert/distilgpt2	False	0.0019174562767148018	9.026590347290039
Ġhe	3048	 he	4	distilbert/distilgpt2	distilbert/distilgpt2	False	0.5452148914337158	0.8751031160354614
Mary	3049	Mary	0	distilbert/distilgpt2	distilbert/distilgpt2	False	1.0	0.0
Ġliked	3049	 liked	1	distilbert/distilgpt2	distilbert/distilgpt2	False	5.356989731808426e-07	20.832073211669922
ĠSarah	3049	 Sarah	2	distilbert/distilgpt2	distilbert/distilgpt2	False	0.00010863864736165851	13.168174743652344
Ġbecause	3049	 because	3	distilbert/distilgpt2	distilbert/distilgpt2	False	0.004162043798714876	7.908492088317871
Ġshe	3049	 she	4	distilbert/distilgpt2	distilbert/distilgpt2	False	0.5573194026947021	0.8434237837791443
John	3050	John	0	distilbert/distilgpt2	distilbert/distilgpt2	False	1.0	0.0
Ġliked	3050	 liked	1	distilbert/distilgpt2	distilbert/distilgpt2	False	5.043491455580806e-07	20.9190731048584
ĠSarah	3050	 Sarah	2	distilbert/distilgpt2	distilbert/distilgpt2	False	8.470167085761204e-05	13.527250289916992
Ġbecause	3050	 because	3	distilbert/distilgpt2	distilbert/distilgpt2	False	0.002881714142858982	8.438857078552246
Ġshe	3050	 she	4	distilbert/distilgpt2	distilbert/distilgpt2	False	0.5167743563652039	0.952393651008606
Mary	3051	Mary	0	distilbert/distilgpt2	distilbert/distilgpt2	False	1.0	0.0
Ġliked	3051	 liked	1	distilbert/distilgpt2	distilbert/distilgpt2	False	5.356989731808426e-07	20.832073211669922
ĠSarah	3051	 Sarah	2	distilbert/distilgpt2	distilbert/distilgpt2	False	0.00010863864736165851	13.168174743652344
Ġbecause	3051	 because	3	distilbert/distilgpt2	distilbert/distilgpt2	False	0.004162043798714876	7.908492088317871
Ġshe	3051	 she	4	distilbert/distilgpt2	distilbert/distilgpt2	False	0.5573194026947021	0.8434237837791443
David	3052	David	0	distilbert/distilgpt2	distilbert/distilgpt2	False	1.0	0.0
Ġliked	3052	 liked	1	distilbert/distilgpt2	distilbert/distilgpt2	False	5.465596473186451e-07	20.803117752075195
ĠSarah	3052	 Sarah	2	distilbert/distilgpt2	distilbert/distilgpt2	False	0.0001023089571390301	13.254779815673828
Ġbecause	3052	 because	3	distilbert/distilgpt2	distilbert/distilgpt2	False	0.001460687373764813	9.419137001037598
Ġshe	3052	 she	4	distilbert/distilgpt2	distilbert/distilgpt2	False	0.5403348207473755	0.8880744576454163
Sarah	3053	Sarah	0	distilbert/distilgpt2	distilbert/distilgpt2	False	1.0	0.0
Ġliked	3053	 liked	1	distilbert/distilgpt2	distilbert/distilgpt2	False	5.784955874332809e-07	20.72119140625
ĠMary	3053	 Mary	2	distilbert/distilgpt2	distilbert/distilgpt2	False	0.00013086263788864017	12.899659156799316
Ġbecause	3053	 because	3	distilbert/distilgpt2	distilbert/distilgpt2	False	0.001240988727658987	9.65429401397705
Ġshe	3053	 she	4	distilbert/distilgpt2	distilbert/distilgpt2	False	0.48475754261016846	1.044664740562439
John	3054	John	0	distilbert/distilgpt2	distilbert/distilgpt2	False	1.0	0.0
Ġliked	3054	 liked	1	distilbert/distilgpt2	distilbert/distilgpt2	False	5.043491455580806e-07	20.9190731048584
ĠMary	3054	 Mary	2	distilbert/distilgpt2	distilbert/distilgpt2	False	0.00010042163921752945	13.281641960144043
Ġbecause	3054	 because	3	distilbert/distilgpt2	distilbert/distilgpt2	False	0.0018693427555263042	9.063253402709961
Ġshe	3054	 she	4	distilbert/distilgpt2	distilbert/distilgpt2	False	0.4749922752380371	1.0740240812301636
Sarah	3055	Sarah	0	distilbert/distilgpt2	distilbert/distilgpt2	False	1.0	0.0
Ġliked	3055	 liked	1	distilbert/distilgpt2	distilbert/distilgpt2	False	5.784955874332809e-07	20.72119140625
ĠMary	3055	 Mary	2	distilbert/distilgpt2	distilbert/distilgpt2	False	0.00013086263788864017	12.899659156799316
Ġbecause	3055	 because	3	distilbert/distilgpt2	distilbert/distilgpt2	False	0.001240988727658987	9.65429401397705
Ġshe	3055	 she	4	distilbert/distilgpt2	distilbert/distilgpt2	False	0.48475754261016846	1.044664740562439
David	3056	David	0	distilbert/distilgpt2	distilbert/distilgpt2	False	1.0	0.0
Ġliked	3056	 liked	1	distilbert/distilgpt2	distilbert/distilgpt2	False	5.465596473186451e-07	20.803117752075195
ĠMary	3056	 Mary	2	distilbert/distilgpt2	distilbert/distilgpt2	False	0.0001257394760614261	12.957274436950684
Ġbecause	3056	 because	3	distilbert/distilgpt2	distilbert/distilgpt2	False	0.0007758425199426711	10.331948280334473
Ġshe	3056	 she	4	distilbert/distilgpt2	distilbert/distilgpt2	False	0.49491074681282043	1.0147597789764404
John	3057	John	0	distilbert/distilgpt2	distilbert/distilgpt2	False	1.0	0.0
Ġlo	3057	 loathed	1	distilbert/distilgpt2	distilbert/distilgpt2	False	7.405558903883502e-07	20.364887237548828
athed	3057	 loathed	1	distilbert/distilgpt2	distilbert/distilgpt2	False	0.00427607586607337	7.869496822357178
ĠDavid	3057	 David	2	distilbert/distilgpt2	distilbert/distilgpt2	False	0.0005106885801069438	10.93526840209961
Ġbecause	3057	 because	3	distilbert/distilgpt2	distilbert/distilgpt2	False	0.0004221691924612969	11.209891319274902
Ġhe	3057	 he	4	distilbert/distilgpt2	distilbert/distilgpt2	False	0.4523952603340149	1.1443443298339844
Mary	3058	Mary	0	distilbert/distilgpt2	distilbert/distilgpt2	False	1.0	0.0
Ġlo	3058	 loathed	1	distilbert/distilgpt2	distilbert/distilgpt2	False	8.152029522534576e-07	20.226337432861328
athed	3058	 loathed	1	distilbert/distilgpt2	distilbert/distilgpt2	False	0.0022450368851423264	8.79904556274414
ĠDavid	3058	 David	2	distilbert/distilgpt2	distilbert/distilgpt2	False	0.00029319655732251704	11.735844612121582
Ġbecause	3058	 because	3	distilbert/distilgpt2	distilbert/distilgpt2	False	0.000986422528512776	9.985507011413574
Ġhe	3058	 he	4	distilbert/distilgpt2	distilbert/distilgpt2	False	0.4545775353908539	1.1374017000198364
John	3059	John	0	distilbert/distilgpt2	distilbert/distilgpt2	False	1.0	0.0
Ġlo	3059	 loathed	1	distilbert/distilgpt2	distilbert/distilgpt2	False	7.405558903883502e-07	20.364887237548828
athed	3059	 loathed	1	distilbert/distilgpt2	distilbert/distilgpt2	False	0.00427607586607337	7.869496822357178
ĠDavid	3059	 David	2	distilbert/distilgpt2	distilbert/distilgpt2	False	0.0005106885801069438	10.93526840209961
Ġbecause	3059	 because	3	distilbert/distilgpt2	distilbert/distilgpt2	False	0.0004221691924612969	11.209891319274902
Ġhe	3059	 he	4	distilbert/distilgpt2	distilbert/distilgpt2	False	0.4523952603340149	1.1443443298339844
Sarah	3060	Sarah	0	distilbert/distilgpt2	distilbert/distilgpt2	False	1.0	0.0
Ġlo	3060	 loathed	1	distilbert/distilgpt2	distilbert/distilgpt2	False	7.171644256231957e-07	20.411191940307617
athed	3060	 loathed	1	distilbert/distilgpt2	distilbert/distilgpt2	False	0.00675214733928442	7.210437774658203
ĠDavid	3060	 David	2	distilbert/distilgpt2	distilbert/distilgpt2	False	0.0004553307080641389	11.100797653198242
Ġbecause	3060	 because	3	distilbert/distilgpt2	distilbert/distilgpt2	False	0.0004302751331124455	11.182453155517578
Ġhe	3060	 he	4	distilbert/distilgpt2	distilbert/distilgpt2	False	0.46138057112693787	1.1159708499908447
David	3061	David	0	distilbert/distilgpt2	distilbert/distilgpt2	False	1.0	0.0
Ġlo	3061	 loathed	1	distilbert/distilgpt2	distilbert/distilgpt2	False	8.611063435637334e-07	20.14730453491211
athed	3061	 loathed	1	distilbert/distilgpt2	distilbert/distilgpt2	False	0.017953865230083466	5.799561977386475
ĠJohn	3061	 John	2	distilbert/distilgpt2	distilbert/distilgpt2	False	0.0014142454601824284	9.465751647949219
Ġbecause	3061	 because	3	distilbert/distilgpt2	distilbert/distilgpt2	False	0.0001973386824829504	12.307038307189941
Ġhe	3061	 he	4	distilbert/distilgpt2	distilbert/distilgpt2	False	0.4646260738372803	1.1058579683303833
Mary	3062	Mary	0	distilbert/distilgpt2	distilbert/distilgpt2	False	1.0	0.0
Ġlo	3062	 loathed	1	distilbert/distilgpt2	distilbert/distilgpt2	False	8.152029522534576e-07	20.226337432861328
athed	3062	 loathed	1	distilbert/distilgpt2	distilbert/distilgpt2	False	0.0022450368851423264	8.79904556274414
ĠJohn	3062	 John	2	distilbert/distilgpt2	distilbert/distilgpt2	False	0.000629515154287219	10.633471488952637
Ġbecause	3062	 because	3	distilbert/distilgpt2	distilbert/distilgpt2	False	0.0009253670577891171	10.077686309814453
Ġhe	3062	 he	4	distilbert/distilgpt2	distilbert/distilgpt2	False	0.497445672750473	1.0073891878128052
David	3063	David	0	distilbert/distilgpt2	distilbert/distilgpt2	False	1.0	0.0
Ġlo	3063	 loathed	1	distilbert/distilgpt2	distilbert/distilgpt2	False	8.611063435637334e-07	20.14730453491211
athed	3063	 loathed	1	distilbert/distilgpt2	distilbert/distilgpt2	False	0.017953865230083466	5.799561977386475
ĠJohn	3063	 John	2	distilbert/distilgpt2	distilbert/distilgpt2	False	0.0014142454601824284	9.465751647949219
Ġbecause	3063	 because	3	distilbert/distilgpt2	distilbert/distilgpt2	False	0.0001973386824829504	12.307038307189941
Ġhe	3063	 he	4	distilbert/distilgpt2	distilbert/distilgpt2	False	0.4646260738372803	1.1058579683303833
Sarah	3064	Sarah	0	distilbert/distilgpt2	distilbert/distilgpt2	False	1.0	0.0
Ġlo	3064	 loathed	1	distilbert/distilgpt2	distilbert/distilgpt2	False	7.171644256231957e-07	20.411191940307617
athed	3064	 loathed	1	distilbert/distilgpt2	distilbert/distilgpt2	False	0.00675214733928442	7.210437774658203
ĠJohn	3064	 John	2	distilbert/distilgpt2	distilbert/distilgpt2	False	0.0008777465554885566	10.153907775878906
Ġbecause	3064	 because	3	distilbert/distilgpt2	distilbert/distilgpt2	False	0.000557605701033026	10.808466911315918
Ġhe	3064	 he	4	distilbert/distilgpt2	distilbert/distilgpt2	False	0.4755662679672241	1.0722817182540894
Mary	3065	Mary	0	distilbert/distilgpt2	distilbert/distilgpt2	False	1.0	0.0
Ġlo	3065	 loathed	1	distilbert/distilgpt2	distilbert/distilgpt2	False	8.152029522534576e-07	20.226337432861328
athed	3065	 loathed	1	distilbert/distilgpt2	distilbert/distilgpt2	False	0.0022450368851423264	8.79904556274414
ĠSarah	3065	 Sarah	2	distilbert/distilgpt2	distilbert/distilgpt2	False	8.43503003125079e-05	13.533246994018555
Ġbecause	3065	 because	3	distilbert/distilgpt2	distilbert/distilgpt2	False	0.0030075623653829098	8.377189636230469
Ġshe	3065	 she	4	distilbert/distilgpt2	distilbert/distilgpt2	False	0.4967562258243561	1.009390115737915
John	3066	John	0	distilbert/distilgpt2	distilbert/distilgpt2	False	1.0	0.0
Ġlo	3066	 loathed	1	distilbert/distilgpt2	distilbert/distilgpt2	False	7.405558903883502e-07	20.364887237548828
athed	3066	 loathed	1	distilbert/distilgpt2	distilbert/distilgpt2	False	0.00427607586607337	7.869496822357178
ĠSarah	3066	 Sarah	2	distilbert/distilgpt2	distilbert/distilgpt2	False	0.00011777137842727825	13.05172348022461
Ġbecause	3066	 because	3	distilbert/distilgpt2	distilbert/distilgpt2	False	0.0009755618521012366	10.001479148864746
Ġshe	3066	 she	4	distilbert/distilgpt2	distilbert/distilgpt2	False	0.4524730443954468	1.1440962553024292
Mary	3067	Mary	0	distilbert/distilgpt2	distilbert/distilgpt2	False	1.0	0.0
Ġlo	3067	 loathed	1	distilbert/distilgpt2	distilbert/distilgpt2	False	8.152029522534576e-07	20.226337432861328
athed	3067	 loathed	1	distilbert/distilgpt2	distilbert/distilgpt2	False	0.0022450368851423264	8.79904556274414
ĠSarah	3067	 Sarah	2	distilbert/distilgpt2	distilbert/distilgpt2	False	8.43503003125079e-05	13.533246994018555
Ġbecause	3067	 because	3	distilbert/distilgpt2	distilbert/distilgpt2	False	0.0030075623653829098	8.377189636230469
Ġshe	3067	 she	4	distilbert/distilgpt2	distilbert/distilgpt2	False	0.4967562258243561	1.009390115737915
David	3068	David	0	distilbert/distilgpt2	distilbert/distilgpt2	False	1.0	0.0
Ġlo	3068	 loathed	1	distilbert/distilgpt2	distilbert/distilgpt2	False	8.611063435637334e-07	20.14730453491211
athed	3068	 loathed	1	distilbert/distilgpt2	distilbert/distilgpt2	False	0.017953865230083466	5.799561977386475
ĠSarah	3068	 Sarah	2	distilbert/distilgpt2	distilbert/distilgpt2	False	0.00015127149526961148	12.690571784973145
Ġbecause	3068	 because	3	distilbert/distilgpt2	distilbert/distilgpt2	False	0.0003196638426743448	11.611156463623047
Ġshe	3068	 she	4	distilbert/distilgpt2	distilbert/distilgpt2	False	0.4332655966281891	1.2066764831542969
Sarah	3069	Sarah	0	distilbert/distilgpt2	distilbert/distilgpt2	False	1.0	0.0
Ġlo	3069	 loathed	1	distilbert/distilgpt2	distilbert/distilgpt2	False	7.171644256231957e-07	20.411191940307617
athed	3069	 loathed	1	distilbert/distilgpt2	distilbert/distilgpt2	False	0.00675214733928442	7.210437774658203
ĠMary	3069	 Mary	2	distilbert/distilgpt2	distilbert/distilgpt2	False	0.00023931532632559538	12.028799057006836
Ġbecause	3069	 because	3	distilbert/distilgpt2	distilbert/distilgpt2	False	0.0018432033248245716	9.083569526672363
Ġshe	3069	 she	4	distilbert/distilgpt2	distilbert/distilgpt2	False	0.43414661288261414	1.2037458419799805
John	3070	John	0	distilbert/distilgpt2	distilbert/distilgpt2	False	1.0	0.0
Ġlo	3070	 loathed	1	distilbert/distilgpt2	distilbert/distilgpt2	False	7.405558903883502e-07	20.364887237548828
athed	3070	 loathed	1	distilbert/distilgpt2	distilbert/distilgpt2	False	0.00427607586607337	7.869496822357178
ĠMary	3070	 Mary	2	distilbert/distilgpt2	distilbert/distilgpt2	False	0.0002482893760316074	11.975689888000488
Ġbecause	3070	 because	3	distilbert/distilgpt2	distilbert/distilgpt2	False	0.0037042545154690742	8.076601028442383
Ġshe	3070	 she	4	distilbert/distilgpt2	distilbert/distilgpt2	False	0.43938910961151123	1.1864290237426758
Sarah	3071	Sarah	0	distilbert/distilgpt2	distilbert/distilgpt2	False	1.0	0.0
Ġlo	3071	 loathed	1	distilbert/distilgpt2	distilbert/distilgpt2	False	7.171644256231957e-07	20.411191940307617
athed	3071	 loathed	1	distilbert/distilgpt2	distilbert/distilgpt2	False	0.00675214733928442	7.210437774658203
ĠMary	3071	 Mary	2	distilbert/distilgpt2	distilbert/distilgpt2	False	0.00023931532632559538	12.028799057006836
Ġbecause	3071	 because	3	distilbert/distilgpt2	distilbert/distilgpt2	False	0.0018432033248245716	9.083569526672363
Ġshe	3071	 she	4	distilbert/distilgpt2	distilbert/distilgpt2	False	0.43414661288261414	1.2037458419799805
David	3072	David	0	distilbert/distilgpt2	distilbert/distilgpt2	False	1.0	0.0
Ġlo	3072	 loathed	1	distilbert/distilgpt2	distilbert/distilgpt2	False	8.611063435637334e-07	20.14730453491211
athed	3072	 loathed	1	distilbert/distilgpt2	distilbert/distilgpt2	False	0.017953865230083466	5.799561977386475
ĠMary	3072	 Mary	2	distilbert/distilgpt2	distilbert/distilgpt2	False	0.0002619186707306653	11.89859390258789
Ġbecause	3072	 because	3	distilbert/distilgpt2	distilbert/distilgpt2	False	0.0010921034263446927	9.838674545288086
Ġshe	3072	 she	4	distilbert/distilgpt2	distilbert/distilgpt2	False	0.4152476489543915	1.2679561376571655
John	3073	John	0	distilbert/distilgpt2	distilbert/distilgpt2	False	1.0	0.0
Ġloved	3073	 loved	1	distilbert/distilgpt2	distilbert/distilgpt2	False	7.17426473784144e-07	20.41066551208496
ĠDavid	3073	 David	2	distilbert/distilgpt2	distilbert/distilgpt2	False	0.00025903587811626494	11.914560317993164
Ġbecause	3073	 because	3	distilbert/distilgpt2	distilbert/distilgpt2	False	0.002202674513682723	8.82652759552002
Ġhe	3073	 he	4	distilbert/distilgpt2	distilbert/distilgpt2	False	0.5279176235198975	0.9216153621673584
Mary	3074	Mary	0	distilbert/distilgpt2	distilbert/distilgpt2	False	1.0	0.0
Ġloved	3074	 loved	1	distilbert/distilgpt2	distilbert/distilgpt2	False	7.979882070685562e-07	20.257129669189453
ĠDavid	3074	 David	2	distilbert/distilgpt2	distilbert/distilgpt2	False	0.00023602497822139412	12.048772811889648
Ġbecause	3074	 because	3	distilbert/distilgpt2	distilbert/distilgpt2	False	0.0031445457134395838	8.312932968139648
Ġhe	3074	 he	4	distilbert/distilgpt2	distilbert/distilgpt2	False	0.5119524002075195	0.9659184813499451
John	3075	John	0	distilbert/distilgpt2	distilbert/distilgpt2	False	1.0	0.0
Ġloved	3075	 loved	1	distilbert/distilgpt2	distilbert/distilgpt2	False	7.17426473784144e-07	20.41066551208496
ĠDavid	3075	 David	2	distilbert/distilgpt2	distilbert/distilgpt2	False	0.00025903587811626494	11.914560317993164
Ġbecause	3075	 because	3	distilbert/distilgpt2	distilbert/distilgpt2	False	0.002202674513682723	8.82652759552002
Ġhe	3075	 he	4	distilbert/distilgpt2	distilbert/distilgpt2	False	0.5279176235198975	0.9216153621673584
Sarah	3076	Sarah	0	distilbert/distilgpt2	distilbert/distilgpt2	False	1.0	0.0
Ġloved	3076	 loved	1	distilbert/distilgpt2	distilbert/distilgpt2	False	7.380072020168882e-07	20.369861602783203
ĠDavid	3076	 David	2	distilbert/distilgpt2	distilbert/distilgpt2	False	0.0002622251049615443	11.896906852722168
Ġbecause	3076	 because	3	distilbert/distilgpt2	distilbert/distilgpt2	False	0.002473671454936266	8.659130096435547
Ġhe	3076	 he	4	distilbert/distilgpt2	distilbert/distilgpt2	False	0.5311751365661621	0.9127404689788818
David	3077	David	0	distilbert/distilgpt2	distilbert/distilgpt2	False	1.0	0.0
Ġloved	3077	 loved	1	distilbert/distilgpt2	distilbert/distilgpt2	False	6.749934868821583e-07	20.49862289428711
ĠJohn	3077	 John	2	distilbert/distilgpt2	distilbert/distilgpt2	False	0.0008622047025710344	10.179681777954102
Ġbecause	3077	 because	3	distilbert/distilgpt2	distilbert/distilgpt2	False	0.0014944449067115784	9.386174201965332
Ġhe	3077	 he	4	distilbert/distilgpt2	distilbert/distilgpt2	False	0.5452924966812134	0.874897837638855
Mary	3078	Mary	0	distilbert/distilgpt2	distilbert/distilgpt2	False	1.0	0.0
Ġloved	3078	 loved	1	distilbert/distilgpt2	distilbert/distilgpt2	False	7.979882070685562e-07	20.257129669189453
ĠJohn	3078	 John	2	distilbert/distilgpt2	distilbert/distilgpt2	False	0.0007200143299996853	10.43968677520752
Ġbecause	3078	 because	3	distilbert/distilgpt2	distilbert/distilgpt2	False	0.003967704251408577	7.977479934692383
Ġhe	3078	 he	4	distilbert/distilgpt2	distilbert/distilgpt2	False	0.5439667701721191	0.8784096240997314
David	3079	David	0	distilbert/distilgpt2	distilbert/distilgpt2	False	1.0	0.0
Ġloved	3079	 loved	1	distilbert/distilgpt2	distilbert/distilgpt2	False	6.749934868821583e-07	20.49862289428711
ĠJohn	3079	 John	2	distilbert/distilgpt2	distilbert/distilgpt2	False	0.0008622047025710344	10.179681777954102
Ġbecause	3079	 because	3	distilbert/distilgpt2	distilbert/distilgpt2	False	0.0014944449067115784	9.386174201965332
Ġhe	3079	 he	4	distilbert/distilgpt2	distilbert/distilgpt2	False	0.5452924966812134	0.874897837638855
Sarah	3080	Sarah	0	distilbert/distilgpt2	distilbert/distilgpt2	False	1.0	0.0
Ġloved	3080	 loved	1	distilbert/distilgpt2	distilbert/distilgpt2	False	7.380072020168882e-07	20.369861602783203
ĠJohn	3080	 John	2	distilbert/distilgpt2	distilbert/distilgpt2	False	0.000710865540895611	10.458135604858398
Ġbecause	3080	 because	3	distilbert/distilgpt2	distilbert/distilgpt2	False	0.0027112432289868593	8.526829719543457
Ġhe	3080	 he	4	distilbert/distilgpt2	distilbert/distilgpt2	False	0.5353330373764038	0.9014914631843567
Mary	3081	Mary	0	distilbert/distilgpt2	distilbert/distilgpt2	False	1.0	0.0
Ġloved	3081	 loved	1	distilbert/distilgpt2	distilbert/distilgpt2	False	7.979882070685562e-07	20.257129669189453
ĠSarah	3081	 Sarah	2	distilbert/distilgpt2	distilbert/distilgpt2	False	0.00017650231893640012	12.468025207519531
Ġbecause	3081	 because	3	distilbert/distilgpt2	distilbert/distilgpt2	False	0.006845594849437475	7.190608501434326
Ġshe	3081	 she	4	distilbert/distilgpt2	distilbert/distilgpt2	False	0.5794582366943359	0.7872235178947449
John	3082	John	0	distilbert/distilgpt2	distilbert/distilgpt2	False	1.0	0.0
Ġloved	3082	 loved	1	distilbert/distilgpt2	distilbert/distilgpt2	False	7.17426473784144e-07	20.41066551208496
ĠSarah	3082	 Sarah	2	distilbert/distilgpt2	distilbert/distilgpt2	False	0.00012565881479531527	12.958200454711914
Ġbecause	3082	 because	3	distilbert/distilgpt2	distilbert/distilgpt2	False	0.005232935771346092	7.5781636238098145
Ġshe	3082	 she	4	distilbert/distilgpt2	distilbert/distilgpt2	False	0.5472192168235779	0.8698093295097351
Mary	3083	Mary	0	distilbert/distilgpt2	distilbert/distilgpt2	False	1.0	0.0
Ġloved	3083	 loved	1	distilbert/distilgpt2	distilbert/distilgpt2	False	7.979882070685562e-07	20.257129669189453
ĠSarah	3083	 Sarah	2	distilbert/distilgpt2	distilbert/distilgpt2	False	0.00017650231893640012	12.468025207519531
Ġbecause	3083	 because	3	distilbert/distilgpt2	distilbert/distilgpt2	False	0.006845594849437475	7.190608501434326
Ġshe	3083	 she	4	distilbert/distilgpt2	distilbert/distilgpt2	False	0.5794582366943359	0.7872235178947449
David	3084	David	0	distilbert/distilgpt2	distilbert/distilgpt2	False	1.0	0.0
Ġloved	3084	 loved	1	distilbert/distilgpt2	distilbert/distilgpt2	False	6.749934868821583e-07	20.49862289428711
ĠSarah	3084	 Sarah	2	distilbert/distilgpt2	distilbert/distilgpt2	False	0.00014543627912644297	12.74732494354248
Ġbecause	3084	 because	3	distilbert/distilgpt2	distilbert/distilgpt2	False	0.003248144406825304	8.266168594360352
Ġshe	3084	 she	4	distilbert/distilgpt2	distilbert/distilgpt2	False	0.559651792049408	0.8373986482620239
Sarah	3085	Sarah	0	distilbert/distilgpt2	distilbert/distilgpt2	False	1.0	0.0
Ġloved	3085	 loved	1	distilbert/distilgpt2	distilbert/distilgpt2	False	7.380072020168882e-07	20.369861602783203
ĠMary	3085	 Mary	2	distilbert/distilgpt2	distilbert/distilgpt2	False	0.00027921274886466563	11.806347846984863
Ġbecause	3085	 because	3	distilbert/distilgpt2	distilbert/distilgpt2	False	0.0033394661732017994	8.226166725158691
Ġshe	3085	 she	4	distilbert/distilgpt2	distilbert/distilgpt2	False	0.5098428726196289	0.9718754291534424
John	3086	John	0	distilbert/distilgpt2	distilbert/distilgpt2	False	1.0	0.0
Ġloved	3086	 loved	1	distilbert/distilgpt2	distilbert/distilgpt2	False	7.17426473784144e-07	20.41066551208496
ĠMary	3086	 Mary	2	distilbert/distilgpt2	distilbert/distilgpt2	False	0.00021008276962675154	12.216754913330078
Ġbecause	3086	 because	3	distilbert/distilgpt2	distilbert/distilgpt2	False	0.005527598317712545	7.499131679534912
Ġshe	3086	 she	4	distilbert/distilgpt2	distilbert/distilgpt2	False	0.5345905423164368	0.9034939408302307
Sarah	3087	Sarah	0	distilbert/distilgpt2	distilbert/distilgpt2	False	1.0	0.0
Ġloved	3087	 loved	1	distilbert/distilgpt2	distilbert/distilgpt2	False	7.380072020168882e-07	20.369861602783203
ĠMary	3087	 Mary	2	distilbert/distilgpt2	distilbert/distilgpt2	False	0.00027921274886466563	11.806347846984863
Ġbecause	3087	 because	3	distilbert/distilgpt2	distilbert/distilgpt2	False	0.0033394661732017994	8.226166725158691
Ġshe	3087	 she	4	distilbert/distilgpt2	distilbert/distilgpt2	False	0.5098428726196289	0.9718754291534424
David	3088	David	0	distilbert/distilgpt2	distilbert/distilgpt2	False	1.0	0.0
Ġloved	3088	 loved	1	distilbert/distilgpt2	distilbert/distilgpt2	False	6.749934868821583e-07	20.49862289428711
ĠMary	3088	 Mary	2	distilbert/distilgpt2	distilbert/distilgpt2	False	0.00023789246915839612	12.037403106689453
Ġbecause	3088	 because	3	distilbert/distilgpt2	distilbert/distilgpt2	False	0.0021784123964607716	8.842507362365723
Ġshe	3088	 she	4	distilbert/distilgpt2	distilbert/distilgpt2	False	0.5288769602775574	0.9189959764480591
John	3089	John	0	distilbert/distilgpt2	distilbert/distilgpt2	False	1.0	0.0
Ġm	3089	 maddened	1	distilbert/distilgpt2	distilbert/distilgpt2	False	2.5033017664100043e-05	15.285808563232422
add	3089	 maddened	1	distilbert/distilgpt2	distilbert/distilgpt2	False	0.0040605035610497	7.944125652313232
ened	3089	 maddened	1	distilbert/distilgpt2	distilbert/distilgpt2	False	0.013066324405372143	6.258002758026123
ĠDavid	3089	 David	2	distilbert/distilgpt2	distilbert/distilgpt2	False	0.0001237107499036938	12.980741500854492
Ġbecause	3089	 because	3	distilbert/distilgpt2	distilbert/distilgpt2	False	0.00021507068595383316	12.182901382446289
Ġhe	3089	 he	4	distilbert/distilgpt2	distilbert/distilgpt2	False	0.4062028229236603	1.2997279167175293
Mary	3090	Mary	0	distilbert/distilgpt2	distilbert/distilgpt2	False	1.0	0.0
Ġm	3090	 maddened	1	distilbert/distilgpt2	distilbert/distilgpt2	False	2.6936972062685527e-05	15.180052757263184
add	3090	 maddened	1	distilbert/distilgpt2	distilbert/distilgpt2	False	0.003928374033421278	7.991852283477783
ened	3090	 maddened	1	distilbert/distilgpt2	distilbert/distilgpt2	False	0.03136834874749184	4.994546890258789
ĠDavid	3090	 David	2	distilbert/distilgpt2	distilbert/distilgpt2	False	9.797411621548235e-05	13.317239761352539
Ġbecause	3090	 because	3	distilbert/distilgpt2	distilbert/distilgpt2	False	0.0002811845624819398	11.796195030212402
Ġhe	3090	 he	4	distilbert/distilgpt2	distilbert/distilgpt2	False	0.3999234437942505	1.3222042322158813
John	3091	John	0	distilbert/distilgpt2	distilbert/distilgpt2	False	1.0	0.0
Ġm	3091	 maddened	1	distilbert/distilgpt2	distilbert/distilgpt2	False	2.5033017664100043e-05	15.285808563232422
add	3091	 maddened	1	distilbert/distilgpt2	distilbert/distilgpt2	False	0.0040605035610497	7.944125652313232
ened	3091	 maddened	1	distilbert/distilgpt2	distilbert/distilgpt2	False	0.013066324405372143	6.258002758026123
ĠDavid	3091	 David	2	distilbert/distilgpt2	distilbert/distilgpt2	False	0.0001237107499036938	12.980741500854492
Ġbecause	3091	 because	3	distilbert/distilgpt2	distilbert/distilgpt2	False	0.00021507068595383316	12.182901382446289
Ġhe	3091	 he	4	distilbert/distilgpt2	distilbert/distilgpt2	False	0.4062028229236603	1.2997279167175293
Sarah	3092	Sarah	0	distilbert/distilgpt2	distilbert/distilgpt2	False	1.0	0.0
Ġm	3092	 maddened	1	distilbert/distilgpt2	distilbert/distilgpt2	False	2.8116643079556525e-05	15.118216514587402
add	3092	 maddened	1	distilbert/distilgpt2	distilbert/distilgpt2	False	0.00397733598947525	7.973981857299805
ened	3092	 maddened	1	distilbert/distilgpt2	distilbert/distilgpt2	False	0.017523953691124916	5.834527969360352
ĠDavid	3092	 David	2	distilbert/distilgpt2	distilbert/distilgpt2	False	0.00010511618893360719	13.215727806091309
Ġbecause	3092	 because	3	distilbert/distilgpt2	distilbert/distilgpt2	False	0.00022123343660496175	12.142143249511719
Ġhe	3092	 he	4	distilbert/distilgpt2	distilbert/distilgpt2	False	0.41306042671203613	1.2755752801895142
David	3093	David	0	distilbert/distilgpt2	distilbert/distilgpt2	False	1.0	0.0
Ġm	3093	 maddened	1	distilbert/distilgpt2	distilbert/distilgpt2	False	2.795744512695819e-05	15.126407623291016
add	3093	 maddened	1	distilbert/distilgpt2	distilbert/distilgpt2	False	0.004608845803886652	7.761378765106201
ened	3093	 maddened	1	distilbert/distilgpt2	distilbert/distilgpt2	False	0.029081419110298157	5.103758335113525
ĠJohn	3093	 John	2	distilbert/distilgpt2	distilbert/distilgpt2	False	0.00020152583601884544	12.276747703552246
Ġbecause	3093	 because	3	distilbert/distilgpt2	distilbert/distilgpt2	False	0.0004366087669041008	11.161371231079102
Ġhe	3093	 he	4	distilbert/distilgpt2	distilbert/distilgpt2	False	0.4144711196422577	1.2706565856933594
Mary	3094	Mary	0	distilbert/distilgpt2	distilbert/distilgpt2	False	1.0	0.0
Ġm	3094	 maddened	1	distilbert/distilgpt2	distilbert/distilgpt2	False	2.6936972062685527e-05	15.180052757263184
add	3094	 maddened	1	distilbert/distilgpt2	distilbert/distilgpt2	False	0.003928374033421278	7.991852283477783
ened	3094	 maddened	1	distilbert/distilgpt2	distilbert/distilgpt2	False	0.03136834874749184	4.994546890258789
ĠJohn	3094	 John	2	distilbert/distilgpt2	distilbert/distilgpt2	False	0.00017252613906748593	12.500897407531738
Ġbecause	3094	 because	3	distilbert/distilgpt2	distilbert/distilgpt2	False	0.0004192685300949961	11.21983814239502
Ġhe	3094	 he	4	distilbert/distilgpt2	distilbert/distilgpt2	False	0.4298155903816223	1.2182103395462036
David	3095	David	0	distilbert/distilgpt2	distilbert/distilgpt2	False	1.0	0.0
Ġm	3095	 maddened	1	distilbert/distilgpt2	distilbert/distilgpt2	False	2.795744512695819e-05	15.126407623291016
add	3095	 maddened	1	distilbert/distilgpt2	distilbert/distilgpt2	False	0.004608845803886652	7.761378765106201
ened	3095	 maddened	1	distilbert/distilgpt2	distilbert/distilgpt2	False	0.029081419110298157	5.103758335113525
ĠJohn	3095	 John	2	distilbert/distilgpt2	distilbert/distilgpt2	False	0.00020152583601884544	12.276747703552246
Ġbecause	3095	 because	3	distilbert/distilgpt2	distilbert/distilgpt2	False	0.0004366087669041008	11.161371231079102
Ġhe	3095	 he	4	distilbert/distilgpt2	distilbert/distilgpt2	False	0.4144711196422577	1.2706565856933594
Sarah	3096	Sarah	0	distilbert/distilgpt2	distilbert/distilgpt2	False	1.0	0.0
Ġm	3096	 maddened	1	distilbert/distilgpt2	distilbert/distilgpt2	False	2.8116643079556525e-05	15.118216514587402
add	3096	 maddened	1	distilbert/distilgpt2	distilbert/distilgpt2	False	0.00397733598947525	7.973981857299805
ened	3096	 maddened	1	distilbert/distilgpt2	distilbert/distilgpt2	False	0.017523953691124916	5.834527969360352
ĠJohn	3096	 John	2	distilbert/distilgpt2	distilbert/distilgpt2	False	0.00014761010243091732	12.725920677185059
Ġbecause	3096	 because	3	distilbert/distilgpt2	distilbert/distilgpt2	False	0.0006356661906465888	10.6194429397583
Ġhe	3096	 he	4	distilbert/distilgpt2	distilbert/distilgpt2	False	0.41135522723197937	1.2815433740615845
Mary	3097	Mary	0	distilbert/distilgpt2	distilbert/distilgpt2	False	1.0	0.0
Ġm	3097	 maddened	1	distilbert/distilgpt2	distilbert/distilgpt2	False	2.6936972062685527e-05	15.180052757263184
add	3097	 maddened	1	distilbert/distilgpt2	distilbert/distilgpt2	False	0.003928374033421278	7.991852283477783
ened	3097	 maddened	1	distilbert/distilgpt2	distilbert/distilgpt2	False	0.03136834874749184	4.994546890258789
ĠSarah	3097	 Sarah	2	distilbert/distilgpt2	distilbert/distilgpt2	False	3.9665686927037314e-05	14.621748924255371
Ġbecause	3097	 because	3	distilbert/distilgpt2	distilbert/distilgpt2	False	0.0006527712685056031	10.581134796142578
Ġshe	3097	 she	4	distilbert/distilgpt2	distilbert/distilgpt2	False	0.48368409276008606	1.0478630065917969
John	3098	John	0	distilbert/distilgpt2	distilbert/distilgpt2	False	1.0	0.0
Ġm	3098	 maddened	1	distilbert/distilgpt2	distilbert/distilgpt2	False	2.5033017664100043e-05	15.285808563232422
add	3098	 maddened	1	distilbert/distilgpt2	distilbert/distilgpt2	False	0.0040605035610497	7.944125652313232
ened	3098	 maddened	1	distilbert/distilgpt2	distilbert/distilgpt2	False	0.013066324405372143	6.258002758026123
ĠSarah	3098	 Sarah	2	distilbert/distilgpt2	distilbert/distilgpt2	False	2.911853516707197e-05	15.067702293395996
Ġbecause	3098	 because	3	distilbert/distilgpt2	distilbert/distilgpt2	False	0.0004930963041260839	10.98584270477295
Ġshe	3098	 she	4	distilbert/distilgpt2	distilbert/distilgpt2	False	0.46410778164863586	1.1074682474136353
Mary	3099	Mary	0	distilbert/distilgpt2	distilbert/distilgpt2	False	1.0	0.0
Ġm	3099	 maddened	1	distilbert/distilgpt2	distilbert/distilgpt2	False	2.6936972062685527e-05	15.180052757263184
add	3099	 maddened	1	distilbert/distilgpt2	distilbert/distilgpt2	False	0.003928374033421278	7.991852283477783
ened	3099	 maddened	1	distilbert/distilgpt2	distilbert/distilgpt2	False	0.03136834874749184	4.994546890258789
ĠSarah	3099	 Sarah	2	distilbert/distilgpt2	distilbert/distilgpt2	False	3.9665686927037314e-05	14.621748924255371
Ġbecause	3099	 because	3	distilbert/distilgpt2	distilbert/distilgpt2	False	0.0006527712685056031	10.581134796142578
Ġshe	3099	 she	4	distilbert/distilgpt2	distilbert/distilgpt2	False	0.48368409276008606	1.0478630065917969
David	3100	David	0	distilbert/distilgpt2	distilbert/distilgpt2	False	1.0	0.0
Ġm	3100	 maddened	1	distilbert/distilgpt2	distilbert/distilgpt2	False	2.795744512695819e-05	15.126407623291016
add	3100	 maddened	1	distilbert/distilgpt2	distilbert/distilgpt2	False	0.004608845803886652	7.761378765106201
ened	3100	 maddened	1	distilbert/distilgpt2	distilbert/distilgpt2	False	0.029081419110298157	5.103758335113525
ĠSarah	3100	 Sarah	2	distilbert/distilgpt2	distilbert/distilgpt2	False	3.4024160413537174e-05	14.843080520629883
Ġbecause	3100	 because	3	distilbert/distilgpt2	distilbert/distilgpt2	False	0.00040741689736023545	11.26120662689209
Ġshe	3100	 she	4	distilbert/distilgpt2	distilbert/distilgpt2	False	0.468496173620224	1.093890905380249
Sarah	3101	Sarah	0	distilbert/distilgpt2	distilbert/distilgpt2	False	1.0	0.0
Ġm	3101	 maddened	1	distilbert/distilgpt2	distilbert/distilgpt2	False	2.8116643079556525e-05	15.118216514587402
add	3101	 maddened	1	distilbert/distilgpt2	distilbert/distilgpt2	False	0.00397733598947525	7.973981857299805
ened	3101	 maddened	1	distilbert/distilgpt2	distilbert/distilgpt2	False	0.017523953691124916	5.834527969360352
ĠMary	3101	 Mary	2	distilbert/distilgpt2	distilbert/distilgpt2	False	9.922934987116605e-05	13.298873901367188
Ġbecause	3101	 because	3	distilbert/distilgpt2	distilbert/distilgpt2	False	0.00026683989563025534	11.87173843383789
Ġshe	3101	 she	4	distilbert/distilgpt2	distilbert/distilgpt2	False	0.4337103068828583	1.2051963806152344
John	3102	John	0	distilbert/distilgpt2	distilbert/distilgpt2	False	1.0	0.0
Ġm	3102	 maddened	1	distilbert/distilgpt2	distilbert/distilgpt2	False	2.5033017664100043e-05	15.285808563232422
add	3102	 maddened	1	distilbert/distilgpt2	distilbert/distilgpt2	False	0.0040605035610497	7.944125652313232
ened	3102	 maddened	1	distilbert/distilgpt2	distilbert/distilgpt2	False	0.013066324405372143	6.258002758026123
ĠMary	3102	 Mary	2	distilbert/distilgpt2	distilbert/distilgpt2	False	8.88102877070196e-05	13.458913803100586
Ġbecause	3102	 because	3	distilbert/distilgpt2	distilbert/distilgpt2	False	0.000401472847443074	11.28240966796875
Ġshe	3102	 she	4	distilbert/distilgpt2	distilbert/distilgpt2	False	0.4404855966567993	1.1828333139419556
Sarah	3103	Sarah	0	distilbert/distilgpt2	distilbert/distilgpt2	False	1.0	0.0
Ġm	3103	 maddened	1	distilbert/distilgpt2	distilbert/distilgpt2	False	2.8116643079556525e-05	15.118216514587402
add	3103	 maddened	1	distilbert/distilgpt2	distilbert/distilgpt2	False	0.00397733598947525	7.973981857299805
ened	3103	 maddened	1	distilbert/distilgpt2	distilbert/distilgpt2	False	0.017523953691124916	5.834527969360352
ĠMary	3103	 Mary	2	distilbert/distilgpt2	distilbert/distilgpt2	False	9.922934987116605e-05	13.298873901367188
Ġbecause	3103	 because	3	distilbert/distilgpt2	distilbert/distilgpt2	False	0.00026683989563025534	11.87173843383789
Ġshe	3103	 she	4	distilbert/distilgpt2	distilbert/distilgpt2	False	0.4337103068828583	1.2051963806152344
David	3104	David	0	distilbert/distilgpt2	distilbert/distilgpt2	False	1.0	0.0
Ġm	3104	 maddened	1	distilbert/distilgpt2	distilbert/distilgpt2	False	2.795744512695819e-05	15.126407623291016
add	3104	 maddened	1	distilbert/distilgpt2	distilbert/distilgpt2	False	0.004608845803886652	7.761378765106201
ened	3104	 maddened	1	distilbert/distilgpt2	distilbert/distilgpt2	False	0.029081419110298157	5.103758335113525
ĠMary	3104	 Mary	2	distilbert/distilgpt2	distilbert/distilgpt2	False	7.687963807256892e-05	13.667038917541504
Ġbecause	3104	 because	3	distilbert/distilgpt2	distilbert/distilgpt2	False	0.0002576957340352237	11.922043800354004
Ġshe	3104	 she	4	distilbert/distilgpt2	distilbert/distilgpt2	False	0.44873347878456116	1.156069278717041
John	3105	John	0	distilbert/distilgpt2	distilbert/distilgpt2	False	1.0	0.0
Ġmarried	3105	 married	1	distilbert/distilgpt2	distilbert/distilgpt2	False	3.5103295203953166e-07	21.441890716552734
ĠDavid	3105	 David	2	distilbert/distilgpt2	distilbert/distilgpt2	False	0.0013079482596367598	9.578478813171387
Ġbecause	3105	 because	3	distilbert/distilgpt2	distilbert/distilgpt2	False	0.0006859867717139423	10.50953197479248
Ġhe	3105	 he	4	distilbert/distilgpt2	distilbert/distilgpt2	False	0.2705526649951935	1.8860186338424683
Mary	3106	Mary	0	distilbert/distilgpt2	distilbert/distilgpt2	False	1.0	0.0
Ġmarried	3106	 married	1	distilbert/distilgpt2	distilbert/distilgpt2	False	4.820658432436176e-07	20.98426628112793
ĠDavid	3106	 David	2	distilbert/distilgpt2	distilbert/distilgpt2	False	0.0006997989257797599	10.480772018432617
Ġbecause	3106	 because	3	distilbert/distilgpt2	distilbert/distilgpt2	False	0.0005390773876570165	10.857219696044922
Ġhe	3106	 he	4	distilbert/distilgpt2	distilbert/distilgpt2	False	0.2921094000339508	1.7754193544387817
John	3107	John	0	distilbert/distilgpt2	distilbert/distilgpt2	False	1.0	0.0
Ġmarried	3107	 married	1	distilbert/distilgpt2	distilbert/distilgpt2	False	3.5103295203953166e-07	21.441890716552734
ĠDavid	3107	 David	2	distilbert/distilgpt2	distilbert/distilgpt2	False	0.0013079482596367598	9.578478813171387
Ġbecause	3107	 because	3	distilbert/distilgpt2	distilbert/distilgpt2	False	0.0006859867717139423	10.50953197479248
Ġhe	3107	 he	4	distilbert/distilgpt2	distilbert/distilgpt2	False	0.2705526649951935	1.8860186338424683
Sarah	3108	Sarah	0	distilbert/distilgpt2	distilbert/distilgpt2	False	1.0	0.0
Ġmarried	3108	 married	1	distilbert/distilgpt2	distilbert/distilgpt2	False	4.669990403272095e-07	21.03007698059082
ĠDavid	3108	 David	2	distilbert/distilgpt2	distilbert/distilgpt2	False	0.0010463815415278077	9.900375366210938
Ġbecause	3108	 because	3	distilbert/distilgpt2	distilbert/distilgpt2	False	0.0010164943523705006	9.942182540893555
Ġhe	3108	 he	4	distilbert/distilgpt2	distilbert/distilgpt2	False	0.28766587376594543	1.7975341081619263
David	3109	David	0	distilbert/distilgpt2	distilbert/distilgpt2	False	1.0	0.0
Ġmarried	3109	 married	1	distilbert/distilgpt2	distilbert/distilgpt2	False	4.028955800094991e-07	21.24308967590332
ĠJohn	3109	 John	2	distilbert/distilgpt2	distilbert/distilgpt2	False	0.0020489755552262068	8.93088150024414
Ġbecause	3109	 because	3	distilbert/distilgpt2	distilbert/distilgpt2	False	0.0007264439482241869	10.426860809326172
Ġhe	3109	 he	4	distilbert/distilgpt2	distilbert/distilgpt2	False	0.29266631603240967	1.7726714611053467
Mary	3110	Mary	0	distilbert/distilgpt2	distilbert/distilgpt2	False	1.0	0.0
Ġmarried	3110	 married	1	distilbert/distilgpt2	distilbert/distilgpt2	False	4.820658432436176e-07	20.98426628112793
ĠJohn	3110	 John	2	distilbert/distilgpt2	distilbert/distilgpt2	False	0.0014718531165271997	9.408150672912598
Ġbecause	3110	 because	3	distilbert/distilgpt2	distilbert/distilgpt2	False	0.0004463411751203239	11.129565238952637
Ġhe	3110	 he	4	distilbert/distilgpt2	distilbert/distilgpt2	False	0.32126227021217346	1.6381765604019165
David	3111	David	0	distilbert/distilgpt2	distilbert/distilgpt2	False	1.0	0.0
Ġmarried	3111	 married	1	distilbert/distilgpt2	distilbert/distilgpt2	False	4.028955800094991e-07	21.24308967590332
ĠJohn	3111	 John	2	distilbert/distilgpt2	distilbert/distilgpt2	False	0.0020489755552262068	8.93088150024414
Ġbecause	3111	 because	3	distilbert/distilgpt2	distilbert/distilgpt2	False	0.0007264439482241869	10.426860809326172
Ġhe	3111	 he	4	distilbert/distilgpt2	distilbert/distilgpt2	False	0.29266631603240967	1.7726714611053467
Sarah	3112	Sarah	0	distilbert/distilgpt2	distilbert/distilgpt2	False	1.0	0.0
Ġmarried	3112	 married	1	distilbert/distilgpt2	distilbert/distilgpt2	False	4.669990403272095e-07	21.03007698059082
ĠJohn	3112	 John	2	distilbert/distilgpt2	distilbert/distilgpt2	False	0.0013620759127661586	9.519977569580078
Ġbecause	3112	 because	3	distilbert/distilgpt2	distilbert/distilgpt2	False	0.0009917202405631542	9.977779388427734
Ġhe	3112	 he	4	distilbert/distilgpt2	distilbert/distilgpt2	False	0.30808234214782715	1.6986122131347656
Mary	3113	Mary	0	distilbert/distilgpt2	distilbert/distilgpt2	False	1.0	0.0
Ġmarried	3113	 married	1	distilbert/distilgpt2	distilbert/distilgpt2	False	4.820658432436176e-07	20.98426628112793
ĠSarah	3113	 Sarah	2	distilbert/distilgpt2	distilbert/distilgpt2	False	0.0005483321729116142	10.832662582397461
Ġbecause	3113	 because	3	distilbert/distilgpt2	distilbert/distilgpt2	False	0.0010011254344135523	9.96416187286377
Ġshe	3113	 she	4	distilbert/distilgpt2	distilbert/distilgpt2	False	0.366612046957016	1.4476739168167114
John	3114	John	0	distilbert/distilgpt2	distilbert/distilgpt2	False	1.0	0.0
Ġmarried	3114	 married	1	distilbert/distilgpt2	distilbert/distilgpt2	False	3.5103295203953166e-07	21.441890716552734
ĠSarah	3114	 Sarah	2	distilbert/distilgpt2	distilbert/distilgpt2	False	0.0008934620418585837	10.12830638885498
Ġbecause	3114	 because	3	distilbert/distilgpt2	distilbert/distilgpt2	False	0.0008508279570378363	10.198844909667969
Ġshe	3114	 she	4	distilbert/distilgpt2	distilbert/distilgpt2	False	0.3352832496166229	1.5765477418899536
Mary	3115	Mary	0	distilbert/distilgpt2	distilbert/distilgpt2	False	1.0	0.0
Ġmarried	3115	 married	1	distilbert/distilgpt2	distilbert/distilgpt2	False	4.820658432436176e-07	20.98426628112793
ĠSarah	3115	 Sarah	2	distilbert/distilgpt2	distilbert/distilgpt2	False	0.0005483321729116142	10.832662582397461
Ġbecause	3115	 because	3	distilbert/distilgpt2	distilbert/distilgpt2	False	0.0010011254344135523	9.96416187286377
Ġshe	3115	 she	4	distilbert/distilgpt2	distilbert/distilgpt2	False	0.366612046957016	1.4476739168167114
David	3116	David	0	distilbert/distilgpt2	distilbert/distilgpt2	False	1.0	0.0
Ġmarried	3116	 married	1	distilbert/distilgpt2	distilbert/distilgpt2	False	4.028955800094991e-07	21.24308967590332
ĠSarah	3116	 Sarah	2	distilbert/distilgpt2	distilbert/distilgpt2	False	0.0008256595465354621	10.242165565490723
Ġbecause	3116	 because	3	distilbert/distilgpt2	distilbert/distilgpt2	False	0.0009680917719379067	10.012568473815918
Ġshe	3116	 she	4	distilbert/distilgpt2	distilbert/distilgpt2	False	0.33102282881736755	1.5949974060058594
Sarah	3117	Sarah	0	distilbert/distilgpt2	distilbert/distilgpt2	False	1.0	0.0
Ġmarried	3117	 married	1	distilbert/distilgpt2	distilbert/distilgpt2	False	4.669990403272095e-07	21.03007698059082
ĠMary	3117	 Mary	2	distilbert/distilgpt2	distilbert/distilgpt2	False	0.001023765536956489	9.931899070739746
Ġbecause	3117	 because	3	distilbert/distilgpt2	distilbert/distilgpt2	False	0.0005715809529647231	10.772754669189453
Ġshe	3117	 she	4	distilbert/distilgpt2	distilbert/distilgpt2	False	0.2926366627216339	1.772817611694336
John	3118	John	0	distilbert/distilgpt2	distilbert/distilgpt2	False	1.0	0.0
Ġmarried	3118	 married	1	distilbert/distilgpt2	distilbert/distilgpt2	False	3.5103295203953166e-07	21.441890716552734
ĠMary	3118	 Mary	2	distilbert/distilgpt2	distilbert/distilgpt2	False	0.002512322971597314	8.636762619018555
Ġbecause	3118	 because	3	distilbert/distilgpt2	distilbert/distilgpt2	False	0.00042684751679189503	11.193991661071777
Ġshe	3118	 she	4	distilbert/distilgpt2	distilbert/distilgpt2	False	0.28322833776474	1.819962501525879
Sarah	3119	Sarah	0	distilbert/distilgpt2	distilbert/distilgpt2	False	1.0	0.0
Ġmarried	3119	 married	1	distilbert/distilgpt2	distilbert/distilgpt2	False	4.669990403272095e-07	21.03007698059082
ĠMary	3119	 Mary	2	distilbert/distilgpt2	distilbert/distilgpt2	False	0.001023765536956489	9.931899070739746
Ġbecause	3119	 because	3	distilbert/distilgpt2	distilbert/distilgpt2	False	0.0005715809529647231	10.772754669189453
Ġshe	3119	 she	4	distilbert/distilgpt2	distilbert/distilgpt2	False	0.2926366627216339	1.772817611694336
David	3120	David	0	distilbert/distilgpt2	distilbert/distilgpt2	False	1.0	0.0
Ġmarried	3120	 married	1	distilbert/distilgpt2	distilbert/distilgpt2	False	4.028955800094991e-07	21.24308967590332
ĠMary	3120	 Mary	2	distilbert/distilgpt2	distilbert/distilgpt2	False	0.00231021991930902	8.7577543258667
Ġbecause	3120	 because	3	distilbert/distilgpt2	distilbert/distilgpt2	False	0.000424155528889969	11.203119277954102
Ġshe	3120	 she	4	distilbert/distilgpt2	distilbert/distilgpt2	False	0.285012811422348	1.8109015226364136
John	3121	John	0	distilbert/distilgpt2	distilbert/distilgpt2	False	1.0	0.0
Ġmesmer	3121	 mesmerised	1	distilbert/distilgpt2	distilbert/distilgpt2	False	3.222383915257865e-09	28.209224700927734
ised	3121	 mesmerised	1	distilbert/distilgpt2	distilbert/distilgpt2	False	0.10574519634246826	3.2413361072540283
ĠDavid	3121	 David	2	distilbert/distilgpt2	distilbert/distilgpt2	False	0.0003272575559094548	11.577285766601562
Ġbecause	3121	 because	3	distilbert/distilgpt2	distilbert/distilgpt2	False	9.637857147026807e-05	13.340928077697754
Ġhe	3121	 he	4	distilbert/distilgpt2	distilbert/distilgpt2	False	0.4059098958969116	1.3007686138153076
Mary	3122	Mary	0	distilbert/distilgpt2	distilbert/distilgpt2	False	1.0	0.0
Ġmesmer	3122	 mesmerised	1	distilbert/distilgpt2	distilbert/distilgpt2	False	3.728183539664087e-09	27.99888038635254
ised	3122	 mesmerised	1	distilbert/distilgpt2	distilbert/distilgpt2	False	0.10708115249872208	3.2232234477996826
ĠDavid	3122	 David	2	distilbert/distilgpt2	distilbert/distilgpt2	False	0.0002667200460564345	11.87238597869873
Ġbecause	3122	 because	3	distilbert/distilgpt2	distilbert/distilgpt2	False	0.00035885508987121284	11.444311141967773
Ġhe	3122	 he	4	distilbert/distilgpt2	distilbert/distilgpt2	False	0.4037184715270996	1.3085784912109375
John	3123	John	0	distilbert/distilgpt2	distilbert/distilgpt2	False	1.0	0.0
Ġmesmer	3123	 mesmerised	1	distilbert/distilgpt2	distilbert/distilgpt2	False	3.222383915257865e-09	28.209224700927734
ised	3123	 mesmerised	1	distilbert/distilgpt2	distilbert/distilgpt2	False	0.10574519634246826	3.2413361072540283
ĠDavid	3123	 David	2	distilbert/distilgpt2	distilbert/distilgpt2	False	0.0003272575559094548	11.577285766601562
Ġbecause	3123	 because	3	distilbert/distilgpt2	distilbert/distilgpt2	False	9.637857147026807e-05	13.340928077697754
Ġhe	3123	 he	4	distilbert/distilgpt2	distilbert/distilgpt2	False	0.4059098958969116	1.3007686138153076
Sarah	3124	Sarah	0	distilbert/distilgpt2	distilbert/distilgpt2	False	1.0	0.0
Ġmesmer	3124	 mesmerised	1	distilbert/distilgpt2	distilbert/distilgpt2	False	2.794283471274639e-09	28.414875030517578
ised	3124	 mesmerised	1	distilbert/distilgpt2	distilbert/distilgpt2	False	0.06988069415092468	3.8389623165130615
ĠDavid	3124	 David	2	distilbert/distilgpt2	distilbert/distilgpt2	False	0.00031857218709774315	11.61609172821045
Ġbecause	3124	 because	3	distilbert/distilgpt2	distilbert/distilgpt2	False	0.0001169485185528174	13.06183910369873
Ġhe	3124	 he	4	distilbert/distilgpt2	distilbert/distilgpt2	False	0.41038328409194946	1.2849562168121338
David	3125	David	0	distilbert/distilgpt2	distilbert/distilgpt2	False	1.0	0.0
Ġmesmer	3125	 mesmerised	1	distilbert/distilgpt2	distilbert/distilgpt2	False	3.5425404831812557e-09	28.072568893432617
ised	3125	 mesmerised	1	distilbert/distilgpt2	distilbert/distilgpt2	False	0.22420945763587952	2.157081127166748
ĠJohn	3125	 John	2	distilbert/distilgpt2	distilbert/distilgpt2	False	0.0002999643620569259	11.702920913696289
Ġbecause	3125	 because	3	distilbert/distilgpt2	distilbert/distilgpt2	False	0.0001391900732414797	12.81065559387207
Ġhe	3125	 he	4	distilbert/distilgpt2	distilbert/distilgpt2	False	0.40466487407684326	1.305200457572937
Mary	3126	Mary	0	distilbert/distilgpt2	distilbert/distilgpt2	False	1.0	0.0
Ġmesmer	3126	 mesmerised	1	distilbert/distilgpt2	distilbert/distilgpt2	False	3.728183539664087e-09	27.99888038635254
ised	3126	 mesmerised	1	distilbert/distilgpt2	distilbert/distilgpt2	False	0.10708115249872208	3.2232234477996826
ĠJohn	3126	 John	2	distilbert/distilgpt2	distilbert/distilgpt2	False	0.00025714875664561987	11.925108909606934
Ġbecause	3126	 because	3	distilbert/distilgpt2	distilbert/distilgpt2	False	0.0003462325257714838	11.495970726013184
Ġhe	3126	 he	4	distilbert/distilgpt2	distilbert/distilgpt2	False	0.4131103754043579	1.2754008769989014
David	3127	David	0	distilbert/distilgpt2	distilbert/distilgpt2	False	1.0	0.0
Ġmesmer	3127	 mesmerised	1	distilbert/distilgpt2	distilbert/distilgpt2	False	3.5425404831812557e-09	28.072568893432617
ised	3127	 mesmerised	1	distilbert/distilgpt2	distilbert/distilgpt2	False	0.22420945763587952	2.157081127166748
ĠJohn	3127	 John	2	distilbert/distilgpt2	distilbert/distilgpt2	False	0.0002999643620569259	11.702920913696289
Ġbecause	3127	 because	3	distilbert/distilgpt2	distilbert/distilgpt2	False	0.0001391900732414797	12.81065559387207
Ġhe	3127	 he	4	distilbert/distilgpt2	distilbert/distilgpt2	False	0.40466487407684326	1.305200457572937
Sarah	3128	Sarah	0	distilbert/distilgpt2	distilbert/distilgpt2	False	1.0	0.0
Ġmesmer	3128	 mesmerised	1	distilbert/distilgpt2	distilbert/distilgpt2	False	2.794283471274639e-09	28.414875030517578
ised	3128	 mesmerised	1	distilbert/distilgpt2	distilbert/distilgpt2	False	0.06988069415092468	3.8389623165130615
ĠJohn	3128	 John	2	distilbert/distilgpt2	distilbert/distilgpt2	False	0.0002000452805077657	12.287385940551758
Ġbecause	3128	 because	3	distilbert/distilgpt2	distilbert/distilgpt2	False	0.00030602942570112646	11.674041748046875
Ġhe	3128	 he	4	distilbert/distilgpt2	distilbert/distilgpt2	False	0.4036136269569397	1.3089532852172852
Mary	3129	Mary	0	distilbert/distilgpt2	distilbert/distilgpt2	False	1.0	0.0
Ġmesmer	3129	 mesmerised	1	distilbert/distilgpt2	distilbert/distilgpt2	False	3.728183539664087e-09	27.99888038635254
ised	3129	 mesmerised	1	distilbert/distilgpt2	distilbert/distilgpt2	False	0.10708115249872208	3.2232234477996826
ĠSarah	3129	 Sarah	2	distilbert/distilgpt2	distilbert/distilgpt2	False	7.33417909941636e-05	13.735005378723145
Ġbecause	3129	 because	3	distilbert/distilgpt2	distilbert/distilgpt2	False	0.0014626751653850079	9.41717529296875
Ġshe	3129	 she	4	distilbert/distilgpt2	distilbert/distilgpt2	False	0.49018925428390503	1.0285892486572266
John	3130	John	0	distilbert/distilgpt2	distilbert/distilgpt2	False	1.0	0.0
Ġmesmer	3130	 mesmerised	1	distilbert/distilgpt2	distilbert/distilgpt2	False	3.222383915257865e-09	28.209224700927734
ised	3130	 mesmerised	1	distilbert/distilgpt2	distilbert/distilgpt2	False	0.10574519634246826	3.2413361072540283
ĠSarah	3130	 Sarah	2	distilbert/distilgpt2	distilbert/distilgpt2	False	6.278522778302431e-05	13.95921516418457
Ġbecause	3130	 because	3	distilbert/distilgpt2	distilbert/distilgpt2	False	0.0006631631986238062	10.558348655700684
Ġshe	3130	 she	4	distilbert/distilgpt2	distilbert/distilgpt2	False	0.461974561214447	1.114114761352539
Mary	3131	Mary	0	distilbert/distilgpt2	distilbert/distilgpt2	False	1.0	0.0
Ġmesmer	3131	 mesmerised	1	distilbert/distilgpt2	distilbert/distilgpt2	False	3.728183539664087e-09	27.99888038635254
ised	3131	 mesmerised	1	distilbert/distilgpt2	distilbert/distilgpt2	False	0.10708115249872208	3.2232234477996826
ĠSarah	3131	 Sarah	2	distilbert/distilgpt2	distilbert/distilgpt2	False	7.33417909941636e-05	13.735005378723145
Ġbecause	3131	 because	3	distilbert/distilgpt2	distilbert/distilgpt2	False	0.0014626751653850079	9.41717529296875
Ġshe	3131	 she	4	distilbert/distilgpt2	distilbert/distilgpt2	False	0.49018925428390503	1.0285892486572266
David	3132	David	0	distilbert/distilgpt2	distilbert/distilgpt2	False	1.0	0.0
Ġmesmer	3132	 mesmerised	1	distilbert/distilgpt2	distilbert/distilgpt2	False	3.5425404831812557e-09	28.072568893432617
ised	3132	 mesmerised	1	distilbert/distilgpt2	distilbert/distilgpt2	False	0.22420945763587952	2.157081127166748
ĠSarah	3132	 Sarah	2	distilbert/distilgpt2	distilbert/distilgpt2	False	5.831824091728777e-05	14.065692901611328
Ġbecause	3132	 because	3	distilbert/distilgpt2	distilbert/distilgpt2	False	0.0005114435916766524	10.933136940002441
Ġshe	3132	 she	4	distilbert/distilgpt2	distilbert/distilgpt2	False	0.4573250710964203	1.1287081241607666
Sarah	3133	Sarah	0	distilbert/distilgpt2	distilbert/distilgpt2	False	1.0	0.0
Ġmesmer	3133	 mesmerised	1	distilbert/distilgpt2	distilbert/distilgpt2	False	2.794283471274639e-09	28.414875030517578
ised	3133	 mesmerised	1	distilbert/distilgpt2	distilbert/distilgpt2	False	0.06988069415092468	3.8389623165130615
ĠMary	3133	 Mary	2	distilbert/distilgpt2	distilbert/distilgpt2	False	0.00022393242397811264	12.124649047851562
Ġbecause	3133	 because	3	distilbert/distilgpt2	distilbert/distilgpt2	False	0.00029647021437995136	11.71982479095459
Ġshe	3133	 she	4	distilbert/distilgpt2	distilbert/distilgpt2	False	0.4098570644855499	1.2868072986602783
John	3134	John	0	distilbert/distilgpt2	distilbert/distilgpt2	False	1.0	0.0
Ġmesmer	3134	 mesmerised	1	distilbert/distilgpt2	distilbert/distilgpt2	False	3.222383915257865e-09	28.209224700927734
ised	3134	 mesmerised	1	distilbert/distilgpt2	distilbert/distilgpt2	False	0.10574519634246826	3.2413361072540283
ĠMary	3134	 Mary	2	distilbert/distilgpt2	distilbert/distilgpt2	False	0.0002006347058340907	12.283141136169434
Ġbecause	3134	 because	3	distilbert/distilgpt2	distilbert/distilgpt2	False	0.0005439553060568869	10.844223976135254
Ġshe	3134	 she	4	distilbert/distilgpt2	distilbert/distilgpt2	False	0.40379178524017334	1.3083165884017944
Sarah	3135	Sarah	0	distilbert/distilgpt2	distilbert/distilgpt2	False	1.0	0.0
Ġmesmer	3135	 mesmerised	1	distilbert/distilgpt2	distilbert/distilgpt2	False	2.794283471274639e-09	28.414875030517578
ised	3135	 mesmerised	1	distilbert/distilgpt2	distilbert/distilgpt2	False	0.06988069415092468	3.8389623165130615
ĠMary	3135	 Mary	2	distilbert/distilgpt2	distilbert/distilgpt2	False	0.00022393242397811264	12.124649047851562
Ġbecause	3135	 because	3	distilbert/distilgpt2	distilbert/distilgpt2	False	0.00029647021437995136	11.71982479095459
Ġshe	3135	 she	4	distilbert/distilgpt2	distilbert/distilgpt2	False	0.4098570644855499	1.2868072986602783
David	3136	David	0	distilbert/distilgpt2	distilbert/distilgpt2	False	1.0	0.0
Ġmesmer	3136	 mesmerised	1	distilbert/distilgpt2	distilbert/distilgpt2	False	3.5425404831812557e-09	28.072568893432617
ised	3136	 mesmerised	1	distilbert/distilgpt2	distilbert/distilgpt2	False	0.22420945763587952	2.157081127166748
ĠMary	3136	 Mary	2	distilbert/distilgpt2	distilbert/distilgpt2	False	0.00020126980962231755	12.278581619262695
Ġbecause	3136	 because	3	distilbert/distilgpt2	distilbert/distilgpt2	False	0.0003177356848027557	11.619885444641113
Ġshe	3136	 she	4	distilbert/distilgpt2	distilbert/distilgpt2	False	0.3954832851886749	1.3383114337921143
John	3137	John	0	distilbert/distilgpt2	distilbert/distilgpt2	False	1.0	0.0
Ġmet	3137	 met	1	distilbert/distilgpt2	distilbert/distilgpt2	False	1.5151808838709258e-06	19.33207893371582
ĠDavid	3137	 David	2	distilbert/distilgpt2	distilbert/distilgpt2	False	0.001542302779853344	9.3406982421875
Ġbecause	3137	 because	3	distilbert/distilgpt2	distilbert/distilgpt2	False	0.0007314379909075797	10.416976928710938
Ġhe	3137	 he	4	distilbert/distilgpt2	distilbert/distilgpt2	False	0.38101130723953247	1.392094373703003
Mary	3138	Mary	0	distilbert/distilgpt2	distilbert/distilgpt2	False	1.0	0.0
Ġmet	3138	 met	1	distilbert/distilgpt2	distilbert/distilgpt2	False	1.8665306242837687e-06	19.03120994567871
ĠDavid	3138	 David	2	distilbert/distilgpt2	distilbert/distilgpt2	False	0.0009435161482542753	10.049665451049805
Ġbecause	3138	 because	3	distilbert/distilgpt2	distilbert/distilgpt2	False	0.00074279640102759	10.394745826721191
Ġhe	3138	 he	4	distilbert/distilgpt2	distilbert/distilgpt2	False	0.3781730532646179	1.4028816223144531
John	3139	John	0	distilbert/distilgpt2	distilbert/distilgpt2	False	1.0	0.0
Ġmet	3139	 met	1	distilbert/distilgpt2	distilbert/distilgpt2	False	1.5151808838709258e-06	19.33207893371582
ĠDavid	3139	 David	2	distilbert/distilgpt2	distilbert/distilgpt2	False	0.001542302779853344	9.3406982421875
Ġbecause	3139	 because	3	distilbert/distilgpt2	distilbert/distilgpt2	False	0.0007314379909075797	10.416976928710938
Ġhe	3139	 he	4	distilbert/distilgpt2	distilbert/distilgpt2	False	0.38101130723953247	1.392094373703003
Sarah	3140	Sarah	0	distilbert/distilgpt2	distilbert/distilgpt2	False	1.0	0.0
Ġmet	3140	 met	1	distilbert/distilgpt2	distilbert/distilgpt2	False	1.4638220591223217e-06	19.38182830810547
ĠDavid	3140	 David	2	distilbert/distilgpt2	distilbert/distilgpt2	False	0.00178051448892802	9.133490562438965
Ġbecause	3140	 because	3	distilbert/distilgpt2	distilbert/distilgpt2	False	0.0006935155251994729	10.493783950805664
Ġhe	3140	 he	4	distilbert/distilgpt2	distilbert/distilgpt2	False	0.39782628417015076	1.3297895193099976
David	3141	David	0	distilbert/distilgpt2	distilbert/distilgpt2	False	1.0	0.0
Ġmet	3141	 met	1	distilbert/distilgpt2	distilbert/distilgpt2	False	1.7627149873078451e-06	19.11376953125
ĠJohn	3141	 John	2	distilbert/distilgpt2	distilbert/distilgpt2	False	0.0011252977419644594	9.795477867126465
Ġbecause	3141	 because	3	distilbert/distilgpt2	distilbert/distilgpt2	False	0.0008219208102673292	10.248713493347168
Ġhe	3141	 he	4	distilbert/distilgpt2	distilbert/distilgpt2	False	0.3891998827457428	1.3614168167114258
Mary	3142	Mary	0	distilbert/distilgpt2	distilbert/distilgpt2	False	1.0	0.0
Ġmet	3142	 met	1	distilbert/distilgpt2	distilbert/distilgpt2	False	1.8665306242837687e-06	19.03120994567871
ĠJohn	3142	 John	2	distilbert/distilgpt2	distilbert/distilgpt2	False	0.0009491187520325184	10.041123390197754
Ġbecause	3142	 because	3	distilbert/distilgpt2	distilbert/distilgpt2	False	0.0009083866607397795	10.104405403137207
Ġhe	3142	 he	4	distilbert/distilgpt2	distilbert/distilgpt2	False	0.4121266007423401	1.2788405418395996
David	3143	David	0	distilbert/distilgpt2	distilbert/distilgpt2	False	1.0	0.0
Ġmet	3143	 met	1	distilbert/distilgpt2	distilbert/distilgpt2	False	1.7627149873078451e-06	19.11376953125
ĠJohn	3143	 John	2	distilbert/distilgpt2	distilbert/distilgpt2	False	0.0011252977419644594	9.795477867126465
Ġbecause	3143	 because	3	distilbert/distilgpt2	distilbert/distilgpt2	False	0.0008219208102673292	10.248713493347168
Ġhe	3143	 he	4	distilbert/distilgpt2	distilbert/distilgpt2	False	0.3891998827457428	1.3614168167114258
Sarah	3144	Sarah	0	distilbert/distilgpt2	distilbert/distilgpt2	False	1.0	0.0
Ġmet	3144	 met	1	distilbert/distilgpt2	distilbert/distilgpt2	False	1.4638220591223217e-06	19.38182830810547
ĠJohn	3144	 John	2	distilbert/distilgpt2	distilbert/distilgpt2	False	0.0015051140217110515	9.375911712646484
Ġbecause	3144	 because	3	distilbert/distilgpt2	distilbert/distilgpt2	False	0.001440471038222313	9.43924331665039
Ġhe	3144	 he	4	distilbert/distilgpt2	distilbert/distilgpt2	False	0.40950918197631836	1.2880322933197021
Mary	3145	Mary	0	distilbert/distilgpt2	distilbert/distilgpt2	False	1.0	0.0
Ġmet	3145	 met	1	distilbert/distilgpt2	distilbert/distilgpt2	False	1.8665306242837687e-06	19.03120994567871
ĠSarah	3145	 Sarah	2	distilbert/distilgpt2	distilbert/distilgpt2	False	0.00016951639554463327	12.526287078857422
Ġbecause	3145	 because	3	distilbert/distilgpt2	distilbert/distilgpt2	False	0.0014227688079699874	9.457082748413086
Ġshe	3145	 she	4	distilbert/distilgpt2	distilbert/distilgpt2	False	0.4385201632976532	1.1892849206924438
John	3146	John	0	distilbert/distilgpt2	distilbert/distilgpt2	False	1.0	0.0
Ġmet	3146	 met	1	distilbert/distilgpt2	distilbert/distilgpt2	False	1.5151808838709258e-06	19.33207893371582
ĠSarah	3146	 Sarah	2	distilbert/distilgpt2	distilbert/distilgpt2	False	0.00025431462563574314	11.9410982131958
Ġbecause	3146	 because	3	distilbert/distilgpt2	distilbert/distilgpt2	False	0.0014085934963077307	9.471529006958008
Ġshe	3146	 she	4	distilbert/distilgpt2	distilbert/distilgpt2	False	0.41378679871559143	1.273040533065796
Mary	3147	Mary	0	distilbert/distilgpt2	distilbert/distilgpt2	False	1.0	0.0
Ġmet	3147	 met	1	distilbert/distilgpt2	distilbert/distilgpt2	False	1.8665306242837687e-06	19.03120994567871
ĠSarah	3147	 Sarah	2	distilbert/distilgpt2	distilbert/distilgpt2	False	0.00016951639554463327	12.526287078857422
Ġbecause	3147	 because	3	distilbert/distilgpt2	distilbert/distilgpt2	False	0.0014227688079699874	9.457082748413086
Ġshe	3147	 she	4	distilbert/distilgpt2	distilbert/distilgpt2	False	0.4385201632976532	1.1892849206924438
David	3148	David	0	distilbert/distilgpt2	distilbert/distilgpt2	False	1.0	0.0
Ġmet	3148	 met	1	distilbert/distilgpt2	distilbert/distilgpt2	False	1.7627149873078451e-06	19.11376953125
ĠSarah	3148	 Sarah	2	distilbert/distilgpt2	distilbert/distilgpt2	False	0.00018580998585093766	12.393884658813477
Ġbecause	3148	 because	3	distilbert/distilgpt2	distilbert/distilgpt2	False	0.0010471203131601214	9.899356842041016
Ġshe	3148	 she	4	distilbert/distilgpt2	distilbert/distilgpt2	False	0.42338716983795166	1.2399505376815796
Sarah	3149	Sarah	0	distilbert/distilgpt2	distilbert/distilgpt2	False	1.0	0.0
Ġmet	3149	 met	1	distilbert/distilgpt2	distilbert/distilgpt2	False	1.4638220591223217e-06	19.38182830810547
ĠMary	3149	 Mary	2	distilbert/distilgpt2	distilbert/distilgpt2	False	0.0006146982195787132	10.667834281921387
Ġbecause	3149	 because	3	distilbert/distilgpt2	distilbert/distilgpt2	False	0.000614996999502182	10.667133331298828
Ġshe	3149	 she	4	distilbert/distilgpt2	distilbert/distilgpt2	False	0.41676124930381775	1.262706995010376
John	3150	John	0	distilbert/distilgpt2	distilbert/distilgpt2	False	1.0	0.0
Ġmet	3150	 met	1	distilbert/distilgpt2	distilbert/distilgpt2	False	1.5151808838709258e-06	19.33207893371582
ĠMary	3150	 Mary	2	distilbert/distilgpt2	distilbert/distilgpt2	False	0.0005482806591317058	10.83279800415039
Ġbecause	3150	 because	3	distilbert/distilgpt2	distilbert/distilgpt2	False	0.0007020593038760126	10.476119995117188
Ġshe	3150	 she	4	distilbert/distilgpt2	distilbert/distilgpt2	False	0.4081295430660248	1.2929010391235352
Sarah	3151	Sarah	0	distilbert/distilgpt2	distilbert/distilgpt2	False	1.0	0.0
Ġmet	3151	 met	1	distilbert/distilgpt2	distilbert/distilgpt2	False	1.4638220591223217e-06	19.38182830810547
ĠMary	3151	 Mary	2	distilbert/distilgpt2	distilbert/distilgpt2	False	0.0006146982195787132	10.667834281921387
Ġbecause	3151	 because	3	distilbert/distilgpt2	distilbert/distilgpt2	False	0.000614996999502182	10.667133331298828
Ġshe	3151	 she	4	distilbert/distilgpt2	distilbert/distilgpt2	False	0.41676124930381775	1.262706995010376
David	3152	David	0	distilbert/distilgpt2	distilbert/distilgpt2	False	1.0	0.0
Ġmet	3152	 met	1	distilbert/distilgpt2	distilbert/distilgpt2	False	1.7627149873078451e-06	19.11376953125
ĠMary	3152	 Mary	2	distilbert/distilgpt2	distilbert/distilgpt2	False	0.0004378076991997659	11.157415390014648
Ġbecause	3152	 because	3	distilbert/distilgpt2	distilbert/distilgpt2	False	0.0003591706044971943	11.443042755126953
Ġshe	3152	 she	4	distilbert/distilgpt2	distilbert/distilgpt2	False	0.40793073177337646	1.2936038970947266
John	3153	John	0	distilbert/distilgpt2	distilbert/distilgpt2	False	1.0	0.0
Ġmissed	3153	 missed	1	distilbert/distilgpt2	distilbert/distilgpt2	False	2.933482505795837e-07	21.700881958007812
ĠDavid	3153	 David	2	distilbert/distilgpt2	distilbert/distilgpt2	False	4.29921128670685e-05	14.505568504333496
Ġbecause	3153	 because	3	distilbert/distilgpt2	distilbert/distilgpt2	False	0.00048431509640067816	11.01176643371582
Ġhe	3153	 he	4	distilbert/distilgpt2	distilbert/distilgpt2	False	0.41902637481689453	1.2548871040344238
Mary	3154	Mary	0	distilbert/distilgpt2	distilbert/distilgpt2	False	1.0	0.0
Ġmissed	3154	 missed	1	distilbert/distilgpt2	distilbert/distilgpt2	False	2.7238567668064206e-07	21.807846069335938
ĠDavid	3154	 David	2	distilbert/distilgpt2	distilbert/distilgpt2	False	5.81387103011366e-05	14.070141792297363
Ġbecause	3154	 because	3	distilbert/distilgpt2	distilbert/distilgpt2	False	0.00137447624001652	9.506902694702148
Ġhe	3154	 he	4	distilbert/distilgpt2	distilbert/distilgpt2	False	0.4476251006126404	1.159637212753296
John	3155	John	0	distilbert/distilgpt2	distilbert/distilgpt2	False	1.0	0.0
Ġmissed	3155	 missed	1	distilbert/distilgpt2	distilbert/distilgpt2	False	2.933482505795837e-07	21.700881958007812
ĠDavid	3155	 David	2	distilbert/distilgpt2	distilbert/distilgpt2	False	4.29921128670685e-05	14.505568504333496
Ġbecause	3155	 because	3	distilbert/distilgpt2	distilbert/distilgpt2	False	0.00048431509640067816	11.01176643371582
Ġhe	3155	 he	4	distilbert/distilgpt2	distilbert/distilgpt2	False	0.41902637481689453	1.2548871040344238
Sarah	3156	Sarah	0	distilbert/distilgpt2	distilbert/distilgpt2	False	1.0	0.0
Ġmissed	3156	 missed	1	distilbert/distilgpt2	distilbert/distilgpt2	False	3.025553780844348e-07	21.65629768371582
ĠDavid	3156	 David	2	distilbert/distilgpt2	distilbert/distilgpt2	False	9.154305007541552e-05	13.415189743041992
Ġbecause	3156	 because	3	distilbert/distilgpt2	distilbert/distilgpt2	False	0.0014642375754192472	9.415634155273438
Ġhe	3156	 he	4	distilbert/distilgpt2	distilbert/distilgpt2	False	0.4595470130443573	1.1217156648635864
David	3157	David	0	distilbert/distilgpt2	distilbert/distilgpt2	False	1.0	0.0
Ġmissed	3157	 missed	1	distilbert/distilgpt2	distilbert/distilgpt2	False	2.9844531468370405e-07	21.676029205322266
ĠJohn	3157	 John	2	distilbert/distilgpt2	distilbert/distilgpt2	False	0.00010644943540683016	13.19754409790039
Ġbecause	3157	 because	3	distilbert/distilgpt2	distilbert/distilgpt2	False	0.0005502355634234846	10.82766342163086
Ġhe	3157	 he	4	distilbert/distilgpt2	distilbert/distilgpt2	False	0.377837210893631	1.4041633605957031
Mary	3158	Mary	0	distilbert/distilgpt2	distilbert/distilgpt2	False	1.0	0.0
Ġmissed	3158	 missed	1	distilbert/distilgpt2	distilbert/distilgpt2	False	2.7238567668064206e-07	21.807846069335938
ĠJohn	3158	 John	2	distilbert/distilgpt2	distilbert/distilgpt2	False	0.00015682788216508925	12.638530731201172
Ġbecause	3158	 because	3	distilbert/distilgpt2	distilbert/distilgpt2	False	0.0022263394203037024	8.811110496520996
Ġhe	3158	 he	4	distilbert/distilgpt2	distilbert/distilgpt2	False	0.4351437985897064	1.2004358768463135
David	3159	David	0	distilbert/distilgpt2	distilbert/distilgpt2	False	1.0	0.0
Ġmissed	3159	 missed	1	distilbert/distilgpt2	distilbert/distilgpt2	False	2.9844531468370405e-07	21.676029205322266
ĠJohn	3159	 John	2	distilbert/distilgpt2	distilbert/distilgpt2	False	0.00010644943540683016	13.19754409790039
Ġbecause	3159	 because	3	distilbert/distilgpt2	distilbert/distilgpt2	False	0.0005502355634234846	10.82766342163086
Ġhe	3159	 he	4	distilbert/distilgpt2	distilbert/distilgpt2	False	0.377837210893631	1.4041633605957031
Sarah	3160	Sarah	0	distilbert/distilgpt2	distilbert/distilgpt2	False	1.0	0.0
Ġmissed	3160	 missed	1	distilbert/distilgpt2	distilbert/distilgpt2	False	3.025553780844348e-07	21.65629768371582
ĠJohn	3160	 John	2	distilbert/distilgpt2	distilbert/distilgpt2	False	0.00022387348872143775	12.125028610229492
Ġbecause	3160	 because	3	distilbert/distilgpt2	distilbert/distilgpt2	False	0.0026222921442240477	8.574955940246582
Ġhe	3160	 he	4	distilbert/distilgpt2	distilbert/distilgpt2	False	0.4281613826751709	1.22377347946167
Mary	3161	Mary	0	distilbert/distilgpt2	distilbert/distilgpt2	False	1.0	0.0
Ġmissed	3161	 missed	1	distilbert/distilgpt2	distilbert/distilgpt2	False	2.7238567668064206e-07	21.807846069335938
ĠSarah	3161	 Sarah	2	distilbert/distilgpt2	distilbert/distilgpt2	False	1.5025761967990547e-05	16.022201538085938
Ġbecause	3161	 because	3	distilbert/distilgpt2	distilbert/distilgpt2	False	0.004015898331999779	7.960061550140381
Ġshe	3161	 she	4	distilbert/distilgpt2	distilbert/distilgpt2	False	0.43562260270118713	1.1988493204116821
John	3162	John	0	distilbert/distilgpt2	distilbert/distilgpt2	False	1.0	0.0
Ġmissed	3162	 missed	1	distilbert/distilgpt2	distilbert/distilgpt2	False	2.933482505795837e-07	21.700881958007812
ĠSarah	3162	 Sarah	2	distilbert/distilgpt2	distilbert/distilgpt2	False	4.917630121781258e-06	17.63360595703125
Ġbecause	3162	 because	3	distilbert/distilgpt2	distilbert/distilgpt2	False	0.0027606578078120947	8.500772476196289
Ġshe	3162	 she	4	distilbert/distilgpt2	distilbert/distilgpt2	False	0.38207441568374634	1.388074517250061
Mary	3163	Mary	0	distilbert/distilgpt2	distilbert/distilgpt2	False	1.0	0.0
Ġmissed	3163	 missed	1	distilbert/distilgpt2	distilbert/distilgpt2	False	2.7238567668064206e-07	21.807846069335938
ĠSarah	3163	 Sarah	2	distilbert/distilgpt2	distilbert/distilgpt2	False	1.5025761967990547e-05	16.022201538085938
Ġbecause	3163	 because	3	distilbert/distilgpt2	distilbert/distilgpt2	False	0.004015898331999779	7.960061550140381
Ġshe	3163	 she	4	distilbert/distilgpt2	distilbert/distilgpt2	False	0.43562260270118713	1.1988493204116821
David	3164	David	0	distilbert/distilgpt2	distilbert/distilgpt2	False	1.0	0.0
Ġmissed	3164	 missed	1	distilbert/distilgpt2	distilbert/distilgpt2	False	2.9844531468370405e-07	21.676029205322266
ĠSarah	3164	 Sarah	2	distilbert/distilgpt2	distilbert/distilgpt2	False	4.9684990699461196e-06	17.618759155273438
Ġbecause	3164	 because	3	distilbert/distilgpt2	distilbert/distilgpt2	False	0.0015319878002628684	9.350379943847656
Ġshe	3164	 she	4	distilbert/distilgpt2	distilbert/distilgpt2	False	0.38038790225982666	1.3944567441940308
Sarah	3165	Sarah	0	distilbert/distilgpt2	distilbert/distilgpt2	False	1.0	0.0
Ġmissed	3165	 missed	1	distilbert/distilgpt2	distilbert/distilgpt2	False	3.025553780844348e-07	21.65629768371582
ĠMary	3165	 Mary	2	distilbert/distilgpt2	distilbert/distilgpt2	False	7.005527731962502e-05	13.801146507263184
Ġbecause	3165	 because	3	distilbert/distilgpt2	distilbert/distilgpt2	False	0.002278788946568966	8.777517318725586
Ġshe	3165	 she	4	distilbert/distilgpt2	distilbert/distilgpt2	False	0.37023529410362244	1.433485746383667
John	3166	John	0	distilbert/distilgpt2	distilbert/distilgpt2	False	1.0	0.0
Ġmissed	3166	 missed	1	distilbert/distilgpt2	distilbert/distilgpt2	False	2.933482505795837e-07	21.700881958007812
ĠMary	3166	 Mary	2	distilbert/distilgpt2	distilbert/distilgpt2	False	1.4781584468437359e-05	16.045839309692383
Ġbecause	3166	 because	3	distilbert/distilgpt2	distilbert/distilgpt2	False	0.001859151991084218	9.071139335632324
Ġshe	3166	 she	4	distilbert/distilgpt2	distilbert/distilgpt2	False	0.3322404623031616	1.5897003412246704
Sarah	3167	Sarah	0	distilbert/distilgpt2	distilbert/distilgpt2	False	1.0	0.0
Ġmissed	3167	 missed	1	distilbert/distilgpt2	distilbert/distilgpt2	False	3.025553780844348e-07	21.65629768371582
ĠMary	3167	 Mary	2	distilbert/distilgpt2	distilbert/distilgpt2	False	7.005527731962502e-05	13.801146507263184
Ġbecause	3167	 because	3	distilbert/distilgpt2	distilbert/distilgpt2	False	0.002278788946568966	8.777517318725586
Ġshe	3167	 she	4	distilbert/distilgpt2	distilbert/distilgpt2	False	0.37023529410362244	1.433485746383667
David	3168	David	0	distilbert/distilgpt2	distilbert/distilgpt2	False	1.0	0.0
Ġmissed	3168	 missed	1	distilbert/distilgpt2	distilbert/distilgpt2	False	2.9844531468370405e-07	21.676029205322266
ĠMary	3168	 Mary	2	distilbert/distilgpt2	distilbert/distilgpt2	False	1.4533984540321399e-05	16.070209503173828
Ġbecause	3168	 because	3	distilbert/distilgpt2	distilbert/distilgpt2	False	0.0006741131655871868	10.534721374511719
Ġshe	3168	 she	4	distilbert/distilgpt2	distilbert/distilgpt2	False	0.33716076612472534	1.5684914588928223
John	3169	John	0	distilbert/distilgpt2	distilbert/distilgpt2	False	1.0	0.0
Ġmocked	3169	 mocked	1	distilbert/distilgpt2	distilbert/distilgpt2	False	7.44395407537013e-08	23.67935562133789
ĠDavid	3169	 David	2	distilbert/distilgpt2	distilbert/distilgpt2	False	0.0007551804883405566	10.370890617370605
Ġbecause	3169	 because	3	distilbert/distilgpt2	distilbert/distilgpt2	False	0.0002719940966926515	11.844137191772461
Ġhe	3169	 he	4	distilbert/distilgpt2	distilbert/distilgpt2	False	0.41314759850502014	1.2752708196640015
Mary	3170	Mary	0	distilbert/distilgpt2	distilbert/distilgpt2	False	1.0	0.0
Ġmocked	3170	 mocked	1	distilbert/distilgpt2	distilbert/distilgpt2	False	8.123559069872499e-08	23.553312301635742
ĠDavid	3170	 David	2	distilbert/distilgpt2	distilbert/distilgpt2	False	0.0005321471835486591	10.875886917114258
Ġbecause	3170	 because	3	distilbert/distilgpt2	distilbert/distilgpt2	False	0.0006266896380111575	10.639961242675781
Ġhe	3170	 he	4	distilbert/distilgpt2	distilbert/distilgpt2	False	0.43154895305633545	1.2124038934707642
John	3171	John	0	distilbert/distilgpt2	distilbert/distilgpt2	False	1.0	0.0
Ġmocked	3171	 mocked	1	distilbert/distilgpt2	distilbert/distilgpt2	False	7.44395407537013e-08	23.67935562133789
ĠDavid	3171	 David	2	distilbert/distilgpt2	distilbert/distilgpt2	False	0.0007551804883405566	10.370890617370605
Ġbecause	3171	 because	3	distilbert/distilgpt2	distilbert/distilgpt2	False	0.0002719940966926515	11.844137191772461
Ġhe	3171	 he	4	distilbert/distilgpt2	distilbert/distilgpt2	False	0.41314759850502014	1.2752708196640015
Sarah	3172	Sarah	0	distilbert/distilgpt2	distilbert/distilgpt2	False	1.0	0.0
Ġmocked	3172	 mocked	1	distilbert/distilgpt2	distilbert/distilgpt2	False	8.431357656490945e-08	23.49966049194336
ĠDavid	3172	 David	2	distilbert/distilgpt2	distilbert/distilgpt2	False	0.0008250153041444719	10.243291854858398
Ġbecause	3172	 because	3	distilbert/distilgpt2	distilbert/distilgpt2	False	0.00017367047257721424	12.49135971069336
Ġhe	3172	 he	4	distilbert/distilgpt2	distilbert/distilgpt2	False	0.42024555802345276	1.2506955862045288
David	3173	David	0	distilbert/distilgpt2	distilbert/distilgpt2	False	1.0	0.0
Ġmocked	3173	 mocked	1	distilbert/distilgpt2	distilbert/distilgpt2	False	8.711267440730808e-08	23.45254135131836
ĠJohn	3173	 John	2	distilbert/distilgpt2	distilbert/distilgpt2	False	0.002041915198788047	8.935861587524414
Ġbecause	3173	 because	3	distilbert/distilgpt2	distilbert/distilgpt2	False	0.00017103781283367425	12.513397216796875
Ġhe	3173	 he	4	distilbert/distilgpt2	distilbert/distilgpt2	False	0.45060640573501587	1.1500602960586548
Mary	3174	Mary	0	distilbert/distilgpt2	distilbert/distilgpt2	False	1.0	0.0
Ġmocked	3174	 mocked	1	distilbert/distilgpt2	distilbert/distilgpt2	False	8.123559069872499e-08	23.553312301635742
ĠJohn	3174	 John	2	distilbert/distilgpt2	distilbert/distilgpt2	False	0.0014197820564731956	9.460114479064941
Ġbecause	3174	 because	3	distilbert/distilgpt2	distilbert/distilgpt2	False	0.0009424904710613191	10.051234245300293
Ġhe	3174	 he	4	distilbert/distilgpt2	distilbert/distilgpt2	False	0.46025583148002625	1.1194921731948853
David	3175	David	0	distilbert/distilgpt2	distilbert/distilgpt2	False	1.0	0.0
Ġmocked	3175	 mocked	1	distilbert/distilgpt2	distilbert/distilgpt2	False	8.711267440730808e-08	23.45254135131836
ĠJohn	3175	 John	2	distilbert/distilgpt2	distilbert/distilgpt2	False	0.002041915198788047	8.935861587524414
Ġbecause	3175	 because	3	distilbert/distilgpt2	distilbert/distilgpt2	False	0.00017103781283367425	12.513397216796875
Ġhe	3175	 he	4	distilbert/distilgpt2	distilbert/distilgpt2	False	0.45060640573501587	1.1500602960586548
Sarah	3176	Sarah	0	distilbert/distilgpt2	distilbert/distilgpt2	False	1.0	0.0
Ġmocked	3176	 mocked	1	distilbert/distilgpt2	distilbert/distilgpt2	False	8.431357656490945e-08	23.49966049194336
ĠJohn	3176	 John	2	distilbert/distilgpt2	distilbert/distilgpt2	False	0.002100827870890498	8.894826889038086
Ġbecause	3176	 because	3	distilbert/distilgpt2	distilbert/distilgpt2	False	0.00038064771797508	11.35925579071045
Ġhe	3176	 he	4	distilbert/distilgpt2	distilbert/distilgpt2	False	0.43744122982025146	1.1928389072418213
Mary	3177	Mary	0	distilbert/distilgpt2	distilbert/distilgpt2	False	1.0	0.0
Ġmocked	3177	 mocked	1	distilbert/distilgpt2	distilbert/distilgpt2	False	8.123559069872499e-08	23.553312301635742
ĠSarah	3177	 Sarah	2	distilbert/distilgpt2	distilbert/distilgpt2	False	0.0005013230256736279	10.9619722366333
Ġbecause	3177	 because	3	distilbert/distilgpt2	distilbert/distilgpt2	False	0.0011289783287793398	9.790766716003418
Ġshe	3177	 she	4	distilbert/distilgpt2	distilbert/distilgpt2	False	0.47831594944000244	1.0639642477035522
John	3178	John	0	distilbert/distilgpt2	distilbert/distilgpt2	False	1.0	0.0
Ġmocked	3178	 mocked	1	distilbert/distilgpt2	distilbert/distilgpt2	False	7.44395407537013e-08	23.67935562133789
ĠSarah	3178	 Sarah	2	distilbert/distilgpt2	distilbert/distilgpt2	False	0.0006227984558790922	10.648946762084961
Ġbecause	3178	 because	3	distilbert/distilgpt2	distilbert/distilgpt2	False	0.00026993665960617363	11.855091094970703
Ġshe	3178	 she	4	distilbert/distilgpt2	distilbert/distilgpt2	False	0.44732019305229187	1.1606202125549316
Mary	3179	Mary	0	distilbert/distilgpt2	distilbert/distilgpt2	False	1.0	0.0
Ġmocked	3179	 mocked	1	distilbert/distilgpt2	distilbert/distilgpt2	False	8.123559069872499e-08	23.553312301635742
ĠSarah	3179	 Sarah	2	distilbert/distilgpt2	distilbert/distilgpt2	False	0.0005013230256736279	10.9619722366333
Ġbecause	3179	 because	3	distilbert/distilgpt2	distilbert/distilgpt2	False	0.0011289783287793398	9.790766716003418
Ġshe	3179	 she	4	distilbert/distilgpt2	distilbert/distilgpt2	False	0.47831594944000244	1.0639642477035522
David	3180	David	0	distilbert/distilgpt2	distilbert/distilgpt2	False	1.0	0.0
Ġmocked	3180	 mocked	1	distilbert/distilgpt2	distilbert/distilgpt2	False	8.711267440730808e-08	23.45254135131836
ĠSarah	3180	 Sarah	2	distilbert/distilgpt2	distilbert/distilgpt2	False	0.0007141594542190433	10.45146656036377
Ġbecause	3180	 because	3	distilbert/distilgpt2	distilbert/distilgpt2	False	0.00011894833005499095	13.03737735748291
Ġshe	3180	 she	4	distilbert/distilgpt2	distilbert/distilgpt2	False	0.4572329521179199	1.1289987564086914
Sarah	3181	Sarah	0	distilbert/distilgpt2	distilbert/distilgpt2	False	1.0	0.0
Ġmocked	3181	 mocked	1	distilbert/distilgpt2	distilbert/distilgpt2	False	8.431357656490945e-08	23.49966049194336
ĠMary	3181	 Mary	2	distilbert/distilgpt2	distilbert/distilgpt2	False	0.00042671136907301843	11.194452285766602
Ġbecause	3181	 because	3	distilbert/distilgpt2	distilbert/distilgpt2	False	0.001136071514338255	9.781730651855469
Ġshe	3181	 she	4	distilbert/distilgpt2	distilbert/distilgpt2	False	0.40723279118537903	1.296074390411377
John	3182	John	0	distilbert/distilgpt2	distilbert/distilgpt2	False	1.0	0.0
Ġmocked	3182	 mocked	1	distilbert/distilgpt2	distilbert/distilgpt2	False	7.44395407537013e-08	23.67935562133789
ĠMary	3182	 Mary	2	distilbert/distilgpt2	distilbert/distilgpt2	False	0.00034519596374593675	11.500296592712402
Ġbecause	3182	 because	3	distilbert/distilgpt2	distilbert/distilgpt2	False	0.001894401735626161	9.044041633605957
Ġshe	3182	 she	4	distilbert/distilgpt2	distilbert/distilgpt2	False	0.4103551208972931	1.285055160522461
Sarah	3183	Sarah	0	distilbert/distilgpt2	distilbert/distilgpt2	False	1.0	0.0
Ġmocked	3183	 mocked	1	distilbert/distilgpt2	distilbert/distilgpt2	False	8.431357656490945e-08	23.49966049194336
ĠMary	3183	 Mary	2	distilbert/distilgpt2	distilbert/distilgpt2	False	0.00042671136907301843	11.194452285766602
Ġbecause	3183	 because	3	distilbert/distilgpt2	distilbert/distilgpt2	False	0.001136071514338255	9.781730651855469
Ġshe	3183	 she	4	distilbert/distilgpt2	distilbert/distilgpt2	False	0.40723279118537903	1.296074390411377
David	3184	David	0	distilbert/distilgpt2	distilbert/distilgpt2	False	1.0	0.0
Ġmocked	3184	 mocked	1	distilbert/distilgpt2	distilbert/distilgpt2	False	8.711267440730808e-08	23.45254135131836
ĠMary	3184	 Mary	2	distilbert/distilgpt2	distilbert/distilgpt2	False	0.0003401050344109535	11.521732330322266
Ġbecause	3184	 because	3	distilbert/distilgpt2	distilbert/distilgpt2	False	0.0005207459325902164	10.907133102416992
Ġshe	3184	 she	4	distilbert/distilgpt2	distilbert/distilgpt2	False	0.4169310927391052	1.262119174003601
John	3185	John	0	distilbert/distilgpt2	distilbert/distilgpt2	False	1.0	0.0
Ġm	3185	 mollified	1	distilbert/distilgpt2	distilbert/distilgpt2	False	2.5033017664100043e-05	15.285808563232422
oll	3185	 mollified	1	distilbert/distilgpt2	distilbert/distilgpt2	False	0.0013437707675620914	9.539497375488281
ified	3185	 mollified	1	distilbert/distilgpt2	distilbert/distilgpt2	False	0.016613204032182693	5.911525726318359
ĠDavid	3185	 David	2	distilbert/distilgpt2	distilbert/distilgpt2	False	0.0004475239256862551	11.125747680664062
Ġbecause	3185	 because	3	distilbert/distilgpt2	distilbert/distilgpt2	False	0.000478505389764905	11.02917766571045
Ġhe	3185	 he	4	distilbert/distilgpt2	distilbert/distilgpt2	False	0.4041505455970764	1.3070353269577026
Mary	3186	Mary	0	distilbert/distilgpt2	distilbert/distilgpt2	False	1.0	0.0
Ġm	3186	 mollified	1	distilbert/distilgpt2	distilbert/distilgpt2	False	2.6936972062685527e-05	15.180052757263184
oll	3186	 mollified	1	distilbert/distilgpt2	distilbert/distilgpt2	False	0.001953832106664777	8.99947738647461
ified	3186	 mollified	1	distilbert/distilgpt2	distilbert/distilgpt2	False	0.02167862094938755	5.527583122253418
ĠDavid	3186	 David	2	distilbert/distilgpt2	distilbert/distilgpt2	False	0.00023225496988743544	12.072003364562988
Ġbecause	3186	 because	3	distilbert/distilgpt2	distilbert/distilgpt2	False	0.0005338869523257017	10.871177673339844
Ġhe	3186	 he	4	distilbert/distilgpt2	distilbert/distilgpt2	False	0.37638556957244873	1.4097168445587158
John	3187	John	0	distilbert/distilgpt2	distilbert/distilgpt2	False	1.0	0.0
Ġm	3187	 mollified	1	distilbert/distilgpt2	distilbert/distilgpt2	False	2.5033017664100043e-05	15.285808563232422
oll	3187	 mollified	1	distilbert/distilgpt2	distilbert/distilgpt2	False	0.0013437707675620914	9.539497375488281
ified	3187	 mollified	1	distilbert/distilgpt2	distilbert/distilgpt2	False	0.016613204032182693	5.911525726318359
ĠDavid	3187	 David	2	distilbert/distilgpt2	distilbert/distilgpt2	False	0.0004475239256862551	11.125747680664062
Ġbecause	3187	 because	3	distilbert/distilgpt2	distilbert/distilgpt2	False	0.000478505389764905	11.02917766571045
Ġhe	3187	 he	4	distilbert/distilgpt2	distilbert/distilgpt2	False	0.4041505455970764	1.3070353269577026
Sarah	3188	Sarah	0	distilbert/distilgpt2	distilbert/distilgpt2	False	1.0	0.0
Ġm	3188	 mollified	1	distilbert/distilgpt2	distilbert/distilgpt2	False	2.8116643079556525e-05	15.118216514587402
oll	3188	 mollified	1	distilbert/distilgpt2	distilbert/distilgpt2	False	0.001719594351015985	9.1837158203125
ified	3188	 mollified	1	distilbert/distilgpt2	distilbert/distilgpt2	False	0.01771140657365322	5.819177627563477
ĠDavid	3188	 David	2	distilbert/distilgpt2	distilbert/distilgpt2	False	0.0003071141254622489	11.668937683105469
Ġbecause	3188	 because	3	distilbert/distilgpt2	distilbert/distilgpt2	False	0.0002905137080233544	11.749106407165527
Ġhe	3188	 he	4	distilbert/distilgpt2	distilbert/distilgpt2	False	0.3904276490211487	1.3568729162216187
David	3189	David	0	distilbert/distilgpt2	distilbert/distilgpt2	False	1.0	0.0
Ġm	3189	 mollified	1	distilbert/distilgpt2	distilbert/distilgpt2	False	2.795744512695819e-05	15.126407623291016
oll	3189	 mollified	1	distilbert/distilgpt2	distilbert/distilgpt2	False	0.0014735250733792782	9.406512260437012
ified	3189	 mollified	1	distilbert/distilgpt2	distilbert/distilgpt2	False	0.030251789838075638	5.046835899353027
ĠJohn	3189	 John	2	distilbert/distilgpt2	distilbert/distilgpt2	False	0.000517503940500319	10.916142463684082
Ġbecause	3189	 because	3	distilbert/distilgpt2	distilbert/distilgpt2	False	0.00048192916437983513	11.018891334533691
Ġhe	3189	 he	4	distilbert/distilgpt2	distilbert/distilgpt2	False	0.42009636759757996	1.2512078285217285
Mary	3190	Mary	0	distilbert/distilgpt2	distilbert/distilgpt2	False	1.0	0.0
Ġm	3190	 mollified	1	distilbert/distilgpt2	distilbert/distilgpt2	False	2.6936972062685527e-05	15.180052757263184
oll	3190	 mollified	1	distilbert/distilgpt2	distilbert/distilgpt2	False	0.001953832106664777	8.99947738647461
ified	3190	 mollified	1	distilbert/distilgpt2	distilbert/distilgpt2	False	0.02167862094938755	5.527583122253418
ĠJohn	3190	 John	2	distilbert/distilgpt2	distilbert/distilgpt2	False	0.00030523285386152565	11.677802085876465
Ġbecause	3190	 because	3	distilbert/distilgpt2	distilbert/distilgpt2	False	0.0005755864549428225	10.762680053710938
Ġhe	3190	 he	4	distilbert/distilgpt2	distilbert/distilgpt2	False	0.4125511348247528	1.2773551940917969
David	3191	David	0	distilbert/distilgpt2	distilbert/distilgpt2	False	1.0	0.0
Ġm	3191	 mollified	1	distilbert/distilgpt2	distilbert/distilgpt2	False	2.795744512695819e-05	15.126407623291016
oll	3191	 mollified	1	distilbert/distilgpt2	distilbert/distilgpt2	False	0.0014735250733792782	9.406512260437012
ified	3191	 mollified	1	distilbert/distilgpt2	distilbert/distilgpt2	False	0.030251789838075638	5.046835899353027
ĠJohn	3191	 John	2	distilbert/distilgpt2	distilbert/distilgpt2	False	0.000517503940500319	10.916142463684082
Ġbecause	3191	 because	3	distilbert/distilgpt2	distilbert/distilgpt2	False	0.00048192916437983513	11.018891334533691
Ġhe	3191	 he	4	distilbert/distilgpt2	distilbert/distilgpt2	False	0.42009636759757996	1.2512078285217285
Sarah	3192	Sarah	0	distilbert/distilgpt2	distilbert/distilgpt2	False	1.0	0.0
Ġm	3192	 mollified	1	distilbert/distilgpt2	distilbert/distilgpt2	False	2.8116643079556525e-05	15.118216514587402
oll	3192	 mollified	1	distilbert/distilgpt2	distilbert/distilgpt2	False	0.001719594351015985	9.1837158203125
ified	3192	 mollified	1	distilbert/distilgpt2	distilbert/distilgpt2	False	0.01771140657365322	5.819177627563477
ĠJohn	3192	 John	2	distilbert/distilgpt2	distilbert/distilgpt2	False	0.0003114677092526108	11.648630142211914
Ġbecause	3192	 because	3	distilbert/distilgpt2	distilbert/distilgpt2	False	0.0007300616707652807	10.419693946838379
Ġhe	3192	 he	4	distilbert/distilgpt2	distilbert/distilgpt2	False	0.4016830027103424	1.315870761871338
Mary	3193	Mary	0	distilbert/distilgpt2	distilbert/distilgpt2	False	1.0	0.0
Ġm	3193	 mollified	1	distilbert/distilgpt2	distilbert/distilgpt2	False	2.6936972062685527e-05	15.180052757263184
oll	3193	 mollified	1	distilbert/distilgpt2	distilbert/distilgpt2	False	0.001953832106664777	8.99947738647461
ified	3193	 mollified	1	distilbert/distilgpt2	distilbert/distilgpt2	False	0.02167862094938755	5.527583122253418
ĠSarah	3193	 Sarah	2	distilbert/distilgpt2	distilbert/distilgpt2	False	8.873807382769883e-05	13.460086822509766
Ġbecause	3193	 because	3	distilbert/distilgpt2	distilbert/distilgpt2	False	0.0013834239216521382	9.497541427612305
Ġshe	3193	 she	4	distilbert/distilgpt2	distilbert/distilgpt2	False	0.5157075524330139	0.9553749561309814
John	3194	John	0	distilbert/distilgpt2	distilbert/distilgpt2	False	1.0	0.0
Ġm	3194	 mollified	1	distilbert/distilgpt2	distilbert/distilgpt2	False	2.5033017664100043e-05	15.285808563232422
oll	3194	 mollified	1	distilbert/distilgpt2	distilbert/distilgpt2	False	0.0013437707675620914	9.539497375488281
ified	3194	 mollified	1	distilbert/distilgpt2	distilbert/distilgpt2	False	0.016613204032182693	5.911525726318359
ĠSarah	3194	 Sarah	2	distilbert/distilgpt2	distilbert/distilgpt2	False	0.00012369873002171516	12.980881690979004
Ġbecause	3194	 because	3	distilbert/distilgpt2	distilbert/distilgpt2	False	0.0011527026072144508	9.760764122009277
Ġshe	3194	 she	4	distilbert/distilgpt2	distilbert/distilgpt2	False	0.4986409544944763	1.0039267539978027
Mary	3195	Mary	0	distilbert/distilgpt2	distilbert/distilgpt2	False	1.0	0.0
Ġm	3195	 mollified	1	distilbert/distilgpt2	distilbert/distilgpt2	False	2.6936972062685527e-05	15.180052757263184
oll	3195	 mollified	1	distilbert/distilgpt2	distilbert/distilgpt2	False	0.001953832106664777	8.99947738647461
ified	3195	 mollified	1	distilbert/distilgpt2	distilbert/distilgpt2	False	0.02167862094938755	5.527583122253418
ĠSarah	3195	 Sarah	2	distilbert/distilgpt2	distilbert/distilgpt2	False	8.873807382769883e-05	13.460086822509766
Ġbecause	3195	 because	3	distilbert/distilgpt2	distilbert/distilgpt2	False	0.0013834239216521382	9.497541427612305
Ġshe	3195	 she	4	distilbert/distilgpt2	distilbert/distilgpt2	False	0.5157075524330139	0.9553749561309814
David	3196	David	0	distilbert/distilgpt2	distilbert/distilgpt2	False	1.0	0.0
Ġm	3196	 mollified	1	distilbert/distilgpt2	distilbert/distilgpt2	False	2.795744512695819e-05	15.126407623291016
oll	3196	 mollified	1	distilbert/distilgpt2	distilbert/distilgpt2	False	0.0014735250733792782	9.406512260437012
ified	3196	 mollified	1	distilbert/distilgpt2	distilbert/distilgpt2	False	0.030251789838075638	5.046835899353027
ĠSarah	3196	 Sarah	2	distilbert/distilgpt2	distilbert/distilgpt2	False	0.00011204958718735725	13.123575210571289
Ġbecause	3196	 because	3	distilbert/distilgpt2	distilbert/distilgpt2	False	0.0007616491056978703	10.358586311340332
Ġshe	3196	 she	4	distilbert/distilgpt2	distilbert/distilgpt2	False	0.48667171597480774	1.038979172706604
Sarah	3197	Sarah	0	distilbert/distilgpt2	distilbert/distilgpt2	False	1.0	0.0
Ġm	3197	 mollified	1	distilbert/distilgpt2	distilbert/distilgpt2	False	2.8116643079556525e-05	15.118216514587402
oll	3197	 mollified	1	distilbert/distilgpt2	distilbert/distilgpt2	False	0.001719594351015985	9.1837158203125
ified	3197	 mollified	1	distilbert/distilgpt2	distilbert/distilgpt2	False	0.01771140657365322	5.819177627563477
ĠMary	3197	 Mary	2	distilbert/distilgpt2	distilbert/distilgpt2	False	0.00041823918581940234	11.223383903503418
Ġbecause	3197	 because	3	distilbert/distilgpt2	distilbert/distilgpt2	False	0.0008246232173405588	10.243977546691895
Ġshe	3197	 she	4	distilbert/distilgpt2	distilbert/distilgpt2	False	0.4627093970775604	1.1118217706680298
John	3198	John	0	distilbert/distilgpt2	distilbert/distilgpt2	False	1.0	0.0
Ġm	3198	 mollified	1	distilbert/distilgpt2	distilbert/distilgpt2	False	2.5033017664100043e-05	15.285808563232422
oll	3198	 mollified	1	distilbert/distilgpt2	distilbert/distilgpt2	False	0.0013437707675620914	9.539497375488281
ified	3198	 mollified	1	distilbert/distilgpt2	distilbert/distilgpt2	False	0.016613204032182693	5.911525726318359
ĠMary	3198	 Mary	2	distilbert/distilgpt2	distilbert/distilgpt2	False	0.00046513474080711603	11.070063591003418
Ġbecause	3198	 because	3	distilbert/distilgpt2	distilbert/distilgpt2	False	0.0017921591643244028	9.124085426330566
Ġshe	3198	 she	4	distilbert/distilgpt2	distilbert/distilgpt2	False	0.4651365876197815	1.1042736768722534
Sarah	3199	Sarah	0	distilbert/distilgpt2	distilbert/distilgpt2	False	1.0	0.0
Ġm	3199	 mollified	1	distilbert/distilgpt2	distilbert/distilgpt2	False	2.8116643079556525e-05	15.118216514587402
oll	3199	 mollified	1	distilbert/distilgpt2	distilbert/distilgpt2	False	0.001719594351015985	9.1837158203125
ified	3199	 mollified	1	distilbert/distilgpt2	distilbert/distilgpt2	False	0.01771140657365322	5.819177627563477
ĠMary	3199	 Mary	2	distilbert/distilgpt2	distilbert/distilgpt2	False	0.00041823918581940234	11.223383903503418
Ġbecause	3199	 because	3	distilbert/distilgpt2	distilbert/distilgpt2	False	0.0008246232173405588	10.243977546691895
Ġshe	3199	 she	4	distilbert/distilgpt2	distilbert/distilgpt2	False	0.4627093970775604	1.1118217706680298
David	3200	David	0	distilbert/distilgpt2	distilbert/distilgpt2	False	1.0	0.0
Ġm	3200	 mollified	1	distilbert/distilgpt2	distilbert/distilgpt2	False	2.795744512695819e-05	15.126407623291016
oll	3200	 mollified	1	distilbert/distilgpt2	distilbert/distilgpt2	False	0.0014735250733792782	9.406512260437012
ified	3200	 mollified	1	distilbert/distilgpt2	distilbert/distilgpt2	False	0.030251789838075638	5.046835899353027
ĠMary	3200	 Mary	2	distilbert/distilgpt2	distilbert/distilgpt2	False	0.00036909355549141765	11.403725624084473
Ġbecause	3200	 because	3	distilbert/distilgpt2	distilbert/distilgpt2	False	0.0008134234230965376	10.26370620727539
Ġshe	3200	 she	4	distilbert/distilgpt2	distilbert/distilgpt2	False	0.46453943848609924	1.1061270236968994
John	3201	John	0	distilbert/distilgpt2	distilbert/distilgpt2	False	1.0	0.0
Ġmourn	3201	 mourned	1	distilbert/distilgpt2	distilbert/distilgpt2	False	7.45768247156775e-08	23.67669677734375
ed	3201	 mourned	1	distilbert/distilgpt2	distilbert/distilgpt2	False	0.1725226491689682	2.535142421722412
ĠDavid	3201	 David	2	distilbert/distilgpt2	distilbert/distilgpt2	False	0.000552510260604322	10.821711540222168
Ġbecause	3201	 because	3	distilbert/distilgpt2	distilbert/distilgpt2	False	0.00033588631777092814	11.539739608764648
Ġhe	3201	 he	4	distilbert/distilgpt2	distilbert/distilgpt2	False	0.4299522638320923	1.2177516222000122
Mary	3202	Mary	0	distilbert/distilgpt2	distilbert/distilgpt2	False	1.0	0.0
Ġmourn	3202	 mourned	1	distilbert/distilgpt2	distilbert/distilgpt2	False	9.61661541509784e-08	23.30989646911621
ed	3202	 mourned	1	distilbert/distilgpt2	distilbert/distilgpt2	False	0.17933206260204315	2.479294776916504
ĠDavid	3202	 David	2	distilbert/distilgpt2	distilbert/distilgpt2	False	0.0005925178993493319	10.720853805541992
Ġbecause	3202	 because	3	distilbert/distilgpt2	distilbert/distilgpt2	False	0.0004728442872874439	11.046347618103027
Ġhe	3202	 he	4	distilbert/distilgpt2	distilbert/distilgpt2	False	0.4146185517311096	1.2701435089111328
John	3203	John	0	distilbert/distilgpt2	distilbert/distilgpt2	False	1.0	0.0
Ġmourn	3203	 mourned	1	distilbert/distilgpt2	distilbert/distilgpt2	False	7.45768247156775e-08	23.67669677734375
ed	3203	 mourned	1	distilbert/distilgpt2	distilbert/distilgpt2	False	0.1725226491689682	2.535142421722412
ĠDavid	3203	 David	2	distilbert/distilgpt2	distilbert/distilgpt2	False	0.000552510260604322	10.821711540222168
Ġbecause	3203	 because	3	distilbert/distilgpt2	distilbert/distilgpt2	False	0.00033588631777092814	11.539739608764648
Ġhe	3203	 he	4	distilbert/distilgpt2	distilbert/distilgpt2	False	0.4299522638320923	1.2177516222000122
Sarah	3204	Sarah	0	distilbert/distilgpt2	distilbert/distilgpt2	False	1.0	0.0
Ġmourn	3204	 mourned	1	distilbert/distilgpt2	distilbert/distilgpt2	False	8.312238719554443e-08	23.520187377929688
ed	3204	 mourned	1	distilbert/distilgpt2	distilbert/distilgpt2	False	0.2345624566078186	2.09195613861084
ĠDavid	3204	 David	2	distilbert/distilgpt2	distilbert/distilgpt2	False	0.0007001924677751958	10.479961395263672
Ġbecause	3204	 because	3	distilbert/distilgpt2	distilbert/distilgpt2	False	0.0001825446670409292	12.419463157653809
Ġhe	3204	 he	4	distilbert/distilgpt2	distilbert/distilgpt2	False	0.4506359398365021	1.149965763092041
David	3205	David	0	distilbert/distilgpt2	distilbert/distilgpt2	False	1.0	0.0
Ġmourn	3205	 mourned	1	distilbert/distilgpt2	distilbert/distilgpt2	False	8.550927788064655e-08	23.47934341430664
ed	3205	 mourned	1	distilbert/distilgpt2	distilbert/distilgpt2	False	0.19179795682430267	2.382340908050537
ĠJohn	3205	 John	2	distilbert/distilgpt2	distilbert/distilgpt2	False	0.0005922376876696944	10.721535682678223
Ġbecause	3205	 because	3	distilbert/distilgpt2	distilbert/distilgpt2	False	0.00011456923675723374	13.091492652893066
Ġhe	3205	 he	4	distilbert/distilgpt2	distilbert/distilgpt2	False	0.4473593533039093	1.1604939699172974
Mary	3206	Mary	0	distilbert/distilgpt2	distilbert/distilgpt2	False	1.0	0.0
Ġmourn	3206	 mourned	1	distilbert/distilgpt2	distilbert/distilgpt2	False	9.61661541509784e-08	23.30989646911621
ed	3206	 mourned	1	distilbert/distilgpt2	distilbert/distilgpt2	False	0.17933206260204315	2.479294776916504
ĠJohn	3206	 John	2	distilbert/distilgpt2	distilbert/distilgpt2	False	0.0007472263532690704	10.386167526245117
Ġbecause	3206	 because	3	distilbert/distilgpt2	distilbert/distilgpt2	False	0.0004439059994183481	11.137457847595215
Ġhe	3206	 he	4	distilbert/distilgpt2	distilbert/distilgpt2	False	0.44810032844543457	1.1581063270568848
David	3207	David	0	distilbert/distilgpt2	distilbert/distilgpt2	False	1.0	0.0
Ġmourn	3207	 mourned	1	distilbert/distilgpt2	distilbert/distilgpt2	False	8.550927788064655e-08	23.47934341430664
ed	3207	 mourned	1	distilbert/distilgpt2	distilbert/distilgpt2	False	0.19179795682430267	2.382340908050537
ĠJohn	3207	 John	2	distilbert/distilgpt2	distilbert/distilgpt2	False	0.0005922376876696944	10.721535682678223
Ġbecause	3207	 because	3	distilbert/distilgpt2	distilbert/distilgpt2	False	0.00011456923675723374	13.091492652893066
Ġhe	3207	 he	4	distilbert/distilgpt2	distilbert/distilgpt2	False	0.4473593533039093	1.1604939699172974
Sarah	3208	Sarah	0	distilbert/distilgpt2	distilbert/distilgpt2	False	1.0	0.0
Ġmourn	3208	 mourned	1	distilbert/distilgpt2	distilbert/distilgpt2	False	8.312238719554443e-08	23.520187377929688
ed	3208	 mourned	1	distilbert/distilgpt2	distilbert/distilgpt2	False	0.2345624566078186	2.09195613861084
ĠJohn	3208	 John	2	distilbert/distilgpt2	distilbert/distilgpt2	False	0.0006629389827139676	10.558835983276367
Ġbecause	3208	 because	3	distilbert/distilgpt2	distilbert/distilgpt2	False	0.00029887701384723186	11.708160400390625
Ġhe	3208	 he	4	distilbert/distilgpt2	distilbert/distilgpt2	False	0.45310503244400024	1.1420825719833374
Mary	3209	Mary	0	distilbert/distilgpt2	distilbert/distilgpt2	False	1.0	0.0
Ġmourn	3209	 mourned	1	distilbert/distilgpt2	distilbert/distilgpt2	False	9.61661541509784e-08	23.30989646911621
ed	3209	 mourned	1	distilbert/distilgpt2	distilbert/distilgpt2	False	0.17933206260204315	2.479294776916504
ĠSarah	3209	 Sarah	2	distilbert/distilgpt2	distilbert/distilgpt2	False	0.00016146840061992407	12.596460342407227
Ġbecause	3209	 because	3	distilbert/distilgpt2	distilbert/distilgpt2	False	0.0015630506677553058	9.321419715881348
Ġshe	3209	 she	4	distilbert/distilgpt2	distilbert/distilgpt2	False	0.46946442127227783	1.0909123420715332
John	3210	John	0	distilbert/distilgpt2	distilbert/distilgpt2	False	1.0	0.0
Ġmourn	3210	 mourned	1	distilbert/distilgpt2	distilbert/distilgpt2	False	7.45768247156775e-08	23.67669677734375
ed	3210	 mourned	1	distilbert/distilgpt2	distilbert/distilgpt2	False	0.1725226491689682	2.535142421722412
ĠSarah	3210	 Sarah	2	distilbert/distilgpt2	distilbert/distilgpt2	False	0.00011758955952245742	13.05395221710205
Ġbecause	3210	 because	3	distilbert/distilgpt2	distilbert/distilgpt2	False	0.0012007703771814704	9.701824188232422
Ġshe	3210	 she	4	distilbert/distilgpt2	distilbert/distilgpt2	False	0.4652778208255768	1.1038357019424438
Mary	3211	Mary	0	distilbert/distilgpt2	distilbert/distilgpt2	False	1.0	0.0
Ġmourn	3211	 mourned	1	distilbert/distilgpt2	distilbert/distilgpt2	False	9.61661541509784e-08	23.30989646911621
ed	3211	 mourned	1	distilbert/distilgpt2	distilbert/distilgpt2	False	0.17933206260204315	2.479294776916504
ĠSarah	3211	 Sarah	2	distilbert/distilgpt2	distilbert/distilgpt2	False	0.00016146840061992407	12.596460342407227
Ġbecause	3211	 because	3	distilbert/distilgpt2	distilbert/distilgpt2	False	0.0015630506677553058	9.321419715881348
Ġshe	3211	 she	4	distilbert/distilgpt2	distilbert/distilgpt2	False	0.46946442127227783	1.0909123420715332
David	3212	David	0	distilbert/distilgpt2	distilbert/distilgpt2	False	1.0	0.0
Ġmourn	3212	 mourned	1	distilbert/distilgpt2	distilbert/distilgpt2	False	8.550927788064655e-08	23.47934341430664
ed	3212	 mourned	1	distilbert/distilgpt2	distilbert/distilgpt2	False	0.19179795682430267	2.382340908050537
ĠSarah	3212	 Sarah	2	distilbert/distilgpt2	distilbert/distilgpt2	False	0.00012071484525222331	13.016109466552734
Ġbecause	3212	 because	3	distilbert/distilgpt2	distilbert/distilgpt2	False	0.000667198037263006	10.54959774017334
Ġshe	3212	 she	4	distilbert/distilgpt2	distilbert/distilgpt2	False	0.4538652300834656	1.1396641731262207
Sarah	3213	Sarah	0	distilbert/distilgpt2	distilbert/distilgpt2	False	1.0	0.0
Ġmourn	3213	 mourned	1	distilbert/distilgpt2	distilbert/distilgpt2	False	8.312238719554443e-08	23.520187377929688
ed	3213	 mourned	1	distilbert/distilgpt2	distilbert/distilgpt2	False	0.2345624566078186	2.09195613861084
ĠMary	3213	 Mary	2	distilbert/distilgpt2	distilbert/distilgpt2	False	0.0005856802454218268	10.73759937286377
Ġbecause	3213	 because	3	distilbert/distilgpt2	distilbert/distilgpt2	False	0.0014074078062549233	9.47274398803711
Ġshe	3213	 she	4	distilbert/distilgpt2	distilbert/distilgpt2	False	0.4158630669116974	1.2658195495605469
John	3214	John	0	distilbert/distilgpt2	distilbert/distilgpt2	False	1.0	0.0
Ġmourn	3214	 mourned	1	distilbert/distilgpt2	distilbert/distilgpt2	False	7.45768247156775e-08	23.67669677734375
ed	3214	 mourned	1	distilbert/distilgpt2	distilbert/distilgpt2	False	0.1725226491689682	2.535142421722412
ĠMary	3214	 Mary	2	distilbert/distilgpt2	distilbert/distilgpt2	False	0.00039539788849651814	11.304407119750977
Ġbecause	3214	 because	3	distilbert/distilgpt2	distilbert/distilgpt2	False	0.001829311135224998	9.094483375549316
Ġshe	3214	 she	4	distilbert/distilgpt2	distilbert/distilgpt2	False	0.4142935872077942	1.2712746858596802
Sarah	3215	Sarah	0	distilbert/distilgpt2	distilbert/distilgpt2	False	1.0	0.0
Ġmourn	3215	 mourned	1	distilbert/distilgpt2	distilbert/distilgpt2	False	8.312238719554443e-08	23.520187377929688
ed	3215	 mourned	1	distilbert/distilgpt2	distilbert/distilgpt2	False	0.2345624566078186	2.09195613861084
ĠMary	3215	 Mary	2	distilbert/distilgpt2	distilbert/distilgpt2	False	0.0005856802454218268	10.73759937286377
Ġbecause	3215	 because	3	distilbert/distilgpt2	distilbert/distilgpt2	False	0.0014074078062549233	9.47274398803711
Ġshe	3215	 she	4	distilbert/distilgpt2	distilbert/distilgpt2	False	0.4158630669116974	1.2658195495605469
David	3216	David	0	distilbert/distilgpt2	distilbert/distilgpt2	False	1.0	0.0
Ġmourn	3216	 mourned	1	distilbert/distilgpt2	distilbert/distilgpt2	False	8.550927788064655e-08	23.47934341430664
ed	3216	 mourned	1	distilbert/distilgpt2	distilbert/distilgpt2	False	0.19179795682430267	2.382340908050537
ĠMary	3216	 Mary	2	distilbert/distilgpt2	distilbert/distilgpt2	False	0.000412519060773775	11.24325180053711
Ġbecause	3216	 because	3	distilbert/distilgpt2	distilbert/distilgpt2	False	0.0008073003846220672	10.274606704711914
Ġshe	3216	 she	4	distilbert/distilgpt2	distilbert/distilgpt2	False	0.4041198492050171	1.3071448802947998
John	3217	John	0	distilbert/distilgpt2	distilbert/distilgpt2	False	1.0	0.0
Ġmoved	3217	 moved	1	distilbert/distilgpt2	distilbert/distilgpt2	False	7.136106887628557e-07	20.418359756469727
ĠDavid	3217	 David	2	distilbert/distilgpt2	distilbert/distilgpt2	False	3.693009421112947e-05	14.724843978881836
Ġbecause	3217	 because	3	distilbert/distilgpt2	distilbert/distilgpt2	False	0.00043124440708197653	11.179206848144531
Ġhe	3217	 he	4	distilbert/distilgpt2	distilbert/distilgpt2	False	0.4492987096309662	1.1542532444000244
Mary	3218	Mary	0	distilbert/distilgpt2	distilbert/distilgpt2	False	1.0	0.0
Ġmoved	3218	 moved	1	distilbert/distilgpt2	distilbert/distilgpt2	False	7.551714134024223e-07	20.336692810058594
ĠDavid	3218	 David	2	distilbert/distilgpt2	distilbert/distilgpt2	False	2.5658790036686696e-05	15.250186920166016
Ġbecause	3218	 because	3	distilbert/distilgpt2	distilbert/distilgpt2	False	0.0005167017807252705	10.918380737304688
Ġhe	3218	 he	4	distilbert/distilgpt2	distilbert/distilgpt2	False	0.44625571370124817	1.1640574932098389
John	3219	John	0	distilbert/distilgpt2	distilbert/distilgpt2	False	1.0	0.0
Ġmoved	3219	 moved	1	distilbert/distilgpt2	distilbert/distilgpt2	False	7.136106887628557e-07	20.418359756469727
ĠDavid	3219	 David	2	distilbert/distilgpt2	distilbert/distilgpt2	False	3.693009421112947e-05	14.724843978881836
Ġbecause	3219	 because	3	distilbert/distilgpt2	distilbert/distilgpt2	False	0.00043124440708197653	11.179206848144531
Ġhe	3219	 he	4	distilbert/distilgpt2	distilbert/distilgpt2	False	0.4492987096309662	1.1542532444000244
Sarah	3220	Sarah	0	distilbert/distilgpt2	distilbert/distilgpt2	False	1.0	0.0
Ġmoved	3220	 moved	1	distilbert/distilgpt2	distilbert/distilgpt2	False	7.523851195401221e-07	20.342025756835938
ĠDavid	3220	 David	2	distilbert/distilgpt2	distilbert/distilgpt2	False	3.301658944110386e-05	14.886449813842773
Ġbecause	3220	 because	3	distilbert/distilgpt2	distilbert/distilgpt2	False	0.0005172749515622854	10.916781425476074
Ġhe	3220	 he	4	distilbert/distilgpt2	distilbert/distilgpt2	False	0.4581944942474365	1.1259679794311523
David	3221	David	0	distilbert/distilgpt2	distilbert/distilgpt2	False	1.0	0.0
Ġmoved	3221	 moved	1	distilbert/distilgpt2	distilbert/distilgpt2	False	7.994308930392435e-07	20.25452423095703
ĠJohn	3221	 John	2	distilbert/distilgpt2	distilbert/distilgpt2	False	2.0852394300163724e-05	15.549427032470703
Ġbecause	3221	 because	3	distilbert/distilgpt2	distilbert/distilgpt2	False	0.0010795339476317167	9.855375289916992
Ġhe	3221	 he	4	distilbert/distilgpt2	distilbert/distilgpt2	False	0.4056817889213562	1.3015795946121216
Mary	3222	Mary	0	distilbert/distilgpt2	distilbert/distilgpt2	False	1.0	0.0
Ġmoved	3222	 moved	1	distilbert/distilgpt2	distilbert/distilgpt2	False	7.551714134024223e-07	20.336692810058594
ĠJohn	3222	 John	2	distilbert/distilgpt2	distilbert/distilgpt2	False	1.7797206965042278e-05	15.777989387512207
Ġbecause	3222	 because	3	distilbert/distilgpt2	distilbert/distilgpt2	False	0.0013614771887660027	9.520611763000488
Ġhe	3222	 he	4	distilbert/distilgpt2	distilbert/distilgpt2	False	0.4453832805156708	1.16688072681427
David	3223	David	0	distilbert/distilgpt2	distilbert/distilgpt2	False	1.0	0.0
Ġmoved	3223	 moved	1	distilbert/distilgpt2	distilbert/distilgpt2	False	7.994308930392435e-07	20.25452423095703
ĠJohn	3223	 John	2	distilbert/distilgpt2	distilbert/distilgpt2	False	2.0852394300163724e-05	15.549427032470703
Ġbecause	3223	 because	3	distilbert/distilgpt2	distilbert/distilgpt2	False	0.0010795339476317167	9.855375289916992
Ġhe	3223	 he	4	distilbert/distilgpt2	distilbert/distilgpt2	False	0.4056817889213562	1.3015795946121216
Sarah	3224	Sarah	0	distilbert/distilgpt2	distilbert/distilgpt2	False	1.0	0.0
Ġmoved	3224	 moved	1	distilbert/distilgpt2	distilbert/distilgpt2	False	7.523851195401221e-07	20.342025756835938
ĠJohn	3224	 John	2	distilbert/distilgpt2	distilbert/distilgpt2	False	1.562010402267333e-05	15.966236114501953
Ġbecause	3224	 because	3	distilbert/distilgpt2	distilbert/distilgpt2	False	0.0022165814880281687	8.817447662353516
Ġhe	3224	 he	4	distilbert/distilgpt2	distilbert/distilgpt2	False	0.43371570110321045	1.2051784992218018
Mary	3225	Mary	0	distilbert/distilgpt2	distilbert/distilgpt2	False	1.0	0.0
Ġmoved	3225	 moved	1	distilbert/distilgpt2	distilbert/distilgpt2	False	7.551714134024223e-07	20.336692810058594
ĠSarah	3225	 Sarah	2	distilbert/distilgpt2	distilbert/distilgpt2	False	5.069736744189868e-06	17.589656829833984
Ġbecause	3225	 because	3	distilbert/distilgpt2	distilbert/distilgpt2	False	0.0018300265073776245	9.09391975402832
Ġshe	3225	 she	4	distilbert/distilgpt2	distilbert/distilgpt2	False	0.48283007740974426	1.0504125356674194
John	3226	John	0	distilbert/distilgpt2	distilbert/distilgpt2	False	1.0	0.0
Ġmoved	3226	 moved	1	distilbert/distilgpt2	distilbert/distilgpt2	False	7.136106887628557e-07	20.418359756469727
ĠSarah	3226	 Sarah	2	distilbert/distilgpt2	distilbert/distilgpt2	False	5.176068043510895e-06	17.559711456298828
Ġbecause	3226	 because	3	distilbert/distilgpt2	distilbert/distilgpt2	False	0.0015177929308265448	9.363809585571289
Ġshe	3226	 she	4	distilbert/distilgpt2	distilbert/distilgpt2	False	0.45781585574150085	1.127160668373108
Mary	3227	Mary	0	distilbert/distilgpt2	distilbert/distilgpt2	False	1.0	0.0
Ġmoved	3227	 moved	1	distilbert/distilgpt2	distilbert/distilgpt2	False	7.551714134024223e-07	20.336692810058594
ĠSarah	3227	 Sarah	2	distilbert/distilgpt2	distilbert/distilgpt2	False	5.069736744189868e-06	17.589656829833984
Ġbecause	3227	 because	3	distilbert/distilgpt2	distilbert/distilgpt2	False	0.0018300265073776245	9.09391975402832
Ġshe	3227	 she	4	distilbert/distilgpt2	distilbert/distilgpt2	False	0.48283007740974426	1.0504125356674194
David	3228	David	0	distilbert/distilgpt2	distilbert/distilgpt2	False	1.0	0.0
Ġmoved	3228	 moved	1	distilbert/distilgpt2	distilbert/distilgpt2	False	7.994308930392435e-07	20.25452423095703
ĠSarah	3228	 Sarah	2	distilbert/distilgpt2	distilbert/distilgpt2	False	4.349077698861947e-06	17.81085968017578
Ġbecause	3228	 because	3	distilbert/distilgpt2	distilbert/distilgpt2	False	0.001076333224773407	9.859659194946289
Ġshe	3228	 she	4	distilbert/distilgpt2	distilbert/distilgpt2	False	0.45351341366767883	1.1407829523086548
Sarah	3229	Sarah	0	distilbert/distilgpt2	distilbert/distilgpt2	False	1.0	0.0
Ġmoved	3229	 moved	1	distilbert/distilgpt2	distilbert/distilgpt2	False	7.523851195401221e-07	20.342025756835938
ĠMary	3229	 Mary	2	distilbert/distilgpt2	distilbert/distilgpt2	False	1.74987599166343e-05	15.802388191223145
Ġbecause	3229	 because	3	distilbert/distilgpt2	distilbert/distilgpt2	False	0.0007105029653757811	10.458871841430664
Ġshe	3229	 she	4	distilbert/distilgpt2	distilbert/distilgpt2	False	0.4400261342525482	1.184338927268982
John	3230	John	0	distilbert/distilgpt2	distilbert/distilgpt2	False	1.0	0.0
Ġmoved	3230	 moved	1	distilbert/distilgpt2	distilbert/distilgpt2	False	7.136106887628557e-07	20.418359756469727
ĠMary	3230	 Mary	2	distilbert/distilgpt2	distilbert/distilgpt2	False	1.7805305105866864e-05	15.77733325958252
Ġbecause	3230	 because	3	distilbert/distilgpt2	distilbert/distilgpt2	False	0.0006375698139891028	10.615128517150879
Ġshe	3230	 she	4	distilbert/distilgpt2	distilbert/distilgpt2	False	0.4214930236339569	1.2464194297790527
Sarah	3231	Sarah	0	distilbert/distilgpt2	distilbert/distilgpt2	False	1.0	0.0
Ġmoved	3231	 moved	1	distilbert/distilgpt2	distilbert/distilgpt2	False	7.523851195401221e-07	20.342025756835938
ĠMary	3231	 Mary	2	distilbert/distilgpt2	distilbert/distilgpt2	False	1.74987599166343e-05	15.802388191223145
Ġbecause	3231	 because	3	distilbert/distilgpt2	distilbert/distilgpt2	False	0.0007105029653757811	10.458871841430664
Ġshe	3231	 she	4	distilbert/distilgpt2	distilbert/distilgpt2	False	0.4400261342525482	1.184338927268982
David	3232	David	0	distilbert/distilgpt2	distilbert/distilgpt2	False	1.0	0.0
Ġmoved	3232	 moved	1	distilbert/distilgpt2	distilbert/distilgpt2	False	7.994308930392435e-07	20.25452423095703
ĠMary	3232	 Mary	2	distilbert/distilgpt2	distilbert/distilgpt2	False	1.5078085198183544e-05	16.017187118530273
Ġbecause	3232	 because	3	distilbert/distilgpt2	distilbert/distilgpt2	False	0.00039845154969953	11.29330825805664
Ġshe	3232	 she	4	distilbert/distilgpt2	distilbert/distilgpt2	False	0.42074060440063477	1.2489970922470093
John	3233	John	0	distilbert/distilgpt2	distilbert/distilgpt2	False	1.0	0.0
Ġnet	3233	 nettled	1	distilbert/distilgpt2	distilbert/distilgpt2	False	1.7560455489729065e-06	19.119237899780273
t	3233	 nettled	1	distilbert/distilgpt2	distilbert/distilgpt2	False	0.016037993133068085	5.962362766265869
led	3233	 nettled	1	distilbert/distilgpt2	distilbert/distilgpt2	False	0.01732759177684784	5.850785255432129
ĠDavid	3233	 David	2	distilbert/distilgpt2	distilbert/distilgpt2	False	1.8574719433672726e-05	15.716300010681152
Ġbecause	3233	 because	3	distilbert/distilgpt2	distilbert/distilgpt2	False	5.238832818577066e-05	14.2203950881958
Ġhe	3233	 he	4	distilbert/distilgpt2	distilbert/distilgpt2	False	0.3379373848438263	1.5651721954345703
Mary	3234	Mary	0	distilbert/distilgpt2	distilbert/distilgpt2	False	1.0	0.0
Ġnet	3234	 nettled	1	distilbert/distilgpt2	distilbert/distilgpt2	False	2.108981561832479e-06	18.855022430419922
t	3234	 nettled	1	distilbert/distilgpt2	distilbert/distilgpt2	False	0.016858810558915138	5.890353679656982
led	3234	 nettled	1	distilbert/distilgpt2	distilbert/distilgpt2	False	0.016915829852223396	5.885482311248779
ĠDavid	3234	 David	2	distilbert/distilgpt2	distilbert/distilgpt2	False	1.6347545169992372e-05	15.900566101074219
Ġbecause	3234	 because	3	distilbert/distilgpt2	distilbert/distilgpt2	False	9.180699271382764e-05	13.411036491394043
Ġhe	3234	 he	4	distilbert/distilgpt2	distilbert/distilgpt2	False	0.34910616278648376	1.518262267112732
John	3235	John	0	distilbert/distilgpt2	distilbert/distilgpt2	False	1.0	0.0
Ġnet	3235	 nettled	1	distilbert/distilgpt2	distilbert/distilgpt2	False	1.7560455489729065e-06	19.119237899780273
t	3235	 nettled	1	distilbert/distilgpt2	distilbert/distilgpt2	False	0.016037993133068085	5.962362766265869
led	3235	 nettled	1	distilbert/distilgpt2	distilbert/distilgpt2	False	0.01732759177684784	5.850785255432129
ĠDavid	3235	 David	2	distilbert/distilgpt2	distilbert/distilgpt2	False	1.8574719433672726e-05	15.716300010681152
Ġbecause	3235	 because	3	distilbert/distilgpt2	distilbert/distilgpt2	False	5.238832818577066e-05	14.2203950881958
Ġhe	3235	 he	4	distilbert/distilgpt2	distilbert/distilgpt2	False	0.3379373848438263	1.5651721954345703
Sarah	3236	Sarah	0	distilbert/distilgpt2	distilbert/distilgpt2	False	1.0	0.0
Ġnet	3236	 nettled	1	distilbert/distilgpt2	distilbert/distilgpt2	False	1.9817339307337534e-06	18.944805145263672
t	3236	 nettled	1	distilbert/distilgpt2	distilbert/distilgpt2	False	0.013649276457726955	6.195031642913818
led	3236	 nettled	1	distilbert/distilgpt2	distilbert/distilgpt2	False	0.015095473267138004	6.049740314483643
ĠDavid	3236	 David	2	distilbert/distilgpt2	distilbert/distilgpt2	False	3.34944597852882e-05	14.865717887878418
Ġbecause	3236	 because	3	distilbert/distilgpt2	distilbert/distilgpt2	False	6.984527135500684e-05	13.8054780960083
Ġhe	3236	 he	4	distilbert/distilgpt2	distilbert/distilgpt2	False	0.3529914617538452	1.502294898033142
David	3237	David	0	distilbert/distilgpt2	distilbert/distilgpt2	False	1.0	0.0
Ġnet	3237	 nettled	1	distilbert/distilgpt2	distilbert/distilgpt2	False	2.237010448880028e-06	18.769996643066406
t	3237	 nettled	1	distilbert/distilgpt2	distilbert/distilgpt2	False	0.014614621177315712	6.0964436531066895
led	3237	 nettled	1	distilbert/distilgpt2	distilbert/distilgpt2	False	0.01286996528506279	6.279848098754883
ĠJohn	3237	 John	2	distilbert/distilgpt2	distilbert/distilgpt2	False	2.4709610443096608e-05	15.30456829071045
Ġbecause	3237	 because	3	distilbert/distilgpt2	distilbert/distilgpt2	False	0.00014620879665017128	12.7396821975708
Ġhe	3237	 he	4	distilbert/distilgpt2	distilbert/distilgpt2	False	0.3449423611164093	1.5355727672576904
Mary	3238	Mary	0	distilbert/distilgpt2	distilbert/distilgpt2	False	1.0	0.0
Ġnet	3238	 nettled	1	distilbert/distilgpt2	distilbert/distilgpt2	False	2.108981561832479e-06	18.855022430419922
t	3238	 nettled	1	distilbert/distilgpt2	distilbert/distilgpt2	False	0.016858810558915138	5.890353679656982
led	3238	 nettled	1	distilbert/distilgpt2	distilbert/distilgpt2	False	0.016915829852223396	5.885482311248779
ĠJohn	3238	 John	2	distilbert/distilgpt2	distilbert/distilgpt2	False	2.7478683477966115e-05	15.151327133178711
Ġbecause	3238	 because	3	distilbert/distilgpt2	distilbert/distilgpt2	False	0.00023858634813223034	12.033201217651367
Ġhe	3238	 he	4	distilbert/distilgpt2	distilbert/distilgpt2	False	0.35846221446990967	1.480107069015503
David	3239	David	0	distilbert/distilgpt2	distilbert/distilgpt2	False	1.0	0.0
Ġnet	3239	 nettled	1	distilbert/distilgpt2	distilbert/distilgpt2	False	2.237010448880028e-06	18.769996643066406
t	3239	 nettled	1	distilbert/distilgpt2	distilbert/distilgpt2	False	0.014614621177315712	6.0964436531066895
led	3239	 nettled	1	distilbert/distilgpt2	distilbert/distilgpt2	False	0.01286996528506279	6.279848098754883
ĠJohn	3239	 John	2	distilbert/distilgpt2	distilbert/distilgpt2	False	2.4709610443096608e-05	15.30456829071045
Ġbecause	3239	 because	3	distilbert/distilgpt2	distilbert/distilgpt2	False	0.00014620879665017128	12.7396821975708
Ġhe	3239	 he	4	distilbert/distilgpt2	distilbert/distilgpt2	False	0.3449423611164093	1.5355727672576904
Sarah	3240	Sarah	0	distilbert/distilgpt2	distilbert/distilgpt2	False	1.0	0.0
Ġnet	3240	 nettled	1	distilbert/distilgpt2	distilbert/distilgpt2	False	1.9817339307337534e-06	18.944805145263672
t	3240	 nettled	1	distilbert/distilgpt2	distilbert/distilgpt2	False	0.013649276457726955	6.195031642913818
led	3240	 nettled	1	distilbert/distilgpt2	distilbert/distilgpt2	False	0.015095473267138004	6.049740314483643
ĠJohn	3240	 John	2	distilbert/distilgpt2	distilbert/distilgpt2	False	3.903505057678558e-05	14.644869804382324
Ġbecause	3240	 because	3	distilbert/distilgpt2	distilbert/distilgpt2	False	0.0002905233995988965	11.74905776977539
Ġhe	3240	 he	4	distilbert/distilgpt2	distilbert/distilgpt2	False	0.35515502095222473	1.4934792518615723
Mary	3241	Mary	0	distilbert/distilgpt2	distilbert/distilgpt2	False	1.0	0.0
Ġnet	3241	 nettled	1	distilbert/distilgpt2	distilbert/distilgpt2	False	2.108981561832479e-06	18.855022430419922
t	3241	 nettled	1	distilbert/distilgpt2	distilbert/distilgpt2	False	0.016858810558915138	5.890353679656982
led	3241	 nettled	1	distilbert/distilgpt2	distilbert/distilgpt2	False	0.016915829852223396	5.885482311248779
ĠSarah	3241	 Sarah	2	distilbert/distilgpt2	distilbert/distilgpt2	False	5.283676273393212e-06	17.530027389526367
Ġbecause	3241	 because	3	distilbert/distilgpt2	distilbert/distilgpt2	False	0.0003189144772477448	11.614542961120605
Ġshe	3241	 she	4	distilbert/distilgpt2	distilbert/distilgpt2	False	0.3762176036834717	1.4103608131408691
John	3242	John	0	distilbert/distilgpt2	distilbert/distilgpt2	False	1.0	0.0
Ġnet	3242	 nettled	1	distilbert/distilgpt2	distilbert/distilgpt2	False	1.7560455489729065e-06	19.119237899780273
t	3242	 nettled	1	distilbert/distilgpt2	distilbert/distilgpt2	False	0.016037993133068085	5.962362766265869
led	3242	 nettled	1	distilbert/distilgpt2	distilbert/distilgpt2	False	0.01732759177684784	5.850785255432129
ĠSarah	3242	 Sarah	2	distilbert/distilgpt2	distilbert/distilgpt2	False	3.9133060454332735e-06	17.963180541992188
Ġbecause	3242	 because	3	distilbert/distilgpt2	distilbert/distilgpt2	False	0.00023157530813477933	12.076231002807617
Ġshe	3242	 she	4	distilbert/distilgpt2	distilbert/distilgpt2	False	0.3575282096862793	1.4838711023330688
Mary	3243	Mary	0	distilbert/distilgpt2	distilbert/distilgpt2	False	1.0	0.0
Ġnet	3243	 nettled	1	distilbert/distilgpt2	distilbert/distilgpt2	False	2.108981561832479e-06	18.855022430419922
t	3243	 nettled	1	distilbert/distilgpt2	distilbert/distilgpt2	False	0.016858810558915138	5.890353679656982
led	3243	 nettled	1	distilbert/distilgpt2	distilbert/distilgpt2	False	0.016915829852223396	5.885482311248779
ĠSarah	3243	 Sarah	2	distilbert/distilgpt2	distilbert/distilgpt2	False	5.283676273393212e-06	17.530027389526367
Ġbecause	3243	 because	3	distilbert/distilgpt2	distilbert/distilgpt2	False	0.0003189144772477448	11.614542961120605
Ġshe	3243	 she	4	distilbert/distilgpt2	distilbert/distilgpt2	False	0.3762176036834717	1.4103608131408691
David	3244	David	0	distilbert/distilgpt2	distilbert/distilgpt2	False	1.0	0.0
Ġnet	3244	 nettled	1	distilbert/distilgpt2	distilbert/distilgpt2	False	2.237010448880028e-06	18.769996643066406
t	3244	 nettled	1	distilbert/distilgpt2	distilbert/distilgpt2	False	0.014614621177315712	6.0964436531066895
led	3244	 nettled	1	distilbert/distilgpt2	distilbert/distilgpt2	False	0.01286996528506279	6.279848098754883
ĠSarah	3244	 Sarah	2	distilbert/distilgpt2	distilbert/distilgpt2	False	3.019501946255332e-06	18.337257385253906
Ġbecause	3244	 because	3	distilbert/distilgpt2	distilbert/distilgpt2	False	0.00013147472054697573	12.892927169799805
Ġshe	3244	 she	4	distilbert/distilgpt2	distilbert/distilgpt2	False	0.36713507771492004	1.4456171989440918
Sarah	3245	Sarah	0	distilbert/distilgpt2	distilbert/distilgpt2	False	1.0	0.0
Ġnet	3245	 nettled	1	distilbert/distilgpt2	distilbert/distilgpt2	False	1.9817339307337534e-06	18.944805145263672
t	3245	 nettled	1	distilbert/distilgpt2	distilbert/distilgpt2	False	0.013649276457726955	6.195031642913818
led	3245	 nettled	1	distilbert/distilgpt2	distilbert/distilgpt2	False	0.015095473267138004	6.049740314483643
ĠMary	3245	 Mary	2	distilbert/distilgpt2	distilbert/distilgpt2	False	1.1313919458189048e-05	16.431541442871094
Ġbecause	3245	 because	3	distilbert/distilgpt2	distilbert/distilgpt2	False	0.00020784542721230537	12.23220157623291
Ġshe	3245	 she	4	distilbert/distilgpt2	distilbert/distilgpt2	False	0.32859960198402405	1.6055973768234253
John	3246	John	0	distilbert/distilgpt2	distilbert/distilgpt2	False	1.0	0.0
Ġnet	3246	 nettled	1	distilbert/distilgpt2	distilbert/distilgpt2	False	1.7560455489729065e-06	19.119237899780273
t	3246	 nettled	1	distilbert/distilgpt2	distilbert/distilgpt2	False	0.016037993133068085	5.962362766265869
led	3246	 nettled	1	distilbert/distilgpt2	distilbert/distilgpt2	False	0.01732759177684784	5.850785255432129
ĠMary	3246	 Mary	2	distilbert/distilgpt2	distilbert/distilgpt2	False	6.172885605337797e-06	17.30562400817871
Ġbecause	3246	 because	3	distilbert/distilgpt2	distilbert/distilgpt2	False	0.00022523957886733115	12.116251945495605
Ġshe	3246	 she	4	distilbert/distilgpt2	distilbert/distilgpt2	False	0.3191934823989868	1.6474969387054443
Sarah	3247	Sarah	0	distilbert/distilgpt2	distilbert/distilgpt2	False	1.0	0.0
Ġnet	3247	 nettled	1	distilbert/distilgpt2	distilbert/distilgpt2	False	1.9817339307337534e-06	18.944805145263672
t	3247	 nettled	1	distilbert/distilgpt2	distilbert/distilgpt2	False	0.013649276457726955	6.195031642913818
led	3247	 nettled	1	distilbert/distilgpt2	distilbert/distilgpt2	False	0.015095473267138004	6.049740314483643
ĠMary	3247	 Mary	2	distilbert/distilgpt2	distilbert/distilgpt2	False	1.1313919458189048e-05	16.431541442871094
Ġbecause	3247	 because	3	distilbert/distilgpt2	distilbert/distilgpt2	False	0.00020784542721230537	12.23220157623291
Ġshe	3247	 she	4	distilbert/distilgpt2	distilbert/distilgpt2	False	0.32859960198402405	1.6055973768234253
David	3248	David	0	distilbert/distilgpt2	distilbert/distilgpt2	False	1.0	0.0
Ġnet	3248	 nettled	1	distilbert/distilgpt2	distilbert/distilgpt2	False	2.237010448880028e-06	18.769996643066406
t	3248	 nettled	1	distilbert/distilgpt2	distilbert/distilgpt2	False	0.014614621177315712	6.0964436531066895
led	3248	 nettled	1	distilbert/distilgpt2	distilbert/distilgpt2	False	0.01286996528506279	6.279848098754883
ĠMary	3248	 Mary	2	distilbert/distilgpt2	distilbert/distilgpt2	False	4.579789219860686e-06	17.73628807067871
Ġbecause	3248	 because	3	distilbert/distilgpt2	distilbert/distilgpt2	False	0.00014732559793628752	12.728704452514648
Ġshe	3248	 she	4	distilbert/distilgpt2	distilbert/distilgpt2	False	0.330883264541626	1.5956058502197266
John	3249	John	0	distilbert/distilgpt2	distilbert/distilgpt2	False	1.0	0.0
Ġnoticed	3249	 noticed	1	distilbert/distilgpt2	distilbert/distilgpt2	False	5.028238660997886e-07	20.923442840576172
ĠDavid	3249	 David	2	distilbert/distilgpt2	distilbert/distilgpt2	False	0.00011390434519853443	13.099889755249023
Ġbecause	3249	 because	3	distilbert/distilgpt2	distilbert/distilgpt2	False	0.0001075073960237205	13.183276176452637
Ġhe	3249	 he	4	distilbert/distilgpt2	distilbert/distilgpt2	False	0.422096312046051	1.2443559169769287
Mary	3250	Mary	0	distilbert/distilgpt2	distilbert/distilgpt2	False	1.0	0.0
Ġnoticed	3250	 noticed	1	distilbert/distilgpt2	distilbert/distilgpt2	False	4.806537958756962e-07	20.98849868774414
ĠDavid	3250	 David	2	distilbert/distilgpt2	distilbert/distilgpt2	False	0.00011307151726214215	13.11047649383545
Ġbecause	3250	 because	3	distilbert/distilgpt2	distilbert/distilgpt2	False	0.0001361316826660186	12.8427095413208
Ġhe	3250	 he	4	distilbert/distilgpt2	distilbert/distilgpt2	False	0.42574840784072876	1.2319270372390747
John	3251	John	0	distilbert/distilgpt2	distilbert/distilgpt2	False	1.0	0.0
Ġnoticed	3251	 noticed	1	distilbert/distilgpt2	distilbert/distilgpt2	False	5.028238660997886e-07	20.923442840576172
ĠDavid	3251	 David	2	distilbert/distilgpt2	distilbert/distilgpt2	False	0.00011390434519853443	13.099889755249023
Ġbecause	3251	 because	3	distilbert/distilgpt2	distilbert/distilgpt2	False	0.0001075073960237205	13.183276176452637
Ġhe	3251	 he	4	distilbert/distilgpt2	distilbert/distilgpt2	False	0.422096312046051	1.2443559169769287
Sarah	3252	Sarah	0	distilbert/distilgpt2	distilbert/distilgpt2	False	1.0	0.0
Ġnoticed	3252	 noticed	1	distilbert/distilgpt2	distilbert/distilgpt2	False	4.848137109547679e-07	20.97606658935547
ĠDavid	3252	 David	2	distilbert/distilgpt2	distilbert/distilgpt2	False	0.00015242464723996818	12.67961597442627
Ġbecause	3252	 because	3	distilbert/distilgpt2	distilbert/distilgpt2	False	0.00011169196659466252	13.12818717956543
Ġhe	3252	 he	4	distilbert/distilgpt2	distilbert/distilgpt2	False	0.41926881670951843	1.2540526390075684
David	3253	David	0	distilbert/distilgpt2	distilbert/distilgpt2	False	1.0	0.0
Ġnoticed	3253	 noticed	1	distilbert/distilgpt2	distilbert/distilgpt2	False	5.57590510652517e-07	20.774290084838867
ĠJohn	3253	 John	2	distilbert/distilgpt2	distilbert/distilgpt2	False	0.00017681618919596076	12.465461730957031
Ġbecause	3253	 because	3	distilbert/distilgpt2	distilbert/distilgpt2	False	0.0002828695869538933	11.787575721740723
Ġhe	3253	 he	4	distilbert/distilgpt2	distilbert/distilgpt2	False	0.4230608642101288	1.241062879562378
Mary	3254	Mary	0	distilbert/distilgpt2	distilbert/distilgpt2	False	1.0	0.0
Ġnoticed	3254	 noticed	1	distilbert/distilgpt2	distilbert/distilgpt2	False	4.806537958756962e-07	20.98849868774414
ĠJohn	3254	 John	2	distilbert/distilgpt2	distilbert/distilgpt2	False	0.00022087209799792618	12.144500732421875
Ġbecause	3254	 because	3	distilbert/distilgpt2	distilbert/distilgpt2	False	0.0003653831372503191	11.418302536010742
Ġhe	3254	 he	4	distilbert/distilgpt2	distilbert/distilgpt2	False	0.44994860887527466	1.1521679162979126
David	3255	David	0	distilbert/distilgpt2	distilbert/distilgpt2	False	1.0	0.0
Ġnoticed	3255	 noticed	1	distilbert/distilgpt2	distilbert/distilgpt2	False	5.57590510652517e-07	20.774290084838867
ĠJohn	3255	 John	2	distilbert/distilgpt2	distilbert/distilgpt2	False	0.00017681618919596076	12.465461730957031
Ġbecause	3255	 because	3	distilbert/distilgpt2	distilbert/distilgpt2	False	0.0002828695869538933	11.787575721740723
Ġhe	3255	 he	4	distilbert/distilgpt2	distilbert/distilgpt2	False	0.4230608642101288	1.241062879562378
Sarah	3256	Sarah	0	distilbert/distilgpt2	distilbert/distilgpt2	False	1.0	0.0
Ġnoticed	3256	 noticed	1	distilbert/distilgpt2	distilbert/distilgpt2	False	4.848137109547679e-07	20.97606658935547
ĠJohn	3256	 John	2	distilbert/distilgpt2	distilbert/distilgpt2	False	0.00022437363804783672	12.121809005737305
Ġbecause	3256	 because	3	distilbert/distilgpt2	distilbert/distilgpt2	False	0.0004952934687025845	10.979429244995117
Ġhe	3256	 he	4	distilbert/distilgpt2	distilbert/distilgpt2	False	0.43325769901275635	1.206702709197998
Mary	3257	Mary	0	distilbert/distilgpt2	distilbert/distilgpt2	False	1.0	0.0
Ġnoticed	3257	 noticed	1	distilbert/distilgpt2	distilbert/distilgpt2	False	4.806537958756962e-07	20.98849868774414
ĠSarah	3257	 Sarah	2	distilbert/distilgpt2	distilbert/distilgpt2	False	3.8419024349423125e-05	14.66781997680664
Ġbecause	3257	 because	3	distilbert/distilgpt2	distilbert/distilgpt2	False	0.0002739650954026729	11.833720207214355
Ġshe	3257	 she	4	distilbert/distilgpt2	distilbert/distilgpt2	False	0.5042144656181335	0.9878907203674316
John	3258	John	0	distilbert/distilgpt2	distilbert/distilgpt2	False	1.0	0.0
Ġnoticed	3258	 noticed	1	distilbert/distilgpt2	distilbert/distilgpt2	False	5.028238660997886e-07	20.923442840576172
ĠSarah	3258	 Sarah	2	distilbert/distilgpt2	distilbert/distilgpt2	False	2.256554944324307e-05	15.435518264770508
Ġbecause	3258	 because	3	distilbert/distilgpt2	distilbert/distilgpt2	False	0.00025247634039260447	11.951563835144043
Ġshe	3258	 she	4	distilbert/distilgpt2	distilbert/distilgpt2	False	0.4614686667919159	1.1156954765319824
Mary	3259	Mary	0	distilbert/distilgpt2	distilbert/distilgpt2	False	1.0	0.0
Ġnoticed	3259	 noticed	1	distilbert/distilgpt2	distilbert/distilgpt2	False	4.806537958756962e-07	20.98849868774414
ĠSarah	3259	 Sarah	2	distilbert/distilgpt2	distilbert/distilgpt2	False	3.8419024349423125e-05	14.66781997680664
Ġbecause	3259	 because	3	distilbert/distilgpt2	distilbert/distilgpt2	False	0.0002739650954026729	11.833720207214355
Ġshe	3259	 she	4	distilbert/distilgpt2	distilbert/distilgpt2	False	0.5042144656181335	0.9878907203674316
David	3260	David	0	distilbert/distilgpt2	distilbert/distilgpt2	False	1.0	0.0
Ġnoticed	3260	 noticed	1	distilbert/distilgpt2	distilbert/distilgpt2	False	5.57590510652517e-07	20.774290084838867
ĠSarah	3260	 Sarah	2	distilbert/distilgpt2	distilbert/distilgpt2	False	1.8055468899547122e-05	15.757204055786133
Ġbecause	3260	 because	3	distilbert/distilgpt2	distilbert/distilgpt2	False	0.0001991227181861177	12.294054985046387
Ġshe	3260	 she	4	distilbert/distilgpt2	distilbert/distilgpt2	False	0.4492562413215637	1.1543896198272705
Sarah	3261	Sarah	0	distilbert/distilgpt2	distilbert/distilgpt2	False	1.0	0.0
Ġnoticed	3261	 noticed	1	distilbert/distilgpt2	distilbert/distilgpt2	False	4.848137109547679e-07	20.97606658935547
ĠMary	3261	 Mary	2	distilbert/distilgpt2	distilbert/distilgpt2	False	9.028587373904884e-05	13.435140609741211
Ġbecause	3261	 because	3	distilbert/distilgpt2	distilbert/distilgpt2	False	0.00014066838775761425	12.795413970947266
Ġshe	3261	 she	4	distilbert/distilgpt2	distilbert/distilgpt2	False	0.4219472408294678	1.2448655366897583
John	3262	John	0	distilbert/distilgpt2	distilbert/distilgpt2	False	1.0	0.0
Ġnoticed	3262	 noticed	1	distilbert/distilgpt2	distilbert/distilgpt2	False	5.028238660997886e-07	20.923442840576172
ĠMary	3262	 Mary	2	distilbert/distilgpt2	distilbert/distilgpt2	False	4.990940578863956e-05	14.290328979492188
Ġbecause	3262	 because	3	distilbert/distilgpt2	distilbert/distilgpt2	False	0.00016328418860211968	12.580327033996582
Ġshe	3262	 she	4	distilbert/distilgpt2	distilbert/distilgpt2	False	0.4288683235645294	1.221393346786499
Sarah	3263	Sarah	0	distilbert/distilgpt2	distilbert/distilgpt2	False	1.0	0.0
Ġnoticed	3263	 noticed	1	distilbert/distilgpt2	distilbert/distilgpt2	False	4.848137109547679e-07	20.97606658935547
ĠMary	3263	 Mary	2	distilbert/distilgpt2	distilbert/distilgpt2	False	9.028587373904884e-05	13.435140609741211
Ġbecause	3263	 because	3	distilbert/distilgpt2	distilbert/distilgpt2	False	0.00014066838775761425	12.795413970947266
Ġshe	3263	 she	4	distilbert/distilgpt2	distilbert/distilgpt2	False	0.4219472408294678	1.2448655366897583
David	3264	David	0	distilbert/distilgpt2	distilbert/distilgpt2	False	1.0	0.0
Ġnoticed	3264	 noticed	1	distilbert/distilgpt2	distilbert/distilgpt2	False	5.57590510652517e-07	20.774290084838867
ĠMary	3264	 Mary	2	distilbert/distilgpt2	distilbert/distilgpt2	False	3.217851553927176e-05	14.923542976379395
Ġbecause	3264	 because	3	distilbert/distilgpt2	distilbert/distilgpt2	False	0.00011064747377531603	13.141741752624512
Ġshe	3264	 she	4	distilbert/distilgpt2	distilbert/distilgpt2	False	0.41019994020462036	1.2856009006500244
John	3265	John	0	distilbert/distilgpt2	distilbert/distilgpt2	False	1.0	0.0
Ġn	3265	 nuzzled	1	distilbert/distilgpt2	distilbert/distilgpt2	False	2.5796829504542984e-05	15.242446899414062
uzz	3265	 nuzzled	1	distilbert/distilgpt2	distilbert/distilgpt2	False	0.0009970978135243058	9.969977378845215
led	3265	 nuzzled	1	distilbert/distilgpt2	distilbert/distilgpt2	False	0.10089845955371857	3.309023857116699
ĠDavid	3265	 David	2	distilbert/distilgpt2	distilbert/distilgpt2	False	6.283511902438477e-05	13.95806884765625
Ġbecause	3265	 because	3	distilbert/distilgpt2	distilbert/distilgpt2	False	0.0002118653937941417	12.204564094543457
Ġhe	3265	 he	4	distilbert/distilgpt2	distilbert/distilgpt2	False	0.39266279339790344	1.3486372232437134
Mary	3266	Mary	0	distilbert/distilgpt2	distilbert/distilgpt2	False	1.0	0.0
Ġn	3266	 nuzzled	1	distilbert/distilgpt2	distilbert/distilgpt2	False	2.75180736934999e-05	15.149260520935059
uzz	3266	 nuzzled	1	distilbert/distilgpt2	distilbert/distilgpt2	False	0.0012912354432046413	9.59703254699707
led	3266	 nuzzled	1	distilbert/distilgpt2	distilbert/distilgpt2	False	0.13700562715530396	2.8676929473876953
ĠDavid	3266	 David	2	distilbert/distilgpt2	distilbert/distilgpt2	False	4.042989530717023e-05	14.594218254089355
Ġbecause	3266	 because	3	distilbert/distilgpt2	distilbert/distilgpt2	False	0.00040495730354450643	11.269942283630371
Ġhe	3266	 he	4	distilbert/distilgpt2	distilbert/distilgpt2	False	0.4046355187892914	1.3053051233291626
John	3267	John	0	distilbert/distilgpt2	distilbert/distilgpt2	False	1.0	0.0
Ġn	3267	 nuzzled	1	distilbert/distilgpt2	distilbert/distilgpt2	False	2.5796829504542984e-05	15.242446899414062
uzz	3267	 nuzzled	1	distilbert/distilgpt2	distilbert/distilgpt2	False	0.0009970978135243058	9.969977378845215
led	3267	 nuzzled	1	distilbert/distilgpt2	distilbert/distilgpt2	False	0.10089845955371857	3.309023857116699
ĠDavid	3267	 David	2	distilbert/distilgpt2	distilbert/distilgpt2	False	6.283511902438477e-05	13.95806884765625
Ġbecause	3267	 because	3	distilbert/distilgpt2	distilbert/distilgpt2	False	0.0002118653937941417	12.204564094543457
Ġhe	3267	 he	4	distilbert/distilgpt2	distilbert/distilgpt2	False	0.39266279339790344	1.3486372232437134
Sarah	3268	Sarah	0	distilbert/distilgpt2	distilbert/distilgpt2	False	1.0	0.0
Ġn	3268	 nuzzled	1	distilbert/distilgpt2	distilbert/distilgpt2	False	2.88198880298296e-05	15.082575798034668
uzz	3268	 nuzzled	1	distilbert/distilgpt2	distilbert/distilgpt2	False	0.0019355439580976963	9.013045310974121
led	3268	 nuzzled	1	distilbert/distilgpt2	distilbert/distilgpt2	False	0.1206759512424469	3.0507898330688477
ĠDavid	3268	 David	2	distilbert/distilgpt2	distilbert/distilgpt2	False	3.8561702240258455e-05	14.662471771240234
Ġbecause	3268	 because	3	distilbert/distilgpt2	distilbert/distilgpt2	False	0.00026174986851401627	11.899523735046387
Ġhe	3268	 he	4	distilbert/distilgpt2	distilbert/distilgpt2	False	0.40500426292419434	1.3039910793304443
David	3269	David	0	distilbert/distilgpt2	distilbert/distilgpt2	False	1.0	0.0
Ġn	3269	 nuzzled	1	distilbert/distilgpt2	distilbert/distilgpt2	False	2.706206032598857e-05	15.173368453979492
uzz	3269	 nuzzled	1	distilbert/distilgpt2	distilbert/distilgpt2	False	0.001087935990653932	9.84419059753418
led	3269	 nuzzled	1	distilbert/distilgpt2	distilbert/distilgpt2	False	0.12373959273099899	3.0146210193634033
ĠJohn	3269	 John	2	distilbert/distilgpt2	distilbert/distilgpt2	False	0.0001430357515346259	12.771336555480957
Ġbecause	3269	 because	3	distilbert/distilgpt2	distilbert/distilgpt2	False	0.0005773668526671827	10.758224487304688
Ġhe	3269	 he	4	distilbert/distilgpt2	distilbert/distilgpt2	False	0.39360329508781433	1.3451858758926392
Mary	3270	Mary	0	distilbert/distilgpt2	distilbert/distilgpt2	False	1.0	0.0
Ġn	3270	 nuzzled	1	distilbert/distilgpt2	distilbert/distilgpt2	False	2.75180736934999e-05	15.149260520935059
uzz	3270	 nuzzled	1	distilbert/distilgpt2	distilbert/distilgpt2	False	0.0012912354432046413	9.59703254699707
led	3270	 nuzzled	1	distilbert/distilgpt2	distilbert/distilgpt2	False	0.13700562715530396	2.8676929473876953
ĠJohn	3270	 John	2	distilbert/distilgpt2	distilbert/distilgpt2	False	8.048423478612676e-05	13.600934028625488
Ġbecause	3270	 because	3	distilbert/distilgpt2	distilbert/distilgpt2	False	0.0008328680996783078	10.22962474822998
Ġhe	3270	 he	4	distilbert/distilgpt2	distilbert/distilgpt2	False	0.41426897048950195	1.2713603973388672
David	3271	David	0	distilbert/distilgpt2	distilbert/distilgpt2	False	1.0	0.0
Ġn	3271	 nuzzled	1	distilbert/distilgpt2	distilbert/distilgpt2	False	2.706206032598857e-05	15.173368453979492
uzz	3271	 nuzzled	1	distilbert/distilgpt2	distilbert/distilgpt2	False	0.001087935990653932	9.84419059753418
led	3271	 nuzzled	1	distilbert/distilgpt2	distilbert/distilgpt2	False	0.12373959273099899	3.0146210193634033
ĠJohn	3271	 John	2	distilbert/distilgpt2	distilbert/distilgpt2	False	0.0001430357515346259	12.771336555480957
Ġbecause	3271	 because	3	distilbert/distilgpt2	distilbert/distilgpt2	False	0.0005773668526671827	10.758224487304688
Ġhe	3271	 he	4	distilbert/distilgpt2	distilbert/distilgpt2	False	0.39360329508781433	1.3451858758926392
Sarah	3272	Sarah	0	distilbert/distilgpt2	distilbert/distilgpt2	False	1.0	0.0
Ġn	3272	 nuzzled	1	distilbert/distilgpt2	distilbert/distilgpt2	False	2.88198880298296e-05	15.082575798034668
uzz	3272	 nuzzled	1	distilbert/distilgpt2	distilbert/distilgpt2	False	0.0019355439580976963	9.013045310974121
led	3272	 nuzzled	1	distilbert/distilgpt2	distilbert/distilgpt2	False	0.1206759512424469	3.0507898330688477
ĠJohn	3272	 John	2	distilbert/distilgpt2	distilbert/distilgpt2	False	5.678218076354824e-05	14.104202270507812
Ġbecause	3272	 because	3	distilbert/distilgpt2	distilbert/distilgpt2	False	0.0010484083322808146	9.897583961486816
Ġhe	3272	 he	4	distilbert/distilgpt2	distilbert/distilgpt2	False	0.3971875011920929	1.3321079015731812
Mary	3273	Mary	0	distilbert/distilgpt2	distilbert/distilgpt2	False	1.0	0.0
Ġn	3273	 nuzzled	1	distilbert/distilgpt2	distilbert/distilgpt2	False	2.75180736934999e-05	15.149260520935059
uzz	3273	 nuzzled	1	distilbert/distilgpt2	distilbert/distilgpt2	False	0.0012912354432046413	9.59703254699707
led	3273	 nuzzled	1	distilbert/distilgpt2	distilbert/distilgpt2	False	0.13700562715530396	2.8676929473876953
ĠSarah	3273	 Sarah	2	distilbert/distilgpt2	distilbert/distilgpt2	False	5.328578845364973e-05	14.195889472961426
Ġbecause	3273	 because	3	distilbert/distilgpt2	distilbert/distilgpt2	False	0.000877988466527313	10.153510093688965
Ġshe	3273	 she	4	distilbert/distilgpt2	distilbert/distilgpt2	False	0.44687655568122864	1.162051796913147
John	3274	John	0	distilbert/distilgpt2	distilbert/distilgpt2	False	1.0	0.0
Ġn	3274	 nuzzled	1	distilbert/distilgpt2	distilbert/distilgpt2	False	2.5796829504542984e-05	15.242446899414062
uzz	3274	 nuzzled	1	distilbert/distilgpt2	distilbert/distilgpt2	False	0.0009970978135243058	9.969977378845215
led	3274	 nuzzled	1	distilbert/distilgpt2	distilbert/distilgpt2	False	0.10089845955371857	3.309023857116699
ĠSarah	3274	 Sarah	2	distilbert/distilgpt2	distilbert/distilgpt2	False	5.32311387360096e-05	14.197369575500488
Ġbecause	3274	 because	3	distilbert/distilgpt2	distilbert/distilgpt2	False	0.0006385906599462032	10.612820625305176
Ġshe	3274	 she	4	distilbert/distilgpt2	distilbert/distilgpt2	False	0.40167587995529175	1.3158962726593018
Mary	3275	Mary	0	distilbert/distilgpt2	distilbert/distilgpt2	False	1.0	0.0
Ġn	3275	 nuzzled	1	distilbert/distilgpt2	distilbert/distilgpt2	False	2.75180736934999e-05	15.149260520935059
uzz	3275	 nuzzled	1	distilbert/distilgpt2	distilbert/distilgpt2	False	0.0012912354432046413	9.59703254699707
led	3275	 nuzzled	1	distilbert/distilgpt2	distilbert/distilgpt2	False	0.13700562715530396	2.8676929473876953
ĠSarah	3275	 Sarah	2	distilbert/distilgpt2	distilbert/distilgpt2	False	5.328578845364973e-05	14.195889472961426
Ġbecause	3275	 because	3	distilbert/distilgpt2	distilbert/distilgpt2	False	0.000877988466527313	10.153510093688965
Ġshe	3275	 she	4	distilbert/distilgpt2	distilbert/distilgpt2	False	0.44687655568122864	1.162051796913147
David	3276	David	0	distilbert/distilgpt2	distilbert/distilgpt2	False	1.0	0.0
Ġn	3276	 nuzzled	1	distilbert/distilgpt2	distilbert/distilgpt2	False	2.706206032598857e-05	15.173368453979492
uzz	3276	 nuzzled	1	distilbert/distilgpt2	distilbert/distilgpt2	False	0.001087935990653932	9.84419059753418
led	3276	 nuzzled	1	distilbert/distilgpt2	distilbert/distilgpt2	False	0.12373959273099899	3.0146210193634033
ĠSarah	3276	 Sarah	2	distilbert/distilgpt2	distilbert/distilgpt2	False	6.328266317723319e-05	13.947830200195312
Ġbecause	3276	 because	3	distilbert/distilgpt2	distilbert/distilgpt2	False	0.0004686172178480774	11.05930233001709
Ġshe	3276	 she	4	distilbert/distilgpt2	distilbert/distilgpt2	False	0.39417174458503723	1.3431037664413452
Sarah	3277	Sarah	0	distilbert/distilgpt2	distilbert/distilgpt2	False	1.0	0.0
Ġn	3277	 nuzzled	1	distilbert/distilgpt2	distilbert/distilgpt2	False	2.88198880298296e-05	15.082575798034668
uzz	3277	 nuzzled	1	distilbert/distilgpt2	distilbert/distilgpt2	False	0.0019355439580976963	9.013045310974121
led	3277	 nuzzled	1	distilbert/distilgpt2	distilbert/distilgpt2	False	0.1206759512424469	3.0507898330688477
ĠMary	3277	 Mary	2	distilbert/distilgpt2	distilbert/distilgpt2	False	6.0369195125531405e-05	14.015828132629395
Ġbecause	3277	 because	3	distilbert/distilgpt2	distilbert/distilgpt2	False	0.0003408585034776479	11.518539428710938
Ġshe	3277	 she	4	distilbert/distilgpt2	distilbert/distilgpt2	False	0.3950766324996948	1.3397955894470215
John	3278	John	0	distilbert/distilgpt2	distilbert/distilgpt2	False	1.0	0.0
Ġn	3278	 nuzzled	1	distilbert/distilgpt2	distilbert/distilgpt2	False	2.5796829504542984e-05	15.242446899414062
uzz	3278	 nuzzled	1	distilbert/distilgpt2	distilbert/distilgpt2	False	0.0009970978135243058	9.969977378845215
led	3278	 nuzzled	1	distilbert/distilgpt2	distilbert/distilgpt2	False	0.10089845955371857	3.309023857116699
ĠMary	3278	 Mary	2	distilbert/distilgpt2	distilbert/distilgpt2	False	5.658908048644662e-05	14.109116554260254
Ġbecause	3278	 because	3	distilbert/distilgpt2	distilbert/distilgpt2	False	0.00046542141353711486	11.069174766540527
Ġshe	3278	 she	4	distilbert/distilgpt2	distilbert/distilgpt2	False	0.37662479281425476	1.4088001251220703
Sarah	3279	Sarah	0	distilbert/distilgpt2	distilbert/distilgpt2	False	1.0	0.0
Ġn	3279	 nuzzled	1	distilbert/distilgpt2	distilbert/distilgpt2	False	2.88198880298296e-05	15.082575798034668
uzz	3279	 nuzzled	1	distilbert/distilgpt2	distilbert/distilgpt2	False	0.0019355439580976963	9.013045310974121
led	3279	 nuzzled	1	distilbert/distilgpt2	distilbert/distilgpt2	False	0.1206759512424469	3.0507898330688477
ĠMary	3279	 Mary	2	distilbert/distilgpt2	distilbert/distilgpt2	False	6.0369195125531405e-05	14.015828132629395
Ġbecause	3279	 because	3	distilbert/distilgpt2	distilbert/distilgpt2	False	0.0003408585034776479	11.518539428710938
Ġshe	3279	 she	4	distilbert/distilgpt2	distilbert/distilgpt2	False	0.3950766324996948	1.3397955894470215
David	3280	David	0	distilbert/distilgpt2	distilbert/distilgpt2	False	1.0	0.0
Ġn	3280	 nuzzled	1	distilbert/distilgpt2	distilbert/distilgpt2	False	2.706206032598857e-05	15.173368453979492
uzz	3280	 nuzzled	1	distilbert/distilgpt2	distilbert/distilgpt2	False	0.001087935990653932	9.84419059753418
led	3280	 nuzzled	1	distilbert/distilgpt2	distilbert/distilgpt2	False	0.12373959273099899	3.0146210193634033
ĠMary	3280	 Mary	2	distilbert/distilgpt2	distilbert/distilgpt2	False	5.239317397354171e-05	14.220261573791504
Ġbecause	3280	 because	3	distilbert/distilgpt2	distilbert/distilgpt2	False	0.00025351671501994133	11.94563102722168
Ġshe	3280	 she	4	distilbert/distilgpt2	distilbert/distilgpt2	False	0.3728239834308624	1.4234334230422974
John	3281	John	0	distilbert/distilgpt2	distilbert/distilgpt2	False	1.0	0.0
Ġordered	3281	 ordered	1	distilbert/distilgpt2	distilbert/distilgpt2	False	3.132506662950618e-07	21.606178283691406
Ġaround	3281	 around	2	distilbert/distilgpt2	distilbert/distilgpt2	False	0.00025598215870559216	11.931669235229492
ĠDavid	3281	 David	3	distilbert/distilgpt2	distilbert/distilgpt2	False	9.415229214937426e-06	16.69657325744629
Ġbecause	3281	 because	4	distilbert/distilgpt2	distilbert/distilgpt2	False	0.0002031455369433388	12.265198707580566
Ġhe	3281	 he	5	distilbert/distilgpt2	distilbert/distilgpt2	False	0.39984196424484253	1.3224982023239136
Mary	3282	Mary	0	distilbert/distilgpt2	distilbert/distilgpt2	False	1.0	0.0
Ġordered	3282	 ordered	1	distilbert/distilgpt2	distilbert/distilgpt2	False	3.6547385207086336e-07	21.38372802734375
Ġaround	3282	 around	2	distilbert/distilgpt2	distilbert/distilgpt2	False	0.0003469953080639243	11.492795944213867
ĠDavid	3282	 David	3	distilbert/distilgpt2	distilbert/distilgpt2	False	7.1560439209861215e-06	17.0924072265625
Ġbecause	3282	 because	4	distilbert/distilgpt2	distilbert/distilgpt2	False	0.0002809200086630881	11.797553062438965
Ġhe	3282	 he	5	distilbert/distilgpt2	distilbert/distilgpt2	False	0.39942067861557007	1.3240190744400024
John	3283	John	0	distilbert/distilgpt2	distilbert/distilgpt2	False	1.0	0.0
Ġordered	3283	 ordered	1	distilbert/distilgpt2	distilbert/distilgpt2	False	3.132506662950618e-07	21.606178283691406
Ġaround	3283	 around	2	distilbert/distilgpt2	distilbert/distilgpt2	False	0.00025598215870559216	11.931669235229492
ĠDavid	3283	 David	3	distilbert/distilgpt2	distilbert/distilgpt2	False	9.415229214937426e-06	16.69657325744629
Ġbecause	3283	 because	4	distilbert/distilgpt2	distilbert/distilgpt2	False	0.0002031455369433388	12.265198707580566
Ġhe	3283	 he	5	distilbert/distilgpt2	distilbert/distilgpt2	False	0.39984196424484253	1.3224982023239136
Sarah	3284	Sarah	0	distilbert/distilgpt2	distilbert/distilgpt2	False	1.0	0.0
Ġordered	3284	 ordered	1	distilbert/distilgpt2	distilbert/distilgpt2	False	3.716585581514664e-07	21.35951805114746
Ġaround	3284	 around	2	distilbert/distilgpt2	distilbert/distilgpt2	False	0.0005982975126244128	10.706849098205566
ĠDavid	3284	 David	3	distilbert/distilgpt2	distilbert/distilgpt2	False	4.034590801893501e-06	17.919145584106445
Ġbecause	3284	 because	4	distilbert/distilgpt2	distilbert/distilgpt2	False	0.0003136361774522811	11.638620376586914
Ġhe	3284	 he	5	distilbert/distilgpt2	distilbert/distilgpt2	False	0.41893118619918823	1.255214810371399
David	3285	David	0	distilbert/distilgpt2	distilbert/distilgpt2	False	1.0	0.0
Ġordered	3285	 ordered	1	distilbert/distilgpt2	distilbert/distilgpt2	False	3.5244954688096186e-07	21.436079025268555
Ġaround	3285	 around	2	distilbert/distilgpt2	distilbert/distilgpt2	False	0.0002591280499473214	11.914047241210938
ĠJohn	3285	 John	3	distilbert/distilgpt2	distilbert/distilgpt2	False	1.2032974154863041e-05	16.342647552490234
Ġbecause	3285	 because	4	distilbert/distilgpt2	distilbert/distilgpt2	False	0.00019410384993534535	12.330883979797363
Ġhe	3285	 he	5	distilbert/distilgpt2	distilbert/distilgpt2	False	0.3900230824947357	1.3583686351776123
Mary	3286	Mary	0	distilbert/distilgpt2	distilbert/distilgpt2	False	1.0	0.0
Ġordered	3286	 ordered	1	distilbert/distilgpt2	distilbert/distilgpt2	False	3.6547385207086336e-07	21.38372802734375
Ġaround	3286	 around	2	distilbert/distilgpt2	distilbert/distilgpt2	False	0.0003469953080639243	11.492795944213867
ĠJohn	3286	 John	3	distilbert/distilgpt2	distilbert/distilgpt2	False	2.1838286556885578e-05	15.482780456542969
Ġbecause	3286	 because	4	distilbert/distilgpt2	distilbert/distilgpt2	False	0.00031937650055624545	11.612454414367676
Ġhe	3286	 he	5	distilbert/distilgpt2	distilbert/distilgpt2	False	0.40921273827552795	1.2890770435333252
David	3287	David	0	distilbert/distilgpt2	distilbert/distilgpt2	False	1.0	0.0
Ġordered	3287	 ordered	1	distilbert/distilgpt2	distilbert/distilgpt2	False	3.5244954688096186e-07	21.436079025268555
Ġaround	3287	 around	2	distilbert/distilgpt2	distilbert/distilgpt2	False	0.0002591280499473214	11.914047241210938
ĠJohn	3287	 John	3	distilbert/distilgpt2	distilbert/distilgpt2	False	1.2032974154863041e-05	16.342647552490234
Ġbecause	3287	 because	4	distilbert/distilgpt2	distilbert/distilgpt2	False	0.00019410384993534535	12.330883979797363
Ġhe	3287	 he	5	distilbert/distilgpt2	distilbert/distilgpt2	False	0.3900230824947357	1.3583686351776123
Sarah	3288	Sarah	0	distilbert/distilgpt2	distilbert/distilgpt2	False	1.0	0.0
Ġordered	3288	 ordered	1	distilbert/distilgpt2	distilbert/distilgpt2	False	3.716585581514664e-07	21.35951805114746
Ġaround	3288	 around	2	distilbert/distilgpt2	distilbert/distilgpt2	False	0.0005982975126244128	10.706849098205566
ĠJohn	3288	 John	3	distilbert/distilgpt2	distilbert/distilgpt2	False	1.0870357073144987e-05	16.489240646362305
Ġbecause	3288	 because	4	distilbert/distilgpt2	distilbert/distilgpt2	False	0.0006625370588153601	10.559711456298828
Ġhe	3288	 he	5	distilbert/distilgpt2	distilbert/distilgpt2	False	0.4059959352016449	1.3004628419876099
Mary	3289	Mary	0	distilbert/distilgpt2	distilbert/distilgpt2	False	1.0	0.0
Ġordered	3289	 ordered	1	distilbert/distilgpt2	distilbert/distilgpt2	False	3.6547385207086336e-07	21.38372802734375
Ġaround	3289	 around	2	distilbert/distilgpt2	distilbert/distilgpt2	False	0.0003469953080639243	11.492795944213867
ĠSarah	3289	 Sarah	3	distilbert/distilgpt2	distilbert/distilgpt2	False	3.7204176805971656e-06	18.036104202270508
Ġbecause	3289	 because	4	distilbert/distilgpt2	distilbert/distilgpt2	False	0.0016125041292980313	9.276481628417969
Ġshe	3289	 she	5	distilbert/distilgpt2	distilbert/distilgpt2	False	0.49086979031562805	1.026587724685669
John	3290	John	0	distilbert/distilgpt2	distilbert/distilgpt2	False	1.0	0.0
Ġordered	3290	 ordered	1	distilbert/distilgpt2	distilbert/distilgpt2	False	3.132506662950618e-07	21.606178283691406
Ġaround	3290	 around	2	distilbert/distilgpt2	distilbert/distilgpt2	False	0.00025598215870559216	11.931669235229492
ĠSarah	3290	 Sarah	3	distilbert/distilgpt2	distilbert/distilgpt2	False	3.3815751976362662e-06	18.173873901367188
Ġbecause	3290	 because	4	distilbert/distilgpt2	distilbert/distilgpt2	False	0.0013061085483059287	9.580509185791016
Ġshe	3290	 she	5	distilbert/distilgpt2	distilbert/distilgpt2	False	0.46836158633232117	1.094305396080017
Mary	3291	Mary	0	distilbert/distilgpt2	distilbert/distilgpt2	False	1.0	0.0
Ġordered	3291	 ordered	1	distilbert/distilgpt2	distilbert/distilgpt2	False	3.6547385207086336e-07	21.38372802734375
Ġaround	3291	 around	2	distilbert/distilgpt2	distilbert/distilgpt2	False	0.0003469953080639243	11.492795944213867
ĠSarah	3291	 Sarah	3	distilbert/distilgpt2	distilbert/distilgpt2	False	3.7204176805971656e-06	18.036104202270508
Ġbecause	3291	 because	4	distilbert/distilgpt2	distilbert/distilgpt2	False	0.0016125041292980313	9.276481628417969
Ġshe	3291	 she	5	distilbert/distilgpt2	distilbert/distilgpt2	False	0.49086979031562805	1.026587724685669
David	3292	David	0	distilbert/distilgpt2	distilbert/distilgpt2	False	1.0	0.0
Ġordered	3292	 ordered	1	distilbert/distilgpt2	distilbert/distilgpt2	False	3.5244954688096186e-07	21.436079025268555
Ġaround	3292	 around	2	distilbert/distilgpt2	distilbert/distilgpt2	False	0.0002591280499473214	11.914047241210938
ĠSarah	3292	 Sarah	3	distilbert/distilgpt2	distilbert/distilgpt2	False	1.7145212041214108e-06	19.153762817382812
Ġbecause	3292	 because	4	distilbert/distilgpt2	distilbert/distilgpt2	False	0.0006578307948075235	10.569995880126953
Ġshe	3292	 she	5	distilbert/distilgpt2	distilbert/distilgpt2	False	0.4754277467727661	1.0727020502090454
Sarah	3293	Sarah	0	distilbert/distilgpt2	distilbert/distilgpt2	False	1.0	0.0
Ġordered	3293	 ordered	1	distilbert/distilgpt2	distilbert/distilgpt2	False	3.716585581514664e-07	21.35951805114746
Ġaround	3293	 around	2	distilbert/distilgpt2	distilbert/distilgpt2	False	0.0005982975126244128	10.706849098205566
ĠMary	3293	 Mary	3	distilbert/distilgpt2	distilbert/distilgpt2	False	5.027531187806744e-06	17.60171890258789
Ġbecause	3293	 because	4	distilbert/distilgpt2	distilbert/distilgpt2	False	0.0007594967028126121	10.362668991088867
Ġshe	3293	 she	5	distilbert/distilgpt2	distilbert/distilgpt2	False	0.4275940954685211	1.2256861925125122
John	3294	John	0	distilbert/distilgpt2	distilbert/distilgpt2	False	1.0	0.0
Ġordered	3294	 ordered	1	distilbert/distilgpt2	distilbert/distilgpt2	False	3.132506662950618e-07	21.606178283691406
Ġaround	3294	 around	2	distilbert/distilgpt2	distilbert/distilgpt2	False	0.00025598215870559216	11.931669235229492
ĠMary	3294	 Mary	3	distilbert/distilgpt2	distilbert/distilgpt2	False	7.689294761803467e-06	16.988718032836914
Ġbecause	3294	 because	4	distilbert/distilgpt2	distilbert/distilgpt2	False	0.0008376874029636383	10.22130012512207
Ġshe	3294	 she	5	distilbert/distilgpt2	distilbert/distilgpt2	False	0.4036366045475006	1.3088711500167847
Sarah	3295	Sarah	0	distilbert/distilgpt2	distilbert/distilgpt2	False	1.0	0.0
Ġordered	3295	 ordered	1	distilbert/distilgpt2	distilbert/distilgpt2	False	3.716585581514664e-07	21.35951805114746
Ġaround	3295	 around	2	distilbert/distilgpt2	distilbert/distilgpt2	False	0.0005982975126244128	10.706849098205566
ĠMary	3295	 Mary	3	distilbert/distilgpt2	distilbert/distilgpt2	False	5.027531187806744e-06	17.60171890258789
Ġbecause	3295	 because	4	distilbert/distilgpt2	distilbert/distilgpt2	False	0.0007594967028126121	10.362668991088867
Ġshe	3295	 she	5	distilbert/distilgpt2	distilbert/distilgpt2	False	0.4275940954685211	1.2256861925125122
David	3296	David	0	distilbert/distilgpt2	distilbert/distilgpt2	False	1.0	0.0
Ġordered	3296	 ordered	1	distilbert/distilgpt2	distilbert/distilgpt2	False	3.5244954688096186e-07	21.436079025268555
Ġaround	3296	 around	2	distilbert/distilgpt2	distilbert/distilgpt2	False	0.0002591280499473214	11.914047241210938
ĠMary	3296	 Mary	3	distilbert/distilgpt2	distilbert/distilgpt2	False	3.464934479779913e-06	18.13874053955078
Ġbecause	3296	 because	4	distilbert/distilgpt2	distilbert/distilgpt2	False	0.00036208893288858235	11.431367874145508
Ġshe	3296	 she	5	distilbert/distilgpt2	distilbert/distilgpt2	False	0.4127723276615143	1.276581883430481
John	3297	John	0	distilbert/distilgpt2	distilbert/distilgpt2	False	1.0	0.0
Ġpac	3297	 pacified	1	distilbert/distilgpt2	distilbert/distilgpt2	False	6.365961979781787e-08	23.905046463012695
ified	3297	 pacified	1	distilbert/distilgpt2	distilbert/distilgpt2	False	0.02824420854449272	5.145901203155518
ĠDavid	3297	 David	2	distilbert/distilgpt2	distilbert/distilgpt2	False	0.00021500505681615323	12.183341979980469
Ġbecause	3297	 because	3	distilbert/distilgpt2	distilbert/distilgpt2	False	0.00037196141784079373	11.392559051513672
Ġhe	3297	 he	4	distilbert/distilgpt2	distilbert/distilgpt2	False	0.4633960723876953	1.109682321548462
Mary	3298	Mary	0	distilbert/distilgpt2	distilbert/distilgpt2	False	1.0	0.0
Ġpac	3298	 pacified	1	distilbert/distilgpt2	distilbert/distilgpt2	False	7.507677679541302e-08	23.66705894470215
ified	3298	 pacified	1	distilbert/distilgpt2	distilbert/distilgpt2	False	0.018838336691260338	5.730184555053711
ĠDavid	3298	 David	2	distilbert/distilgpt2	distilbert/distilgpt2	False	0.00010482627840247005	13.219712257385254
Ġbecause	3298	 because	3	distilbert/distilgpt2	distilbert/distilgpt2	False	0.0005110040656290948	10.934377670288086
Ġhe	3298	 he	4	distilbert/distilgpt2	distilbert/distilgpt2	False	0.4623907506465912	1.1128156185150146
John	3299	John	0	distilbert/distilgpt2	distilbert/distilgpt2	False	1.0	0.0
Ġpac	3299	 pacified	1	distilbert/distilgpt2	distilbert/distilgpt2	False	6.365961979781787e-08	23.905046463012695
ified	3299	 pacified	1	distilbert/distilgpt2	distilbert/distilgpt2	False	0.02824420854449272	5.145901203155518
ĠDavid	3299	 David	2	distilbert/distilgpt2	distilbert/distilgpt2	False	0.00021500505681615323	12.183341979980469
Ġbecause	3299	 because	3	distilbert/distilgpt2	distilbert/distilgpt2	False	0.00037196141784079373	11.392559051513672
Ġhe	3299	 he	4	distilbert/distilgpt2	distilbert/distilgpt2	False	0.4633960723876953	1.109682321548462
Sarah	3300	Sarah	0	distilbert/distilgpt2	distilbert/distilgpt2	False	1.0	0.0
Ġpac	3300	 pacified	1	distilbert/distilgpt2	distilbert/distilgpt2	False	6.15119475355641e-08	23.954557418823242
ified	3300	 pacified	1	distilbert/distilgpt2	distilbert/distilgpt2	False	0.03366466984152794	4.892621040344238
ĠDavid	3300	 David	2	distilbert/distilgpt2	distilbert/distilgpt2	False	0.0001947882992681116	12.3258056640625
Ġbecause	3300	 because	3	distilbert/distilgpt2	distilbert/distilgpt2	False	0.0005227387300692499	10.901622772216797
Ġhe	3300	 he	4	distilbert/distilgpt2	distilbert/distilgpt2	False	0.48704057931900024	1.037886142730713
David	3301	David	0	distilbert/distilgpt2	distilbert/distilgpt2	False	1.0	0.0
Ġpac	3301	 pacified	1	distilbert/distilgpt2	distilbert/distilgpt2	False	6.114873229989826e-08	23.963102340698242
ified	3301	 pacified	1	distilbert/distilgpt2	distilbert/distilgpt2	False	0.03589830547571182	4.799940586090088
ĠJohn	3301	 John	2	distilbert/distilgpt2	distilbert/distilgpt2	False	0.0006196643807925284	10.656225204467773
Ġbecause	3301	 because	3	distilbert/distilgpt2	distilbert/distilgpt2	False	0.00033499684650450945	11.543564796447754
Ġhe	3301	 he	4	distilbert/distilgpt2	distilbert/distilgpt2	False	0.42453718185424805	1.236037254333496
Mary	3302	Mary	0	distilbert/distilgpt2	distilbert/distilgpt2	False	1.0	0.0
Ġpac	3302	 pacified	1	distilbert/distilgpt2	distilbert/distilgpt2	False	7.507677679541302e-08	23.66705894470215
ified	3302	 pacified	1	distilbert/distilgpt2	distilbert/distilgpt2	False	0.018838336691260338	5.730184555053711
ĠJohn	3302	 John	2	distilbert/distilgpt2	distilbert/distilgpt2	False	0.0002618447470013052	11.899001121520996
Ġbecause	3302	 because	3	distilbert/distilgpt2	distilbert/distilgpt2	False	0.0006955088465474546	10.489643096923828
Ġhe	3302	 he	4	distilbert/distilgpt2	distilbert/distilgpt2	False	0.4541841149330139	1.138650894165039
David	3303	David	0	distilbert/distilgpt2	distilbert/distilgpt2	False	1.0	0.0
Ġpac	3303	 pacified	1	distilbert/distilgpt2	distilbert/distilgpt2	False	6.114873229989826e-08	23.963102340698242
ified	3303	 pacified	1	distilbert/distilgpt2	distilbert/distilgpt2	False	0.03589830547571182	4.799940586090088
ĠJohn	3303	 John	2	distilbert/distilgpt2	distilbert/distilgpt2	False	0.0006196643807925284	10.656225204467773
Ġbecause	3303	 because	3	distilbert/distilgpt2	distilbert/distilgpt2	False	0.00033499684650450945	11.543564796447754
Ġhe	3303	 he	4	distilbert/distilgpt2	distilbert/distilgpt2	False	0.42453718185424805	1.236037254333496
Sarah	3304	Sarah	0	distilbert/distilgpt2	distilbert/distilgpt2	False	1.0	0.0
Ġpac	3304	 pacified	1	distilbert/distilgpt2	distilbert/distilgpt2	False	6.15119475355641e-08	23.954557418823242
ified	3304	 pacified	1	distilbert/distilgpt2	distilbert/distilgpt2	False	0.03366466984152794	4.892621040344238
ĠJohn	3304	 John	2	distilbert/distilgpt2	distilbert/distilgpt2	False	0.0003667162964120507	11.413047790527344
Ġbecause	3304	 because	3	distilbert/distilgpt2	distilbert/distilgpt2	False	0.0013498556800186634	9.532979011535645
Ġhe	3304	 he	4	distilbert/distilgpt2	distilbert/distilgpt2	False	0.46483415365219116	1.1052120923995972
Mary	3305	Mary	0	distilbert/distilgpt2	distilbert/distilgpt2	False	1.0	0.0
Ġpac	3305	 pacified	1	distilbert/distilgpt2	distilbert/distilgpt2	False	7.507677679541302e-08	23.66705894470215
ified	3305	 pacified	1	distilbert/distilgpt2	distilbert/distilgpt2	False	0.018838336691260338	5.730184555053711
ĠSarah	3305	 Sarah	2	distilbert/distilgpt2	distilbert/distilgpt2	False	4.72689134767279e-05	14.368748664855957
Ġbecause	3305	 because	3	distilbert/distilgpt2	distilbert/distilgpt2	False	0.001861220458522439	9.069535255432129
Ġshe	3305	 she	4	distilbert/distilgpt2	distilbert/distilgpt2	False	0.5354674458503723	0.9011292457580566
John	3306	John	0	distilbert/distilgpt2	distilbert/distilgpt2	False	1.0	0.0
Ġpac	3306	 pacified	1	distilbert/distilgpt2	distilbert/distilgpt2	False	6.365961979781787e-08	23.905046463012695
ified	3306	 pacified	1	distilbert/distilgpt2	distilbert/distilgpt2	False	0.02824420854449272	5.145901203155518
ĠSarah	3306	 Sarah	2	distilbert/distilgpt2	distilbert/distilgpt2	False	7.461620407411829e-05	13.710151672363281
Ġbecause	3306	 because	3	distilbert/distilgpt2	distilbert/distilgpt2	False	0.0012181545607745647	9.681087493896484
Ġshe	3306	 she	4	distilbert/distilgpt2	distilbert/distilgpt2	False	0.5095934867858887	0.9725812077522278
Mary	3307	Mary	0	distilbert/distilgpt2	distilbert/distilgpt2	False	1.0	0.0
Ġpac	3307	 pacified	1	distilbert/distilgpt2	distilbert/distilgpt2	False	7.507677679541302e-08	23.66705894470215
ified	3307	 pacified	1	distilbert/distilgpt2	distilbert/distilgpt2	False	0.018838336691260338	5.730184555053711
ĠSarah	3307	 Sarah	2	distilbert/distilgpt2	distilbert/distilgpt2	False	4.72689134767279e-05	14.368748664855957
Ġbecause	3307	 because	3	distilbert/distilgpt2	distilbert/distilgpt2	False	0.001861220458522439	9.069535255432129
Ġshe	3307	 she	4	distilbert/distilgpt2	distilbert/distilgpt2	False	0.5354674458503723	0.9011292457580566
David	3308	David	0	distilbert/distilgpt2	distilbert/distilgpt2	False	1.0	0.0
Ġpac	3308	 pacified	1	distilbert/distilgpt2	distilbert/distilgpt2	False	6.114873229989826e-08	23.963102340698242
ified	3308	 pacified	1	distilbert/distilgpt2	distilbert/distilgpt2	False	0.03589830547571182	4.799940586090088
ĠSarah	3308	 Sarah	2	distilbert/distilgpt2	distilbert/distilgpt2	False	7.68934260122478e-05	13.666780471801758
Ġbecause	3308	 because	3	distilbert/distilgpt2	distilbert/distilgpt2	False	0.000751013052649796	10.378874778747559
Ġshe	3308	 she	4	distilbert/distilgpt2	distilbert/distilgpt2	False	0.5036141276359558	0.9896093010902405
Sarah	3309	Sarah	0	distilbert/distilgpt2	distilbert/distilgpt2	False	1.0	0.0
Ġpac	3309	 pacified	1	distilbert/distilgpt2	distilbert/distilgpt2	False	6.15119475355641e-08	23.954557418823242
ified	3309	 pacified	1	distilbert/distilgpt2	distilbert/distilgpt2	False	0.03366466984152794	4.892621040344238
ĠMary	3309	 Mary	2	distilbert/distilgpt2	distilbert/distilgpt2	False	0.00018503634782973677	12.399903297424316
Ġbecause	3309	 because	3	distilbert/distilgpt2	distilbert/distilgpt2	False	0.0015545296482741833	9.329306602478027
Ġshe	3309	 she	4	distilbert/distilgpt2	distilbert/distilgpt2	False	0.4693618416786194	1.0912275314331055
John	3310	John	0	distilbert/distilgpt2	distilbert/distilgpt2	False	1.0	0.0
Ġpac	3310	 pacified	1	distilbert/distilgpt2	distilbert/distilgpt2	False	6.365961979781787e-08	23.905046463012695
ified	3310	 pacified	1	distilbert/distilgpt2	distilbert/distilgpt2	False	0.02824420854449272	5.145901203155518
ĠMary	3310	 Mary	2	distilbert/distilgpt2	distilbert/distilgpt2	False	0.0001719802530715242	12.50546932220459
Ġbecause	3310	 because	3	distilbert/distilgpt2	distilbert/distilgpt2	False	0.0017543340800330043	9.154860496520996
Ġshe	3310	 she	4	distilbert/distilgpt2	distilbert/distilgpt2	False	0.441877156496048	1.1782827377319336
Sarah	3311	Sarah	0	distilbert/distilgpt2	distilbert/distilgpt2	False	1.0	0.0
Ġpac	3311	 pacified	1	distilbert/distilgpt2	distilbert/distilgpt2	False	6.15119475355641e-08	23.954557418823242
ified	3311	 pacified	1	distilbert/distilgpt2	distilbert/distilgpt2	False	0.03366466984152794	4.892621040344238
ĠMary	3311	 Mary	2	distilbert/distilgpt2	distilbert/distilgpt2	False	0.00018503634782973677	12.399903297424316
Ġbecause	3311	 because	3	distilbert/distilgpt2	distilbert/distilgpt2	False	0.0015545296482741833	9.329306602478027
Ġshe	3311	 she	4	distilbert/distilgpt2	distilbert/distilgpt2	False	0.4693618416786194	1.0912275314331055
David	3312	David	0	distilbert/distilgpt2	distilbert/distilgpt2	False	1.0	0.0
Ġpac	3312	 pacified	1	distilbert/distilgpt2	distilbert/distilgpt2	False	6.114873229989826e-08	23.963102340698242
ified	3312	 pacified	1	distilbert/distilgpt2	distilbert/distilgpt2	False	0.03589830547571182	4.799940586090088
ĠMary	3312	 Mary	2	distilbert/distilgpt2	distilbert/distilgpt2	False	0.00016044685617089272	12.605616569519043
Ġbecause	3312	 because	3	distilbert/distilgpt2	distilbert/distilgpt2	False	0.0009357617236673832	10.06157112121582
Ġshe	3312	 she	4	distilbert/distilgpt2	distilbert/distilgpt2	False	0.44200190901756287	1.1778755187988281
John	3313	John	0	distilbert/distilgpt2	distilbert/distilgpt2	False	1.0	0.0
Ġp	3313	 pained	1	distilbert/distilgpt2	distilbert/distilgpt2	False	3.339810064062476e-05	14.869874954223633
ained	3313	 pained	1	distilbert/distilgpt2	distilbert/distilgpt2	False	0.00046526806545443833	11.069650650024414
ĠDavid	3313	 David	2	distilbert/distilgpt2	distilbert/distilgpt2	False	5.6358730944339186e-05	14.115001678466797
Ġbecause	3313	 because	3	distilbert/distilgpt2	distilbert/distilgpt2	False	0.0007237339159473777	10.432252883911133
Ġhe	3313	 he	4	distilbert/distilgpt2	distilbert/distilgpt2	False	0.3778863251209259	1.4039758443832397
Mary	3314	Mary	0	distilbert/distilgpt2	distilbert/distilgpt2	False	1.0	0.0
Ġp	3314	 pained	1	distilbert/distilgpt2	distilbert/distilgpt2	False	3.403957816772163e-05	14.842427253723145
ained	3314	 pained	1	distilbert/distilgpt2	distilbert/distilgpt2	False	0.0008264938369393349	10.240708351135254
ĠDavid	3314	 David	2	distilbert/distilgpt2	distilbert/distilgpt2	False	5.8837104006670415e-05	14.0529146194458
Ġbecause	3314	 because	3	distilbert/distilgpt2	distilbert/distilgpt2	False	0.0009370262268930674	10.059622764587402
Ġhe	3314	 he	4	distilbert/distilgpt2	distilbert/distilgpt2	False	0.37777307629585266	1.4044082164764404
John	3315	John	0	distilbert/distilgpt2	distilbert/distilgpt2	False	1.0	0.0
Ġp	3315	 pained	1	distilbert/distilgpt2	distilbert/distilgpt2	False	3.339810064062476e-05	14.869874954223633
ained	3315	 pained	1	distilbert/distilgpt2	distilbert/distilgpt2	False	0.00046526806545443833	11.069650650024414
ĠDavid	3315	 David	2	distilbert/distilgpt2	distilbert/distilgpt2	False	5.6358730944339186e-05	14.115001678466797
Ġbecause	3315	 because	3	distilbert/distilgpt2	distilbert/distilgpt2	False	0.0007237339159473777	10.432252883911133
Ġhe	3315	 he	4	distilbert/distilgpt2	distilbert/distilgpt2	False	0.3778863251209259	1.4039758443832397
Sarah	3316	Sarah	0	distilbert/distilgpt2	distilbert/distilgpt2	False	1.0	0.0
Ġp	3316	 pained	1	distilbert/distilgpt2	distilbert/distilgpt2	False	3.698049113154411e-05	14.72287654876709
ained	3316	 pained	1	distilbert/distilgpt2	distilbert/distilgpt2	False	0.0010513979941606522	9.893475532531738
ĠDavid	3316	 David	2	distilbert/distilgpt2	distilbert/distilgpt2	False	5.5069878726499155e-05	14.148377418518066
Ġbecause	3316	 because	3	distilbert/distilgpt2	distilbert/distilgpt2	False	0.0007841147598810494	10.31664752960205
Ġhe	3316	 he	4	distilbert/distilgpt2	distilbert/distilgpt2	False	0.3733726441860199	1.421311855316162
David	3317	David	0	distilbert/distilgpt2	distilbert/distilgpt2	False	1.0	0.0
Ġp	3317	 pained	1	distilbert/distilgpt2	distilbert/distilgpt2	False	3.531389666022733e-05	14.78940486907959
ained	3317	 pained	1	distilbert/distilgpt2	distilbert/distilgpt2	False	0.0006450419314205647	10.598319053649902
ĠJohn	3317	 John	2	distilbert/distilgpt2	distilbert/distilgpt2	False	0.00013382766337599605	12.86733627319336
Ġbecause	3317	 because	3	distilbert/distilgpt2	distilbert/distilgpt2	False	0.0016256922390311956	9.264730453491211
Ġhe	3317	 he	4	distilbert/distilgpt2	distilbert/distilgpt2	False	0.40723589062690735	1.2960634231567383
Mary	3318	Mary	0	distilbert/distilgpt2	distilbert/distilgpt2	False	1.0	0.0
Ġp	3318	 pained	1	distilbert/distilgpt2	distilbert/distilgpt2	False	3.403957816772163e-05	14.842427253723145
ained	3318	 pained	1	distilbert/distilgpt2	distilbert/distilgpt2	False	0.0008264938369393349	10.240708351135254
ĠJohn	3318	 John	2	distilbert/distilgpt2	distilbert/distilgpt2	False	0.00011961653217440471	13.029295921325684
Ġbecause	3318	 because	3	distilbert/distilgpt2	distilbert/distilgpt2	False	0.0017848607385531068	9.129972457885742
Ġhe	3318	 he	4	distilbert/distilgpt2	distilbert/distilgpt2	False	0.41300833225250244	1.2757571935653687
David	3319	David	0	distilbert/distilgpt2	distilbert/distilgpt2	False	1.0	0.0
Ġp	3319	 pained	1	distilbert/distilgpt2	distilbert/distilgpt2	False	3.531389666022733e-05	14.78940486907959
ained	3319	 pained	1	distilbert/distilgpt2	distilbert/distilgpt2	False	0.0006450419314205647	10.598319053649902
ĠJohn	3319	 John	2	distilbert/distilgpt2	distilbert/distilgpt2	False	0.00013382766337599605	12.86733627319336
Ġbecause	3319	 because	3	distilbert/distilgpt2	distilbert/distilgpt2	False	0.0016256922390311956	9.264730453491211
Ġhe	3319	 he	4	distilbert/distilgpt2	distilbert/distilgpt2	False	0.40723589062690735	1.2960634231567383
Sarah	3320	Sarah	0	distilbert/distilgpt2	distilbert/distilgpt2	False	1.0	0.0
Ġp	3320	 pained	1	distilbert/distilgpt2	distilbert/distilgpt2	False	3.698049113154411e-05	14.72287654876709
ained	3320	 pained	1	distilbert/distilgpt2	distilbert/distilgpt2	False	0.0010513979941606522	9.893475532531738
ĠJohn	3320	 John	2	distilbert/distilgpt2	distilbert/distilgpt2	False	0.00010103046224685386	13.272921562194824
Ġbecause	3320	 because	3	distilbert/distilgpt2	distilbert/distilgpt2	False	0.0029431194998323917	8.408437728881836
Ġhe	3320	 he	4	distilbert/distilgpt2	distilbert/distilgpt2	False	0.38940179347991943	1.360668659210205
Mary	3321	Mary	0	distilbert/distilgpt2	distilbert/distilgpt2	False	1.0	0.0
Ġp	3321	 pained	1	distilbert/distilgpt2	distilbert/distilgpt2	False	3.403957816772163e-05	14.842427253723145
ained	3321	 pained	1	distilbert/distilgpt2	distilbert/distilgpt2	False	0.0008264938369393349	10.240708351135254
ĠSarah	3321	 Sarah	2	distilbert/distilgpt2	distilbert/distilgpt2	False	3.6796292988583446e-05	14.730079650878906
Ġbecause	3321	 because	3	distilbert/distilgpt2	distilbert/distilgpt2	False	0.0027370904572308064	8.513141632080078
Ġshe	3321	 she	4	distilbert/distilgpt2	distilbert/distilgpt2	False	0.43710389733314514	1.1939518451690674
John	3322	John	0	distilbert/distilgpt2	distilbert/distilgpt2	False	1.0	0.0
Ġp	3322	 pained	1	distilbert/distilgpt2	distilbert/distilgpt2	False	3.339810064062476e-05	14.869874954223633
ained	3322	 pained	1	distilbert/distilgpt2	distilbert/distilgpt2	False	0.00046526806545443833	11.069650650024414
ĠSarah	3322	 Sarah	2	distilbert/distilgpt2	distilbert/distilgpt2	False	2.1671605281881057e-05	15.493834495544434
Ġbecause	3322	 because	3	distilbert/distilgpt2	distilbert/distilgpt2	False	0.002071741735562682	8.914939880371094
Ġshe	3322	 she	4	distilbert/distilgpt2	distilbert/distilgpt2	False	0.4200407564640045	1.2513988018035889
Mary	3323	Mary	0	distilbert/distilgpt2	distilbert/distilgpt2	False	1.0	0.0
Ġp	3323	 pained	1	distilbert/distilgpt2	distilbert/distilgpt2	False	3.403957816772163e-05	14.842427253723145
ained	3323	 pained	1	distilbert/distilgpt2	distilbert/distilgpt2	False	0.0008264938369393349	10.240708351135254
ĠSarah	3323	 Sarah	2	distilbert/distilgpt2	distilbert/distilgpt2	False	3.6796292988583446e-05	14.730079650878906
Ġbecause	3323	 because	3	distilbert/distilgpt2	distilbert/distilgpt2	False	0.0027370904572308064	8.513141632080078
Ġshe	3323	 she	4	distilbert/distilgpt2	distilbert/distilgpt2	False	0.43710389733314514	1.1939518451690674
David	3324	David	0	distilbert/distilgpt2	distilbert/distilgpt2	False	1.0	0.0
Ġp	3324	 pained	1	distilbert/distilgpt2	distilbert/distilgpt2	False	3.531389666022733e-05	14.78940486907959
ained	3324	 pained	1	distilbert/distilgpt2	distilbert/distilgpt2	False	0.0006450419314205647	10.598319053649902
ĠSarah	3324	 Sarah	2	distilbert/distilgpt2	distilbert/distilgpt2	False	2.0655874322983436e-05	15.563088417053223
Ġbecause	3324	 because	3	distilbert/distilgpt2	distilbert/distilgpt2	False	0.0013701991410925984	9.511398315429688
Ġshe	3324	 she	4	distilbert/distilgpt2	distilbert/distilgpt2	False	0.4068392813205719	1.297469139099121
Sarah	3325	Sarah	0	distilbert/distilgpt2	distilbert/distilgpt2	False	1.0	0.0
Ġp	3325	 pained	1	distilbert/distilgpt2	distilbert/distilgpt2	False	3.698049113154411e-05	14.72287654876709
ained	3325	 pained	1	distilbert/distilgpt2	distilbert/distilgpt2	False	0.0010513979941606522	9.893475532531738
ĠMary	3325	 Mary	2	distilbert/distilgpt2	distilbert/distilgpt2	False	2.7991432943963446e-05	15.124654769897461
Ġbecause	3325	 because	3	distilbert/distilgpt2	distilbert/distilgpt2	False	0.002483932301402092	8.653158187866211
Ġshe	3325	 she	4	distilbert/distilgpt2	distilbert/distilgpt2	False	0.37787893414497375	1.4040040969848633
John	3326	John	0	distilbert/distilgpt2	distilbert/distilgpt2	False	1.0	0.0
Ġp	3326	 pained	1	distilbert/distilgpt2	distilbert/distilgpt2	False	3.339810064062476e-05	14.869874954223633
ained	3326	 pained	1	distilbert/distilgpt2	distilbert/distilgpt2	False	0.00046526806545443833	11.069650650024414
ĠMary	3326	 Mary	2	distilbert/distilgpt2	distilbert/distilgpt2	False	2.5828116122283973e-05	15.240697860717773
Ġbecause	3326	 because	3	distilbert/distilgpt2	distilbert/distilgpt2	False	0.0034083786886185408	8.196698188781738
Ġshe	3326	 she	4	distilbert/distilgpt2	distilbert/distilgpt2	False	0.39535045623779297	1.3387960195541382
Sarah	3327	Sarah	0	distilbert/distilgpt2	distilbert/distilgpt2	False	1.0	0.0
Ġp	3327	 pained	1	distilbert/distilgpt2	distilbert/distilgpt2	False	3.698049113154411e-05	14.72287654876709
ained	3327	 pained	1	distilbert/distilgpt2	distilbert/distilgpt2	False	0.0010513979941606522	9.893475532531738
ĠMary	3327	 Mary	2	distilbert/distilgpt2	distilbert/distilgpt2	False	2.7991432943963446e-05	15.124654769897461
Ġbecause	3327	 because	3	distilbert/distilgpt2	distilbert/distilgpt2	False	0.002483932301402092	8.653158187866211
Ġshe	3327	 she	4	distilbert/distilgpt2	distilbert/distilgpt2	False	0.37787893414497375	1.4040040969848633
David	3328	David	0	distilbert/distilgpt2	distilbert/distilgpt2	False	1.0	0.0
Ġp	3328	 pained	1	distilbert/distilgpt2	distilbert/distilgpt2	False	3.531389666022733e-05	14.78940486907959
ained	3328	 pained	1	distilbert/distilgpt2	distilbert/distilgpt2	False	0.0006450419314205647	10.598319053649902
ĠMary	3328	 Mary	2	distilbert/distilgpt2	distilbert/distilgpt2	False	2.615693119878415e-05	15.222447395324707
Ġbecause	3328	 because	3	distilbert/distilgpt2	distilbert/distilgpt2	False	0.0021528974175453186	8.859504699707031
Ġshe	3328	 she	4	distilbert/distilgpt2	distilbert/distilgpt2	False	0.38709932565689087	1.3692243099212646
John	3329	John	0	distilbert/distilgpt2	distilbert/distilgpt2	False	1.0	0.0
Ġpard	3329	 pardoned	1	distilbert/distilgpt2	distilbert/distilgpt2	False	3.11875467673417e-08	24.9344539642334
oned	3329	 pardoned	1	distilbert/distilgpt2	distilbert/distilgpt2	False	0.47050732374191284	1.087710976600647
ĠDavid	3329	 David	2	distilbert/distilgpt2	distilbert/distilgpt2	False	0.001979625318199396	8.980557441711426
Ġbecause	3329	 because	3	distilbert/distilgpt2	distilbert/distilgpt2	False	4.706025356426835e-05	14.375131607055664
Ġhe	3329	 he	4	distilbert/distilgpt2	distilbert/distilgpt2	False	0.5195273756980896	0.9447283148765564
Mary	3330	Mary	0	distilbert/distilgpt2	distilbert/distilgpt2	False	1.0	0.0
Ġpard	3330	 pardoned	1	distilbert/distilgpt2	distilbert/distilgpt2	False	3.4142523475111375e-08	24.803855895996094
oned	3330	 pardoned	1	distilbert/distilgpt2	distilbert/distilgpt2	False	0.34037357568740845	1.5548090934753418
ĠDavid	3330	 David	2	distilbert/distilgpt2	distilbert/distilgpt2	False	0.002047877758741379	8.931654930114746
Ġbecause	3330	 because	3	distilbert/distilgpt2	distilbert/distilgpt2	False	7.078608905430883e-05	13.786174774169922
Ġhe	3330	 he	4	distilbert/distilgpt2	distilbert/distilgpt2	False	0.5091707110404968	0.9737787246704102
John	3331	John	0	distilbert/distilgpt2	distilbert/distilgpt2	False	1.0	0.0
Ġpard	3331	 pardoned	1	distilbert/distilgpt2	distilbert/distilgpt2	False	3.11875467673417e-08	24.9344539642334
oned	3331	 pardoned	1	distilbert/distilgpt2	distilbert/distilgpt2	False	0.47050732374191284	1.087710976600647
ĠDavid	3331	 David	2	distilbert/distilgpt2	distilbert/distilgpt2	False	0.001979625318199396	8.980557441711426
Ġbecause	3331	 because	3	distilbert/distilgpt2	distilbert/distilgpt2	False	4.706025356426835e-05	14.375131607055664
Ġhe	3331	 he	4	distilbert/distilgpt2	distilbert/distilgpt2	False	0.5195273756980896	0.9447283148765564
Sarah	3332	Sarah	0	distilbert/distilgpt2	distilbert/distilgpt2	False	1.0	0.0
Ġpard	3332	 pardoned	1	distilbert/distilgpt2	distilbert/distilgpt2	False	3.440164064727469e-08	24.79294776916504
oned	3332	 pardoned	1	distilbert/distilgpt2	distilbert/distilgpt2	False	0.22579915821552277	2.146888017654419
ĠDavid	3332	 David	2	distilbert/distilgpt2	distilbert/distilgpt2	False	0.0022988682612776756	8.764860153198242
Ġbecause	3332	 because	3	distilbert/distilgpt2	distilbert/distilgpt2	False	4.067361442139372e-05	14.58554744720459
Ġhe	3332	 he	4	distilbert/distilgpt2	distilbert/distilgpt2	False	0.5253159999847412	0.9287427067756653
David	3333	David	0	distilbert/distilgpt2	distilbert/distilgpt2	False	1.0	0.0
Ġpard	3333	 pardoned	1	distilbert/distilgpt2	distilbert/distilgpt2	False	2.7323734386186516e-08	25.12527084350586
oned	3333	 pardoned	1	distilbert/distilgpt2	distilbert/distilgpt2	False	0.28295427560806274	1.8213591575622559
ĠJohn	3333	 John	2	distilbert/distilgpt2	distilbert/distilgpt2	False	0.012728354893624783	6.295810222625732
Ġbecause	3333	 because	3	distilbert/distilgpt2	distilbert/distilgpt2	False	6.524423224618658e-05	13.903790473937988
Ġhe	3333	 he	4	distilbert/distilgpt2	distilbert/distilgpt2	False	0.5349912643432617	0.9024128317832947
Mary	3334	Mary	0	distilbert/distilgpt2	distilbert/distilgpt2	False	1.0	0.0
Ġpard	3334	 pardoned	1	distilbert/distilgpt2	distilbert/distilgpt2	False	3.4142523475111375e-08	24.803855895996094
oned	3334	 pardoned	1	distilbert/distilgpt2	distilbert/distilgpt2	False	0.34037357568740845	1.5548090934753418
ĠJohn	3334	 John	2	distilbert/distilgpt2	distilbert/distilgpt2	False	0.010568593628704548	6.564072608947754
Ġbecause	3334	 because	3	distilbert/distilgpt2	distilbert/distilgpt2	False	8.061752305366099e-05	13.598546981811523
Ġhe	3334	 he	4	distilbert/distilgpt2	distilbert/distilgpt2	False	0.5307621955871582	0.9138625860214233
David	3335	David	0	distilbert/distilgpt2	distilbert/distilgpt2	False	1.0	0.0
Ġpard	3335	 pardoned	1	distilbert/distilgpt2	distilbert/distilgpt2	False	2.7323734386186516e-08	25.12527084350586
oned	3335	 pardoned	1	distilbert/distilgpt2	distilbert/distilgpt2	False	0.28295427560806274	1.8213591575622559
ĠJohn	3335	 John	2	distilbert/distilgpt2	distilbert/distilgpt2	False	0.012728354893624783	6.295810222625732
Ġbecause	3335	 because	3	distilbert/distilgpt2	distilbert/distilgpt2	False	6.524423224618658e-05	13.903790473937988
Ġhe	3335	 he	4	distilbert/distilgpt2	distilbert/distilgpt2	False	0.5349912643432617	0.9024128317832947
Sarah	3336	Sarah	0	distilbert/distilgpt2	distilbert/distilgpt2	False	1.0	0.0
Ġpard	3336	 pardoned	1	distilbert/distilgpt2	distilbert/distilgpt2	False	3.440164064727469e-08	24.79294776916504
oned	3336	 pardoned	1	distilbert/distilgpt2	distilbert/distilgpt2	False	0.22579915821552277	2.146888017654419
ĠJohn	3336	 John	2	distilbert/distilgpt2	distilbert/distilgpt2	False	0.011114613153040409	6.491398334503174
Ġbecause	3336	 because	3	distilbert/distilgpt2	distilbert/distilgpt2	False	8.832883031573147e-05	13.466755867004395
Ġhe	3336	 he	4	distilbert/distilgpt2	distilbert/distilgpt2	False	0.5282148122787476	0.920803427696228
Mary	3337	Mary	0	distilbert/distilgpt2	distilbert/distilgpt2	False	1.0	0.0
Ġpard	3337	 pardoned	1	distilbert/distilgpt2	distilbert/distilgpt2	False	3.4142523475111375e-08	24.803855895996094
oned	3337	 pardoned	1	distilbert/distilgpt2	distilbert/distilgpt2	False	0.34037357568740845	1.5548090934753418
ĠSarah	3337	 Sarah	2	distilbert/distilgpt2	distilbert/distilgpt2	False	0.000313176482450217	11.64073657989502
Ġbecause	3337	 because	3	distilbert/distilgpt2	distilbert/distilgpt2	False	0.00037446070928126574	11.382898330688477
Ġshe	3337	 she	4	distilbert/distilgpt2	distilbert/distilgpt2	False	0.5794618129730225	0.787214457988739
John	3338	John	0	distilbert/distilgpt2	distilbert/distilgpt2	False	1.0	0.0
Ġpard	3338	 pardoned	1	distilbert/distilgpt2	distilbert/distilgpt2	False	3.11875467673417e-08	24.9344539642334
oned	3338	 pardoned	1	distilbert/distilgpt2	distilbert/distilgpt2	False	0.47050732374191284	1.087710976600647
ĠSarah	3338	 Sarah	2	distilbert/distilgpt2	distilbert/distilgpt2	False	0.0002635020646266639	11.889898300170898
Ġbecause	3338	 because	3	distilbert/distilgpt2	distilbert/distilgpt2	False	0.00018209085101261735	12.423053741455078
Ġshe	3338	 she	4	distilbert/distilgpt2	distilbert/distilgpt2	False	0.5748002529144287	0.7988675236701965
Mary	3339	Mary	0	distilbert/distilgpt2	distilbert/distilgpt2	False	1.0	0.0
Ġpard	3339	 pardoned	1	distilbert/distilgpt2	distilbert/distilgpt2	False	3.4142523475111375e-08	24.803855895996094
oned	3339	 pardoned	1	distilbert/distilgpt2	distilbert/distilgpt2	False	0.34037357568740845	1.5548090934753418
ĠSarah	3339	 Sarah	2	distilbert/distilgpt2	distilbert/distilgpt2	False	0.000313176482450217	11.64073657989502
Ġbecause	3339	 because	3	distilbert/distilgpt2	distilbert/distilgpt2	False	0.00037446070928126574	11.382898330688477
Ġshe	3339	 she	4	distilbert/distilgpt2	distilbert/distilgpt2	False	0.5794618129730225	0.787214457988739
David	3340	David	0	distilbert/distilgpt2	distilbert/distilgpt2	False	1.0	0.0
Ġpard	3340	 pardoned	1	distilbert/distilgpt2	distilbert/distilgpt2	False	2.7323734386186516e-08	25.12527084350586
oned	3340	 pardoned	1	distilbert/distilgpt2	distilbert/distilgpt2	False	0.28295427560806274	1.8213591575622559
ĠSarah	3340	 Sarah	2	distilbert/distilgpt2	distilbert/distilgpt2	False	0.00026040858938358724	11.906935691833496
Ġbecause	3340	 because	3	distilbert/distilgpt2	distilbert/distilgpt2	False	0.00010485927487025037	13.219258308410645
Ġshe	3340	 she	4	distilbert/distilgpt2	distilbert/distilgpt2	False	0.5827593207359314	0.7790279388427734
Sarah	3341	Sarah	0	distilbert/distilgpt2	distilbert/distilgpt2	False	1.0	0.0
Ġpard	3341	 pardoned	1	distilbert/distilgpt2	distilbert/distilgpt2	False	3.440164064727469e-08	24.79294776916504
oned	3341	 pardoned	1	distilbert/distilgpt2	distilbert/distilgpt2	False	0.22579915821552277	2.146888017654419
ĠMary	3341	 Mary	2	distilbert/distilgpt2	distilbert/distilgpt2	False	0.0010060573695227504	9.957071304321289
Ġbecause	3341	 because	3	distilbert/distilgpt2	distilbert/distilgpt2	False	0.00040080261533148587	11.284820556640625
Ġshe	3341	 she	4	distilbert/distilgpt2	distilbert/distilgpt2	False	0.5394293069839478	0.890494167804718
John	3342	John	0	distilbert/distilgpt2	distilbert/distilgpt2	False	1.0	0.0
Ġpard	3342	 pardoned	1	distilbert/distilgpt2	distilbert/distilgpt2	False	3.11875467673417e-08	24.9344539642334
oned	3342	 pardoned	1	distilbert/distilgpt2	distilbert/distilgpt2	False	0.47050732374191284	1.087710976600647
ĠMary	3342	 Mary	2	distilbert/distilgpt2	distilbert/distilgpt2	False	0.0007402343326248229	10.399730682373047
Ġbecause	3342	 because	3	distilbert/distilgpt2	distilbert/distilgpt2	False	0.0005667827790603042	10.784916877746582
Ġshe	3342	 she	4	distilbert/distilgpt2	distilbert/distilgpt2	False	0.5350569486618042	0.9022356867790222
Sarah	3343	Sarah	0	distilbert/distilgpt2	distilbert/distilgpt2	False	1.0	0.0
Ġpard	3343	 pardoned	1	distilbert/distilgpt2	distilbert/distilgpt2	False	3.440164064727469e-08	24.79294776916504
oned	3343	 pardoned	1	distilbert/distilgpt2	distilbert/distilgpt2	False	0.22579915821552277	2.146888017654419
ĠMary	3343	 Mary	2	distilbert/distilgpt2	distilbert/distilgpt2	False	0.0010060573695227504	9.957071304321289
Ġbecause	3343	 because	3	distilbert/distilgpt2	distilbert/distilgpt2	False	0.00040080261533148587	11.284820556640625
Ġshe	3343	 she	4	distilbert/distilgpt2	distilbert/distilgpt2	False	0.5394293069839478	0.890494167804718
David	3344	David	0	distilbert/distilgpt2	distilbert/distilgpt2	False	1.0	0.0
Ġpard	3344	 pardoned	1	distilbert/distilgpt2	distilbert/distilgpt2	False	2.7323734386186516e-08	25.12527084350586
oned	3344	 pardoned	1	distilbert/distilgpt2	distilbert/distilgpt2	False	0.28295427560806274	1.8213591575622559
ĠMary	3344	 Mary	2	distilbert/distilgpt2	distilbert/distilgpt2	False	0.0007245177985168993	10.430691719055176
Ġbecause	3344	 because	3	distilbert/distilgpt2	distilbert/distilgpt2	False	0.00024226150708273053	12.011147499084473
Ġshe	3344	 she	4	distilbert/distilgpt2	distilbert/distilgpt2	False	0.5447941422462463	0.8762170076370239
John	3345	John	0	distilbert/distilgpt2	distilbert/distilgpt2	False	1.0	0.0
Ġpassed	3345	 passed	1	distilbert/distilgpt2	distilbert/distilgpt2	False	1.3439130270853639e-06	19.505128860473633
ĠDavid	3345	 David	2	distilbert/distilgpt2	distilbert/distilgpt2	False	4.547168646240607e-05	14.42467212677002
Ġbecause	3345	 because	3	distilbert/distilgpt2	distilbert/distilgpt2	False	0.00021649761765729636	12.173360824584961
Ġhe	3345	 he	4	distilbert/distilgpt2	distilbert/distilgpt2	False	0.40921589732170105	1.289065957069397
Mary	3346	Mary	0	distilbert/distilgpt2	distilbert/distilgpt2	False	1.0	0.0
Ġpassed	3346	 passed	1	distilbert/distilgpt2	distilbert/distilgpt2	False	1.6909850728552556e-06	19.173704147338867
ĠDavid	3346	 David	2	distilbert/distilgpt2	distilbert/distilgpt2	False	2.9360238841036335e-05	15.055776596069336
Ġbecause	3346	 because	3	distilbert/distilgpt2	distilbert/distilgpt2	False	0.00021271184959914535	12.198811531066895
Ġhe	3346	 he	4	distilbert/distilgpt2	distilbert/distilgpt2	False	0.4038204550743103	1.3082141876220703
John	3347	John	0	distilbert/distilgpt2	distilbert/distilgpt2	False	1.0	0.0
Ġpassed	3347	 passed	1	distilbert/distilgpt2	distilbert/distilgpt2	False	1.3439130270853639e-06	19.505128860473633
ĠDavid	3347	 David	2	distilbert/distilgpt2	distilbert/distilgpt2	False	4.547168646240607e-05	14.42467212677002
Ġbecause	3347	 because	3	distilbert/distilgpt2	distilbert/distilgpt2	False	0.00021649761765729636	12.173360824584961
Ġhe	3347	 he	4	distilbert/distilgpt2	distilbert/distilgpt2	False	0.40921589732170105	1.289065957069397
Sarah	3348	Sarah	0	distilbert/distilgpt2	distilbert/distilgpt2	False	1.0	0.0
Ġpassed	3348	 passed	1	distilbert/distilgpt2	distilbert/distilgpt2	False	1.5466115428353078e-06	19.302457809448242
ĠDavid	3348	 David	2	distilbert/distilgpt2	distilbert/distilgpt2	False	5.812091694679111e-05	14.07058334350586
Ġbecause	3348	 because	3	distilbert/distilgpt2	distilbert/distilgpt2	False	0.0002411352761555463	12.01786994934082
Ġhe	3348	 he	4	distilbert/distilgpt2	distilbert/distilgpt2	False	0.4379926919937134	1.1910213232040405
David	3349	David	0	distilbert/distilgpt2	distilbert/distilgpt2	False	1.0	0.0
Ġpassed	3349	 passed	1	distilbert/distilgpt2	distilbert/distilgpt2	False	1.4248244042391889e-06	19.42078399658203
ĠJohn	3349	 John	2	distilbert/distilgpt2	distilbert/distilgpt2	False	8.226213685702533e-05	13.569412231445312
Ġbecause	3349	 because	3	distilbert/distilgpt2	distilbert/distilgpt2	False	0.00026316705043427646	11.891733169555664
Ġhe	3349	 he	4	distilbert/distilgpt2	distilbert/distilgpt2	False	0.41223788261413574	1.2784510850906372
Mary	3350	Mary	0	distilbert/distilgpt2	distilbert/distilgpt2	False	1.0	0.0
Ġpassed	3350	 passed	1	distilbert/distilgpt2	distilbert/distilgpt2	False	1.6909850728552556e-06	19.173704147338867
ĠJohn	3350	 John	2	distilbert/distilgpt2	distilbert/distilgpt2	False	6.269762525334954e-05	13.96122932434082
Ġbecause	3350	 because	3	distilbert/distilgpt2	distilbert/distilgpt2	False	0.00029261663439683616	11.738700866699219
Ġhe	3350	 he	4	distilbert/distilgpt2	distilbert/distilgpt2	False	0.42883893847465515	1.2214921712875366
David	3351	David	0	distilbert/distilgpt2	distilbert/distilgpt2	False	1.0	0.0
Ġpassed	3351	 passed	1	distilbert/distilgpt2	distilbert/distilgpt2	False	1.4248244042391889e-06	19.42078399658203
ĠJohn	3351	 John	2	distilbert/distilgpt2	distilbert/distilgpt2	False	8.226213685702533e-05	13.569412231445312
Ġbecause	3351	 because	3	distilbert/distilgpt2	distilbert/distilgpt2	False	0.00026316705043427646	11.891733169555664
Ġhe	3351	 he	4	distilbert/distilgpt2	distilbert/distilgpt2	False	0.41223788261413574	1.2784510850906372
Sarah	3352	Sarah	0	distilbert/distilgpt2	distilbert/distilgpt2	False	1.0	0.0
Ġpassed	3352	 passed	1	distilbert/distilgpt2	distilbert/distilgpt2	False	1.5466115428353078e-06	19.302457809448242
ĠJohn	3352	 John	2	distilbert/distilgpt2	distilbert/distilgpt2	False	8.705101936357096e-05	13.48777961730957
Ġbecause	3352	 because	3	distilbert/distilgpt2	distilbert/distilgpt2	False	0.000620804843492806	10.653573036193848
Ġhe	3352	 he	4	distilbert/distilgpt2	distilbert/distilgpt2	False	0.4416036605834961	1.1791759729385376
Mary	3353	Mary	0	distilbert/distilgpt2	distilbert/distilgpt2	False	1.0	0.0
Ġpassed	3353	 passed	1	distilbert/distilgpt2	distilbert/distilgpt2	False	1.6909850728552556e-06	19.173704147338867
ĠSarah	3353	 Sarah	2	distilbert/distilgpt2	distilbert/distilgpt2	False	4.576165338221472e-06	17.737428665161133
Ġbecause	3353	 because	3	distilbert/distilgpt2	distilbert/distilgpt2	False	0.001198969199322164	9.70398998260498
Ġshe	3353	 she	4	distilbert/distilgpt2	distilbert/distilgpt2	False	0.4627530574798584	1.1116856336593628
John	3354	John	0	distilbert/distilgpt2	distilbert/distilgpt2	False	1.0	0.0
Ġpassed	3354	 passed	1	distilbert/distilgpt2	distilbert/distilgpt2	False	1.3439130270853639e-06	19.505128860473633
ĠSarah	3354	 Sarah	2	distilbert/distilgpt2	distilbert/distilgpt2	False	5.379272352001863e-06	17.50415802001953
Ġbecause	3354	 because	3	distilbert/distilgpt2	distilbert/distilgpt2	False	0.0010721349390223622	9.865297317504883
Ġshe	3354	 she	4	distilbert/distilgpt2	distilbert/distilgpt2	False	0.43559813499450684	1.1989303827285767
Mary	3355	Mary	0	distilbert/distilgpt2	distilbert/distilgpt2	False	1.0	0.0
Ġpassed	3355	 passed	1	distilbert/distilgpt2	distilbert/distilgpt2	False	1.6909850728552556e-06	19.173704147338867
ĠSarah	3355	 Sarah	2	distilbert/distilgpt2	distilbert/distilgpt2	False	4.576165338221472e-06	17.737428665161133
Ġbecause	3355	 because	3	distilbert/distilgpt2	distilbert/distilgpt2	False	0.001198969199322164	9.70398998260498
Ġshe	3355	 she	4	distilbert/distilgpt2	distilbert/distilgpt2	False	0.4627530574798584	1.1116856336593628
David	3356	David	0	distilbert/distilgpt2	distilbert/distilgpt2	False	1.0	0.0
Ġpassed	3356	 passed	1	distilbert/distilgpt2	distilbert/distilgpt2	False	1.4248244042391889e-06	19.42078399658203
ĠSarah	3356	 Sarah	2	distilbert/distilgpt2	distilbert/distilgpt2	False	5.74599744140869e-06	17.409011840820312
Ġbecause	3356	 because	3	distilbert/distilgpt2	distilbert/distilgpt2	False	0.0005420930683612823	10.84917163848877
Ġshe	3356	 she	4	distilbert/distilgpt2	distilbert/distilgpt2	False	0.4352576434612274	1.2000584602355957
Sarah	3357	Sarah	0	distilbert/distilgpt2	distilbert/distilgpt2	False	1.0	0.0
Ġpassed	3357	 passed	1	distilbert/distilgpt2	distilbert/distilgpt2	False	1.5466115428353078e-06	19.302457809448242
ĠMary	3357	 Mary	2	distilbert/distilgpt2	distilbert/distilgpt2	False	7.443653157679364e-05	13.713629722595215
Ġbecause	3357	 because	3	distilbert/distilgpt2	distilbert/distilgpt2	False	0.0006481139571405947	10.59146499633789
Ġshe	3357	 she	4	distilbert/distilgpt2	distilbert/distilgpt2	False	0.422397643327713	1.2433263063430786
John	3358	John	0	distilbert/distilgpt2	distilbert/distilgpt2	False	1.0	0.0
Ġpassed	3358	 passed	1	distilbert/distilgpt2	distilbert/distilgpt2	False	1.3439130270853639e-06	19.505128860473633
ĠMary	3358	 Mary	2	distilbert/distilgpt2	distilbert/distilgpt2	False	5.094608059152961e-05	14.260669708251953
Ġbecause	3358	 because	3	distilbert/distilgpt2	distilbert/distilgpt2	False	0.0006884237518534064	10.504415512084961
Ġshe	3358	 she	4	distilbert/distilgpt2	distilbert/distilgpt2	False	0.4026813507080078	1.3122894763946533
Sarah	3359	Sarah	0	distilbert/distilgpt2	distilbert/distilgpt2	False	1.0	0.0
Ġpassed	3359	 passed	1	distilbert/distilgpt2	distilbert/distilgpt2	False	1.5466115428353078e-06	19.302457809448242
ĠMary	3359	 Mary	2	distilbert/distilgpt2	distilbert/distilgpt2	False	7.443653157679364e-05	13.713629722595215
Ġbecause	3359	 because	3	distilbert/distilgpt2	distilbert/distilgpt2	False	0.0006481139571405947	10.59146499633789
Ġshe	3359	 she	4	distilbert/distilgpt2	distilbert/distilgpt2	False	0.422397643327713	1.2433263063430786
David	3360	David	0	distilbert/distilgpt2	distilbert/distilgpt2	False	1.0	0.0
Ġpassed	3360	 passed	1	distilbert/distilgpt2	distilbert/distilgpt2	False	1.4248244042391889e-06	19.42078399658203
ĠMary	3360	 Mary	2	distilbert/distilgpt2	distilbert/distilgpt2	False	5.006839637644589e-05	14.28573989868164
Ġbecause	3360	 because	3	distilbert/distilgpt2	distilbert/distilgpt2	False	0.000255190214375034	11.936139106750488
Ġshe	3360	 she	4	distilbert/distilgpt2	distilbert/distilgpt2	False	0.40935665369033813	1.2885698080062866
John	3361	John	0	distilbert/distilgpt2	distilbert/distilgpt2	False	1.0	0.0
Ġpee	3361	 peeved	1	distilbert/distilgpt2	distilbert/distilgpt2	False	1.6859498686017105e-08	25.821863174438477
ved	3361	 peeved	1	distilbert/distilgpt2	distilbert/distilgpt2	False	0.00478073675185442	7.708551406860352
ĠDavid	3361	 David	2	distilbert/distilgpt2	distilbert/distilgpt2	False	3.225237378501333e-05	14.920234680175781
Ġbecause	3361	 because	3	distilbert/distilgpt2	distilbert/distilgpt2	False	0.0006929007358849049	10.495063781738281
Ġhe	3361	 he	4	distilbert/distilgpt2	distilbert/distilgpt2	False	0.38150760531425476	1.39021635055542
Mary	3362	Mary	0	distilbert/distilgpt2	distilbert/distilgpt2	False	1.0	0.0
Ġpee	3362	 peeved	1	distilbert/distilgpt2	distilbert/distilgpt2	False	2.032763468662324e-08	25.551982879638672
ved	3362	 peeved	1	distilbert/distilgpt2	distilbert/distilgpt2	False	0.0038482334930449724	8.021588325500488
ĠDavid	3362	 David	2	distilbert/distilgpt2	distilbert/distilgpt2	False	2.6050334781757556e-05	15.228338241577148
Ġbecause	3362	 because	3	distilbert/distilgpt2	distilbert/distilgpt2	False	0.0007755665574222803	10.3324613571167
Ġhe	3362	 he	4	distilbert/distilgpt2	distilbert/distilgpt2	False	0.41537007689476013	1.2675307989120483
John	3363	John	0	distilbert/distilgpt2	distilbert/distilgpt2	False	1.0	0.0
Ġpee	3363	 peeved	1	distilbert/distilgpt2	distilbert/distilgpt2	False	1.6859498686017105e-08	25.821863174438477
ved	3363	 peeved	1	distilbert/distilgpt2	distilbert/distilgpt2	False	0.00478073675185442	7.708551406860352
ĠDavid	3363	 David	2	distilbert/distilgpt2	distilbert/distilgpt2	False	3.225237378501333e-05	14.920234680175781
Ġbecause	3363	 because	3	distilbert/distilgpt2	distilbert/distilgpt2	False	0.0006929007358849049	10.495063781738281
Ġhe	3363	 he	4	distilbert/distilgpt2	distilbert/distilgpt2	False	0.38150760531425476	1.39021635055542
Sarah	3364	Sarah	0	distilbert/distilgpt2	distilbert/distilgpt2	False	1.0	0.0
Ġpee	3364	 peeved	1	distilbert/distilgpt2	distilbert/distilgpt2	False	1.6507600619775076e-08	25.852294921875
ved	3364	 peeved	1	distilbert/distilgpt2	distilbert/distilgpt2	False	0.006857133936136961	7.188178539276123
ĠDavid	3364	 David	2	distilbert/distilgpt2	distilbert/distilgpt2	False	1.8538616131991148e-05	15.719106674194336
Ġbecause	3364	 because	3	distilbert/distilgpt2	distilbert/distilgpt2	False	0.00045638452866114676	11.09746265411377
Ġhe	3364	 he	4	distilbert/distilgpt2	distilbert/distilgpt2	False	0.40617501735687256	1.2998266220092773
David	3365	David	0	distilbert/distilgpt2	distilbert/distilgpt2	False	1.0	0.0
Ġpee	3365	 peeved	1	distilbert/distilgpt2	distilbert/distilgpt2	False	1.5993459001606425e-08	25.8979434967041
ved	3365	 peeved	1	distilbert/distilgpt2	distilbert/distilgpt2	False	0.019023336470127106	5.716085910797119
ĠJohn	3365	 John	2	distilbert/distilgpt2	distilbert/distilgpt2	False	7.032228313619271e-05	13.795658111572266
Ġbecause	3365	 because	3	distilbert/distilgpt2	distilbert/distilgpt2	False	0.0017852693563327193	9.129642486572266
Ġhe	3365	 he	4	distilbert/distilgpt2	distilbert/distilgpt2	False	0.39831963181495667	1.3280014991760254
Mary	3366	Mary	0	distilbert/distilgpt2	distilbert/distilgpt2	False	1.0	0.0
Ġpee	3366	 peeved	1	distilbert/distilgpt2	distilbert/distilgpt2	False	2.032763468662324e-08	25.551982879638672
ved	3366	 peeved	1	distilbert/distilgpt2	distilbert/distilgpt2	False	0.0038482334930449724	8.021588325500488
ĠJohn	3366	 John	2	distilbert/distilgpt2	distilbert/distilgpt2	False	5.864534614374861e-05	14.057623863220215
Ġbecause	3366	 because	3	distilbert/distilgpt2	distilbert/distilgpt2	False	0.0017608224879950285	9.149535179138184
Ġhe	3366	 he	4	distilbert/distilgpt2	distilbert/distilgpt2	False	0.4450514018535614	1.1679561138153076
David	3367	David	0	distilbert/distilgpt2	distilbert/distilgpt2	False	1.0	0.0
Ġpee	3367	 peeved	1	distilbert/distilgpt2	distilbert/distilgpt2	False	1.5993459001606425e-08	25.8979434967041
ved	3367	 peeved	1	distilbert/distilgpt2	distilbert/distilgpt2	False	0.019023336470127106	5.716085910797119
ĠJohn	3367	 John	2	distilbert/distilgpt2	distilbert/distilgpt2	False	7.032228313619271e-05	13.795658111572266
Ġbecause	3367	 because	3	distilbert/distilgpt2	distilbert/distilgpt2	False	0.0017852693563327193	9.129642486572266
Ġhe	3367	 he	4	distilbert/distilgpt2	distilbert/distilgpt2	False	0.39831963181495667	1.3280014991760254
Sarah	3368	Sarah	0	distilbert/distilgpt2	distilbert/distilgpt2	False	1.0	0.0
Ġpee	3368	 peeved	1	distilbert/distilgpt2	distilbert/distilgpt2	False	1.6507600619775076e-08	25.852294921875
ved	3368	 peeved	1	distilbert/distilgpt2	distilbert/distilgpt2	False	0.006857133936136961	7.188178539276123
ĠJohn	3368	 John	2	distilbert/distilgpt2	distilbert/distilgpt2	False	3.670929800136946e-05	14.733494758605957
Ġbecause	3368	 because	3	distilbert/distilgpt2	distilbert/distilgpt2	False	0.0019904128275811672	8.972716331481934
Ġhe	3368	 he	4	distilbert/distilgpt2	distilbert/distilgpt2	False	0.4257230758666992	1.2320128679275513
Mary	3369	Mary	0	distilbert/distilgpt2	distilbert/distilgpt2	False	1.0	0.0
Ġpee	3369	 peeved	1	distilbert/distilgpt2	distilbert/distilgpt2	False	2.032763468662324e-08	25.551982879638672
ved	3369	 peeved	1	distilbert/distilgpt2	distilbert/distilgpt2	False	0.0038482334930449724	8.021588325500488
ĠSarah	3369	 Sarah	2	distilbert/distilgpt2	distilbert/distilgpt2	False	1.7385864339303225e-05	15.811725616455078
Ġbecause	3369	 because	3	distilbert/distilgpt2	distilbert/distilgpt2	False	0.002096282783895731	8.897951126098633
Ġshe	3369	 she	4	distilbert/distilgpt2	distilbert/distilgpt2	False	0.46147632598876953	1.1156715154647827
John	3370	John	0	distilbert/distilgpt2	distilbert/distilgpt2	False	1.0	0.0
Ġpee	3370	 peeved	1	distilbert/distilgpt2	distilbert/distilgpt2	False	1.6859498686017105e-08	25.821863174438477
ved	3370	 peeved	1	distilbert/distilgpt2	distilbert/distilgpt2	False	0.00478073675185442	7.708551406860352
ĠSarah	3370	 Sarah	2	distilbert/distilgpt2	distilbert/distilgpt2	False	1.4623494280385785e-05	16.061351776123047
Ġbecause	3370	 because	3	distilbert/distilgpt2	distilbert/distilgpt2	False	0.0017617177218198776	9.148801803588867
Ġshe	3370	 she	4	distilbert/distilgpt2	distilbert/distilgpt2	False	0.4130230247974396	1.2757059335708618
Mary	3371	Mary	0	distilbert/distilgpt2	distilbert/distilgpt2	False	1.0	0.0
Ġpee	3371	 peeved	1	distilbert/distilgpt2	distilbert/distilgpt2	False	2.032763468662324e-08	25.551982879638672
ved	3371	 peeved	1	distilbert/distilgpt2	distilbert/distilgpt2	False	0.0038482334930449724	8.021588325500488
ĠSarah	3371	 Sarah	2	distilbert/distilgpt2	distilbert/distilgpt2	False	1.7385864339303225e-05	15.811725616455078
Ġbecause	3371	 because	3	distilbert/distilgpt2	distilbert/distilgpt2	False	0.002096282783895731	8.897951126098633
Ġshe	3371	 she	4	distilbert/distilgpt2	distilbert/distilgpt2	False	0.46147632598876953	1.1156715154647827
David	3372	David	0	distilbert/distilgpt2	distilbert/distilgpt2	False	1.0	0.0
Ġpee	3372	 peeved	1	distilbert/distilgpt2	distilbert/distilgpt2	False	1.5993459001606425e-08	25.8979434967041
ved	3372	 peeved	1	distilbert/distilgpt2	distilbert/distilgpt2	False	0.019023336470127106	5.716085910797119
ĠSarah	3372	 Sarah	2	distilbert/distilgpt2	distilbert/distilgpt2	False	1.4454806660069153e-05	16.07809066772461
Ġbecause	3372	 because	3	distilbert/distilgpt2	distilbert/distilgpt2	False	0.0015140247996896505	9.367395401000977
Ġshe	3372	 she	4	distilbert/distilgpt2	distilbert/distilgpt2	False	0.41046205163002014	1.2846792936325073
Sarah	3373	Sarah	0	distilbert/distilgpt2	distilbert/distilgpt2	False	1.0	0.0
Ġpee	3373	 peeved	1	distilbert/distilgpt2	distilbert/distilgpt2	False	1.6507600619775076e-08	25.852294921875
ved	3373	 peeved	1	distilbert/distilgpt2	distilbert/distilgpt2	False	0.006857133936136961	7.188178539276123
ĠMary	3373	 Mary	2	distilbert/distilgpt2	distilbert/distilgpt2	False	1.885945675894618e-05	15.694352149963379
Ġbecause	3373	 because	3	distilbert/distilgpt2	distilbert/distilgpt2	False	0.0005597240524366498	10.802996635437012
Ġshe	3373	 she	4	distilbert/distilgpt2	distilbert/distilgpt2	False	0.40067094564437866	1.3195102214813232
John	3374	John	0	distilbert/distilgpt2	distilbert/distilgpt2	False	1.0	0.0
Ġpee	3374	 peeved	1	distilbert/distilgpt2	distilbert/distilgpt2	False	1.6859498686017105e-08	25.821863174438477
ved	3374	 peeved	1	distilbert/distilgpt2	distilbert/distilgpt2	False	0.00478073675185442	7.708551406860352
ĠMary	3374	 Mary	2	distilbert/distilgpt2	distilbert/distilgpt2	False	2.193505315517541e-05	15.476402282714844
Ġbecause	3374	 because	3	distilbert/distilgpt2	distilbert/distilgpt2	False	0.0009622359066270292	10.021321296691895
Ġshe	3374	 she	4	distilbert/distilgpt2	distilbert/distilgpt2	False	0.377166748046875	1.4067256450653076
Sarah	3375	Sarah	0	distilbert/distilgpt2	distilbert/distilgpt2	False	1.0	0.0
Ġpee	3375	 peeved	1	distilbert/distilgpt2	distilbert/distilgpt2	False	1.6507600619775076e-08	25.852294921875
ved	3375	 peeved	1	distilbert/distilgpt2	distilbert/distilgpt2	False	0.006857133936136961	7.188178539276123
ĠMary	3375	 Mary	2	distilbert/distilgpt2	distilbert/distilgpt2	False	1.885945675894618e-05	15.694352149963379
Ġbecause	3375	 because	3	distilbert/distilgpt2	distilbert/distilgpt2	False	0.0005597240524366498	10.802996635437012
Ġshe	3375	 she	4	distilbert/distilgpt2	distilbert/distilgpt2	False	0.40067094564437866	1.3195102214813232
David	3376	David	0	distilbert/distilgpt2	distilbert/distilgpt2	False	1.0	0.0
Ġpee	3376	 peeved	1	distilbert/distilgpt2	distilbert/distilgpt2	False	1.5993459001606425e-08	25.8979434967041
ved	3376	 peeved	1	distilbert/distilgpt2	distilbert/distilgpt2	False	0.019023336470127106	5.716085910797119
ĠMary	3376	 Mary	2	distilbert/distilgpt2	distilbert/distilgpt2	False	2.14837709791027e-05	15.506393432617188
Ġbecause	3376	 because	3	distilbert/distilgpt2	distilbert/distilgpt2	False	0.0006587969837710261	10.567878723144531
Ġshe	3376	 she	4	distilbert/distilgpt2	distilbert/distilgpt2	False	0.38289642333984375	1.3849740028381348
John	3377	John	0	distilbert/distilgpt2	distilbert/distilgpt2	False	1.0	0.0
Ġpenal	3377	 penalized	1	distilbert/distilgpt2	distilbert/distilgpt2	False	1.9527092831594928e-08	25.609947204589844
ized	3377	 penalized	1	distilbert/distilgpt2	distilbert/distilgpt2	False	0.28928855061531067	1.7894189357757568
ĠDavid	3377	 David	2	distilbert/distilgpt2	distilbert/distilgpt2	False	0.00028823697357438505	11.760457038879395
Ġbecause	3377	 because	3	distilbert/distilgpt2	distilbert/distilgpt2	False	0.0001851653796620667	12.398898124694824
Ġhe	3377	 he	4	distilbert/distilgpt2	distilbert/distilgpt2	False	0.5231581926345825	0.9346808791160583
Mary	3378	Mary	0	distilbert/distilgpt2	distilbert/distilgpt2	False	1.0	0.0
Ġpenal	3378	 penalized	1	distilbert/distilgpt2	distilbert/distilgpt2	False	2.4044449986604377e-08	25.309720993041992
ized	3378	 penalized	1	distilbert/distilgpt2	distilbert/distilgpt2	False	0.2765560746192932	1.8543561697006226
ĠDavid	3378	 David	2	distilbert/distilgpt2	distilbert/distilgpt2	False	0.00017500019748695195	12.480356216430664
Ġbecause	3378	 because	3	distilbert/distilgpt2	distilbert/distilgpt2	False	0.0001995801430894062	12.290743827819824
Ġhe	3378	 he	4	distilbert/distilgpt2	distilbert/distilgpt2	False	0.534083902835846	0.9048617482185364
John	3379	John	0	distilbert/distilgpt2	distilbert/distilgpt2	False	1.0	0.0
Ġpenal	3379	 penalized	1	distilbert/distilgpt2	distilbert/distilgpt2	False	1.9527092831594928e-08	25.609947204589844
ized	3379	 penalized	1	distilbert/distilgpt2	distilbert/distilgpt2	False	0.28928855061531067	1.7894189357757568
ĠDavid	3379	 David	2	distilbert/distilgpt2	distilbert/distilgpt2	False	0.00028823697357438505	11.760457038879395
Ġbecause	3379	 because	3	distilbert/distilgpt2	distilbert/distilgpt2	False	0.0001851653796620667	12.398898124694824
Ġhe	3379	 he	4	distilbert/distilgpt2	distilbert/distilgpt2	False	0.5231581926345825	0.9346808791160583
Sarah	3380	Sarah	0	distilbert/distilgpt2	distilbert/distilgpt2	False	1.0	0.0
Ġpenal	3380	 penalized	1	distilbert/distilgpt2	distilbert/distilgpt2	False	1.662869308916015e-08	25.84174919128418
ized	3380	 penalized	1	distilbert/distilgpt2	distilbert/distilgpt2	False	0.23746737837791443	2.0741987228393555
ĠDavid	3380	 David	2	distilbert/distilgpt2	distilbert/distilgpt2	False	0.00026046944549307227	11.906598091125488
Ġbecause	3380	 because	3	distilbert/distilgpt2	distilbert/distilgpt2	False	0.00015144831559155136	12.688886642456055
Ġhe	3380	 he	4	distilbert/distilgpt2	distilbert/distilgpt2	False	0.5304239988327026	0.9147821664810181
David	3381	David	0	distilbert/distilgpt2	distilbert/distilgpt2	False	1.0	0.0
Ġpenal	3381	 penalized	1	distilbert/distilgpt2	distilbert/distilgpt2	False	2.112042807311809e-08	25.49678611755371
ized	3381	 penalized	1	distilbert/distilgpt2	distilbert/distilgpt2	False	0.21550248563289642	2.214223623275757
ĠJohn	3381	 John	2	distilbert/distilgpt2	distilbert/distilgpt2	False	0.0006279696826823056	10.637017250061035
Ġbecause	3381	 because	3	distilbert/distilgpt2	distilbert/distilgpt2	False	0.00036363789695315063	11.425209999084473
Ġhe	3381	 he	4	distilbert/distilgpt2	distilbert/distilgpt2	False	0.5335438251495361	0.9063214063644409
Mary	3382	Mary	0	distilbert/distilgpt2	distilbert/distilgpt2	False	1.0	0.0
Ġpenal	3382	 penalized	1	distilbert/distilgpt2	distilbert/distilgpt2	False	2.4044449986604377e-08	25.309720993041992
ized	3382	 penalized	1	distilbert/distilgpt2	distilbert/distilgpt2	False	0.2765560746192932	1.8543561697006226
ĠJohn	3382	 John	2	distilbert/distilgpt2	distilbert/distilgpt2	False	0.00036294132587499917	11.42797565460205
Ġbecause	3382	 because	3	distilbert/distilgpt2	distilbert/distilgpt2	False	0.0003616968751884997	11.432930946350098
Ġhe	3382	 he	4	distilbert/distilgpt2	distilbert/distilgpt2	False	0.5617093443870544	0.8321043252944946
David	3383	David	0	distilbert/distilgpt2	distilbert/distilgpt2	False	1.0	0.0
Ġpenal	3383	 penalized	1	distilbert/distilgpt2	distilbert/distilgpt2	False	2.112042807311809e-08	25.49678611755371
ized	3383	 penalized	1	distilbert/distilgpt2	distilbert/distilgpt2	False	0.21550248563289642	2.214223623275757
ĠJohn	3383	 John	2	distilbert/distilgpt2	distilbert/distilgpt2	False	0.0006279696826823056	10.637017250061035
Ġbecause	3383	 because	3	distilbert/distilgpt2	distilbert/distilgpt2	False	0.00036363789695315063	11.425209999084473
Ġhe	3383	 he	4	distilbert/distilgpt2	distilbert/distilgpt2	False	0.5335438251495361	0.9063214063644409
Sarah	3384	Sarah	0	distilbert/distilgpt2	distilbert/distilgpt2	False	1.0	0.0
Ġpenal	3384	 penalized	1	distilbert/distilgpt2	distilbert/distilgpt2	False	1.662869308916015e-08	25.84174919128418
ized	3384	 penalized	1	distilbert/distilgpt2	distilbert/distilgpt2	False	0.23746737837791443	2.0741987228393555
ĠJohn	3384	 John	2	distilbert/distilgpt2	distilbert/distilgpt2	False	0.0004342979227658361	11.169027328491211
Ġbecause	3384	 because	3	distilbert/distilgpt2	distilbert/distilgpt2	False	0.0004631627816706896	11.076192855834961
Ġhe	3384	 he	4	distilbert/distilgpt2	distilbert/distilgpt2	False	0.534583568572998	0.9035125970840454
Mary	3385	Mary	0	distilbert/distilgpt2	distilbert/distilgpt2	False	1.0	0.0
Ġpenal	3385	 penalized	1	distilbert/distilgpt2	distilbert/distilgpt2	False	2.4044449986604377e-08	25.309720993041992
ized	3385	 penalized	1	distilbert/distilgpt2	distilbert/distilgpt2	False	0.2765560746192932	1.8543561697006226
ĠSarah	3385	 Sarah	2	distilbert/distilgpt2	distilbert/distilgpt2	False	7.8576646046713e-05	13.635540008544922
Ġbecause	3385	 because	3	distilbert/distilgpt2	distilbert/distilgpt2	False	0.0012576304143294692	9.635076522827148
Ġshe	3385	 she	4	distilbert/distilgpt2	distilbert/distilgpt2	False	0.5690004229545593	0.8134983777999878
John	3386	John	0	distilbert/distilgpt2	distilbert/distilgpt2	False	1.0	0.0
Ġpenal	3386	 penalized	1	distilbert/distilgpt2	distilbert/distilgpt2	False	1.9527092831594928e-08	25.609947204589844
ized	3386	 penalized	1	distilbert/distilgpt2	distilbert/distilgpt2	False	0.28928855061531067	1.7894189357757568
ĠSarah	3386	 Sarah	2	distilbert/distilgpt2	distilbert/distilgpt2	False	8.58578277984634e-05	13.5076904296875
Ġbecause	3386	 because	3	distilbert/distilgpt2	distilbert/distilgpt2	False	0.0008254635613411665	10.242507934570312
Ġshe	3386	 she	4	distilbert/distilgpt2	distilbert/distilgpt2	False	0.5527669787406921	0.8552567958831787
Mary	3387	Mary	0	distilbert/distilgpt2	distilbert/distilgpt2	False	1.0	0.0
Ġpenal	3387	 penalized	1	distilbert/distilgpt2	distilbert/distilgpt2	False	2.4044449986604377e-08	25.309720993041992
ized	3387	 penalized	1	distilbert/distilgpt2	distilbert/distilgpt2	False	0.2765560746192932	1.8543561697006226
ĠSarah	3387	 Sarah	2	distilbert/distilgpt2	distilbert/distilgpt2	False	7.8576646046713e-05	13.635540008544922
Ġbecause	3387	 because	3	distilbert/distilgpt2	distilbert/distilgpt2	False	0.0012576304143294692	9.635076522827148
Ġshe	3387	 she	4	distilbert/distilgpt2	distilbert/distilgpt2	False	0.5690004229545593	0.8134983777999878
David	3388	David	0	distilbert/distilgpt2	distilbert/distilgpt2	False	1.0	0.0
Ġpenal	3388	 penalized	1	distilbert/distilgpt2	distilbert/distilgpt2	False	2.112042807311809e-08	25.49678611755371
ized	3388	 penalized	1	distilbert/distilgpt2	distilbert/distilgpt2	False	0.21550248563289642	2.214223623275757
ĠSarah	3388	 Sarah	2	distilbert/distilgpt2	distilbert/distilgpt2	False	0.00010159142402699217	13.264933586120605
Ġbecause	3388	 because	3	distilbert/distilgpt2	distilbert/distilgpt2	False	0.0004791241080965847	11.027313232421875
Ġshe	3388	 she	4	distilbert/distilgpt2	distilbert/distilgpt2	False	0.5349246859550476	0.9025923609733582
Sarah	3389	Sarah	0	distilbert/distilgpt2	distilbert/distilgpt2	False	1.0	0.0
Ġpenal	3389	 penalized	1	distilbert/distilgpt2	distilbert/distilgpt2	False	1.662869308916015e-08	25.84174919128418
ized	3389	 penalized	1	distilbert/distilgpt2	distilbert/distilgpt2	False	0.23746737837791443	2.0741987228393555
ĠMary	3389	 Mary	2	distilbert/distilgpt2	distilbert/distilgpt2	False	0.0002059948310488835	12.24510383605957
Ġbecause	3389	 because	3	distilbert/distilgpt2	distilbert/distilgpt2	False	0.001062102266587317	9.878861427307129
Ġshe	3389	 she	4	distilbert/distilgpt2	distilbert/distilgpt2	False	0.49242687225341797	1.022018551826477
John	3390	John	0	distilbert/distilgpt2	distilbert/distilgpt2	False	1.0	0.0
Ġpenal	3390	 penalized	1	distilbert/distilgpt2	distilbert/distilgpt2	False	1.9527092831594928e-08	25.609947204589844
ized	3390	 penalized	1	distilbert/distilgpt2	distilbert/distilgpt2	False	0.28928855061531067	1.7894189357757568
ĠMary	3390	 Mary	2	distilbert/distilgpt2	distilbert/distilgpt2	False	0.00020294242131058127	12.266641616821289
Ġbecause	3390	 because	3	distilbert/distilgpt2	distilbert/distilgpt2	False	0.001959350425750017	8.99540901184082
Ġshe	3390	 she	4	distilbert/distilgpt2	distilbert/distilgpt2	False	0.5041906237602234	0.9879589080810547
Sarah	3391	Sarah	0	distilbert/distilgpt2	distilbert/distilgpt2	False	1.0	0.0
Ġpenal	3391	 penalized	1	distilbert/distilgpt2	distilbert/distilgpt2	False	1.662869308916015e-08	25.84174919128418
ized	3391	 penalized	1	distilbert/distilgpt2	distilbert/distilgpt2	False	0.23746737837791443	2.0741987228393555
ĠMary	3391	 Mary	2	distilbert/distilgpt2	distilbert/distilgpt2	False	0.0002059948310488835	12.24510383605957
Ġbecause	3391	 because	3	distilbert/distilgpt2	distilbert/distilgpt2	False	0.001062102266587317	9.878861427307129
Ġshe	3391	 she	4	distilbert/distilgpt2	distilbert/distilgpt2	False	0.49242687225341797	1.022018551826477
David	3392	David	0	distilbert/distilgpt2	distilbert/distilgpt2	False	1.0	0.0
Ġpenal	3392	 penalized	1	distilbert/distilgpt2	distilbert/distilgpt2	False	2.112042807311809e-08	25.49678611755371
ized	3392	 penalized	1	distilbert/distilgpt2	distilbert/distilgpt2	False	0.21550248563289642	2.214223623275757
ĠMary	3392	 Mary	2	distilbert/distilgpt2	distilbert/distilgpt2	False	0.00019124404934700578	12.35229778289795
Ġbecause	3392	 because	3	distilbert/distilgpt2	distilbert/distilgpt2	False	0.0007638928946107626	10.354342460632324
Ġshe	3392	 she	4	distilbert/distilgpt2	distilbert/distilgpt2	False	0.49309277534484863	1.0200690031051636
John	3393	John	0	distilbert/distilgpt2	distilbert/distilgpt2	False	1.0	0.0
Ġpersecuted	3393	 persecuted	1	distilbert/distilgpt2	distilbert/distilgpt2	False	6.380569850250595e-09	27.22366714477539
ĠDavid	3393	 David	2	distilbert/distilgpt2	distilbert/distilgpt2	False	6.275894702412188e-05	13.959819793701172
Ġbecause	3393	 because	3	distilbert/distilgpt2	distilbert/distilgpt2	False	0.00030165290809236467	11.694823265075684
Ġhe	3393	 he	4	distilbert/distilgpt2	distilbert/distilgpt2	False	0.39545053243637085	1.3384308815002441
Mary	3394	Mary	0	distilbert/distilgpt2	distilbert/distilgpt2	False	1.0	0.0
Ġpersecuted	3394	 persecuted	1	distilbert/distilgpt2	distilbert/distilgpt2	False	7.395508205831902e-09	27.010704040527344
ĠDavid	3394	 David	2	distilbert/distilgpt2	distilbert/distilgpt2	False	3.84254744858481e-05	14.667577743530273
Ġbecause	3394	 because	3	distilbert/distilgpt2	distilbert/distilgpt2	False	0.0004125094274058938	11.243285179138184
Ġhe	3394	 he	4	distilbert/distilgpt2	distilbert/distilgpt2	False	0.3845541179180145	1.3787415027618408
John	3395	John	0	distilbert/distilgpt2	distilbert/distilgpt2	False	1.0	0.0
Ġpersecuted	3395	 persecuted	1	distilbert/distilgpt2	distilbert/distilgpt2	False	6.380569850250595e-09	27.22366714477539
ĠDavid	3395	 David	2	distilbert/distilgpt2	distilbert/distilgpt2	False	6.275894702412188e-05	13.959819793701172
Ġbecause	3395	 because	3	distilbert/distilgpt2	distilbert/distilgpt2	False	0.00030165290809236467	11.694823265075684
Ġhe	3395	 he	4	distilbert/distilgpt2	distilbert/distilgpt2	False	0.39545053243637085	1.3384308815002441
Sarah	3396	Sarah	0	distilbert/distilgpt2	distilbert/distilgpt2	False	1.0	0.0
Ġpersecuted	3396	 persecuted	1	distilbert/distilgpt2	distilbert/distilgpt2	False	5.879861930679908e-09	27.341569900512695
ĠDavid	3396	 David	2	distilbert/distilgpt2	distilbert/distilgpt2	False	7.294676470337436e-05	13.742796897888184
Ġbecause	3396	 because	3	distilbert/distilgpt2	distilbert/distilgpt2	False	0.00022195321798790246	12.137456893920898
Ġhe	3396	 he	4	distilbert/distilgpt2	distilbert/distilgpt2	False	0.4334515631198883	1.2060573101043701
David	3397	David	0	distilbert/distilgpt2	distilbert/distilgpt2	False	1.0	0.0
Ġpersecuted	3397	 persecuted	1	distilbert/distilgpt2	distilbert/distilgpt2	False	6.370890037743493e-09	27.225858688354492
ĠJohn	3397	 John	2	distilbert/distilgpt2	distilbert/distilgpt2	False	0.00029570498736575246	11.723553657531738
Ġbecause	3397	 because	3	distilbert/distilgpt2	distilbert/distilgpt2	False	0.0001645956072025001	12.56878662109375
Ġhe	3397	 he	4	distilbert/distilgpt2	distilbert/distilgpt2	False	0.4503217339515686	1.1509720087051392
Mary	3398	Mary	0	distilbert/distilgpt2	distilbert/distilgpt2	False	1.0	0.0
Ġpersecuted	3398	 persecuted	1	distilbert/distilgpt2	distilbert/distilgpt2	False	7.395508205831902e-09	27.010704040527344
ĠJohn	3398	 John	2	distilbert/distilgpt2	distilbert/distilgpt2	False	0.0001563328696647659	12.643091201782227
Ġbecause	3398	 because	3	distilbert/distilgpt2	distilbert/distilgpt2	False	0.00027830491308122873	11.81104564666748
Ġhe	3398	 he	4	distilbert/distilgpt2	distilbert/distilgpt2	False	0.4373021721839905	1.1932976245880127
David	3399	David	0	distilbert/distilgpt2	distilbert/distilgpt2	False	1.0	0.0
Ġpersecuted	3399	 persecuted	1	distilbert/distilgpt2	distilbert/distilgpt2	False	6.370890037743493e-09	27.225858688354492
ĠJohn	3399	 John	2	distilbert/distilgpt2	distilbert/distilgpt2	False	0.00029570498736575246	11.723553657531738
Ġbecause	3399	 because	3	distilbert/distilgpt2	distilbert/distilgpt2	False	0.0001645956072025001	12.56878662109375
Ġhe	3399	 he	4	distilbert/distilgpt2	distilbert/distilgpt2	False	0.4503217339515686	1.1509720087051392
Sarah	3400	Sarah	0	distilbert/distilgpt2	distilbert/distilgpt2	False	1.0	0.0
Ġpersecuted	3400	 persecuted	1	distilbert/distilgpt2	distilbert/distilgpt2	False	5.879861930679908e-09	27.341569900512695
ĠJohn	3400	 John	2	distilbert/distilgpt2	distilbert/distilgpt2	False	0.00026180504937656224	11.899219512939453
Ġbecause	3400	 because	3	distilbert/distilgpt2	distilbert/distilgpt2	False	0.00039554553222842515	11.303868293762207
Ġhe	3400	 he	4	distilbert/distilgpt2	distilbert/distilgpt2	False	0.4465620517730713	1.1630674600601196
Mary	3401	Mary	0	distilbert/distilgpt2	distilbert/distilgpt2	False	1.0	0.0
Ġpersecuted	3401	 persecuted	1	distilbert/distilgpt2	distilbert/distilgpt2	False	7.395508205831902e-09	27.010704040527344
ĠSarah	3401	 Sarah	2	distilbert/distilgpt2	distilbert/distilgpt2	False	2.434397720207926e-05	15.326075553894043
Ġbecause	3401	 because	3	distilbert/distilgpt2	distilbert/distilgpt2	False	0.0015289394650608301	9.353253364562988
Ġshe	3401	 she	4	distilbert/distilgpt2	distilbert/distilgpt2	False	0.46452978253364563	1.1061570644378662
John	3402	John	0	distilbert/distilgpt2	distilbert/distilgpt2	False	1.0	0.0
Ġpersecuted	3402	 persecuted	1	distilbert/distilgpt2	distilbert/distilgpt2	False	6.380569850250595e-09	27.22366714477539
ĠSarah	3402	 Sarah	2	distilbert/distilgpt2	distilbert/distilgpt2	False	3.6532754165818915e-05	14.740449905395508
Ġbecause	3402	 because	3	distilbert/distilgpt2	distilbert/distilgpt2	False	0.0008822734234854579	10.146486282348633
Ġshe	3402	 she	4	distilbert/distilgpt2	distilbert/distilgpt2	False	0.4528411328792572	1.14292311668396
Mary	3403	Mary	0	distilbert/distilgpt2	distilbert/distilgpt2	False	1.0	0.0
Ġpersecuted	3403	 persecuted	1	distilbert/distilgpt2	distilbert/distilgpt2	False	7.395508205831902e-09	27.010704040527344
ĠSarah	3403	 Sarah	2	distilbert/distilgpt2	distilbert/distilgpt2	False	2.434397720207926e-05	15.326075553894043
Ġbecause	3403	 because	3	distilbert/distilgpt2	distilbert/distilgpt2	False	0.0015289394650608301	9.353253364562988
Ġshe	3403	 she	4	distilbert/distilgpt2	distilbert/distilgpt2	False	0.46452978253364563	1.1061570644378662
David	3404	David	0	distilbert/distilgpt2	distilbert/distilgpt2	False	1.0	0.0
Ġpersecuted	3404	 persecuted	1	distilbert/distilgpt2	distilbert/distilgpt2	False	6.370890037743493e-09	27.225858688354492
ĠSarah	3404	 Sarah	2	distilbert/distilgpt2	distilbert/distilgpt2	False	4.084756801603362e-05	14.579390525817871
Ġbecause	3404	 because	3	distilbert/distilgpt2	distilbert/distilgpt2	False	0.0005987706826999784	10.705708503723145
Ġshe	3404	 she	4	distilbert/distilgpt2	distilbert/distilgpt2	False	0.47191154956817627	1.083411693572998
Sarah	3405	Sarah	0	distilbert/distilgpt2	distilbert/distilgpt2	False	1.0	0.0
Ġpersecuted	3405	 persecuted	1	distilbert/distilgpt2	distilbert/distilgpt2	False	5.879861930679908e-09	27.341569900512695
ĠMary	3405	 Mary	2	distilbert/distilgpt2	distilbert/distilgpt2	False	8.166472252923995e-05	13.579927444458008
Ġbecause	3405	 because	3	distilbert/distilgpt2	distilbert/distilgpt2	False	0.001511719194240868	9.36959457397461
Ġshe	3405	 she	4	distilbert/distilgpt2	distilbert/distilgpt2	False	0.4291146397590637	1.2205649614334106
John	3406	John	0	distilbert/distilgpt2	distilbert/distilgpt2	False	1.0	0.0
Ġpersecuted	3406	 persecuted	1	distilbert/distilgpt2	distilbert/distilgpt2	False	6.380569850250595e-09	27.22366714477539
ĠMary	3406	 Mary	2	distilbert/distilgpt2	distilbert/distilgpt2	False	7.024379738140851e-05	13.797269821166992
Ġbecause	3406	 because	3	distilbert/distilgpt2	distilbert/distilgpt2	False	0.001670905388891697	9.225153923034668
Ġshe	3406	 she	4	distilbert/distilgpt2	distilbert/distilgpt2	False	0.416352778673172	1.264121651649475
Sarah	3407	Sarah	0	distilbert/distilgpt2	distilbert/distilgpt2	False	1.0	0.0
Ġpersecuted	3407	 persecuted	1	distilbert/distilgpt2	distilbert/distilgpt2	False	5.879861930679908e-09	27.341569900512695
ĠMary	3407	 Mary	2	distilbert/distilgpt2	distilbert/distilgpt2	False	8.166472252923995e-05	13.579927444458008
Ġbecause	3407	 because	3	distilbert/distilgpt2	distilbert/distilgpt2	False	0.001511719194240868	9.36959457397461
Ġshe	3407	 she	4	distilbert/distilgpt2	distilbert/distilgpt2	False	0.4291146397590637	1.2205649614334106
David	3408	David	0	distilbert/distilgpt2	distilbert/distilgpt2	False	1.0	0.0
Ġpersecuted	3408	 persecuted	1	distilbert/distilgpt2	distilbert/distilgpt2	False	6.370890037743493e-09	27.225858688354492
ĠMary	3408	 Mary	2	distilbert/distilgpt2	distilbert/distilgpt2	False	7.273038499988616e-05	13.747082710266113
Ġbecause	3408	 because	3	distilbert/distilgpt2	distilbert/distilgpt2	False	0.0007945066317915916	10.297653198242188
Ġshe	3408	 she	4	distilbert/distilgpt2	distilbert/distilgpt2	False	0.4232225716114044	1.2405115365982056
John	3409	John	0	distilbert/distilgpt2	distilbert/distilgpt2	False	1.0	0.0
Ġpet	3409	 petted	1	distilbert/distilgpt2	distilbert/distilgpt2	False	8.994631457426294e-07	20.08443260192871
ted	3409	 petted	1	distilbert/distilgpt2	distilbert/distilgpt2	False	0.006339453626424074	7.301425933837891
ĠDavid	3409	 David	2	distilbert/distilgpt2	distilbert/distilgpt2	False	0.00044067439739592373	11.14799976348877
Ġbecause	3409	 because	3	distilbert/distilgpt2	distilbert/distilgpt2	False	0.001362500712275505	9.519527435302734
Ġhe	3409	 he	4	distilbert/distilgpt2	distilbert/distilgpt2	False	0.4289221167564392	1.221212387084961
Mary	3410	Mary	0	distilbert/distilgpt2	distilbert/distilgpt2	False	1.0	0.0
Ġpet	3410	 petted	1	distilbert/distilgpt2	distilbert/distilgpt2	False	1.0622480886013363e-06	19.84444808959961
ted	3410	 petted	1	distilbert/distilgpt2	distilbert/distilgpt2	False	0.0058649880811572075	7.413656234741211
ĠDavid	3410	 David	2	distilbert/distilgpt2	distilbert/distilgpt2	False	6.159745680633932e-05	13.986769676208496
Ġbecause	3410	 because	3	distilbert/distilgpt2	distilbert/distilgpt2	False	0.001500756130553782	9.380094528198242
Ġhe	3410	 he	4	distilbert/distilgpt2	distilbert/distilgpt2	False	0.442156583070755	1.1773707866668701
John	3411	John	0	distilbert/distilgpt2	distilbert/distilgpt2	False	1.0	0.0
Ġpet	3411	 petted	1	distilbert/distilgpt2	distilbert/distilgpt2	False	8.994631457426294e-07	20.08443260192871
ted	3411	 petted	1	distilbert/distilgpt2	distilbert/distilgpt2	False	0.006339453626424074	7.301425933837891
ĠDavid	3411	 David	2	distilbert/distilgpt2	distilbert/distilgpt2	False	0.00044067439739592373	11.14799976348877
Ġbecause	3411	 because	3	distilbert/distilgpt2	distilbert/distilgpt2	False	0.001362500712275505	9.519527435302734
Ġhe	3411	 he	4	distilbert/distilgpt2	distilbert/distilgpt2	False	0.4289221167564392	1.221212387084961
Sarah	3412	Sarah	0	distilbert/distilgpt2	distilbert/distilgpt2	False	1.0	0.0
Ġpet	3412	 petted	1	distilbert/distilgpt2	distilbert/distilgpt2	False	8.417446792918781e-07	20.18011474609375
ted	3412	 petted	1	distilbert/distilgpt2	distilbert/distilgpt2	False	0.006682121194899082	7.225478172302246
ĠDavid	3412	 David	2	distilbert/distilgpt2	distilbert/distilgpt2	False	0.00012073096877429634	13.01591682434082
Ġbecause	3412	 because	3	distilbert/distilgpt2	distilbert/distilgpt2	False	0.0014326755190268159	9.44707202911377
Ġhe	3412	 he	4	distilbert/distilgpt2	distilbert/distilgpt2	False	0.4458656907081604	1.1653189659118652
David	3413	David	0	distilbert/distilgpt2	distilbert/distilgpt2	False	1.0	0.0
Ġpet	3413	 petted	1	distilbert/distilgpt2	distilbert/distilgpt2	False	8.523315386810282e-07	20.16208267211914
ted	3413	 petted	1	distilbert/distilgpt2	distilbert/distilgpt2	False	0.006683497689664364	7.2251811027526855
ĠJohn	3413	 John	2	distilbert/distilgpt2	distilbert/distilgpt2	False	0.0007819558959454298	10.320625305175781
Ġbecause	3413	 because	3	distilbert/distilgpt2	distilbert/distilgpt2	False	0.0007368739461526275	10.406294822692871
Ġhe	3413	 he	4	distilbert/distilgpt2	distilbert/distilgpt2	False	0.4486803412437439	1.1562401056289673
Mary	3414	Mary	0	distilbert/distilgpt2	distilbert/distilgpt2	False	1.0	0.0
Ġpet	3414	 petted	1	distilbert/distilgpt2	distilbert/distilgpt2	False	1.0622480886013363e-06	19.84444808959961
ted	3414	 petted	1	distilbert/distilgpt2	distilbert/distilgpt2	False	0.0058649880811572075	7.413656234741211
ĠJohn	3414	 John	2	distilbert/distilgpt2	distilbert/distilgpt2	False	0.0001580922689754516	12.626945495605469
Ġbecause	3414	 because	3	distilbert/distilgpt2	distilbert/distilgpt2	False	0.002039474667981267	8.937586784362793
Ġhe	3414	 he	4	distilbert/distilgpt2	distilbert/distilgpt2	False	0.4644784927368164	1.106316328048706
David	3415	David	0	distilbert/distilgpt2	distilbert/distilgpt2	False	1.0	0.0
Ġpet	3415	 petted	1	distilbert/distilgpt2	distilbert/distilgpt2	False	8.523315386810282e-07	20.16208267211914
ted	3415	 petted	1	distilbert/distilgpt2	distilbert/distilgpt2	False	0.006683497689664364	7.2251811027526855
ĠJohn	3415	 John	2	distilbert/distilgpt2	distilbert/distilgpt2	False	0.0007819558959454298	10.320625305175781
Ġbecause	3415	 because	3	distilbert/distilgpt2	distilbert/distilgpt2	False	0.0007368739461526275	10.406294822692871
Ġhe	3415	 he	4	distilbert/distilgpt2	distilbert/distilgpt2	False	0.4486803412437439	1.1562401056289673
Sarah	3416	Sarah	0	distilbert/distilgpt2	distilbert/distilgpt2	False	1.0	0.0
Ġpet	3416	 petted	1	distilbert/distilgpt2	distilbert/distilgpt2	False	8.417446792918781e-07	20.18011474609375
ted	3416	 petted	1	distilbert/distilgpt2	distilbert/distilgpt2	False	0.006682121194899082	7.225478172302246
ĠJohn	3416	 John	2	distilbert/distilgpt2	distilbert/distilgpt2	False	0.0002438274386804551	12.001852035522461
Ġbecause	3416	 because	3	distilbert/distilgpt2	distilbert/distilgpt2	False	0.0028467180673033	8.4564847946167
Ġhe	3416	 he	4	distilbert/distilgpt2	distilbert/distilgpt2	False	0.4547531008720398	1.1368446350097656
Mary	3417	Mary	0	distilbert/distilgpt2	distilbert/distilgpt2	False	1.0	0.0
Ġpet	3417	 petted	1	distilbert/distilgpt2	distilbert/distilgpt2	False	1.0622480886013363e-06	19.84444808959961
ted	3417	 petted	1	distilbert/distilgpt2	distilbert/distilgpt2	False	0.0058649880811572075	7.413656234741211
ĠSarah	3417	 Sarah	2	distilbert/distilgpt2	distilbert/distilgpt2	False	4.3154122977284715e-05	14.500142097473145
Ġbecause	3417	 because	3	distilbert/distilgpt2	distilbert/distilgpt2	False	0.0028271949850022793	8.466412544250488
Ġshe	3417	 she	4	distilbert/distilgpt2	distilbert/distilgpt2	False	0.495208740234375	1.013891339302063
John	3418	John	0	distilbert/distilgpt2	distilbert/distilgpt2	False	1.0	0.0
Ġpet	3418	 petted	1	distilbert/distilgpt2	distilbert/distilgpt2	False	8.994631457426294e-07	20.08443260192871
ted	3418	 petted	1	distilbert/distilgpt2	distilbert/distilgpt2	False	0.006339453626424074	7.301425933837891
ĠSarah	3418	 Sarah	2	distilbert/distilgpt2	distilbert/distilgpt2	False	0.00016397533181589097	12.574234008789062
Ġbecause	3418	 because	3	distilbert/distilgpt2	distilbert/distilgpt2	False	0.002667388878762722	8.550355911254883
Ġshe	3418	 she	4	distilbert/distilgpt2	distilbert/distilgpt2	False	0.44720658659935	1.1609866619110107
Mary	3419	Mary	0	distilbert/distilgpt2	distilbert/distilgpt2	False	1.0	0.0
Ġpet	3419	 petted	1	distilbert/distilgpt2	distilbert/distilgpt2	False	1.0622480886013363e-06	19.84444808959961
ted	3419	 petted	1	distilbert/distilgpt2	distilbert/distilgpt2	False	0.0058649880811572075	7.413656234741211
ĠSarah	3419	 Sarah	2	distilbert/distilgpt2	distilbert/distilgpt2	False	4.3154122977284715e-05	14.500142097473145
Ġbecause	3419	 because	3	distilbert/distilgpt2	distilbert/distilgpt2	False	0.0028271949850022793	8.466412544250488
Ġshe	3419	 she	4	distilbert/distilgpt2	distilbert/distilgpt2	False	0.495208740234375	1.013891339302063
David	3420	David	0	distilbert/distilgpt2	distilbert/distilgpt2	False	1.0	0.0
Ġpet	3420	 petted	1	distilbert/distilgpt2	distilbert/distilgpt2	False	8.523315386810282e-07	20.16208267211914
ted	3420	 petted	1	distilbert/distilgpt2	distilbert/distilgpt2	False	0.006683497689664364	7.2251811027526855
ĠSarah	3420	 Sarah	2	distilbert/distilgpt2	distilbert/distilgpt2	False	0.00017271051183342934	12.499356269836426
Ġbecause	3420	 because	3	distilbert/distilgpt2	distilbert/distilgpt2	False	0.0010677474783733487	9.871213912963867
Ġshe	3420	 she	4	distilbert/distilgpt2	distilbert/distilgpt2	False	0.4508034288883209	1.1494296789169312
Sarah	3421	Sarah	0	distilbert/distilgpt2	distilbert/distilgpt2	False	1.0	0.0
Ġpet	3421	 petted	1	distilbert/distilgpt2	distilbert/distilgpt2	False	8.417446792918781e-07	20.18011474609375
ted	3421	 petted	1	distilbert/distilgpt2	distilbert/distilgpt2	False	0.006682121194899082	7.225478172302246
ĠMary	3421	 Mary	2	distilbert/distilgpt2	distilbert/distilgpt2	False	0.00010583782568573952	13.205857276916504
Ġbecause	3421	 because	3	distilbert/distilgpt2	distilbert/distilgpt2	False	0.0024135049898177385	8.69465446472168
Ġshe	3421	 she	4	distilbert/distilgpt2	distilbert/distilgpt2	False	0.45757678151130676	1.127914309501648
John	3422	John	0	distilbert/distilgpt2	distilbert/distilgpt2	False	1.0	0.0
Ġpet	3422	 petted	1	distilbert/distilgpt2	distilbert/distilgpt2	False	8.994631457426294e-07	20.08443260192871
ted	3422	 petted	1	distilbert/distilgpt2	distilbert/distilgpt2	False	0.006339453626424074	7.301425933837891
ĠMary	3422	 Mary	2	distilbert/distilgpt2	distilbert/distilgpt2	False	0.0001726812042761594	12.499601364135742
Ġbecause	3422	 because	3	distilbert/distilgpt2	distilbert/distilgpt2	False	0.00336864753626287	8.213614463806152
Ġshe	3422	 she	4	distilbert/distilgpt2	distilbert/distilgpt2	False	0.4293692708015442	1.2197091579437256
Sarah	3423	Sarah	0	distilbert/distilgpt2	distilbert/distilgpt2	False	1.0	0.0
Ġpet	3423	 petted	1	distilbert/distilgpt2	distilbert/distilgpt2	False	8.417446792918781e-07	20.18011474609375
ted	3423	 petted	1	distilbert/distilgpt2	distilbert/distilgpt2	False	0.006682121194899082	7.225478172302246
ĠMary	3423	 Mary	2	distilbert/distilgpt2	distilbert/distilgpt2	False	0.00010583782568573952	13.205857276916504
Ġbecause	3423	 because	3	distilbert/distilgpt2	distilbert/distilgpt2	False	0.0024135049898177385	8.69465446472168
Ġshe	3423	 she	4	distilbert/distilgpt2	distilbert/distilgpt2	False	0.45757678151130676	1.127914309501648
David	3424	David	0	distilbert/distilgpt2	distilbert/distilgpt2	False	1.0	0.0
Ġpet	3424	 petted	1	distilbert/distilgpt2	distilbert/distilgpt2	False	8.523315386810282e-07	20.16208267211914
ted	3424	 petted	1	distilbert/distilgpt2	distilbert/distilgpt2	False	0.006683497689664364	7.2251811027526855
ĠMary	3424	 Mary	2	distilbert/distilgpt2	distilbert/distilgpt2	False	0.00015934162365738302	12.615589141845703
Ġbecause	3424	 because	3	distilbert/distilgpt2	distilbert/distilgpt2	False	0.001106027397327125	9.82039737701416
Ġshe	3424	 she	4	distilbert/distilgpt2	distilbert/distilgpt2	False	0.4381435215473175	1.1905245780944824
John	3425	John	0	distilbert/distilgpt2	distilbert/distilgpt2	False	1.0	0.0
Ġpicked	3425	 picked	1	distilbert/distilgpt2	distilbert/distilgpt2	False	7.229098741845519e-07	20.399681091308594
Ġup	3425	 up	2	distilbert/distilgpt2	distilbert/distilgpt2	False	0.46234920620918274	1.1129451990127563
ĠDavid	3425	 David	3	distilbert/distilgpt2	distilbert/distilgpt2	False	0.00016581222007516772	12.558161735534668
Ġbecause	3425	 because	4	distilbert/distilgpt2	distilbert/distilgpt2	False	0.00010892331192735583	13.164399147033691
Ġhe	3425	 he	5	distilbert/distilgpt2	distilbert/distilgpt2	False	0.4845738112926483	1.045211672782898
Mary	3426	Mary	0	distilbert/distilgpt2	distilbert/distilgpt2	False	1.0	0.0
Ġpicked	3426	 picked	1	distilbert/distilgpt2	distilbert/distilgpt2	False	6.378471084644843e-07	20.580286026000977
Ġup	3426	 up	2	distilbert/distilgpt2	distilbert/distilgpt2	False	0.4699191749095917	1.0895154476165771
ĠDavid	3426	 David	3	distilbert/distilgpt2	distilbert/distilgpt2	False	0.00011922441626666114	13.034032821655273
Ġbecause	3426	 because	4	distilbert/distilgpt2	distilbert/distilgpt2	False	0.00038199088885448873	11.354174613952637
Ġhe	3426	 he	5	distilbert/distilgpt2	distilbert/distilgpt2	False	0.4929064214229584	1.0206143856048584
John	3427	John	0	distilbert/distilgpt2	distilbert/distilgpt2	False	1.0	0.0
Ġpicked	3427	 picked	1	distilbert/distilgpt2	distilbert/distilgpt2	False	7.229098741845519e-07	20.399681091308594
Ġup	3427	 up	2	distilbert/distilgpt2	distilbert/distilgpt2	False	0.46234920620918274	1.1129451990127563
ĠDavid	3427	 David	3	distilbert/distilgpt2	distilbert/distilgpt2	False	0.00016581222007516772	12.558161735534668
Ġbecause	3427	 because	4	distilbert/distilgpt2	distilbert/distilgpt2	False	0.00010892331192735583	13.164399147033691
Ġhe	3427	 he	5	distilbert/distilgpt2	distilbert/distilgpt2	False	0.4845738112926483	1.045211672782898
Sarah	3428	Sarah	0	distilbert/distilgpt2	distilbert/distilgpt2	False	1.0	0.0
Ġpicked	3428	 picked	1	distilbert/distilgpt2	distilbert/distilgpt2	False	6.7279938775755e-07	20.503320693969727
Ġup	3428	 up	2	distilbert/distilgpt2	distilbert/distilgpt2	False	0.4922601878643036	1.0225070714950562
ĠDavid	3428	 David	3	distilbert/distilgpt2	distilbert/distilgpt2	False	0.00016745792527217418	12.543913841247559
Ġbecause	3428	 because	4	distilbert/distilgpt2	distilbert/distilgpt2	False	0.00019210153550375253	12.345843315124512
Ġhe	3428	 he	5	distilbert/distilgpt2	distilbert/distilgpt2	False	0.520602822303772	0.9417449831962585
David	3429	David	0	distilbert/distilgpt2	distilbert/distilgpt2	False	1.0	0.0
Ġpicked	3429	 picked	1	distilbert/distilgpt2	distilbert/distilgpt2	False	6.681635795757757e-07	20.513296127319336
Ġup	3429	 up	2	distilbert/distilgpt2	distilbert/distilgpt2	False	0.5262802839279175	0.9260967373847961
ĠJohn	3429	 John	3	distilbert/distilgpt2	distilbert/distilgpt2	False	0.00022934145817998797	12.090215682983398
Ġbecause	3429	 because	4	distilbert/distilgpt2	distilbert/distilgpt2	False	0.0001995833736145869	12.29072093963623
Ġhe	3429	 he	5	distilbert/distilgpt2	distilbert/distilgpt2	False	0.46442049741744995	1.1064964532852173
Mary	3430	Mary	0	distilbert/distilgpt2	distilbert/distilgpt2	False	1.0	0.0
Ġpicked	3430	 picked	1	distilbert/distilgpt2	distilbert/distilgpt2	False	6.378471084644843e-07	20.580286026000977
Ġup	3430	 up	2	distilbert/distilgpt2	distilbert/distilgpt2	False	0.4699191749095917	1.0895154476165771
ĠJohn	3430	 John	3	distilbert/distilgpt2	distilbert/distilgpt2	False	0.00019985689141321927	12.288744926452637
Ġbecause	3430	 because	4	distilbert/distilgpt2	distilbert/distilgpt2	False	0.0005967540782876313	10.710576057434082
Ġhe	3430	 he	5	distilbert/distilgpt2	distilbert/distilgpt2	False	0.5101820230484009	0.9709160327911377
David	3431	David	0	distilbert/distilgpt2	distilbert/distilgpt2	False	1.0	0.0
Ġpicked	3431	 picked	1	distilbert/distilgpt2	distilbert/distilgpt2	False	6.681635795757757e-07	20.513296127319336
Ġup	3431	 up	2	distilbert/distilgpt2	distilbert/distilgpt2	False	0.5262802839279175	0.9260967373847961
ĠJohn	3431	 John	3	distilbert/distilgpt2	distilbert/distilgpt2	False	0.00022934145817998797	12.090215682983398
Ġbecause	3431	 because	4	distilbert/distilgpt2	distilbert/distilgpt2	False	0.0001995833736145869	12.29072093963623
Ġhe	3431	 he	5	distilbert/distilgpt2	distilbert/distilgpt2	False	0.46442049741744995	1.1064964532852173
Sarah	3432	Sarah	0	distilbert/distilgpt2	distilbert/distilgpt2	False	1.0	0.0
Ġpicked	3432	 picked	1	distilbert/distilgpt2	distilbert/distilgpt2	False	6.7279938775755e-07	20.503320693969727
Ġup	3432	 up	2	distilbert/distilgpt2	distilbert/distilgpt2	False	0.4922601878643036	1.0225070714950562
ĠJohn	3432	 John	3	distilbert/distilgpt2	distilbert/distilgpt2	False	0.00021363522682804614	12.1925630569458
Ġbecause	3432	 because	4	distilbert/distilgpt2	distilbert/distilgpt2	False	0.000604685046710074	10.6915283203125
Ġhe	3432	 he	5	distilbert/distilgpt2	distilbert/distilgpt2	False	0.5135530829429626	0.9614147543907166
Mary	3433	Mary	0	distilbert/distilgpt2	distilbert/distilgpt2	False	1.0	0.0
Ġpicked	3433	 picked	1	distilbert/distilgpt2	distilbert/distilgpt2	False	6.378471084644843e-07	20.580286026000977
Ġup	3433	 up	2	distilbert/distilgpt2	distilbert/distilgpt2	False	0.4699191749095917	1.0895154476165771
ĠSarah	3433	 Sarah	3	distilbert/distilgpt2	distilbert/distilgpt2	False	8.207368227886036e-05	13.572720527648926
Ġbecause	3433	 because	4	distilbert/distilgpt2	distilbert/distilgpt2	False	0.0016177520155906677	9.271793365478516
Ġshe	3433	 she	5	distilbert/distilgpt2	distilbert/distilgpt2	False	0.5642021894454956	0.8257158994674683
John	3434	John	0	distilbert/distilgpt2	distilbert/distilgpt2	False	1.0	0.0
Ġpicked	3434	 picked	1	distilbert/distilgpt2	distilbert/distilgpt2	False	7.229098741845519e-07	20.399681091308594
Ġup	3434	 up	2	distilbert/distilgpt2	distilbert/distilgpt2	False	0.46234920620918274	1.1129451990127563
ĠSarah	3434	 Sarah	3	distilbert/distilgpt2	distilbert/distilgpt2	False	7.583911065012217e-05	13.686698913574219
Ġbecause	3434	 because	4	distilbert/distilgpt2	distilbert/distilgpt2	False	0.0005735891172662377	10.767694473266602
Ġshe	3434	 she	5	distilbert/distilgpt2	distilbert/distilgpt2	False	0.5248005390167236	0.9301589727401733
Mary	3435	Mary	0	distilbert/distilgpt2	distilbert/distilgpt2	False	1.0	0.0
Ġpicked	3435	 picked	1	distilbert/distilgpt2	distilbert/distilgpt2	False	6.378471084644843e-07	20.580286026000977
Ġup	3435	 up	2	distilbert/distilgpt2	distilbert/distilgpt2	False	0.4699191749095917	1.0895154476165771
ĠSarah	3435	 Sarah	3	distilbert/distilgpt2	distilbert/distilgpt2	False	8.207368227886036e-05	13.572720527648926
Ġbecause	3435	 because	4	distilbert/distilgpt2	distilbert/distilgpt2	False	0.0016177520155906677	9.271793365478516
Ġshe	3435	 she	5	distilbert/distilgpt2	distilbert/distilgpt2	False	0.5642021894454956	0.8257158994674683
David	3436	David	0	distilbert/distilgpt2	distilbert/distilgpt2	False	1.0	0.0
Ġpicked	3436	 picked	1	distilbert/distilgpt2	distilbert/distilgpt2	False	6.681635795757757e-07	20.513296127319336
Ġup	3436	 up	2	distilbert/distilgpt2	distilbert/distilgpt2	False	0.5262802839279175	0.9260967373847961
ĠSarah	3436	 Sarah	3	distilbert/distilgpt2	distilbert/distilgpt2	False	7.746303890598938e-05	13.656132698059082
Ġbecause	3436	 because	4	distilbert/distilgpt2	distilbert/distilgpt2	False	0.00026833327137865126	11.863686561584473
Ġshe	3436	 she	5	distilbert/distilgpt2	distilbert/distilgpt2	False	0.5170301198959351	0.9516798257827759
Sarah	3437	Sarah	0	distilbert/distilgpt2	distilbert/distilgpt2	False	1.0	0.0
Ġpicked	3437	 picked	1	distilbert/distilgpt2	distilbert/distilgpt2	False	6.7279938775755e-07	20.503320693969727
Ġup	3437	 up	2	distilbert/distilgpt2	distilbert/distilgpt2	False	0.4922601878643036	1.0225070714950562
ĠMary	3437	 Mary	3	distilbert/distilgpt2	distilbert/distilgpt2	False	0.0001194223077618517	13.03164005279541
Ġbecause	3437	 because	4	distilbert/distilgpt2	distilbert/distilgpt2	False	0.00034365608007647097	11.506747245788574
Ġshe	3437	 she	5	distilbert/distilgpt2	distilbert/distilgpt2	False	0.5232720375061035	0.9343668818473816
John	3438	John	0	distilbert/distilgpt2	distilbert/distilgpt2	False	1.0	0.0
Ġpicked	3438	 picked	1	distilbert/distilgpt2	distilbert/distilgpt2	False	7.229098741845519e-07	20.399681091308594
Ġup	3438	 up	2	distilbert/distilgpt2	distilbert/distilgpt2	False	0.46234920620918274	1.1129451990127563
ĠMary	3438	 Mary	3	distilbert/distilgpt2	distilbert/distilgpt2	False	8.170125511242077e-05	13.5792818069458
Ġbecause	3438	 because	4	distilbert/distilgpt2	distilbert/distilgpt2	False	0.0003734603524208069	11.386756896972656
Ġshe	3438	 she	5	distilbert/distilgpt2	distilbert/distilgpt2	False	0.4824230372905731	1.0516293048858643
Sarah	3439	Sarah	0	distilbert/distilgpt2	distilbert/distilgpt2	False	1.0	0.0
Ġpicked	3439	 picked	1	distilbert/distilgpt2	distilbert/distilgpt2	False	6.7279938775755e-07	20.503320693969727
Ġup	3439	 up	2	distilbert/distilgpt2	distilbert/distilgpt2	False	0.4922601878643036	1.0225070714950562
ĠMary	3439	 Mary	3	distilbert/distilgpt2	distilbert/distilgpt2	False	0.0001194223077618517	13.03164005279541
Ġbecause	3439	 because	4	distilbert/distilgpt2	distilbert/distilgpt2	False	0.00034365608007647097	11.506747245788574
Ġshe	3439	 she	5	distilbert/distilgpt2	distilbert/distilgpt2	False	0.5232720375061035	0.9343668818473816
David	3440	David	0	distilbert/distilgpt2	distilbert/distilgpt2	False	1.0	0.0
Ġpicked	3440	 picked	1	distilbert/distilgpt2	distilbert/distilgpt2	False	6.681635795757757e-07	20.513296127319336
Ġup	3440	 up	2	distilbert/distilgpt2	distilbert/distilgpt2	False	0.5262802839279175	0.9260967373847961
ĠMary	3440	 Mary	3	distilbert/distilgpt2	distilbert/distilgpt2	False	7.231154449982569e-05	13.755414962768555
Ġbecause	3440	 because	4	distilbert/distilgpt2	distilbert/distilgpt2	False	0.0001636194938328117	12.577367782592773
Ġshe	3440	 she	5	distilbert/distilgpt2	distilbert/distilgpt2	False	0.4802820086479187	1.0580463409423828
John	3441	John	0	distilbert/distilgpt2	distilbert/distilgpt2	False	1.0	0.0
Ġpit	3441	 pitied	1	distilbert/distilgpt2	distilbert/distilgpt2	False	1.244979870307361e-07	22.937374114990234
ied	3441	 pitied	1	distilbert/distilgpt2	distilbert/distilgpt2	False	0.00487313698977232	7.680933475494385
ĠDavid	3441	 David	2	distilbert/distilgpt2	distilbert/distilgpt2	False	0.00043577555334195495	11.164127349853516
Ġbecause	3441	 because	3	distilbert/distilgpt2	distilbert/distilgpt2	False	0.0006355092045851052	10.619799613952637
Ġhe	3441	 he	4	distilbert/distilgpt2	distilbert/distilgpt2	False	0.44825857877731323	1.1575969457626343
Mary	3442	Mary	0	distilbert/distilgpt2	distilbert/distilgpt2	False	1.0	0.0
Ġpit	3442	 pitied	1	distilbert/distilgpt2	distilbert/distilgpt2	False	1.1504665309303164e-07	23.05127716064453
ied	3442	 pitied	1	distilbert/distilgpt2	distilbert/distilgpt2	False	0.004344048444181681	7.846744060516357
ĠDavid	3442	 David	2	distilbert/distilgpt2	distilbert/distilgpt2	False	0.00019148841965943575	12.350455284118652
Ġbecause	3442	 because	3	distilbert/distilgpt2	distilbert/distilgpt2	False	0.001313618617132306	9.572237968444824
Ġhe	3442	 he	4	distilbert/distilgpt2	distilbert/distilgpt2	False	0.44984328746795654	1.15250563621521
John	3443	John	0	distilbert/distilgpt2	distilbert/distilgpt2	False	1.0	0.0
Ġpit	3443	 pitied	1	distilbert/distilgpt2	distilbert/distilgpt2	False	1.244979870307361e-07	22.937374114990234
ied	3443	 pitied	1	distilbert/distilgpt2	distilbert/distilgpt2	False	0.00487313698977232	7.680933475494385
ĠDavid	3443	 David	2	distilbert/distilgpt2	distilbert/distilgpt2	False	0.00043577555334195495	11.164127349853516
Ġbecause	3443	 because	3	distilbert/distilgpt2	distilbert/distilgpt2	False	0.0006355092045851052	10.619799613952637
Ġhe	3443	 he	4	distilbert/distilgpt2	distilbert/distilgpt2	False	0.44825857877731323	1.1575969457626343
Sarah	3444	Sarah	0	distilbert/distilgpt2	distilbert/distilgpt2	False	1.0	0.0
Ġpit	3444	 pitied	1	distilbert/distilgpt2	distilbert/distilgpt2	False	1.0726922994308552e-07	23.152259826660156
ied	3444	 pitied	1	distilbert/distilgpt2	distilbert/distilgpt2	False	0.0083095021545887	6.911022186279297
ĠDavid	3444	 David	2	distilbert/distilgpt2	distilbert/distilgpt2	False	0.0003096639702562243	11.65700912475586
Ġbecause	3444	 because	3	distilbert/distilgpt2	distilbert/distilgpt2	False	0.0007168612792156637	10.44601821899414
Ġhe	3444	 he	4	distilbert/distilgpt2	distilbert/distilgpt2	False	0.4735196828842163	1.0785037279129028
David	3445	David	0	distilbert/distilgpt2	distilbert/distilgpt2	False	1.0	0.0
Ġpit	3445	 pitied	1	distilbert/distilgpt2	distilbert/distilgpt2	False	1.2233695656505006e-07	22.962636947631836
ied	3445	 pitied	1	distilbert/distilgpt2	distilbert/distilgpt2	False	0.006715737748891115	7.218238353729248
ĠJohn	3445	 John	2	distilbert/distilgpt2	distilbert/distilgpt2	False	0.001238970085978508	9.65664291381836
Ġbecause	3445	 because	3	distilbert/distilgpt2	distilbert/distilgpt2	False	0.00044780614553019404	11.124837875366211
Ġhe	3445	 he	4	distilbert/distilgpt2	distilbert/distilgpt2	False	0.4436502754688263	1.172505259513855
Mary	3446	Mary	0	distilbert/distilgpt2	distilbert/distilgpt2	False	1.0	0.0
Ġpit	3446	 pitied	1	distilbert/distilgpt2	distilbert/distilgpt2	False	1.1504665309303164e-07	23.05127716064453
ied	3446	 pitied	1	distilbert/distilgpt2	distilbert/distilgpt2	False	0.004344048444181681	7.846744060516357
ĠJohn	3446	 John	2	distilbert/distilgpt2	distilbert/distilgpt2	False	0.0005024995771236718	10.958589553833008
Ġbecause	3446	 because	3	distilbert/distilgpt2	distilbert/distilgpt2	False	0.0016708816401660442	9.225174903869629
Ġhe	3446	 he	4	distilbert/distilgpt2	distilbert/distilgpt2	False	0.4655323624610901	1.1030466556549072
David	3447	David	0	distilbert/distilgpt2	distilbert/distilgpt2	False	1.0	0.0
Ġpit	3447	 pitied	1	distilbert/distilgpt2	distilbert/distilgpt2	False	1.2233695656505006e-07	22.962636947631836
ied	3447	 pitied	1	distilbert/distilgpt2	distilbert/distilgpt2	False	0.006715737748891115	7.218238353729248
ĠJohn	3447	 John	2	distilbert/distilgpt2	distilbert/distilgpt2	False	0.001238970085978508	9.65664291381836
Ġbecause	3447	 because	3	distilbert/distilgpt2	distilbert/distilgpt2	False	0.00044780614553019404	11.124837875366211
Ġhe	3447	 he	4	distilbert/distilgpt2	distilbert/distilgpt2	False	0.4436502754688263	1.172505259513855
Sarah	3448	Sarah	0	distilbert/distilgpt2	distilbert/distilgpt2	False	1.0	0.0
Ġpit	3448	 pitied	1	distilbert/distilgpt2	distilbert/distilgpt2	False	1.0726922994308552e-07	23.152259826660156
ied	3448	 pitied	1	distilbert/distilgpt2	distilbert/distilgpt2	False	0.0083095021545887	6.911022186279297
ĠJohn	3448	 John	2	distilbert/distilgpt2	distilbert/distilgpt2	False	0.0006856790860183537	10.510178565979004
Ġbecause	3448	 because	3	distilbert/distilgpt2	distilbert/distilgpt2	False	0.0014722932828590274	9.407719612121582
Ġhe	3448	 he	4	distilbert/distilgpt2	distilbert/distilgpt2	False	0.4657133221626282	1.10248601436615
Mary	3449	Mary	0	distilbert/distilgpt2	distilbert/distilgpt2	False	1.0	0.0
Ġpit	3449	 pitied	1	distilbert/distilgpt2	distilbert/distilgpt2	False	1.1504665309303164e-07	23.05127716064453
ied	3449	 pitied	1	distilbert/distilgpt2	distilbert/distilgpt2	False	0.004344048444181681	7.846744060516357
ĠSarah	3449	 Sarah	2	distilbert/distilgpt2	distilbert/distilgpt2	False	9.506124479230493e-05	13.360783576965332
Ġbecause	3449	 because	3	distilbert/distilgpt2	distilbert/distilgpt2	False	0.0037700049579143524	8.051218032836914
Ġshe	3449	 she	4	distilbert/distilgpt2	distilbert/distilgpt2	False	0.5220736265182495	0.937674880027771
John	3450	John	0	distilbert/distilgpt2	distilbert/distilgpt2	False	1.0	0.0
Ġpit	3450	 pitied	1	distilbert/distilgpt2	distilbert/distilgpt2	False	1.244979870307361e-07	22.937374114990234
ied	3450	 pitied	1	distilbert/distilgpt2	distilbert/distilgpt2	False	0.00487313698977232	7.680933475494385
ĠSarah	3450	 Sarah	2	distilbert/distilgpt2	distilbert/distilgpt2	False	0.00014276208821684122	12.774099349975586
Ġbecause	3450	 because	3	distilbert/distilgpt2	distilbert/distilgpt2	False	0.0023590391501784325	8.727584838867188
Ġshe	3450	 she	4	distilbert/distilgpt2	distilbert/distilgpt2	False	0.4894423186779022	1.0307892560958862
Mary	3451	Mary	0	distilbert/distilgpt2	distilbert/distilgpt2	False	1.0	0.0
Ġpit	3451	 pitied	1	distilbert/distilgpt2	distilbert/distilgpt2	False	1.1504665309303164e-07	23.05127716064453
ied	3451	 pitied	1	distilbert/distilgpt2	distilbert/distilgpt2	False	0.004344048444181681	7.846744060516357
ĠSarah	3451	 Sarah	2	distilbert/distilgpt2	distilbert/distilgpt2	False	9.506124479230493e-05	13.360783576965332
Ġbecause	3451	 because	3	distilbert/distilgpt2	distilbert/distilgpt2	False	0.0037700049579143524	8.051218032836914
Ġshe	3451	 she	4	distilbert/distilgpt2	distilbert/distilgpt2	False	0.5220736265182495	0.937674880027771
David	3452	David	0	distilbert/distilgpt2	distilbert/distilgpt2	False	1.0	0.0
Ġpit	3452	 pitied	1	distilbert/distilgpt2	distilbert/distilgpt2	False	1.2233695656505006e-07	22.962636947631836
ied	3452	 pitied	1	distilbert/distilgpt2	distilbert/distilgpt2	False	0.006715737748891115	7.218238353729248
ĠSarah	3452	 Sarah	2	distilbert/distilgpt2	distilbert/distilgpt2	False	0.00017010976443998516	12.521245956420898
Ġbecause	3452	 because	3	distilbert/distilgpt2	distilbert/distilgpt2	False	0.0008929526666179299	10.129128456115723
Ġshe	3452	 she	4	distilbert/distilgpt2	distilbert/distilgpt2	False	0.4643203914165497	1.1068074703216553
Sarah	3453	Sarah	0	distilbert/distilgpt2	distilbert/distilgpt2	False	1.0	0.0
Ġpit	3453	 pitied	1	distilbert/distilgpt2	distilbert/distilgpt2	False	1.0726922994308552e-07	23.152259826660156
ied	3453	 pitied	1	distilbert/distilgpt2	distilbert/distilgpt2	False	0.0083095021545887	6.911022186279297
ĠMary	3453	 Mary	2	distilbert/distilgpt2	distilbert/distilgpt2	False	0.0002477914094924927	11.978586196899414
Ġbecause	3453	 because	3	distilbert/distilgpt2	distilbert/distilgpt2	False	0.002234263578429818	8.805985450744629
Ġshe	3453	 she	4	distilbert/distilgpt2	distilbert/distilgpt2	False	0.45542481541633606	1.13471519947052
John	3454	John	0	distilbert/distilgpt2	distilbert/distilgpt2	False	1.0	0.0
Ġpit	3454	 pitied	1	distilbert/distilgpt2	distilbert/distilgpt2	False	1.244979870307361e-07	22.937374114990234
ied	3454	 pitied	1	distilbert/distilgpt2	distilbert/distilgpt2	False	0.00487313698977232	7.680933475494385
ĠMary	3454	 Mary	2	distilbert/distilgpt2	distilbert/distilgpt2	False	0.00021656142780557275	12.17293643951416
Ġbecause	3454	 because	3	distilbert/distilgpt2	distilbert/distilgpt2	False	0.003120595356449485	8.323963165283203
Ġshe	3454	 she	4	distilbert/distilgpt2	distilbert/distilgpt2	False	0.43434351682662964	1.2030916213989258
Sarah	3455	Sarah	0	distilbert/distilgpt2	distilbert/distilgpt2	False	1.0	0.0
Ġpit	3455	 pitied	1	distilbert/distilgpt2	distilbert/distilgpt2	False	1.0726922994308552e-07	23.152259826660156
ied	3455	 pitied	1	distilbert/distilgpt2	distilbert/distilgpt2	False	0.0083095021545887	6.911022186279297
ĠMary	3455	 Mary	2	distilbert/distilgpt2	distilbert/distilgpt2	False	0.0002477914094924927	11.978586196899414
Ġbecause	3455	 because	3	distilbert/distilgpt2	distilbert/distilgpt2	False	0.002234263578429818	8.805985450744629
Ġshe	3455	 she	4	distilbert/distilgpt2	distilbert/distilgpt2	False	0.45542481541633606	1.13471519947052
David	3456	David	0	distilbert/distilgpt2	distilbert/distilgpt2	False	1.0	0.0
Ġpit	3456	 pitied	1	distilbert/distilgpt2	distilbert/distilgpt2	False	1.2233695656505006e-07	22.962636947631836
ied	3456	 pitied	1	distilbert/distilgpt2	distilbert/distilgpt2	False	0.006715737748891115	7.218238353729248
ĠMary	3456	 Mary	2	distilbert/distilgpt2	distilbert/distilgpt2	False	0.00021344034757930785	12.193879127502441
Ġbecause	3456	 because	3	distilbert/distilgpt2	distilbert/distilgpt2	False	0.0009441872243769467	10.048639297485352
Ġshe	3456	 she	4	distilbert/distilgpt2	distilbert/distilgpt2	False	0.4213297665119171	1.2469782829284668
John	3457	John	0	distilbert/distilgpt2	distilbert/distilgpt2	False	1.0	0.0
Ġplac	3457	 placated	1	distilbert/distilgpt2	distilbert/distilgpt2	False	1.6321598295121476e-08	25.868642807006836
ated	3457	 placated	1	distilbert/distilgpt2	distilbert/distilgpt2	False	0.0752769261598587	3.7316486835479736
ĠDavid	3457	 David	2	distilbert/distilgpt2	distilbert/distilgpt2	False	0.000694085203576833	10.492599487304688
Ġbecause	3457	 because	3	distilbert/distilgpt2	distilbert/distilgpt2	False	0.0004237342218402773	11.20455265045166
Ġhe	3457	 he	4	distilbert/distilgpt2	distilbert/distilgpt2	False	0.4344370663166046	1.2027809619903564
Mary	3458	Mary	0	distilbert/distilgpt2	distilbert/distilgpt2	False	1.0	0.0
Ġplac	3458	 placated	1	distilbert/distilgpt2	distilbert/distilgpt2	False	2.0678330159284997e-08	25.527305603027344
ated	3458	 placated	1	distilbert/distilgpt2	distilbert/distilgpt2	False	0.03409484401345253	4.874302864074707
ĠDavid	3458	 David	2	distilbert/distilgpt2	distilbert/distilgpt2	False	0.00027343706460669637	11.836503982543945
Ġbecause	3458	 because	3	distilbert/distilgpt2	distilbert/distilgpt2	False	0.0005372746381908655	10.862052917480469
Ġhe	3458	 he	4	distilbert/distilgpt2	distilbert/distilgpt2	False	0.4093453288078308	1.2886097431182861
John	3459	John	0	distilbert/distilgpt2	distilbert/distilgpt2	False	1.0	0.0
Ġplac	3459	 placated	1	distilbert/distilgpt2	distilbert/distilgpt2	False	1.6321598295121476e-08	25.868642807006836
ated	3459	 placated	1	distilbert/distilgpt2	distilbert/distilgpt2	False	0.0752769261598587	3.7316486835479736
ĠDavid	3459	 David	2	distilbert/distilgpt2	distilbert/distilgpt2	False	0.000694085203576833	10.492599487304688
Ġbecause	3459	 because	3	distilbert/distilgpt2	distilbert/distilgpt2	False	0.0004237342218402773	11.20455265045166
Ġhe	3459	 he	4	distilbert/distilgpt2	distilbert/distilgpt2	False	0.4344370663166046	1.2027809619903564
Sarah	3460	Sarah	0	distilbert/distilgpt2	distilbert/distilgpt2	False	1.0	0.0
Ġplac	3460	 placated	1	distilbert/distilgpt2	distilbert/distilgpt2	False	1.5301667488643034e-08	25.96173667907715
ated	3460	 placated	1	distilbert/distilgpt2	distilbert/distilgpt2	False	0.07529792189598083	3.73124623298645
ĠDavid	3460	 David	2	distilbert/distilgpt2	distilbert/distilgpt2	False	0.0006106377113610506	10.677395820617676
Ġbecause	3460	 because	3	distilbert/distilgpt2	distilbert/distilgpt2	False	0.0004588454612530768	11.089704513549805
Ġhe	3460	 he	4	distilbert/distilgpt2	distilbert/distilgpt2	False	0.4398060739040375	1.1850606203079224
David	3461	David	0	distilbert/distilgpt2	distilbert/distilgpt2	False	1.0	0.0
Ġplac	3461	 placated	1	distilbert/distilgpt2	distilbert/distilgpt2	False	1.9211745083680398e-08	25.63343620300293
ated	3461	 placated	1	distilbert/distilgpt2	distilbert/distilgpt2	False	0.09410898387432098	3.4095237255096436
ĠJohn	3461	 John	2	distilbert/distilgpt2	distilbert/distilgpt2	False	0.001278263982385397	9.61159896850586
Ġbecause	3461	 because	3	distilbert/distilgpt2	distilbert/distilgpt2	False	0.0006210144492797554	10.653085708618164
Ġhe	3461	 he	4	distilbert/distilgpt2	distilbert/distilgpt2	False	0.4515548050403595	1.1470270156860352
Mary	3462	Mary	0	distilbert/distilgpt2	distilbert/distilgpt2	False	1.0	0.0
Ġplac	3462	 placated	1	distilbert/distilgpt2	distilbert/distilgpt2	False	2.0678330159284997e-08	25.527305603027344
ated	3462	 placated	1	distilbert/distilgpt2	distilbert/distilgpt2	False	0.03409484401345253	4.874302864074707
ĠJohn	3462	 John	2	distilbert/distilgpt2	distilbert/distilgpt2	False	0.0004578335501719266	11.092888832092285
Ġbecause	3462	 because	3	distilbert/distilgpt2	distilbert/distilgpt2	False	0.001294091111049056	9.59384536743164
Ġhe	3462	 he	4	distilbert/distilgpt2	distilbert/distilgpt2	False	0.43993502855300903	1.1846376657485962
David	3463	David	0	distilbert/distilgpt2	distilbert/distilgpt2	False	1.0	0.0
Ġplac	3463	 placated	1	distilbert/distilgpt2	distilbert/distilgpt2	False	1.9211745083680398e-08	25.63343620300293
ated	3463	 placated	1	distilbert/distilgpt2	distilbert/distilgpt2	False	0.09410898387432098	3.4095237255096436
ĠJohn	3463	 John	2	distilbert/distilgpt2	distilbert/distilgpt2	False	0.001278263982385397	9.61159896850586
Ġbecause	3463	 because	3	distilbert/distilgpt2	distilbert/distilgpt2	False	0.0006210144492797554	10.653085708618164
Ġhe	3463	 he	4	distilbert/distilgpt2	distilbert/distilgpt2	False	0.4515548050403595	1.1470270156860352
Sarah	3464	Sarah	0	distilbert/distilgpt2	distilbert/distilgpt2	False	1.0	0.0
Ġplac	3464	 placated	1	distilbert/distilgpt2	distilbert/distilgpt2	False	1.5301667488643034e-08	25.96173667907715
ated	3464	 placated	1	distilbert/distilgpt2	distilbert/distilgpt2	False	0.07529792189598083	3.73124623298645
ĠJohn	3464	 John	2	distilbert/distilgpt2	distilbert/distilgpt2	False	0.0007374919368885458	10.405085563659668
Ġbecause	3464	 because	3	distilbert/distilgpt2	distilbert/distilgpt2	False	0.0021626341622322798	8.852994918823242
Ġhe	3464	 he	4	distilbert/distilgpt2	distilbert/distilgpt2	False	0.43137529492378235	1.212984561920166
Mary	3465	Mary	0	distilbert/distilgpt2	distilbert/distilgpt2	False	1.0	0.0
Ġplac	3465	 placated	1	distilbert/distilgpt2	distilbert/distilgpt2	False	2.0678330159284997e-08	25.527305603027344
ated	3465	 placated	1	distilbert/distilgpt2	distilbert/distilgpt2	False	0.03409484401345253	4.874302864074707
ĠSarah	3465	 Sarah	2	distilbert/distilgpt2	distilbert/distilgpt2	False	6.185759411891922e-05	13.980690002441406
Ġbecause	3465	 because	3	distilbert/distilgpt2	distilbert/distilgpt2	False	0.0016782060265541077	9.218864440917969
Ġshe	3465	 she	4	distilbert/distilgpt2	distilbert/distilgpt2	False	0.517876923084259	0.9493188858032227
John	3466	John	0	distilbert/distilgpt2	distilbert/distilgpt2	False	1.0	0.0
Ġplac	3466	 placated	1	distilbert/distilgpt2	distilbert/distilgpt2	False	1.6321598295121476e-08	25.868642807006836
ated	3466	 placated	1	distilbert/distilgpt2	distilbert/distilgpt2	False	0.0752769261598587	3.7316486835479736
ĠSarah	3466	 Sarah	2	distilbert/distilgpt2	distilbert/distilgpt2	False	0.00012392910139169544	12.97819709777832
Ġbecause	3466	 because	3	distilbert/distilgpt2	distilbert/distilgpt2	False	0.0012787083396688104	9.61109733581543
Ġshe	3466	 she	4	distilbert/distilgpt2	distilbert/distilgpt2	False	0.5074204802513123	0.9787463545799255
Mary	3467	Mary	0	distilbert/distilgpt2	distilbert/distilgpt2	False	1.0	0.0
Ġplac	3467	 placated	1	distilbert/distilgpt2	distilbert/distilgpt2	False	2.0678330159284997e-08	25.527305603027344
ated	3467	 placated	1	distilbert/distilgpt2	distilbert/distilgpt2	False	0.03409484401345253	4.874302864074707
ĠSarah	3467	 Sarah	2	distilbert/distilgpt2	distilbert/distilgpt2	False	6.185759411891922e-05	13.980690002441406
Ġbecause	3467	 because	3	distilbert/distilgpt2	distilbert/distilgpt2	False	0.0016782060265541077	9.218864440917969
Ġshe	3467	 she	4	distilbert/distilgpt2	distilbert/distilgpt2	False	0.517876923084259	0.9493188858032227
David	3468	David	0	distilbert/distilgpt2	distilbert/distilgpt2	False	1.0	0.0
Ġplac	3468	 placated	1	distilbert/distilgpt2	distilbert/distilgpt2	False	1.9211745083680398e-08	25.63343620300293
ated	3468	 placated	1	distilbert/distilgpt2	distilbert/distilgpt2	False	0.09410898387432098	3.4095237255096436
ĠSarah	3468	 Sarah	2	distilbert/distilgpt2	distilbert/distilgpt2	False	0.00015349256864283234	12.669543266296387
Ġbecause	3468	 because	3	distilbert/distilgpt2	distilbert/distilgpt2	False	0.0005256350850686431	10.893651008605957
Ġshe	3468	 she	4	distilbert/distilgpt2	distilbert/distilgpt2	False	0.5144596695899963	0.9588701725006104
Sarah	3469	Sarah	0	distilbert/distilgpt2	distilbert/distilgpt2	False	1.0	0.0
Ġplac	3469	 placated	1	distilbert/distilgpt2	distilbert/distilgpt2	False	1.5301667488643034e-08	25.96173667907715
ated	3469	 placated	1	distilbert/distilgpt2	distilbert/distilgpt2	False	0.07529792189598083	3.73124623298645
ĠMary	3469	 Mary	2	distilbert/distilgpt2	distilbert/distilgpt2	False	0.0004106765554752201	11.249710083007812
Ġbecause	3469	 because	3	distilbert/distilgpt2	distilbert/distilgpt2	False	0.002428903942927718	8.685479164123535
Ġshe	3469	 she	4	distilbert/distilgpt2	distilbert/distilgpt2	False	0.462808758020401	1.1115119457244873
John	3470	John	0	distilbert/distilgpt2	distilbert/distilgpt2	False	1.0	0.0
Ġplac	3470	 placated	1	distilbert/distilgpt2	distilbert/distilgpt2	False	1.6321598295121476e-08	25.868642807006836
ated	3470	 placated	1	distilbert/distilgpt2	distilbert/distilgpt2	False	0.0752769261598587	3.7316486835479736
ĠMary	3470	 Mary	2	distilbert/distilgpt2	distilbert/distilgpt2	False	0.0004243553848937154	11.202439308166504
Ġbecause	3470	 because	3	distilbert/distilgpt2	distilbert/distilgpt2	False	0.003084684954956174	8.34066104888916
Ġshe	3470	 she	4	distilbert/distilgpt2	distilbert/distilgpt2	False	0.45997709035873413	1.120366096496582
Sarah	3471	Sarah	0	distilbert/distilgpt2	distilbert/distilgpt2	False	1.0	0.0
Ġplac	3471	 placated	1	distilbert/distilgpt2	distilbert/distilgpt2	False	1.5301667488643034e-08	25.96173667907715
ated	3471	 placated	1	distilbert/distilgpt2	distilbert/distilgpt2	False	0.07529792189598083	3.73124623298645
ĠMary	3471	 Mary	2	distilbert/distilgpt2	distilbert/distilgpt2	False	0.0004106765554752201	11.249710083007812
Ġbecause	3471	 because	3	distilbert/distilgpt2	distilbert/distilgpt2	False	0.002428903942927718	8.685479164123535
Ġshe	3471	 she	4	distilbert/distilgpt2	distilbert/distilgpt2	False	0.462808758020401	1.1115119457244873
David	3472	David	0	distilbert/distilgpt2	distilbert/distilgpt2	False	1.0	0.0
Ġplac	3472	 placated	1	distilbert/distilgpt2	distilbert/distilgpt2	False	1.9211745083680398e-08	25.63343620300293
ated	3472	 placated	1	distilbert/distilgpt2	distilbert/distilgpt2	False	0.09410898387432098	3.4095237255096436
ĠMary	3472	 Mary	2	distilbert/distilgpt2	distilbert/distilgpt2	False	0.00038309357478283346	11.350015640258789
Ġbecause	3472	 because	3	distilbert/distilgpt2	distilbert/distilgpt2	False	0.001514424686320126	9.36701488494873
Ġshe	3472	 she	4	distilbert/distilgpt2	distilbert/distilgpt2	False	0.46900373697280884	1.092328667640686
John	3473	John	0	distilbert/distilgpt2	distilbert/distilgpt2	False	1.0	0.0
Ġplagued	3473	 plagued	1	distilbert/distilgpt2	distilbert/distilgpt2	False	1.49190348963657e-08	25.99827003479004
ĠDavid	3473	 David	2	distilbert/distilgpt2	distilbert/distilgpt2	False	4.9441539886174724e-05	14.303916931152344
Ġbecause	3473	 because	3	distilbert/distilgpt2	distilbert/distilgpt2	False	8.309017721330747e-05	13.554962158203125
Ġhe	3473	 he	4	distilbert/distilgpt2	distilbert/distilgpt2	False	0.3838263750076294	1.381474256515503
Mary	3474	Mary	0	distilbert/distilgpt2	distilbert/distilgpt2	False	1.0	0.0
Ġplagued	3474	 plagued	1	distilbert/distilgpt2	distilbert/distilgpt2	False	1.7616949676835247e-08	25.758460998535156
ĠDavid	3474	 David	2	distilbert/distilgpt2	distilbert/distilgpt2	False	3.0227734896470793e-05	15.01376724243164
Ġbecause	3474	 because	3	distilbert/distilgpt2	distilbert/distilgpt2	False	0.0001701728906482458	12.520710945129395
Ġhe	3474	 he	4	distilbert/distilgpt2	distilbert/distilgpt2	False	0.3785073161125183	1.4016069173812866
John	3475	John	0	distilbert/distilgpt2	distilbert/distilgpt2	False	1.0	0.0
Ġplagued	3475	 plagued	1	distilbert/distilgpt2	distilbert/distilgpt2	False	1.49190348963657e-08	25.99827003479004
ĠDavid	3475	 David	2	distilbert/distilgpt2	distilbert/distilgpt2	False	4.9441539886174724e-05	14.303916931152344
Ġbecause	3475	 because	3	distilbert/distilgpt2	distilbert/distilgpt2	False	8.309017721330747e-05	13.554962158203125
Ġhe	3475	 he	4	distilbert/distilgpt2	distilbert/distilgpt2	False	0.3838263750076294	1.381474256515503
Sarah	3476	Sarah	0	distilbert/distilgpt2	distilbert/distilgpt2	False	1.0	0.0
Ġplagued	3476	 plagued	1	distilbert/distilgpt2	distilbert/distilgpt2	False	1.608342614645153e-08	25.889850616455078
ĠDavid	3476	 David	2	distilbert/distilgpt2	distilbert/distilgpt2	False	4.217480818624608e-05	14.533259391784668
Ġbecause	3476	 because	3	distilbert/distilgpt2	distilbert/distilgpt2	False	9.632582805352286e-05	13.341717720031738
Ġhe	3476	 he	4	distilbert/distilgpt2	distilbert/distilgpt2	False	0.3965837359428406	1.3343026638031006
David	3477	David	0	distilbert/distilgpt2	distilbert/distilgpt2	False	1.0	0.0
Ġplagued	3477	 plagued	1	distilbert/distilgpt2	distilbert/distilgpt2	False	1.3871789938946222e-08	26.103271484375
ĠJohn	3477	 John	2	distilbert/distilgpt2	distilbert/distilgpt2	False	0.0002757946203928441	11.824118614196777
Ġbecause	3477	 because	3	distilbert/distilgpt2	distilbert/distilgpt2	False	6.963423948036507e-05	13.809844017028809
Ġhe	3477	 he	4	distilbert/distilgpt2	distilbert/distilgpt2	False	0.3505224585533142	1.5124212503433228
Mary	3478	Mary	0	distilbert/distilgpt2	distilbert/distilgpt2	False	1.0	0.0
Ġplagued	3478	 plagued	1	distilbert/distilgpt2	distilbert/distilgpt2	False	1.7616949676835247e-08	25.758460998535156
ĠJohn	3478	 John	2	distilbert/distilgpt2	distilbert/distilgpt2	False	0.00010613165068207309	13.201857566833496
Ġbecause	3478	 because	3	distilbert/distilgpt2	distilbert/distilgpt2	False	0.00028093901346437633	11.797455787658691
Ġhe	3478	 he	4	distilbert/distilgpt2	distilbert/distilgpt2	False	0.3743678629398346	1.4174715280532837
David	3479	David	0	distilbert/distilgpt2	distilbert/distilgpt2	False	1.0	0.0
Ġplagued	3479	 plagued	1	distilbert/distilgpt2	distilbert/distilgpt2	False	1.3871789938946222e-08	26.103271484375
ĠJohn	3479	 John	2	distilbert/distilgpt2	distilbert/distilgpt2	False	0.0002757946203928441	11.824118614196777
Ġbecause	3479	 because	3	distilbert/distilgpt2	distilbert/distilgpt2	False	6.963423948036507e-05	13.809844017028809
Ġhe	3479	 he	4	distilbert/distilgpt2	distilbert/distilgpt2	False	0.3505224585533142	1.5124212503433228
Sarah	3480	Sarah	0	distilbert/distilgpt2	distilbert/distilgpt2	False	1.0	0.0
Ġplagued	3480	 plagued	1	distilbert/distilgpt2	distilbert/distilgpt2	False	1.608342614645153e-08	25.889850616455078
ĠJohn	3480	 John	2	distilbert/distilgpt2	distilbert/distilgpt2	False	0.00012146187509642914	13.007208824157715
Ġbecause	3480	 because	3	distilbert/distilgpt2	distilbert/distilgpt2	False	0.00026361190248280764	11.889296531677246
Ġhe	3480	 he	4	distilbert/distilgpt2	distilbert/distilgpt2	False	0.3770208954811096	1.4072836637496948
Mary	3481	Mary	0	distilbert/distilgpt2	distilbert/distilgpt2	False	1.0	0.0
Ġplagued	3481	 plagued	1	distilbert/distilgpt2	distilbert/distilgpt2	False	1.7616949676835247e-08	25.758460998535156
ĠSarah	3481	 Sarah	2	distilbert/distilgpt2	distilbert/distilgpt2	False	1.1642011486401316e-05	16.390300750732422
Ġbecause	3481	 because	3	distilbert/distilgpt2	distilbert/distilgpt2	False	0.0006976083386689425	10.485295295715332
Ġshe	3481	 she	4	distilbert/distilgpt2	distilbert/distilgpt2	False	0.3743725121021271	1.417453646659851
John	3482	John	0	distilbert/distilgpt2	distilbert/distilgpt2	False	1.0	0.0
Ġplagued	3482	 plagued	1	distilbert/distilgpt2	distilbert/distilgpt2	False	1.49190348963657e-08	25.99827003479004
ĠSarah	3482	 Sarah	2	distilbert/distilgpt2	distilbert/distilgpt2	False	1.0641538210620638e-05	16.519933700561523
Ġbecause	3482	 because	3	distilbert/distilgpt2	distilbert/distilgpt2	False	0.000257453037193045	11.923402786254883
Ġshe	3482	 she	4	distilbert/distilgpt2	distilbert/distilgpt2	False	0.3419555127620697	1.5481194257736206
Mary	3483	Mary	0	distilbert/distilgpt2	distilbert/distilgpt2	False	1.0	0.0
Ġplagued	3483	 plagued	1	distilbert/distilgpt2	distilbert/distilgpt2	False	1.7616949676835247e-08	25.758460998535156
ĠSarah	3483	 Sarah	2	distilbert/distilgpt2	distilbert/distilgpt2	False	1.1642011486401316e-05	16.390300750732422
Ġbecause	3483	 because	3	distilbert/distilgpt2	distilbert/distilgpt2	False	0.0006976083386689425	10.485295295715332
Ġshe	3483	 she	4	distilbert/distilgpt2	distilbert/distilgpt2	False	0.3743725121021271	1.417453646659851
David	3484	David	0	distilbert/distilgpt2	distilbert/distilgpt2	False	1.0	0.0
Ġplagued	3484	 plagued	1	distilbert/distilgpt2	distilbert/distilgpt2	False	1.3871789938946222e-08	26.103271484375
ĠSarah	3484	 Sarah	2	distilbert/distilgpt2	distilbert/distilgpt2	False	1.3921827303420287e-05	16.132291793823242
Ġbecause	3484	 because	3	distilbert/distilgpt2	distilbert/distilgpt2	False	8.243601769208908e-05	13.566365242004395
Ġshe	3484	 she	4	distilbert/distilgpt2	distilbert/distilgpt2	False	0.3299965262413025	1.5994772911071777
Sarah	3485	Sarah	0	distilbert/distilgpt2	distilbert/distilgpt2	False	1.0	0.0
Ġplagued	3485	 plagued	1	distilbert/distilgpt2	distilbert/distilgpt2	False	1.608342614645153e-08	25.889850616455078
ĠMary	3485	 Mary	2	distilbert/distilgpt2	distilbert/distilgpt2	False	5.617515853373334e-05	14.119708061218262
Ġbecause	3485	 because	3	distilbert/distilgpt2	distilbert/distilgpt2	False	0.00032094313064590096	11.60539436340332
Ġshe	3485	 she	4	distilbert/distilgpt2	distilbert/distilgpt2	False	0.33443889021873474	1.5801855325698853
John	3486	John	0	distilbert/distilgpt2	distilbert/distilgpt2	False	1.0	0.0
Ġplagued	3486	 plagued	1	distilbert/distilgpt2	distilbert/distilgpt2	False	1.49190348963657e-08	25.99827003479004
ĠMary	3486	 Mary	2	distilbert/distilgpt2	distilbert/distilgpt2	False	4.5144293835619465e-05	14.435096740722656
Ġbecause	3486	 because	3	distilbert/distilgpt2	distilbert/distilgpt2	False	0.0004869166878052056	11.004037857055664
Ġshe	3486	 she	4	distilbert/distilgpt2	distilbert/distilgpt2	False	0.3334037959575653	1.5846575498580933
Sarah	3487	Sarah	0	distilbert/distilgpt2	distilbert/distilgpt2	False	1.0	0.0
Ġplagued	3487	 plagued	1	distilbert/distilgpt2	distilbert/distilgpt2	False	1.608342614645153e-08	25.889850616455078
ĠMary	3487	 Mary	2	distilbert/distilgpt2	distilbert/distilgpt2	False	5.617515853373334e-05	14.119708061218262
Ġbecause	3487	 because	3	distilbert/distilgpt2	distilbert/distilgpt2	False	0.00032094313064590096	11.60539436340332
Ġshe	3487	 she	4	distilbert/distilgpt2	distilbert/distilgpt2	False	0.33443889021873474	1.5801855325698853
David	3488	David	0	distilbert/distilgpt2	distilbert/distilgpt2	False	1.0	0.0
Ġplagued	3488	 plagued	1	distilbert/distilgpt2	distilbert/distilgpt2	False	1.3871789938946222e-08	26.103271484375
ĠMary	3488	 Mary	2	distilbert/distilgpt2	distilbert/distilgpt2	False	5.1836876082234085e-05	14.235661506652832
Ġbecause	3488	 because	3	distilbert/distilgpt2	distilbert/distilgpt2	False	0.00014724512584507465	12.7294921875
Ġshe	3488	 she	4	distilbert/distilgpt2	distilbert/distilgpt2	False	0.32475006580352783	1.6225982904434204
John	3489	John	0	distilbert/distilgpt2	distilbert/distilgpt2	False	1.0	0.0
Ġplayed	3489	 played	1	distilbert/distilgpt2	distilbert/distilgpt2	False	1.1143979463668074e-06	19.775304794311523
ĠDavid	3489	 David	2	distilbert/distilgpt2	distilbert/distilgpt2	False	0.00019538385095074773	12.321401596069336
Ġbecause	3489	 because	3	distilbert/distilgpt2	distilbert/distilgpt2	False	0.0001693777448963374	12.527467727661133
Ġhe	3489	 he	4	distilbert/distilgpt2	distilbert/distilgpt2	False	0.3871574103832245	1.3690078258514404
Mary	3490	Mary	0	distilbert/distilgpt2	distilbert/distilgpt2	False	1.0	0.0
Ġplayed	3490	 played	1	distilbert/distilgpt2	distilbert/distilgpt2	False	1.0617781072141952e-06	19.8450870513916
ĠDavid	3490	 David	2	distilbert/distilgpt2	distilbert/distilgpt2	False	0.00014658492000307888	12.73597526550293
Ġbecause	3490	 because	3	distilbert/distilgpt2	distilbert/distilgpt2	False	0.0002198017027694732	12.151510238647461
Ġhe	3490	 he	4	distilbert/distilgpt2	distilbert/distilgpt2	False	0.3606269955635071	1.4714207649230957
John	3491	John	0	distilbert/distilgpt2	distilbert/distilgpt2	False	1.0	0.0
Ġplayed	3491	 played	1	distilbert/distilgpt2	distilbert/distilgpt2	False	1.1143979463668074e-06	19.775304794311523
ĠDavid	3491	 David	2	distilbert/distilgpt2	distilbert/distilgpt2	False	0.00019538385095074773	12.321401596069336
Ġbecause	3491	 because	3	distilbert/distilgpt2	distilbert/distilgpt2	False	0.0001693777448963374	12.527467727661133
Ġhe	3491	 he	4	distilbert/distilgpt2	distilbert/distilgpt2	False	0.3871574103832245	1.3690078258514404
Sarah	3492	Sarah	0	distilbert/distilgpt2	distilbert/distilgpt2	False	1.0	0.0
Ġplayed	3492	 played	1	distilbert/distilgpt2	distilbert/distilgpt2	False	1.0927362836810062e-06	19.80362319946289
ĠDavid	3492	 David	2	distilbert/distilgpt2	distilbert/distilgpt2	False	0.00043727297452278435	11.159177780151367
Ġbecause	3492	 because	3	distilbert/distilgpt2	distilbert/distilgpt2	False	0.00020099608809687197	12.280545234680176
Ġhe	3492	 he	4	distilbert/distilgpt2	distilbert/distilgpt2	False	0.3940744698047638	1.3434598445892334
David	3493	David	0	distilbert/distilgpt2	distilbert/distilgpt2	False	1.0	0.0
Ġplayed	3493	 played	1	distilbert/distilgpt2	distilbert/distilgpt2	False	1.0776493581943214e-06	19.823680877685547
ĠJohn	3493	 John	2	distilbert/distilgpt2	distilbert/distilgpt2	False	8.581984729971737e-05	13.508329391479492
Ġbecause	3493	 because	3	distilbert/distilgpt2	distilbert/distilgpt2	False	0.00017114370712079108	12.512504577636719
Ġhe	3493	 he	4	distilbert/distilgpt2	distilbert/distilgpt2	False	0.39974796772003174	1.322837471961975
Mary	3494	Mary	0	distilbert/distilgpt2	distilbert/distilgpt2	False	1.0	0.0
Ġplayed	3494	 played	1	distilbert/distilgpt2	distilbert/distilgpt2	False	1.0617781072141952e-06	19.8450870513916
ĠJohn	3494	 John	2	distilbert/distilgpt2	distilbert/distilgpt2	False	0.000201889211894013	12.274148941040039
Ġbecause	3494	 because	3	distilbert/distilgpt2	distilbert/distilgpt2	False	0.00032695403206162155	11.578624725341797
Ġhe	3494	 he	4	distilbert/distilgpt2	distilbert/distilgpt2	False	0.38149580359458923	1.390260934829712
David	3495	David	0	distilbert/distilgpt2	distilbert/distilgpt2	False	1.0	0.0
Ġplayed	3495	 played	1	distilbert/distilgpt2	distilbert/distilgpt2	False	1.0776493581943214e-06	19.823680877685547
ĠJohn	3495	 John	2	distilbert/distilgpt2	distilbert/distilgpt2	False	8.581984729971737e-05	13.508329391479492
Ġbecause	3495	 because	3	distilbert/distilgpt2	distilbert/distilgpt2	False	0.00017114370712079108	12.512504577636719
Ġhe	3495	 he	4	distilbert/distilgpt2	distilbert/distilgpt2	False	0.39974796772003174	1.322837471961975
Sarah	3496	Sarah	0	distilbert/distilgpt2	distilbert/distilgpt2	False	1.0	0.0
Ġplayed	3496	 played	1	distilbert/distilgpt2	distilbert/distilgpt2	False	1.0927362836810062e-06	19.80362319946289
ĠJohn	3496	 John	2	distilbert/distilgpt2	distilbert/distilgpt2	False	0.0006223822711035609	10.649911880493164
Ġbecause	3496	 because	3	distilbert/distilgpt2	distilbert/distilgpt2	False	0.00029544171411544085	11.724839210510254
Ġhe	3496	 he	4	distilbert/distilgpt2	distilbert/distilgpt2	False	0.39666759967803955	1.3339976072311401
Mary	3497	Mary	0	distilbert/distilgpt2	distilbert/distilgpt2	False	1.0	0.0
Ġplayed	3497	 played	1	distilbert/distilgpt2	distilbert/distilgpt2	False	1.0617781072141952e-06	19.8450870513916
ĠSarah	3497	 Sarah	2	distilbert/distilgpt2	distilbert/distilgpt2	False	2.3014192265691236e-05	15.407116889953613
Ġbecause	3497	 because	3	distilbert/distilgpt2	distilbert/distilgpt2	False	0.0007877461612224579	10.309981346130371
Ġshe	3497	 she	4	distilbert/distilgpt2	distilbert/distilgpt2	False	0.3875759243965149	1.367449164390564
John	3498	John	0	distilbert/distilgpt2	distilbert/distilgpt2	False	1.0	0.0
Ġplayed	3498	 played	1	distilbert/distilgpt2	distilbert/distilgpt2	False	1.1143979463668074e-06	19.775304794311523
ĠSarah	3498	 Sarah	2	distilbert/distilgpt2	distilbert/distilgpt2	False	2.173444227082655e-05	15.489657402038574
Ġbecause	3498	 because	3	distilbert/distilgpt2	distilbert/distilgpt2	False	0.0007365591591224074	10.40691089630127
Ġshe	3498	 she	4	distilbert/distilgpt2	distilbert/distilgpt2	False	0.3765385150909424	1.4091306924819946
Mary	3499	Mary	0	distilbert/distilgpt2	distilbert/distilgpt2	False	1.0	0.0
Ġplayed	3499	 played	1	distilbert/distilgpt2	distilbert/distilgpt2	False	1.0617781072141952e-06	19.8450870513916
ĠSarah	3499	 Sarah	2	distilbert/distilgpt2	distilbert/distilgpt2	False	2.3014192265691236e-05	15.407116889953613
Ġbecause	3499	 because	3	distilbert/distilgpt2	distilbert/distilgpt2	False	0.0007877461612224579	10.309981346130371
Ġshe	3499	 she	4	distilbert/distilgpt2	distilbert/distilgpt2	False	0.3875759243965149	1.367449164390564
David	3500	David	0	distilbert/distilgpt2	distilbert/distilgpt2	False	1.0	0.0
Ġplayed	3500	 played	1	distilbert/distilgpt2	distilbert/distilgpt2	False	1.0776493581943214e-06	19.823680877685547
ĠSarah	3500	 Sarah	2	distilbert/distilgpt2	distilbert/distilgpt2	False	7.958833521115594e-06	16.939010620117188
Ġbecause	3500	 because	3	distilbert/distilgpt2	distilbert/distilgpt2	False	0.0003577113093342632	11.4489164352417
Ġshe	3500	 she	4	distilbert/distilgpt2	distilbert/distilgpt2	False	0.38982030749320984	1.359118938446045
Sarah	3501	Sarah	0	distilbert/distilgpt2	distilbert/distilgpt2	False	1.0	0.0
Ġplayed	3501	 played	1	distilbert/distilgpt2	distilbert/distilgpt2	False	1.0927362836810062e-06	19.80362319946289
ĠMary	3501	 Mary	2	distilbert/distilgpt2	distilbert/distilgpt2	False	0.00012469720968510956	12.969283103942871
Ġbecause	3501	 because	3	distilbert/distilgpt2	distilbert/distilgpt2	False	0.0002992665977217257	11.706280708312988
Ġshe	3501	 she	4	distilbert/distilgpt2	distilbert/distilgpt2	False	0.35383638739585876	1.4988456964492798
John	3502	John	0	distilbert/distilgpt2	distilbert/distilgpt2	False	1.0	0.0
Ġplayed	3502	 played	1	distilbert/distilgpt2	distilbert/distilgpt2	False	1.1143979463668074e-06	19.775304794311523
ĠMary	3502	 Mary	2	distilbert/distilgpt2	distilbert/distilgpt2	False	3.15752113237977e-05	14.950847625732422
Ġbecause	3502	 because	3	distilbert/distilgpt2	distilbert/distilgpt2	False	0.0003660220536403358	11.41578197479248
Ġshe	3502	 she	4	distilbert/distilgpt2	distilbert/distilgpt2	False	0.33275288343429565	1.5874769687652588
Sarah	3503	Sarah	0	distilbert/distilgpt2	distilbert/distilgpt2	False	1.0	0.0
Ġplayed	3503	 played	1	distilbert/distilgpt2	distilbert/distilgpt2	False	1.0927362836810062e-06	19.80362319946289
ĠMary	3503	 Mary	2	distilbert/distilgpt2	distilbert/distilgpt2	False	0.00012469720968510956	12.969283103942871
Ġbecause	3503	 because	3	distilbert/distilgpt2	distilbert/distilgpt2	False	0.0002992665977217257	11.706280708312988
Ġshe	3503	 she	4	distilbert/distilgpt2	distilbert/distilgpt2	False	0.35383638739585876	1.4988456964492798
David	3504	David	0	distilbert/distilgpt2	distilbert/distilgpt2	False	1.0	0.0
Ġplayed	3504	 played	1	distilbert/distilgpt2	distilbert/distilgpt2	False	1.0776493581943214e-06	19.823680877685547
ĠMary	3504	 Mary	2	distilbert/distilgpt2	distilbert/distilgpt2	False	1.3799345651932526e-05	16.14504051208496
Ġbecause	3504	 because	3	distilbert/distilgpt2	distilbert/distilgpt2	False	0.0001543616090202704	12.661398887634277
Ġshe	3504	 she	4	distilbert/distilgpt2	distilbert/distilgpt2	False	0.343389093875885	1.542083978652954
John	3505	John	0	distilbert/distilgpt2	distilbert/distilgpt2	False	1.0	0.0
Ġplayed	3505	 played	1	distilbert/distilgpt2	distilbert/distilgpt2	False	1.1143979463668074e-06	19.775304794311523
Ġwith	3505	 with	2	distilbert/distilgpt2	distilbert/distilgpt2	False	0.05154481530189514	4.278028964996338
ĠDavid	3505	 David	3	distilbert/distilgpt2	distilbert/distilgpt2	False	0.0021828231401741505	8.83958911895752
Ġbecause	3505	 because	4	distilbert/distilgpt2	distilbert/distilgpt2	False	7.788883522152901e-05	13.648223876953125
Ġhe	3505	 he	5	distilbert/distilgpt2	distilbert/distilgpt2	False	0.38404810428619385	1.3806411027908325
Mary	3506	Mary	0	distilbert/distilgpt2	distilbert/distilgpt2	False	1.0	0.0
Ġplayed	3506	 played	1	distilbert/distilgpt2	distilbert/distilgpt2	False	1.0617781072141952e-06	19.8450870513916
Ġwith	3506	 with	2	distilbert/distilgpt2	distilbert/distilgpt2	False	0.05093710124492645	4.295139312744141
ĠDavid	3506	 David	3	distilbert/distilgpt2	distilbert/distilgpt2	False	0.0010269366903230548	9.927436828613281
Ġbecause	3506	 because	4	distilbert/distilgpt2	distilbert/distilgpt2	False	0.00017320866754744202	12.495201110839844
Ġhe	3506	 he	5	distilbert/distilgpt2	distilbert/distilgpt2	False	0.35879021883010864	1.4787875413894653
John	3507	John	0	distilbert/distilgpt2	distilbert/distilgpt2	False	1.0	0.0
Ġplayed	3507	 played	1	distilbert/distilgpt2	distilbert/distilgpt2	False	1.1143979463668074e-06	19.775304794311523
Ġwith	3507	 with	2	distilbert/distilgpt2	distilbert/distilgpt2	False	0.05154481530189514	4.278028964996338
ĠDavid	3507	 David	3	distilbert/distilgpt2	distilbert/distilgpt2	False	0.0021828231401741505	8.83958911895752
Ġbecause	3507	 because	4	distilbert/distilgpt2	distilbert/distilgpt2	False	7.788883522152901e-05	13.648223876953125
Ġhe	3507	 he	5	distilbert/distilgpt2	distilbert/distilgpt2	False	0.38404810428619385	1.3806411027908325
Sarah	3508	Sarah	0	distilbert/distilgpt2	distilbert/distilgpt2	False	1.0	0.0
Ġplayed	3508	 played	1	distilbert/distilgpt2	distilbert/distilgpt2	False	1.0927362836810062e-06	19.80362319946289
Ġwith	3508	 with	2	distilbert/distilgpt2	distilbert/distilgpt2	False	0.04574272409081459	4.450314044952393
ĠDavid	3508	 David	3	distilbert/distilgpt2	distilbert/distilgpt2	False	0.0019905162043869495	8.972641944885254
Ġbecause	3508	 because	4	distilbert/distilgpt2	distilbert/distilgpt2	False	8.656299905851483e-05	13.495889663696289
Ġhe	3508	 he	5	distilbert/distilgpt2	distilbert/distilgpt2	False	0.37680017948150635	1.4081284999847412
David	3509	David	0	distilbert/distilgpt2	distilbert/distilgpt2	False	1.0	0.0
Ġplayed	3509	 played	1	distilbert/distilgpt2	distilbert/distilgpt2	False	1.0776493581943214e-06	19.823680877685547
Ġwith	3509	 with	2	distilbert/distilgpt2	distilbert/distilgpt2	False	0.0383416973054409	4.704942226409912
ĠJohn	3509	 John	3	distilbert/distilgpt2	distilbert/distilgpt2	False	0.00104832137003541	9.897703170776367
Ġbecause	3509	 because	4	distilbert/distilgpt2	distilbert/distilgpt2	False	7.04161066096276e-05	13.793734550476074
Ġhe	3509	 he	5	distilbert/distilgpt2	distilbert/distilgpt2	False	0.3946652114391327	1.3412988185882568
Mary	3510	Mary	0	distilbert/distilgpt2	distilbert/distilgpt2	False	1.0	0.0
Ġplayed	3510	 played	1	distilbert/distilgpt2	distilbert/distilgpt2	False	1.0617781072141952e-06	19.8450870513916
Ġwith	3510	 with	2	distilbert/distilgpt2	distilbert/distilgpt2	False	0.05093710124492645	4.295139312744141
ĠJohn	3510	 John	3	distilbert/distilgpt2	distilbert/distilgpt2	False	0.0013916280586272478	9.48901081085205
Ġbecause	3510	 because	4	distilbert/distilgpt2	distilbert/distilgpt2	False	0.00015881776926107705	12.620340347290039
Ġhe	3510	 he	5	distilbert/distilgpt2	distilbert/distilgpt2	False	0.3677610754966736	1.4431593418121338
David	3511	David	0	distilbert/distilgpt2	distilbert/distilgpt2	False	1.0	0.0
Ġplayed	3511	 played	1	distilbert/distilgpt2	distilbert/distilgpt2	False	1.0776493581943214e-06	19.823680877685547
Ġwith	3511	 with	2	distilbert/distilgpt2	distilbert/distilgpt2	False	0.0383416973054409	4.704942226409912
ĠJohn	3511	 John	3	distilbert/distilgpt2	distilbert/distilgpt2	False	0.00104832137003541	9.897703170776367
Ġbecause	3511	 because	4	distilbert/distilgpt2	distilbert/distilgpt2	False	7.04161066096276e-05	13.793734550476074
Ġhe	3511	 he	5	distilbert/distilgpt2	distilbert/distilgpt2	False	0.3946652114391327	1.3412988185882568
Sarah	3512	Sarah	0	distilbert/distilgpt2	distilbert/distilgpt2	False	1.0	0.0
Ġplayed	3512	 played	1	distilbert/distilgpt2	distilbert/distilgpt2	False	1.0927362836810062e-06	19.80362319946289
Ġwith	3512	 with	2	distilbert/distilgpt2	distilbert/distilgpt2	False	0.04574272409081459	4.450314044952393
ĠJohn	3512	 John	3	distilbert/distilgpt2	distilbert/distilgpt2	False	0.0021547009237110615	8.858296394348145
Ġbecause	3512	 because	4	distilbert/distilgpt2	distilbert/distilgpt2	False	0.0001428319519618526	12.773393630981445
Ġhe	3512	 he	5	distilbert/distilgpt2	distilbert/distilgpt2	False	0.3677466809749603	1.4432158470153809
Mary	3513	Mary	0	distilbert/distilgpt2	distilbert/distilgpt2	False	1.0	0.0
Ġplayed	3513	 played	1	distilbert/distilgpt2	distilbert/distilgpt2	False	1.0617781072141952e-06	19.8450870513916
Ġwith	3513	 with	2	distilbert/distilgpt2	distilbert/distilgpt2	False	0.05093710124492645	4.295139312744141
ĠSarah	3513	 Sarah	3	distilbert/distilgpt2	distilbert/distilgpt2	False	0.0001966975978575647	12.31173324584961
Ġbecause	3513	 because	4	distilbert/distilgpt2	distilbert/distilgpt2	False	0.0008615779224783182	10.180730819702148
Ġshe	3513	 she	5	distilbert/distilgpt2	distilbert/distilgpt2	False	0.36498451232910156	1.4540928602218628
John	3514	John	0	distilbert/distilgpt2	distilbert/distilgpt2	False	1.0	0.0
Ġplayed	3514	 played	1	distilbert/distilgpt2	distilbert/distilgpt2	False	1.1143979463668074e-06	19.775304794311523
Ġwith	3514	 with	2	distilbert/distilgpt2	distilbert/distilgpt2	False	0.05154481530189514	4.278028964996338
ĠSarah	3514	 Sarah	3	distilbert/distilgpt2	distilbert/distilgpt2	False	0.0002162838209187612	12.174786567687988
Ġbecause	3514	 because	4	distilbert/distilgpt2	distilbert/distilgpt2	False	0.0005657076253555715	10.7876558303833
Ġshe	3514	 she	5	distilbert/distilgpt2	distilbert/distilgpt2	False	0.36617913842201233	1.449378490447998
Mary	3515	Mary	0	distilbert/distilgpt2	distilbert/distilgpt2	False	1.0	0.0
Ġplayed	3515	 played	1	distilbert/distilgpt2	distilbert/distilgpt2	False	1.0617781072141952e-06	19.8450870513916
Ġwith	3515	 with	2	distilbert/distilgpt2	distilbert/distilgpt2	False	0.05093710124492645	4.295139312744141
ĠSarah	3515	 Sarah	3	distilbert/distilgpt2	distilbert/distilgpt2	False	0.0001966975978575647	12.31173324584961
Ġbecause	3515	 because	4	distilbert/distilgpt2	distilbert/distilgpt2	False	0.0008615779224783182	10.180730819702148
Ġshe	3515	 she	5	distilbert/distilgpt2	distilbert/distilgpt2	False	0.36498451232910156	1.4540928602218628
David	3516	David	0	distilbert/distilgpt2	distilbert/distilgpt2	False	1.0	0.0
Ġplayed	3516	 played	1	distilbert/distilgpt2	distilbert/distilgpt2	False	1.0776493581943214e-06	19.823680877685547
Ġwith	3516	 with	2	distilbert/distilgpt2	distilbert/distilgpt2	False	0.0383416973054409	4.704942226409912
ĠSarah	3516	 Sarah	3	distilbert/distilgpt2	distilbert/distilgpt2	False	9.012955706566572e-05	13.437640190124512
Ġbecause	3516	 because	4	distilbert/distilgpt2	distilbert/distilgpt2	False	0.000401474186219275	11.282404899597168
Ġshe	3516	 she	5	distilbert/distilgpt2	distilbert/distilgpt2	False	0.39719974994659424	1.3320634365081787
Sarah	3517	Sarah	0	distilbert/distilgpt2	distilbert/distilgpt2	False	1.0	0.0
Ġplayed	3517	 played	1	distilbert/distilgpt2	distilbert/distilgpt2	False	1.0927362836810062e-06	19.80362319946289
Ġwith	3517	 with	2	distilbert/distilgpt2	distilbert/distilgpt2	False	0.04574272409081459	4.450314044952393
ĠMary	3517	 Mary	3	distilbert/distilgpt2	distilbert/distilgpt2	False	0.0005699640023522079	10.776841163635254
Ġbecause	3517	 because	4	distilbert/distilgpt2	distilbert/distilgpt2	False	0.0002423604018986225	12.010558128356934
Ġshe	3517	 she	5	distilbert/distilgpt2	distilbert/distilgpt2	False	0.3322834074497223	1.589513897895813
John	3518	John	0	distilbert/distilgpt2	distilbert/distilgpt2	False	1.0	0.0
Ġplayed	3518	 played	1	distilbert/distilgpt2	distilbert/distilgpt2	False	1.1143979463668074e-06	19.775304794311523
Ġwith	3518	 with	2	distilbert/distilgpt2	distilbert/distilgpt2	False	0.05154481530189514	4.278028964996338
ĠMary	3518	 Mary	3	distilbert/distilgpt2	distilbert/distilgpt2	False	0.0003244452236685902	11.589737892150879
Ġbecause	3518	 because	4	distilbert/distilgpt2	distilbert/distilgpt2	False	0.00032455974724143744	11.589228630065918
Ġshe	3518	 she	5	distilbert/distilgpt2	distilbert/distilgpt2	False	0.33157238364219666	1.5926042795181274
Sarah	3519	Sarah	0	distilbert/distilgpt2	distilbert/distilgpt2	False	1.0	0.0
Ġplayed	3519	 played	1	distilbert/distilgpt2	distilbert/distilgpt2	False	1.0927362836810062e-06	19.80362319946289
Ġwith	3519	 with	2	distilbert/distilgpt2	distilbert/distilgpt2	False	0.04574272409081459	4.450314044952393
ĠMary	3519	 Mary	3	distilbert/distilgpt2	distilbert/distilgpt2	False	0.0005699640023522079	10.776841163635254
Ġbecause	3519	 because	4	distilbert/distilgpt2	distilbert/distilgpt2	False	0.0002423604018986225	12.010558128356934
Ġshe	3519	 she	5	distilbert/distilgpt2	distilbert/distilgpt2	False	0.3322834074497223	1.589513897895813
David	3520	David	0	distilbert/distilgpt2	distilbert/distilgpt2	False	1.0	0.0
Ġplayed	3520	 played	1	distilbert/distilgpt2	distilbert/distilgpt2	False	1.0776493581943214e-06	19.823680877685547
Ġwith	3520	 with	2	distilbert/distilgpt2	distilbert/distilgpt2	False	0.0383416973054409	4.704942226409912
ĠMary	3520	 Mary	3	distilbert/distilgpt2	distilbert/distilgpt2	False	0.0001387846132274717	12.814865112304688
Ġbecause	3520	 because	4	distilbert/distilgpt2	distilbert/distilgpt2	False	0.0001264232851099223	12.949450492858887
Ġshe	3520	 she	5	distilbert/distilgpt2	distilbert/distilgpt2	False	0.3538232147693634	1.4988994598388672
John	3521	John	0	distilbert/distilgpt2	distilbert/distilgpt2	False	1.0	0.0
Ġpleased	3521	 pleased	1	distilbert/distilgpt2	distilbert/distilgpt2	False	2.2933825505333516e-07	22.056018829345703
ĠDavid	3521	 David	2	distilbert/distilgpt2	distilbert/distilgpt2	False	3.2567761081736535e-05	14.906195640563965
Ġbecause	3521	 because	3	distilbert/distilgpt2	distilbert/distilgpt2	False	0.0005468070739880204	10.83668041229248
Ġhe	3521	 he	4	distilbert/distilgpt2	distilbert/distilgpt2	False	0.3730257749557495	1.4226528406143188
Mary	3522	Mary	0	distilbert/distilgpt2	distilbert/distilgpt2	False	1.0	0.0
Ġpleased	3522	 pleased	1	distilbert/distilgpt2	distilbert/distilgpt2	False	2.804944756462646e-07	21.76552391052246
ĠDavid	3522	 David	2	distilbert/distilgpt2	distilbert/distilgpt2	False	2.0677100110333413e-05	15.561606407165527
Ġbecause	3522	 because	3	distilbert/distilgpt2	distilbert/distilgpt2	False	0.0005256348522379994	10.893651008605957
Ġhe	3522	 he	4	distilbert/distilgpt2	distilbert/distilgpt2	False	0.3717421889305115	1.4276256561279297
John	3523	John	0	distilbert/distilgpt2	distilbert/distilgpt2	False	1.0	0.0
Ġpleased	3523	 pleased	1	distilbert/distilgpt2	distilbert/distilgpt2	False	2.2933825505333516e-07	22.056018829345703
ĠDavid	3523	 David	2	distilbert/distilgpt2	distilbert/distilgpt2	False	3.2567761081736535e-05	14.906195640563965
Ġbecause	3523	 because	3	distilbert/distilgpt2	distilbert/distilgpt2	False	0.0005468070739880204	10.83668041229248
Ġhe	3523	 he	4	distilbert/distilgpt2	distilbert/distilgpt2	False	0.3730257749557495	1.4226528406143188
Sarah	3524	Sarah	0	distilbert/distilgpt2	distilbert/distilgpt2	False	1.0	0.0
Ġpleased	3524	 pleased	1	distilbert/distilgpt2	distilbert/distilgpt2	False	2.530771894271311e-07	21.91391944885254
ĠDavid	3524	 David	2	distilbert/distilgpt2	distilbert/distilgpt2	False	2.6254247131873854e-05	15.217089653015137
Ġbecause	3524	 because	3	distilbert/distilgpt2	distilbert/distilgpt2	False	0.0007129842415452003	10.453842163085938
Ġhe	3524	 he	4	distilbert/distilgpt2	distilbert/distilgpt2	False	0.3867718279361725	1.3704453706741333
David	3525	David	0	distilbert/distilgpt2	distilbert/distilgpt2	False	1.0	0.0
Ġpleased	3525	 pleased	1	distilbert/distilgpt2	distilbert/distilgpt2	False	2.824825742209214e-07	21.755334854125977
ĠJohn	3525	 John	2	distilbert/distilgpt2	distilbert/distilgpt2	False	0.00012059840082656592	13.017501831054688
Ġbecause	3525	 because	3	distilbert/distilgpt2	distilbert/distilgpt2	False	0.001213974435813725	9.686046600341797
Ġhe	3525	 he	4	distilbert/distilgpt2	distilbert/distilgpt2	False	0.4230177402496338	1.2412099838256836
Mary	3526	Mary	0	distilbert/distilgpt2	distilbert/distilgpt2	False	1.0	0.0
Ġpleased	3526	 pleased	1	distilbert/distilgpt2	distilbert/distilgpt2	False	2.804944756462646e-07	21.76552391052246
ĠJohn	3526	 John	2	distilbert/distilgpt2	distilbert/distilgpt2	False	3.374492735019885e-05	14.85496997833252
Ġbecause	3526	 because	3	distilbert/distilgpt2	distilbert/distilgpt2	False	0.0008703193161636591	10.166167259216309
Ġhe	3526	 he	4	distilbert/distilgpt2	distilbert/distilgpt2	False	0.42001408338546753	1.2514904737472534
David	3527	David	0	distilbert/distilgpt2	distilbert/distilgpt2	False	1.0	0.0
Ġpleased	3527	 pleased	1	distilbert/distilgpt2	distilbert/distilgpt2	False	2.824825742209214e-07	21.755334854125977
ĠJohn	3527	 John	2	distilbert/distilgpt2	distilbert/distilgpt2	False	0.00012059840082656592	13.017501831054688
Ġbecause	3527	 because	3	distilbert/distilgpt2	distilbert/distilgpt2	False	0.001213974435813725	9.686046600341797
Ġhe	3527	 he	4	distilbert/distilgpt2	distilbert/distilgpt2	False	0.4230177402496338	1.2412099838256836
Sarah	3528	Sarah	0	distilbert/distilgpt2	distilbert/distilgpt2	False	1.0	0.0
Ġpleased	3528	 pleased	1	distilbert/distilgpt2	distilbert/distilgpt2	False	2.530771894271311e-07	21.91391944885254
ĠJohn	3528	 John	2	distilbert/distilgpt2	distilbert/distilgpt2	False	3.8182515709195286e-05	14.676728248596191
Ġbecause	3528	 because	3	distilbert/distilgpt2	distilbert/distilgpt2	False	0.001854712376371026	9.074588775634766
Ġhe	3528	 he	4	distilbert/distilgpt2	distilbert/distilgpt2	False	0.4090774655342102	1.2895541191101074
Mary	3529	Mary	0	distilbert/distilgpt2	distilbert/distilgpt2	False	1.0	0.0
Ġpleased	3529	 pleased	1	distilbert/distilgpt2	distilbert/distilgpt2	False	2.804944756462646e-07	21.76552391052246
ĠSarah	3529	 Sarah	2	distilbert/distilgpt2	distilbert/distilgpt2	False	1.1159821042383555e-05	16.451326370239258
Ġbecause	3529	 because	3	distilbert/distilgpt2	distilbert/distilgpt2	False	0.0011194113176316023	9.803044319152832
Ġshe	3529	 she	4	distilbert/distilgpt2	distilbert/distilgpt2	False	0.43992117047309875	1.184683084487915
John	3530	John	0	distilbert/distilgpt2	distilbert/distilgpt2	False	1.0	0.0
Ġpleased	3530	 pleased	1	distilbert/distilgpt2	distilbert/distilgpt2	False	2.2933825505333516e-07	22.056018829345703
ĠSarah	3530	 Sarah	2	distilbert/distilgpt2	distilbert/distilgpt2	False	1.2109806448279414e-05	16.333465576171875
Ġbecause	3530	 because	3	distilbert/distilgpt2	distilbert/distilgpt2	False	0.0010688620386645198	9.869709014892578
Ġshe	3530	 she	4	distilbert/distilgpt2	distilbert/distilgpt2	False	0.4012177884578705	1.317542552947998
Mary	3531	Mary	0	distilbert/distilgpt2	distilbert/distilgpt2	False	1.0	0.0
Ġpleased	3531	 pleased	1	distilbert/distilgpt2	distilbert/distilgpt2	False	2.804944756462646e-07	21.76552391052246
ĠSarah	3531	 Sarah	2	distilbert/distilgpt2	distilbert/distilgpt2	False	1.1159821042383555e-05	16.451326370239258
Ġbecause	3531	 because	3	distilbert/distilgpt2	distilbert/distilgpt2	False	0.0011194113176316023	9.803044319152832
Ġshe	3531	 she	4	distilbert/distilgpt2	distilbert/distilgpt2	False	0.43992117047309875	1.184683084487915
David	3532	David	0	distilbert/distilgpt2	distilbert/distilgpt2	False	1.0	0.0
Ġpleased	3532	 pleased	1	distilbert/distilgpt2	distilbert/distilgpt2	False	2.824825742209214e-07	21.755334854125977
ĠSarah	3532	 Sarah	2	distilbert/distilgpt2	distilbert/distilgpt2	False	2.4768309231149033e-05	15.30114459991455
Ġbecause	3532	 because	3	distilbert/distilgpt2	distilbert/distilgpt2	False	0.0010041202185675502	9.95985221862793
Ġshe	3532	 she	4	distilbert/distilgpt2	distilbert/distilgpt2	False	0.423094779253006	1.2409472465515137
Sarah	3533	Sarah	0	distilbert/distilgpt2	distilbert/distilgpt2	False	1.0	0.0
Ġpleased	3533	 pleased	1	distilbert/distilgpt2	distilbert/distilgpt2	False	2.530771894271311e-07	21.91391944885254
ĠMary	3533	 Mary	2	distilbert/distilgpt2	distilbert/distilgpt2	False	3.260346784372814e-05	14.90461540222168
Ġbecause	3533	 because	3	distilbert/distilgpt2	distilbert/distilgpt2	False	0.0004329628136474639	11.173469543457031
Ġshe	3533	 she	4	distilbert/distilgpt2	distilbert/distilgpt2	False	0.37302693724632263	1.422648310661316
John	3534	John	0	distilbert/distilgpt2	distilbert/distilgpt2	False	1.0	0.0
Ġpleased	3534	 pleased	1	distilbert/distilgpt2	distilbert/distilgpt2	False	2.2933825505333516e-07	22.056018829345703
ĠMary	3534	 Mary	2	distilbert/distilgpt2	distilbert/distilgpt2	False	2.0762463464052416e-05	15.555663108825684
Ġbecause	3534	 because	3	distilbert/distilgpt2	distilbert/distilgpt2	False	0.00039074476808309555	11.32148551940918
Ġshe	3534	 she	4	distilbert/distilgpt2	distilbert/distilgpt2	False	0.38807734847068787	1.365583896636963
Sarah	3535	Sarah	0	distilbert/distilgpt2	distilbert/distilgpt2	False	1.0	0.0
Ġpleased	3535	 pleased	1	distilbert/distilgpt2	distilbert/distilgpt2	False	2.530771894271311e-07	21.91391944885254
ĠMary	3535	 Mary	2	distilbert/distilgpt2	distilbert/distilgpt2	False	3.260346784372814e-05	14.90461540222168
Ġbecause	3535	 because	3	distilbert/distilgpt2	distilbert/distilgpt2	False	0.0004329628136474639	11.173469543457031
Ġshe	3535	 she	4	distilbert/distilgpt2	distilbert/distilgpt2	False	0.37302693724632263	1.422648310661316
David	3536	David	0	distilbert/distilgpt2	distilbert/distilgpt2	False	1.0	0.0
Ġpleased	3536	 pleased	1	distilbert/distilgpt2	distilbert/distilgpt2	False	2.824825742209214e-07	21.755334854125977
ĠMary	3536	 Mary	2	distilbert/distilgpt2	distilbert/distilgpt2	False	4.547949356492609e-05	14.424424171447754
Ġbecause	3536	 because	3	distilbert/distilgpt2	distilbert/distilgpt2	False	0.00031854334520176053	11.616222381591797
Ġshe	3536	 she	4	distilbert/distilgpt2	distilbert/distilgpt2	False	0.4000657796859741	1.3216909170150757
John	3537	John	0	distilbert/distilgpt2	distilbert/distilgpt2	False	1.0	0.0
Ġpraised	3537	 praised	1	distilbert/distilgpt2	distilbert/distilgpt2	False	2.0542697143355326e-07	22.21487045288086
ĠDavid	3537	 David	2	distilbert/distilgpt2	distilbert/distilgpt2	False	0.002094096736982465	8.899456024169922
Ġbecause	3537	 because	3	distilbert/distilgpt2	distilbert/distilgpt2	False	0.00032826344249770045	11.572858810424805
Ġhe	3537	 he	4	distilbert/distilgpt2	distilbert/distilgpt2	False	0.4454783499240875	1.1665728092193604
Mary	3538	Mary	0	distilbert/distilgpt2	distilbert/distilgpt2	False	1.0	0.0
Ġpraised	3538	 praised	1	distilbert/distilgpt2	distilbert/distilgpt2	False	2.266155973984496e-07	22.07324981689453
ĠDavid	3538	 David	2	distilbert/distilgpt2	distilbert/distilgpt2	False	0.0016585610574111342	9.235852241516113
Ġbecause	3538	 because	3	distilbert/distilgpt2	distilbert/distilgpt2	False	0.0004931691801175475	10.98563003540039
Ġhe	3538	 he	4	distilbert/distilgpt2	distilbert/distilgpt2	False	0.4571375548839569	1.1292997598648071
John	3539	John	0	distilbert/distilgpt2	distilbert/distilgpt2	False	1.0	0.0
Ġpraised	3539	 praised	1	distilbert/distilgpt2	distilbert/distilgpt2	False	2.0542697143355326e-07	22.21487045288086
ĠDavid	3539	 David	2	distilbert/distilgpt2	distilbert/distilgpt2	False	0.002094096736982465	8.899456024169922
Ġbecause	3539	 because	3	distilbert/distilgpt2	distilbert/distilgpt2	False	0.00032826344249770045	11.572858810424805
Ġhe	3539	 he	4	distilbert/distilgpt2	distilbert/distilgpt2	False	0.4454783499240875	1.1665728092193604
Sarah	3540	Sarah	0	distilbert/distilgpt2	distilbert/distilgpt2	False	1.0	0.0
Ġpraised	3540	 praised	1	distilbert/distilgpt2	distilbert/distilgpt2	False	2.2338923599818372e-07	22.093936920166016
ĠDavid	3540	 David	2	distilbert/distilgpt2	distilbert/distilgpt2	False	0.0023129777982831	8.756032943725586
Ġbecause	3540	 because	3	distilbert/distilgpt2	distilbert/distilgpt2	False	0.00029995691147632897	11.702957153320312
Ġhe	3540	 he	4	distilbert/distilgpt2	distilbert/distilgpt2	False	0.451088011264801	1.1485191583633423
David	3541	David	0	distilbert/distilgpt2	distilbert/distilgpt2	False	1.0	0.0
Ġpraised	3541	 praised	1	distilbert/distilgpt2	distilbert/distilgpt2	False	2.5259637936869694e-07	21.916662216186523
ĠJohn	3541	 John	2	distilbert/distilgpt2	distilbert/distilgpt2	False	0.002407695632427931	8.698131561279297
Ġbecause	3541	 because	3	distilbert/distilgpt2	distilbert/distilgpt2	False	0.00020937931549269706	12.221593856811523
Ġhe	3541	 he	4	distilbert/distilgpt2	distilbert/distilgpt2	False	0.47943487763404846	1.0605932474136353
Mary	3542	Mary	0	distilbert/distilgpt2	distilbert/distilgpt2	False	1.0	0.0
Ġpraised	3542	 praised	1	distilbert/distilgpt2	distilbert/distilgpt2	False	2.266155973984496e-07	22.07324981689453
ĠJohn	3542	 John	2	distilbert/distilgpt2	distilbert/distilgpt2	False	0.0024357400834560394	8.681424140930176
Ġbecause	3542	 because	3	distilbert/distilgpt2	distilbert/distilgpt2	False	0.0004716523690149188	11.049988746643066
Ġhe	3542	 he	4	distilbert/distilgpt2	distilbert/distilgpt2	False	0.5054275989532471	0.9844236373901367
David	3543	David	0	distilbert/distilgpt2	distilbert/distilgpt2	False	1.0	0.0
Ġpraised	3543	 praised	1	distilbert/distilgpt2	distilbert/distilgpt2	False	2.5259637936869694e-07	21.916662216186523
ĠJohn	3543	 John	2	distilbert/distilgpt2	distilbert/distilgpt2	False	0.002407695632427931	8.698131561279297
Ġbecause	3543	 because	3	distilbert/distilgpt2	distilbert/distilgpt2	False	0.00020937931549269706	12.221593856811523
Ġhe	3543	 he	4	distilbert/distilgpt2	distilbert/distilgpt2	False	0.47943487763404846	1.0605932474136353
Sarah	3544	Sarah	0	distilbert/distilgpt2	distilbert/distilgpt2	False	1.0	0.0
Ġpraised	3544	 praised	1	distilbert/distilgpt2	distilbert/distilgpt2	False	2.2338923599818372e-07	22.093936920166016
ĠJohn	3544	 John	2	distilbert/distilgpt2	distilbert/distilgpt2	False	0.0027976890560239553	8.481548309326172
Ġbecause	3544	 because	3	distilbert/distilgpt2	distilbert/distilgpt2	False	0.0004777505237143487	11.031455039978027
Ġhe	3544	 he	4	distilbert/distilgpt2	distilbert/distilgpt2	False	0.4803770184516907	1.0577609539031982
Mary	3545	Mary	0	distilbert/distilgpt2	distilbert/distilgpt2	False	1.0	0.0
Ġpraised	3545	 praised	1	distilbert/distilgpt2	distilbert/distilgpt2	False	2.266155973984496e-07	22.07324981689453
ĠSarah	3545	 Sarah	2	distilbert/distilgpt2	distilbert/distilgpt2	False	0.00031403423054143786	11.63679027557373
Ġbecause	3545	 because	3	distilbert/distilgpt2	distilbert/distilgpt2	False	0.00146381591912359	9.41604995727539
Ġshe	3545	 she	4	distilbert/distilgpt2	distilbert/distilgpt2	False	0.5406014323234558	0.8873627781867981
John	3546	John	0	distilbert/distilgpt2	distilbert/distilgpt2	False	1.0	0.0
Ġpraised	3546	 praised	1	distilbert/distilgpt2	distilbert/distilgpt2	False	2.0542697143355326e-07	22.21487045288086
ĠSarah	3546	 Sarah	2	distilbert/distilgpt2	distilbert/distilgpt2	False	0.00029111720505170524	11.746111869812012
Ġbecause	3546	 because	3	distilbert/distilgpt2	distilbert/distilgpt2	False	0.0007283536833710968	10.423072814941406
Ġshe	3546	 she	4	distilbert/distilgpt2	distilbert/distilgpt2	False	0.5164970755577087	0.9531680345535278
Mary	3547	Mary	0	distilbert/distilgpt2	distilbert/distilgpt2	False	1.0	0.0
Ġpraised	3547	 praised	1	distilbert/distilgpt2	distilbert/distilgpt2	False	2.266155973984496e-07	22.07324981689453
ĠSarah	3547	 Sarah	2	distilbert/distilgpt2	distilbert/distilgpt2	False	0.00031403423054143786	11.63679027557373
Ġbecause	3547	 because	3	distilbert/distilgpt2	distilbert/distilgpt2	False	0.00146381591912359	9.41604995727539
Ġshe	3547	 she	4	distilbert/distilgpt2	distilbert/distilgpt2	False	0.5406014323234558	0.8873627781867981
David	3548	David	0	distilbert/distilgpt2	distilbert/distilgpt2	False	1.0	0.0
Ġpraised	3548	 praised	1	distilbert/distilgpt2	distilbert/distilgpt2	False	2.5259637936869694e-07	21.916662216186523
ĠSarah	3548	 Sarah	2	distilbert/distilgpt2	distilbert/distilgpt2	False	0.0002643014013301581	11.885528564453125
Ġbecause	3548	 because	3	distilbert/distilgpt2	distilbert/distilgpt2	False	0.00044128522858954966	11.146000862121582
Ġshe	3548	 she	4	distilbert/distilgpt2	distilbert/distilgpt2	False	0.4981931149959564	1.005223035812378
Sarah	3549	Sarah	0	distilbert/distilgpt2	distilbert/distilgpt2	False	1.0	0.0
Ġpraised	3549	 praised	1	distilbert/distilgpt2	distilbert/distilgpt2	False	2.2338923599818372e-07	22.093936920166016
ĠMary	3549	 Mary	2	distilbert/distilgpt2	distilbert/distilgpt2	False	0.00043555491720326245	11.164857864379883
Ġbecause	3549	 because	3	distilbert/distilgpt2	distilbert/distilgpt2	False	0.000544548558536917	10.8426513671875
Ġshe	3549	 she	4	distilbert/distilgpt2	distilbert/distilgpt2	False	0.474060595035553	1.0768566131591797
John	3550	John	0	distilbert/distilgpt2	distilbert/distilgpt2	False	1.0	0.0
Ġpraised	3550	 praised	1	distilbert/distilgpt2	distilbert/distilgpt2	False	2.0542697143355326e-07	22.21487045288086
ĠMary	3550	 Mary	2	distilbert/distilgpt2	distilbert/distilgpt2	False	0.00032452939194627106	11.589363098144531
Ġbecause	3550	 because	3	distilbert/distilgpt2	distilbert/distilgpt2	False	0.0007391261169686913	10.401891708374023
Ġshe	3550	 she	4	distilbert/distilgpt2	distilbert/distilgpt2	False	0.5072600841522217	0.9792025089263916
Sarah	3551	Sarah	0	distilbert/distilgpt2	distilbert/distilgpt2	False	1.0	0.0
Ġpraised	3551	 praised	1	distilbert/distilgpt2	distilbert/distilgpt2	False	2.2338923599818372e-07	22.093936920166016
ĠMary	3551	 Mary	2	distilbert/distilgpt2	distilbert/distilgpt2	False	0.00043555491720326245	11.164857864379883
Ġbecause	3551	 because	3	distilbert/distilgpt2	distilbert/distilgpt2	False	0.000544548558536917	10.8426513671875
Ġshe	3551	 she	4	distilbert/distilgpt2	distilbert/distilgpt2	False	0.474060595035553	1.0768566131591797
David	3552	David	0	distilbert/distilgpt2	distilbert/distilgpt2	False	1.0	0.0
Ġpraised	3552	 praised	1	distilbert/distilgpt2	distilbert/distilgpt2	False	2.5259637936869694e-07	21.916662216186523
ĠMary	3552	 Mary	2	distilbert/distilgpt2	distilbert/distilgpt2	False	0.0003031467495020479	11.68769645690918
Ġbecause	3552	 because	3	distilbert/distilgpt2	distilbert/distilgpt2	False	0.00025773310335353017	11.921834945678711
Ġshe	3552	 she	4	distilbert/distilgpt2	distilbert/distilgpt2	False	0.4749293327331543	1.074215292930603
John	3553	John	0	distilbert/distilgpt2	distilbert/distilgpt2	False	1.0	0.0
Ġprized	3553	 prized	1	distilbert/distilgpt2	distilbert/distilgpt2	False	3.232148060305917e-08	24.882930755615234
ĠDavid	3553	 David	2	distilbert/distilgpt2	distilbert/distilgpt2	False	3.1270927138393745e-05	14.964818954467773
Ġbecause	3553	 because	3	distilbert/distilgpt2	distilbert/distilgpt2	False	0.00011474396887933835	13.08929443359375
Ġhe	3553	 he	4	distilbert/distilgpt2	distilbert/distilgpt2	False	0.41980239748954773	1.2522177696228027
Mary	3554	Mary	0	distilbert/distilgpt2	distilbert/distilgpt2	False	1.0	0.0
Ġprized	3554	 prized	1	distilbert/distilgpt2	distilbert/distilgpt2	False	3.421018135441045e-08	24.80099868774414
ĠDavid	3554	 David	2	distilbert/distilgpt2	distilbert/distilgpt2	False	1.6004882127163e-05	15.93112850189209
Ġbecause	3554	 because	3	distilbert/distilgpt2	distilbert/distilgpt2	False	0.00018071327940560877	12.434009552001953
Ġhe	3554	 he	4	distilbert/distilgpt2	distilbert/distilgpt2	False	0.3947881758213043	1.3408493995666504
John	3555	John	0	distilbert/distilgpt2	distilbert/distilgpt2	False	1.0	0.0
Ġprized	3555	 prized	1	distilbert/distilgpt2	distilbert/distilgpt2	False	3.232148060305917e-08	24.882930755615234
ĠDavid	3555	 David	2	distilbert/distilgpt2	distilbert/distilgpt2	False	3.1270927138393745e-05	14.964818954467773
Ġbecause	3555	 because	3	distilbert/distilgpt2	distilbert/distilgpt2	False	0.00011474396887933835	13.08929443359375
Ġhe	3555	 he	4	distilbert/distilgpt2	distilbert/distilgpt2	False	0.41980239748954773	1.2522177696228027
Sarah	3556	Sarah	0	distilbert/distilgpt2	distilbert/distilgpt2	False	1.0	0.0
Ġprized	3556	 prized	1	distilbert/distilgpt2	distilbert/distilgpt2	False	2.6860794477556738e-08	25.14992332458496
ĠDavid	3556	 David	2	distilbert/distilgpt2	distilbert/distilgpt2	False	2.8278123863856308e-05	15.109953880310059
Ġbecause	3556	 because	3	distilbert/distilgpt2	distilbert/distilgpt2	False	0.0001678232365520671	12.540769577026367
Ġhe	3556	 he	4	distilbert/distilgpt2	distilbert/distilgpt2	False	0.4320950508117676	1.2105793952941895
David	3557	David	0	distilbert/distilgpt2	distilbert/distilgpt2	False	1.0	0.0
Ġprized	3557	 prized	1	distilbert/distilgpt2	distilbert/distilgpt2	False	3.251278712923522e-08	24.874418258666992
ĠJohn	3557	 John	2	distilbert/distilgpt2	distilbert/distilgpt2	False	0.00015008298214524984	12.70195198059082
Ġbecause	3557	 because	3	distilbert/distilgpt2	distilbert/distilgpt2	False	9.654912719270214e-05	13.338376998901367
Ġhe	3557	 he	4	distilbert/distilgpt2	distilbert/distilgpt2	False	0.4459109902381897	1.1651723384857178
Mary	3558	Mary	0	distilbert/distilgpt2	distilbert/distilgpt2	False	1.0	0.0
Ġprized	3558	 prized	1	distilbert/distilgpt2	distilbert/distilgpt2	False	3.421018135441045e-08	24.80099868774414
ĠJohn	3558	 John	2	distilbert/distilgpt2	distilbert/distilgpt2	False	5.619080548058264e-05	14.119306564331055
Ġbecause	3558	 because	3	distilbert/distilgpt2	distilbert/distilgpt2	False	0.00021215311426203698	12.202606201171875
Ġhe	3558	 he	4	distilbert/distilgpt2	distilbert/distilgpt2	False	0.43650075793266296	1.1959439516067505
David	3559	David	0	distilbert/distilgpt2	distilbert/distilgpt2	False	1.0	0.0
Ġprized	3559	 prized	1	distilbert/distilgpt2	distilbert/distilgpt2	False	3.251278712923522e-08	24.874418258666992
ĠJohn	3559	 John	2	distilbert/distilgpt2	distilbert/distilgpt2	False	0.00015008298214524984	12.70195198059082
Ġbecause	3559	 because	3	distilbert/distilgpt2	distilbert/distilgpt2	False	9.654912719270214e-05	13.338376998901367
Ġhe	3559	 he	4	distilbert/distilgpt2	distilbert/distilgpt2	False	0.4459109902381897	1.1651723384857178
Sarah	3560	Sarah	0	distilbert/distilgpt2	distilbert/distilgpt2	False	1.0	0.0
Ġprized	3560	 prized	1	distilbert/distilgpt2	distilbert/distilgpt2	False	2.6860794477556738e-08	25.14992332458496
ĠJohn	3560	 John	2	distilbert/distilgpt2	distilbert/distilgpt2	False	0.00010228895553154871	13.255062103271484
Ġbecause	3560	 because	3	distilbert/distilgpt2	distilbert/distilgpt2	False	0.00026902201352640986	11.85998821258545
Ġhe	3560	 he	4	distilbert/distilgpt2	distilbert/distilgpt2	False	0.4411132335662842	1.1807790994644165
Mary	3561	Mary	0	distilbert/distilgpt2	distilbert/distilgpt2	False	1.0	0.0
Ġprized	3561	 prized	1	distilbert/distilgpt2	distilbert/distilgpt2	False	3.421018135441045e-08	24.80099868774414
ĠSarah	3561	 Sarah	2	distilbert/distilgpt2	distilbert/distilgpt2	False	2.9820503186783753e-06	18.35526466369629
Ġbecause	3561	 because	3	distilbert/distilgpt2	distilbert/distilgpt2	False	0.0007093580788932741	10.461197853088379
Ġshe	3561	 she	4	distilbert/distilgpt2	distilbert/distilgpt2	False	0.5022873878479004	0.9934150576591492
John	3562	John	0	distilbert/distilgpt2	distilbert/distilgpt2	False	1.0	0.0
Ġprized	3562	 prized	1	distilbert/distilgpt2	distilbert/distilgpt2	False	3.232148060305917e-08	24.882930755615234
ĠSarah	3562	 Sarah	2	distilbert/distilgpt2	distilbert/distilgpt2	False	3.2055859264801256e-06	18.250980377197266
Ġbecause	3562	 because	3	distilbert/distilgpt2	distilbert/distilgpt2	False	0.00047949166037142277	11.026206970214844
Ġshe	3562	 she	4	distilbert/distilgpt2	distilbert/distilgpt2	False	0.48441192507743835	1.0456937551498413
Mary	3563	Mary	0	distilbert/distilgpt2	distilbert/distilgpt2	False	1.0	0.0
Ġprized	3563	 prized	1	distilbert/distilgpt2	distilbert/distilgpt2	False	3.421018135441045e-08	24.80099868774414
ĠSarah	3563	 Sarah	2	distilbert/distilgpt2	distilbert/distilgpt2	False	2.9820503186783753e-06	18.35526466369629
Ġbecause	3563	 because	3	distilbert/distilgpt2	distilbert/distilgpt2	False	0.0007093580788932741	10.461197853088379
Ġshe	3563	 she	4	distilbert/distilgpt2	distilbert/distilgpt2	False	0.5022873878479004	0.9934150576591492
David	3564	David	0	distilbert/distilgpt2	distilbert/distilgpt2	False	1.0	0.0
Ġprized	3564	 prized	1	distilbert/distilgpt2	distilbert/distilgpt2	False	3.251278712923522e-08	24.874418258666992
ĠSarah	3564	 Sarah	2	distilbert/distilgpt2	distilbert/distilgpt2	False	3.883270892401924e-06	17.97429656982422
Ġbecause	3564	 because	3	distilbert/distilgpt2	distilbert/distilgpt2	False	0.00028190010925754905	11.79252815246582
Ġshe	3564	 she	4	distilbert/distilgpt2	distilbert/distilgpt2	False	0.5023443102836609	0.9932516813278198
Sarah	3565	Sarah	0	distilbert/distilgpt2	distilbert/distilgpt2	False	1.0	0.0
Ġprized	3565	 prized	1	distilbert/distilgpt2	distilbert/distilgpt2	False	2.6860794477556738e-08	25.14992332458496
ĠMary	3565	 Mary	2	distilbert/distilgpt2	distilbert/distilgpt2	False	2.5030485630850308e-05	15.285954475402832
Ġbecause	3565	 because	3	distilbert/distilgpt2	distilbert/distilgpt2	False	0.0003154552250634879	11.630277633666992
Ġshe	3565	 she	4	distilbert/distilgpt2	distilbert/distilgpt2	False	0.41596800088882446	1.2654556035995483
John	3566	John	0	distilbert/distilgpt2	distilbert/distilgpt2	False	1.0	0.0
Ġprized	3566	 prized	1	distilbert/distilgpt2	distilbert/distilgpt2	False	3.232148060305917e-08	24.882930755615234
ĠMary	3566	 Mary	2	distilbert/distilgpt2	distilbert/distilgpt2	False	1.5356950825662352e-05	15.990748405456543
Ġbecause	3566	 because	3	distilbert/distilgpt2	distilbert/distilgpt2	False	0.0004685942258220166	11.059372901916504
Ġshe	3566	 she	4	distilbert/distilgpt2	distilbert/distilgpt2	False	0.394770085811615	1.3409154415130615
Sarah	3567	Sarah	0	distilbert/distilgpt2	distilbert/distilgpt2	False	1.0	0.0
Ġprized	3567	 prized	1	distilbert/distilgpt2	distilbert/distilgpt2	False	2.6860794477556738e-08	25.14992332458496
ĠMary	3567	 Mary	2	distilbert/distilgpt2	distilbert/distilgpt2	False	2.5030485630850308e-05	15.285954475402832
Ġbecause	3567	 because	3	distilbert/distilgpt2	distilbert/distilgpt2	False	0.0003154552250634879	11.630277633666992
Ġshe	3567	 she	4	distilbert/distilgpt2	distilbert/distilgpt2	False	0.41596800088882446	1.2654556035995483
David	3568	David	0	distilbert/distilgpt2	distilbert/distilgpt2	False	1.0	0.0
Ġprized	3568	 prized	1	distilbert/distilgpt2	distilbert/distilgpt2	False	3.251278712923522e-08	24.874418258666992
ĠMary	3568	 Mary	2	distilbert/distilgpt2	distilbert/distilgpt2	False	1.8268216081196442e-05	15.740304946899414
Ġbecause	3568	 because	3	distilbert/distilgpt2	distilbert/distilgpt2	False	0.00020281472825445235	12.267549514770508
Ġshe	3568	 she	4	distilbert/distilgpt2	distilbert/distilgpt2	False	0.41673752665519714	1.2627891302108765
John	3569	John	0	distilbert/distilgpt2	distilbert/distilgpt2	False	1.0	0.0
Ġprosecuted	3569	 prosecuted	1	distilbert/distilgpt2	distilbert/distilgpt2	False	1.0923829840692179e-08	26.447946548461914
ĠDavid	3569	 David	2	distilbert/distilgpt2	distilbert/distilgpt2	False	0.00024884549202397466	11.972461700439453
Ġbecause	3569	 because	3	distilbert/distilgpt2	distilbert/distilgpt2	False	9.418349509360269e-05	13.374166488647461
Ġhe	3569	 he	4	distilbert/distilgpt2	distilbert/distilgpt2	False	0.4437183141708374	1.1722840070724487
Mary	3570	Mary	0	distilbert/distilgpt2	distilbert/distilgpt2	False	1.0	0.0
Ġprosecuted	3570	 prosecuted	1	distilbert/distilgpt2	distilbert/distilgpt2	False	1.4002444537197789e-08	26.089746475219727
ĠDavid	3570	 David	2	distilbert/distilgpt2	distilbert/distilgpt2	False	0.00014166286564432085	12.785250663757324
Ġbecause	3570	 because	3	distilbert/distilgpt2	distilbert/distilgpt2	False	0.00010362359171267599	13.236359596252441
Ġhe	3570	 he	4	distilbert/distilgpt2	distilbert/distilgpt2	False	0.44395893812179565	1.171501874923706
John	3571	John	0	distilbert/distilgpt2	distilbert/distilgpt2	False	1.0	0.0
Ġprosecuted	3571	 prosecuted	1	distilbert/distilgpt2	distilbert/distilgpt2	False	1.0923829840692179e-08	26.447946548461914
ĠDavid	3571	 David	2	distilbert/distilgpt2	distilbert/distilgpt2	False	0.00024884549202397466	11.972461700439453
Ġbecause	3571	 because	3	distilbert/distilgpt2	distilbert/distilgpt2	False	9.418349509360269e-05	13.374166488647461
Ġhe	3571	 he	4	distilbert/distilgpt2	distilbert/distilgpt2	False	0.4437183141708374	1.1722840070724487
Sarah	3572	Sarah	0	distilbert/distilgpt2	distilbert/distilgpt2	False	1.0	0.0
Ġprosecuted	3572	 prosecuted	1	distilbert/distilgpt2	distilbert/distilgpt2	False	1.1323617599146019e-08	26.396089553833008
ĠDavid	3572	 David	2	distilbert/distilgpt2	distilbert/distilgpt2	False	0.00031208732980303466	11.64576244354248
Ġbecause	3572	 because	3	distilbert/distilgpt2	distilbert/distilgpt2	False	0.00010083987581310794	13.275646209716797
Ġhe	3572	 he	4	distilbert/distilgpt2	distilbert/distilgpt2	False	0.4502270817756653	1.1512752771377563
David	3573	David	0	distilbert/distilgpt2	distilbert/distilgpt2	False	1.0	0.0
Ġprosecuted	3573	 prosecuted	1	distilbert/distilgpt2	distilbert/distilgpt2	False	1.2549771000180954e-08	26.247764587402344
ĠJohn	3573	 John	2	distilbert/distilgpt2	distilbert/distilgpt2	False	0.0005445400020107627	10.842674255371094
Ġbecause	3573	 because	3	distilbert/distilgpt2	distilbert/distilgpt2	False	0.00015641636855434626	12.64232063293457
Ġhe	3573	 he	4	distilbert/distilgpt2	distilbert/distilgpt2	False	0.46546339988708496	1.1032603979110718
Mary	3574	Mary	0	distilbert/distilgpt2	distilbert/distilgpt2	False	1.0	0.0
Ġprosecuted	3574	 prosecuted	1	distilbert/distilgpt2	distilbert/distilgpt2	False	1.4002444537197789e-08	26.089746475219727
ĠJohn	3574	 John	2	distilbert/distilgpt2	distilbert/distilgpt2	False	0.0003056403365917504	11.675877571105957
Ġbecause	3574	 because	3	distilbert/distilgpt2	distilbert/distilgpt2	False	0.0001555632334202528	12.650211334228516
Ġhe	3574	 he	4	distilbert/distilgpt2	distilbert/distilgpt2	False	0.4668516516685486	1.098963975906372
David	3575	David	0	distilbert/distilgpt2	distilbert/distilgpt2	False	1.0	0.0
Ġprosecuted	3575	 prosecuted	1	distilbert/distilgpt2	distilbert/distilgpt2	False	1.2549771000180954e-08	26.247764587402344
ĠJohn	3575	 John	2	distilbert/distilgpt2	distilbert/distilgpt2	False	0.0005445400020107627	10.842674255371094
Ġbecause	3575	 because	3	distilbert/distilgpt2	distilbert/distilgpt2	False	0.00015641636855434626	12.64232063293457
Ġhe	3575	 he	4	distilbert/distilgpt2	distilbert/distilgpt2	False	0.46546339988708496	1.1032603979110718
Sarah	3576	Sarah	0	distilbert/distilgpt2	distilbert/distilgpt2	False	1.0	0.0
Ġprosecuted	3576	 prosecuted	1	distilbert/distilgpt2	distilbert/distilgpt2	False	1.1323617599146019e-08	26.396089553833008
ĠJohn	3576	 John	2	distilbert/distilgpt2	distilbert/distilgpt2	False	0.0005940388073213398	10.717155456542969
Ġbecause	3576	 because	3	distilbert/distilgpt2	distilbert/distilgpt2	False	0.0002916977391578257	11.74323844909668
Ġhe	3576	 he	4	distilbert/distilgpt2	distilbert/distilgpt2	False	0.45142316818237305	1.1474477052688599
Mary	3577	Mary	0	distilbert/distilgpt2	distilbert/distilgpt2	False	1.0	0.0
Ġprosecuted	3577	 prosecuted	1	distilbert/distilgpt2	distilbert/distilgpt2	False	1.4002444537197789e-08	26.089746475219727
ĠSarah	3577	 Sarah	2	distilbert/distilgpt2	distilbert/distilgpt2	False	2.258150198031217e-05	15.43449878692627
Ġbecause	3577	 because	3	distilbert/distilgpt2	distilbert/distilgpt2	False	0.0007832784322090447	10.31818675994873
Ġshe	3577	 she	4	distilbert/distilgpt2	distilbert/distilgpt2	False	0.5036507844924927	0.989504337310791
John	3578	John	0	distilbert/distilgpt2	distilbert/distilgpt2	False	1.0	0.0
Ġprosecuted	3578	 prosecuted	1	distilbert/distilgpt2	distilbert/distilgpt2	False	1.0923829840692179e-08	26.447946548461914
ĠSarah	3578	 Sarah	2	distilbert/distilgpt2	distilbert/distilgpt2	False	3.399846900720149e-05	14.844170570373535
Ġbecause	3578	 because	3	distilbert/distilgpt2	distilbert/distilgpt2	False	0.0005229503149166703	10.90103816986084
Ġshe	3578	 she	4	distilbert/distilgpt2	distilbert/distilgpt2	False	0.4897759258747101	1.0298062562942505
Mary	3579	Mary	0	distilbert/distilgpt2	distilbert/distilgpt2	False	1.0	0.0
Ġprosecuted	3579	 prosecuted	1	distilbert/distilgpt2	distilbert/distilgpt2	False	1.4002444537197789e-08	26.089746475219727
ĠSarah	3579	 Sarah	2	distilbert/distilgpt2	distilbert/distilgpt2	False	2.258150198031217e-05	15.43449878692627
Ġbecause	3579	 because	3	distilbert/distilgpt2	distilbert/distilgpt2	False	0.0007832784322090447	10.31818675994873
Ġshe	3579	 she	4	distilbert/distilgpt2	distilbert/distilgpt2	False	0.5036507844924927	0.989504337310791
David	3580	David	0	distilbert/distilgpt2	distilbert/distilgpt2	False	1.0	0.0
Ġprosecuted	3580	 prosecuted	1	distilbert/distilgpt2	distilbert/distilgpt2	False	1.2549771000180954e-08	26.247764587402344
ĠSarah	3580	 Sarah	2	distilbert/distilgpt2	distilbert/distilgpt2	False	3.2909643778111786e-05	14.891130447387695
Ġbecause	3580	 because	3	distilbert/distilgpt2	distilbert/distilgpt2	False	0.0003224251850042492	11.598748207092285
Ġshe	3580	 she	4	distilbert/distilgpt2	distilbert/distilgpt2	False	0.49674686789512634	1.0094172954559326
Sarah	3581	Sarah	0	distilbert/distilgpt2	distilbert/distilgpt2	False	1.0	0.0
Ġprosecuted	3581	 prosecuted	1	distilbert/distilgpt2	distilbert/distilgpt2	False	1.1323617599146019e-08	26.396089553833008
ĠMary	3581	 Mary	2	distilbert/distilgpt2	distilbert/distilgpt2	False	8.646737842354923e-05	13.49748420715332
Ġbecause	3581	 because	3	distilbert/distilgpt2	distilbert/distilgpt2	False	0.00041449416312389076	11.236360549926758
Ġshe	3581	 she	4	distilbert/distilgpt2	distilbert/distilgpt2	False	0.4576950669288635	1.127541422843933
John	3582	John	0	distilbert/distilgpt2	distilbert/distilgpt2	False	1.0	0.0
Ġprosecuted	3582	 prosecuted	1	distilbert/distilgpt2	distilbert/distilgpt2	False	1.0923829840692179e-08	26.447946548461914
ĠMary	3582	 Mary	2	distilbert/distilgpt2	distilbert/distilgpt2	False	6.730778841301799e-05	13.858866691589355
Ġbecause	3582	 because	3	distilbert/distilgpt2	distilbert/distilgpt2	False	0.00043895927956327796	11.15362548828125
Ġshe	3582	 she	4	distilbert/distilgpt2	distilbert/distilgpt2	False	0.47045305371284485	1.0878773927688599
Sarah	3583	Sarah	0	distilbert/distilgpt2	distilbert/distilgpt2	False	1.0	0.0
Ġprosecuted	3583	 prosecuted	1	distilbert/distilgpt2	distilbert/distilgpt2	False	1.1323617599146019e-08	26.396089553833008
ĠMary	3583	 Mary	2	distilbert/distilgpt2	distilbert/distilgpt2	False	8.646737842354923e-05	13.49748420715332
Ġbecause	3583	 because	3	distilbert/distilgpt2	distilbert/distilgpt2	False	0.00041449416312389076	11.236360549926758
Ġshe	3583	 she	4	distilbert/distilgpt2	distilbert/distilgpt2	False	0.4576950669288635	1.127541422843933
David	3584	David	0	distilbert/distilgpt2	distilbert/distilgpt2	False	1.0	0.0
Ġprosecuted	3584	 prosecuted	1	distilbert/distilgpt2	distilbert/distilgpt2	False	1.2549771000180954e-08	26.247764587402344
ĠMary	3584	 Mary	2	distilbert/distilgpt2	distilbert/distilgpt2	False	6.095179924159311e-05	14.001971244812012
Ġbecause	3584	 because	3	distilbert/distilgpt2	distilbert/distilgpt2	False	0.00024377628869842738	12.002154350280762
Ġshe	3584	 she	4	distilbert/distilgpt2	distilbert/distilgpt2	False	0.4790954887866974	1.0616148710250854
John	3585	John	0	distilbert/distilgpt2	distilbert/distilgpt2	False	1.0	0.0
Ġprotected	3585	 protected	1	distilbert/distilgpt2	distilbert/distilgpt2	False	3.8801002233412873e-07	21.29740333557129
ĠDavid	3585	 David	2	distilbert/distilgpt2	distilbert/distilgpt2	False	2.991366091009695e-05	15.028836250305176
Ġbecause	3585	 because	3	distilbert/distilgpt2	distilbert/distilgpt2	False	0.00019741454161703587	12.30648422241211
Ġhe	3585	 he	4	distilbert/distilgpt2	distilbert/distilgpt2	False	0.3673694431781769	1.4446965456008911
Mary	3586	Mary	0	distilbert/distilgpt2	distilbert/distilgpt2	False	1.0	0.0
Ġprotected	3586	 protected	1	distilbert/distilgpt2	distilbert/distilgpt2	False	4.647775426747103e-07	21.036956787109375
ĠDavid	3586	 David	2	distilbert/distilgpt2	distilbert/distilgpt2	False	1.793797309801448e-05	15.766623497009277
Ġbecause	3586	 because	3	distilbert/distilgpt2	distilbert/distilgpt2	False	0.00021636571909766644	12.174240112304688
Ġhe	3586	 he	4	distilbert/distilgpt2	distilbert/distilgpt2	False	0.3354138135910034	1.5759860277175903
John	3587	John	0	distilbert/distilgpt2	distilbert/distilgpt2	False	1.0	0.0
Ġprotected	3587	 protected	1	distilbert/distilgpt2	distilbert/distilgpt2	False	3.8801002233412873e-07	21.29740333557129
ĠDavid	3587	 David	2	distilbert/distilgpt2	distilbert/distilgpt2	False	2.991366091009695e-05	15.028836250305176
Ġbecause	3587	 because	3	distilbert/distilgpt2	distilbert/distilgpt2	False	0.00019741454161703587	12.30648422241211
Ġhe	3587	 he	4	distilbert/distilgpt2	distilbert/distilgpt2	False	0.3673694431781769	1.4446965456008911
Sarah	3588	Sarah	0	distilbert/distilgpt2	distilbert/distilgpt2	False	1.0	0.0
Ġprotected	3588	 protected	1	distilbert/distilgpt2	distilbert/distilgpt2	False	4.3831357743329136e-07	21.121532440185547
ĠDavid	3588	 David	2	distilbert/distilgpt2	distilbert/distilgpt2	False	3.4066139050992206e-05	14.841301918029785
Ġbecause	3588	 because	3	distilbert/distilgpt2	distilbert/distilgpt2	False	0.00018498042481951416	12.40034008026123
Ġhe	3588	 he	4	distilbert/distilgpt2	distilbert/distilgpt2	False	0.3835006058216095	1.3826992511749268
David	3589	David	0	distilbert/distilgpt2	distilbert/distilgpt2	False	1.0	0.0
Ġprotected	3589	 protected	1	distilbert/distilgpt2	distilbert/distilgpt2	False	3.63143982440306e-07	21.392955780029297
ĠJohn	3589	 John	2	distilbert/distilgpt2	distilbert/distilgpt2	False	7.02768302289769e-05	13.796591758728027
Ġbecause	3589	 because	3	distilbert/distilgpt2	distilbert/distilgpt2	False	0.0008345970418304205	10.226632118225098
Ġhe	3589	 he	4	distilbert/distilgpt2	distilbert/distilgpt2	False	0.3763852119445801	1.4097181558609009
Mary	3590	Mary	0	distilbert/distilgpt2	distilbert/distilgpt2	False	1.0	0.0
Ġprotected	3590	 protected	1	distilbert/distilgpt2	distilbert/distilgpt2	False	4.647775426747103e-07	21.036956787109375
ĠJohn	3590	 John	2	distilbert/distilgpt2	distilbert/distilgpt2	False	3.4067052183672786e-05	14.841263771057129
Ġbecause	3590	 because	3	distilbert/distilgpt2	distilbert/distilgpt2	False	0.0005499199614860117	10.828490257263184
Ġhe	3590	 he	4	distilbert/distilgpt2	distilbert/distilgpt2	False	0.37063008546829224	1.431948184967041
David	3591	David	0	distilbert/distilgpt2	distilbert/distilgpt2	False	1.0	0.0
Ġprotected	3591	 protected	1	distilbert/distilgpt2	distilbert/distilgpt2	False	3.63143982440306e-07	21.392955780029297
ĠJohn	3591	 John	2	distilbert/distilgpt2	distilbert/distilgpt2	False	7.02768302289769e-05	13.796591758728027
Ġbecause	3591	 because	3	distilbert/distilgpt2	distilbert/distilgpt2	False	0.0008345970418304205	10.226632118225098
Ġhe	3591	 he	4	distilbert/distilgpt2	distilbert/distilgpt2	False	0.3763852119445801	1.4097181558609009
Sarah	3592	Sarah	0	distilbert/distilgpt2	distilbert/distilgpt2	False	1.0	0.0
Ġprotected	3592	 protected	1	distilbert/distilgpt2	distilbert/distilgpt2	False	4.3831357743329136e-07	21.121532440185547
ĠJohn	3592	 John	2	distilbert/distilgpt2	distilbert/distilgpt2	False	4.841146801481955e-05	14.334291458129883
Ġbecause	3592	 because	3	distilbert/distilgpt2	distilbert/distilgpt2	False	0.0008112264331430197	10.267607688903809
Ġhe	3592	 he	4	distilbert/distilgpt2	distilbert/distilgpt2	False	0.3931742310523987	1.34675931930542
Mary	3593	Mary	0	distilbert/distilgpt2	distilbert/distilgpt2	False	1.0	0.0
Ġprotected	3593	 protected	1	distilbert/distilgpt2	distilbert/distilgpt2	False	4.647775426747103e-07	21.036956787109375
ĠSarah	3593	 Sarah	2	distilbert/distilgpt2	distilbert/distilgpt2	False	1.2439307283784728e-05	16.294734954833984
Ġbecause	3593	 because	3	distilbert/distilgpt2	distilbert/distilgpt2	False	0.001039070077240467	9.910490989685059
Ġshe	3593	 she	4	distilbert/distilgpt2	distilbert/distilgpt2	False	0.4272609353065491	1.2268106937408447
John	3594	John	0	distilbert/distilgpt2	distilbert/distilgpt2	False	1.0	0.0
Ġprotected	3594	 protected	1	distilbert/distilgpt2	distilbert/distilgpt2	False	3.8801002233412873e-07	21.29740333557129
ĠSarah	3594	 Sarah	2	distilbert/distilgpt2	distilbert/distilgpt2	False	1.3853368727723137e-05	16.139404296875
Ġbecause	3594	 because	3	distilbert/distilgpt2	distilbert/distilgpt2	False	0.0007928395643830299	10.30068302154541
Ġshe	3594	 she	4	distilbert/distilgpt2	distilbert/distilgpt2	False	0.4349868595600128	1.2009563446044922
Mary	3595	Mary	0	distilbert/distilgpt2	distilbert/distilgpt2	False	1.0	0.0
Ġprotected	3595	 protected	1	distilbert/distilgpt2	distilbert/distilgpt2	False	4.647775426747103e-07	21.036956787109375
ĠSarah	3595	 Sarah	2	distilbert/distilgpt2	distilbert/distilgpt2	False	1.2439307283784728e-05	16.294734954833984
Ġbecause	3595	 because	3	distilbert/distilgpt2	distilbert/distilgpt2	False	0.001039070077240467	9.910490989685059
Ġshe	3595	 she	4	distilbert/distilgpt2	distilbert/distilgpt2	False	0.4272609353065491	1.2268106937408447
David	3596	David	0	distilbert/distilgpt2	distilbert/distilgpt2	False	1.0	0.0
Ġprotected	3596	 protected	1	distilbert/distilgpt2	distilbert/distilgpt2	False	3.63143982440306e-07	21.392955780029297
ĠSarah	3596	 Sarah	2	distilbert/distilgpt2	distilbert/distilgpt2	False	2.2078016627347097e-05	15.467029571533203
Ġbecause	3596	 because	3	distilbert/distilgpt2	distilbert/distilgpt2	False	0.0007639066898263991	10.354315757751465
Ġshe	3596	 she	4	distilbert/distilgpt2	distilbert/distilgpt2	False	0.4303509294986725	1.2164145708084106
Sarah	3597	Sarah	0	distilbert/distilgpt2	distilbert/distilgpt2	False	1.0	0.0
Ġprotected	3597	 protected	1	distilbert/distilgpt2	distilbert/distilgpt2	False	4.3831357743329136e-07	21.121532440185547
ĠMary	3597	 Mary	2	distilbert/distilgpt2	distilbert/distilgpt2	False	2.42286787397461e-05	15.332924842834473
Ġbecause	3597	 because	3	distilbert/distilgpt2	distilbert/distilgpt2	False	0.00040062758489511907	11.28545093536377
Ġshe	3597	 she	4	distilbert/distilgpt2	distilbert/distilgpt2	False	0.38613542914390564	1.3728212118148804
John	3598	John	0	distilbert/distilgpt2	distilbert/distilgpt2	False	1.0	0.0
Ġprotected	3598	 protected	1	distilbert/distilgpt2	distilbert/distilgpt2	False	3.8801002233412873e-07	21.29740333557129
ĠMary	3598	 Mary	2	distilbert/distilgpt2	distilbert/distilgpt2	False	1.572327528265305e-05	15.956738471984863
Ġbecause	3598	 because	3	distilbert/distilgpt2	distilbert/distilgpt2	False	0.0005227915244176984	10.901476860046387
Ġshe	3598	 she	4	distilbert/distilgpt2	distilbert/distilgpt2	False	0.3961103558540344	1.3360257148742676
Sarah	3599	Sarah	0	distilbert/distilgpt2	distilbert/distilgpt2	False	1.0	0.0
Ġprotected	3599	 protected	1	distilbert/distilgpt2	distilbert/distilgpt2	False	4.3831357743329136e-07	21.121532440185547
ĠMary	3599	 Mary	2	distilbert/distilgpt2	distilbert/distilgpt2	False	2.42286787397461e-05	15.332924842834473
Ġbecause	3599	 because	3	distilbert/distilgpt2	distilbert/distilgpt2	False	0.00040062758489511907	11.28545093536377
Ġshe	3599	 she	4	distilbert/distilgpt2	distilbert/distilgpt2	False	0.38613542914390564	1.3728212118148804
David	3600	David	0	distilbert/distilgpt2	distilbert/distilgpt2	False	1.0	0.0
Ġprotected	3600	 protected	1	distilbert/distilgpt2	distilbert/distilgpt2	False	3.63143982440306e-07	21.392955780029297
ĠMary	3600	 Mary	2	distilbert/distilgpt2	distilbert/distilgpt2	False	2.386437881796155e-05	15.354782104492188
Ġbecause	3600	 because	3	distilbert/distilgpt2	distilbert/distilgpt2	False	0.000423137767938897	11.206584930419922
Ġshe	3600	 she	4	distilbert/distilgpt2	distilbert/distilgpt2	False	0.3888011574745178	1.3628956079483032
John	3601	John	0	distilbert/distilgpt2	distilbert/distilgpt2	False	1.0	0.0
Ġprovoked	3601	 provoked	1	distilbert/distilgpt2	distilbert/distilgpt2	False	8.881451130093865e-09	26.746557235717773
ĠDavid	3601	 David	2	distilbert/distilgpt2	distilbert/distilgpt2	False	9.954156121239066e-05	13.294341087341309
Ġbecause	3601	 because	3	distilbert/distilgpt2	distilbert/distilgpt2	False	4.683853330789134e-05	14.38194465637207
Ġhe	3601	 he	4	distilbert/distilgpt2	distilbert/distilgpt2	False	0.3848729431629181	1.3775458335876465
Mary	3602	Mary	0	distilbert/distilgpt2	distilbert/distilgpt2	False	1.0	0.0
Ġprovoked	3602	 provoked	1	distilbert/distilgpt2	distilbert/distilgpt2	False	9.905764208895107e-09	26.58908462524414
ĠDavid	3602	 David	2	distilbert/distilgpt2	distilbert/distilgpt2	False	8.827055717119947e-05	13.467708587646484
Ġbecause	3602	 because	3	distilbert/distilgpt2	distilbert/distilgpt2	False	0.00010884553921641782	13.165430068969727
Ġhe	3602	 he	4	distilbert/distilgpt2	distilbert/distilgpt2	False	0.3849707543849945	1.3771792650222778
John	3603	John	0	distilbert/distilgpt2	distilbert/distilgpt2	False	1.0	0.0
Ġprovoked	3603	 provoked	1	distilbert/distilgpt2	distilbert/distilgpt2	False	8.881451130093865e-09	26.746557235717773
ĠDavid	3603	 David	2	distilbert/distilgpt2	distilbert/distilgpt2	False	9.954156121239066e-05	13.294341087341309
Ġbecause	3603	 because	3	distilbert/distilgpt2	distilbert/distilgpt2	False	4.683853330789134e-05	14.38194465637207
Ġhe	3603	 he	4	distilbert/distilgpt2	distilbert/distilgpt2	False	0.3848729431629181	1.3775458335876465
Sarah	3604	Sarah	0	distilbert/distilgpt2	distilbert/distilgpt2	False	1.0	0.0
Ġprovoked	3604	 provoked	1	distilbert/distilgpt2	distilbert/distilgpt2	False	1.0413198303638183e-08	26.517011642456055
ĠDavid	3604	 David	2	distilbert/distilgpt2	distilbert/distilgpt2	False	7.716000982327387e-05	13.661787033081055
Ġbecause	3604	 because	3	distilbert/distilgpt2	distilbert/distilgpt2	False	3.308886516606435e-05	14.883295059204102
Ġhe	3604	 he	4	distilbert/distilgpt2	distilbert/distilgpt2	False	0.37986594438552856	1.3964377641677856
David	3605	David	0	distilbert/distilgpt2	distilbert/distilgpt2	False	1.0	0.0
Ġprovoked	3605	 provoked	1	distilbert/distilgpt2	distilbert/distilgpt2	False	1.0343224055020528e-08	26.5267391204834
ĠJohn	3605	 John	2	distilbert/distilgpt2	distilbert/distilgpt2	False	0.0001448732946300879	12.752921104431152
Ġbecause	3605	 because	3	distilbert/distilgpt2	distilbert/distilgpt2	False	8.411749149672687e-05	13.53723430633545
Ġhe	3605	 he	4	distilbert/distilgpt2	distilbert/distilgpt2	False	0.3709045946598053	1.4308799505233765
Mary	3606	Mary	0	distilbert/distilgpt2	distilbert/distilgpt2	False	1.0	0.0
Ġprovoked	3606	 provoked	1	distilbert/distilgpt2	distilbert/distilgpt2	False	9.905764208895107e-09	26.58908462524414
ĠJohn	3606	 John	2	distilbert/distilgpt2	distilbert/distilgpt2	False	0.00017165974713861942	12.508160591125488
Ġbecause	3606	 because	3	distilbert/distilgpt2	distilbert/distilgpt2	False	0.00027189558022655547	11.844659805297852
Ġhe	3606	 he	4	distilbert/distilgpt2	distilbert/distilgpt2	False	0.39914605021476746	1.3250113725662231
David	3607	David	0	distilbert/distilgpt2	distilbert/distilgpt2	False	1.0	0.0
Ġprovoked	3607	 provoked	1	distilbert/distilgpt2	distilbert/distilgpt2	False	1.0343224055020528e-08	26.5267391204834
ĠJohn	3607	 John	2	distilbert/distilgpt2	distilbert/distilgpt2	False	0.0001448732946300879	12.752921104431152
Ġbecause	3607	 because	3	distilbert/distilgpt2	distilbert/distilgpt2	False	8.411749149672687e-05	13.53723430633545
Ġhe	3607	 he	4	distilbert/distilgpt2	distilbert/distilgpt2	False	0.3709045946598053	1.4308799505233765
Sarah	3608	Sarah	0	distilbert/distilgpt2	distilbert/distilgpt2	False	1.0	0.0
Ġprovoked	3608	 provoked	1	distilbert/distilgpt2	distilbert/distilgpt2	False	1.0413198303638183e-08	26.517011642456055
ĠJohn	3608	 John	2	distilbert/distilgpt2	distilbert/distilgpt2	False	0.00014183021266944706	12.783547401428223
Ġbecause	3608	 because	3	distilbert/distilgpt2	distilbert/distilgpt2	False	0.00019746595353353769	12.306108474731445
Ġhe	3608	 he	4	distilbert/distilgpt2	distilbert/distilgpt2	False	0.3752654790878296	1.414016604423523
Mary	3609	Mary	0	distilbert/distilgpt2	distilbert/distilgpt2	False	1.0	0.0
Ġprovoked	3609	 provoked	1	distilbert/distilgpt2	distilbert/distilgpt2	False	9.905764208895107e-09	26.58908462524414
ĠSarah	3609	 Sarah	2	distilbert/distilgpt2	distilbert/distilgpt2	False	2.81385855487315e-05	15.117090225219727
Ġbecause	3609	 because	3	distilbert/distilgpt2	distilbert/distilgpt2	False	0.0004482325748540461	11.123464584350586
Ġshe	3609	 she	4	distilbert/distilgpt2	distilbert/distilgpt2	False	0.46255606412887573	1.112299919128418
John	3610	John	0	distilbert/distilgpt2	distilbert/distilgpt2	False	1.0	0.0
Ġprovoked	3610	 provoked	1	distilbert/distilgpt2	distilbert/distilgpt2	False	8.881451130093865e-09	26.746557235717773
ĠSarah	3610	 Sarah	2	distilbert/distilgpt2	distilbert/distilgpt2	False	2.4469012714689597e-05	15.318684577941895
Ġbecause	3610	 because	3	distilbert/distilgpt2	distilbert/distilgpt2	False	0.00010468022082932293	13.221723556518555
Ġshe	3610	 she	4	distilbert/distilgpt2	distilbert/distilgpt2	False	0.4462839961051941	1.1639660596847534
Mary	3611	Mary	0	distilbert/distilgpt2	distilbert/distilgpt2	False	1.0	0.0
Ġprovoked	3611	 provoked	1	distilbert/distilgpt2	distilbert/distilgpt2	False	9.905764208895107e-09	26.58908462524414
ĠSarah	3611	 Sarah	2	distilbert/distilgpt2	distilbert/distilgpt2	False	2.81385855487315e-05	15.117090225219727
Ġbecause	3611	 because	3	distilbert/distilgpt2	distilbert/distilgpt2	False	0.0004482325748540461	11.123464584350586
Ġshe	3611	 she	4	distilbert/distilgpt2	distilbert/distilgpt2	False	0.46255606412887573	1.112299919128418
David	3612	David	0	distilbert/distilgpt2	distilbert/distilgpt2	False	1.0	0.0
Ġprovoked	3612	 provoked	1	distilbert/distilgpt2	distilbert/distilgpt2	False	1.0343224055020528e-08	26.5267391204834
ĠSarah	3612	 Sarah	2	distilbert/distilgpt2	distilbert/distilgpt2	False	1.650589365453925e-05	15.886659622192383
Ġbecause	3612	 because	3	distilbert/distilgpt2	distilbert/distilgpt2	False	5.482767301145941e-05	14.154736518859863
Ġshe	3612	 she	4	distilbert/distilgpt2	distilbert/distilgpt2	False	0.43026161193847656	1.2167140245437622
Sarah	3613	Sarah	0	distilbert/distilgpt2	distilbert/distilgpt2	False	1.0	0.0
Ġprovoked	3613	 provoked	1	distilbert/distilgpt2	distilbert/distilgpt2	False	1.0413198303638183e-08	26.517011642456055
ĠMary	3613	 Mary	2	distilbert/distilgpt2	distilbert/distilgpt2	False	2.4024819140322506e-05	15.345114707946777
Ġbecause	3613	 because	3	distilbert/distilgpt2	distilbert/distilgpt2	False	0.0002193768013967201	12.154301643371582
Ġshe	3613	 she	4	distilbert/distilgpt2	distilbert/distilgpt2	False	0.3845735192298889	1.3786686658859253
John	3614	John	0	distilbert/distilgpt2	distilbert/distilgpt2	False	1.0	0.0
Ġprovoked	3614	 provoked	1	distilbert/distilgpt2	distilbert/distilgpt2	False	8.881451130093865e-09	26.746557235717773
ĠMary	3614	 Mary	2	distilbert/distilgpt2	distilbert/distilgpt2	False	2.227283221145626e-05	15.454355239868164
Ġbecause	3614	 because	3	distilbert/distilgpt2	distilbert/distilgpt2	False	0.00033549111685715616	11.541438102722168
Ġshe	3614	 she	4	distilbert/distilgpt2	distilbert/distilgpt2	False	0.40476229786872864	1.3048532009124756
Sarah	3615	Sarah	0	distilbert/distilgpt2	distilbert/distilgpt2	False	1.0	0.0
Ġprovoked	3615	 provoked	1	distilbert/distilgpt2	distilbert/distilgpt2	False	1.0413198303638183e-08	26.517011642456055
ĠMary	3615	 Mary	2	distilbert/distilgpt2	distilbert/distilgpt2	False	2.4024819140322506e-05	15.345114707946777
Ġbecause	3615	 because	3	distilbert/distilgpt2	distilbert/distilgpt2	False	0.0002193768013967201	12.154301643371582
Ġshe	3615	 she	4	distilbert/distilgpt2	distilbert/distilgpt2	False	0.3845735192298889	1.3786686658859253
David	3616	David	0	distilbert/distilgpt2	distilbert/distilgpt2	False	1.0	0.0
Ġprovoked	3616	 provoked	1	distilbert/distilgpt2	distilbert/distilgpt2	False	1.0343224055020528e-08	26.5267391204834
ĠMary	3616	 Mary	2	distilbert/distilgpt2	distilbert/distilgpt2	False	1.4461646060226485e-05	16.077407836914062
Ġbecause	3616	 because	3	distilbert/distilgpt2	distilbert/distilgpt2	False	0.00016185922140721232	12.592972755432129
Ġshe	3616	 she	4	distilbert/distilgpt2	distilbert/distilgpt2	False	0.38372802734375	1.3818440437316895
John	3617	John	0	distilbert/distilgpt2	distilbert/distilgpt2	False	1.0	0.0
Ġpunished	3617	 punished	1	distilbert/distilgpt2	distilbert/distilgpt2	False	3.626745126439346e-08	24.71674919128418
ĠDavid	3617	 David	2	distilbert/distilgpt2	distilbert/distilgpt2	False	0.00010802599717862904	13.1763334274292
Ġbecause	3617	 because	3	distilbert/distilgpt2	distilbert/distilgpt2	False	0.0010041336063295603	9.959833145141602
Ġhe	3617	 he	4	distilbert/distilgpt2	distilbert/distilgpt2	False	0.4443371593952179	1.1702733039855957
Mary	3618	Mary	0	distilbert/distilgpt2	distilbert/distilgpt2	False	1.0	0.0
Ġpunished	3618	 punished	1	distilbert/distilgpt2	distilbert/distilgpt2	False	4.6396245068081043e-08	24.36141586303711
ĠDavid	3618	 David	2	distilbert/distilgpt2	distilbert/distilgpt2	False	4.609227835317142e-05	14.405115127563477
Ġbecause	3618	 because	3	distilbert/distilgpt2	distilbert/distilgpt2	False	0.0014671366661787033	9.41278076171875
Ġhe	3618	 he	4	distilbert/distilgpt2	distilbert/distilgpt2	False	0.4351641833782196	1.2003682851791382
John	3619	John	0	distilbert/distilgpt2	distilbert/distilgpt2	False	1.0	0.0
Ġpunished	3619	 punished	1	distilbert/distilgpt2	distilbert/distilgpt2	False	3.626745126439346e-08	24.71674919128418
ĠDavid	3619	 David	2	distilbert/distilgpt2	distilbert/distilgpt2	False	0.00010802599717862904	13.1763334274292
Ġbecause	3619	 because	3	distilbert/distilgpt2	distilbert/distilgpt2	False	0.0010041336063295603	9.959833145141602
Ġhe	3619	 he	4	distilbert/distilgpt2	distilbert/distilgpt2	False	0.4443371593952179	1.1702733039855957
Sarah	3620	Sarah	0	distilbert/distilgpt2	distilbert/distilgpt2	False	1.0	0.0
Ġpunished	3620	 punished	1	distilbert/distilgpt2	distilbert/distilgpt2	False	3.860922248577481e-08	24.62647819519043
ĠDavid	3620	 David	2	distilbert/distilgpt2	distilbert/distilgpt2	False	0.00012735032942146063	12.938909530639648
Ġbecause	3620	 because	3	distilbert/distilgpt2	distilbert/distilgpt2	False	0.0009758875239640474	10.000997543334961
Ġhe	3620	 he	4	distilbert/distilgpt2	distilbert/distilgpt2	False	0.45355772972106934	1.1406419277191162
David	3621	David	0	distilbert/distilgpt2	distilbert/distilgpt2	False	1.0	0.0
Ġpunished	3621	 punished	1	distilbert/distilgpt2	distilbert/distilgpt2	False	4.328690295096749e-08	24.46149444580078
ĠJohn	3621	 John	2	distilbert/distilgpt2	distilbert/distilgpt2	False	0.000521270849276334	10.905678749084473
Ġbecause	3621	 because	3	distilbert/distilgpt2	distilbert/distilgpt2	False	0.0017560715787112713	9.153432846069336
Ġhe	3621	 he	4	distilbert/distilgpt2	distilbert/distilgpt2	False	0.43964603543281555	1.185585618019104
Mary	3622	Mary	0	distilbert/distilgpt2	distilbert/distilgpt2	False	1.0	0.0
Ġpunished	3622	 punished	1	distilbert/distilgpt2	distilbert/distilgpt2	False	4.6396245068081043e-08	24.36141586303711
ĠJohn	3622	 John	2	distilbert/distilgpt2	distilbert/distilgpt2	False	0.00020820967620238662	12.22967529296875
Ġbecause	3622	 because	3	distilbert/distilgpt2	distilbert/distilgpt2	False	0.0021147329825907946	8.885309219360352
Ġhe	3622	 he	4	distilbert/distilgpt2	distilbert/distilgpt2	False	0.4551236927509308	1.135669469833374
David	3623	David	0	distilbert/distilgpt2	distilbert/distilgpt2	False	1.0	0.0
Ġpunished	3623	 punished	1	distilbert/distilgpt2	distilbert/distilgpt2	False	4.328690295096749e-08	24.46149444580078
ĠJohn	3623	 John	2	distilbert/distilgpt2	distilbert/distilgpt2	False	0.000521270849276334	10.905678749084473
Ġbecause	3623	 because	3	distilbert/distilgpt2	distilbert/distilgpt2	False	0.0017560715787112713	9.153432846069336
Ġhe	3623	 he	4	distilbert/distilgpt2	distilbert/distilgpt2	False	0.43964603543281555	1.185585618019104
Sarah	3624	Sarah	0	distilbert/distilgpt2	distilbert/distilgpt2	False	1.0	0.0
Ġpunished	3624	 punished	1	distilbert/distilgpt2	distilbert/distilgpt2	False	3.860922248577481e-08	24.62647819519043
ĠJohn	3624	 John	2	distilbert/distilgpt2	distilbert/distilgpt2	False	0.0004438658070284873	11.137588500976562
Ġbecause	3624	 because	3	distilbert/distilgpt2	distilbert/distilgpt2	False	0.0034496213775128126	8.179346084594727
Ġhe	3624	 he	4	distilbert/distilgpt2	distilbert/distilgpt2	False	0.446670264005661	1.1627179384231567
Mary	3625	Mary	0	distilbert/distilgpt2	distilbert/distilgpt2	False	1.0	0.0
Ġpunished	3625	 punished	1	distilbert/distilgpt2	distilbert/distilgpt2	False	4.6396245068081043e-08	24.36141586303711
ĠSarah	3625	 Sarah	2	distilbert/distilgpt2	distilbert/distilgpt2	False	4.106199412490241e-05	14.571836471557617
Ġbecause	3625	 because	3	distilbert/distilgpt2	distilbert/distilgpt2	False	0.004164811223745346	7.907533168792725
Ġshe	3625	 she	4	distilbert/distilgpt2	distilbert/distilgpt2	False	0.4937819242477417	1.0180540084838867
John	3626	John	0	distilbert/distilgpt2	distilbert/distilgpt2	False	1.0	0.0
Ġpunished	3626	 punished	1	distilbert/distilgpt2	distilbert/distilgpt2	False	3.626745126439346e-08	24.71674919128418
ĠSarah	3626	 Sarah	2	distilbert/distilgpt2	distilbert/distilgpt2	False	6.315587233984843e-05	13.950723648071289
Ġbecause	3626	 because	3	distilbert/distilgpt2	distilbert/distilgpt2	False	0.003326662350445986	8.231708526611328
Ġshe	3626	 she	4	distilbert/distilgpt2	distilbert/distilgpt2	False	0.48647189140319824	1.0395716428756714
Mary	3627	Mary	0	distilbert/distilgpt2	distilbert/distilgpt2	False	1.0	0.0
Ġpunished	3627	 punished	1	distilbert/distilgpt2	distilbert/distilgpt2	False	4.6396245068081043e-08	24.36141586303711
ĠSarah	3627	 Sarah	2	distilbert/distilgpt2	distilbert/distilgpt2	False	4.106199412490241e-05	14.571836471557617
Ġbecause	3627	 because	3	distilbert/distilgpt2	distilbert/distilgpt2	False	0.004164811223745346	7.907533168792725
Ġshe	3627	 she	4	distilbert/distilgpt2	distilbert/distilgpt2	False	0.4937819242477417	1.0180540084838867
David	3628	David	0	distilbert/distilgpt2	distilbert/distilgpt2	False	1.0	0.0
Ġpunished	3628	 punished	1	distilbert/distilgpt2	distilbert/distilgpt2	False	4.328690295096749e-08	24.46149444580078
ĠSarah	3628	 Sarah	2	distilbert/distilgpt2	distilbert/distilgpt2	False	7.044525409583002e-05	13.793137550354004
Ġbecause	3628	 because	3	distilbert/distilgpt2	distilbert/distilgpt2	False	0.0015240836655721068	9.357842445373535
Ġshe	3628	 she	4	distilbert/distilgpt2	distilbert/distilgpt2	False	0.4749789834022522	1.0740644931793213
Sarah	3629	Sarah	0	distilbert/distilgpt2	distilbert/distilgpt2	False	1.0	0.0
Ġpunished	3629	 punished	1	distilbert/distilgpt2	distilbert/distilgpt2	False	3.860922248577481e-08	24.62647819519043
ĠMary	3629	 Mary	2	distilbert/distilgpt2	distilbert/distilgpt2	False	9.839444101089612e-05	13.311063766479492
Ġbecause	3629	 because	3	distilbert/distilgpt2	distilbert/distilgpt2	False	0.004664616659283638	7.744025707244873
Ġshe	3629	 she	4	distilbert/distilgpt2	distilbert/distilgpt2	False	0.4284812808036804	1.2226959466934204
John	3630	John	0	distilbert/distilgpt2	distilbert/distilgpt2	False	1.0	0.0
Ġpunished	3630	 punished	1	distilbert/distilgpt2	distilbert/distilgpt2	False	3.626745126439346e-08	24.71674919128418
ĠMary	3630	 Mary	2	distilbert/distilgpt2	distilbert/distilgpt2	False	7.214663492050022e-05	13.758708000183105
Ġbecause	3630	 because	3	distilbert/distilgpt2	distilbert/distilgpt2	False	0.004988909233361483	7.647059917449951
Ġshe	3630	 she	4	distilbert/distilgpt2	distilbert/distilgpt2	False	0.4532114565372467	1.141743779182434
Sarah	3631	Sarah	0	distilbert/distilgpt2	distilbert/distilgpt2	False	1.0	0.0
Ġpunished	3631	 punished	1	distilbert/distilgpt2	distilbert/distilgpt2	False	3.860922248577481e-08	24.62647819519043
ĠMary	3631	 Mary	2	distilbert/distilgpt2	distilbert/distilgpt2	False	9.839444101089612e-05	13.311063766479492
Ġbecause	3631	 because	3	distilbert/distilgpt2	distilbert/distilgpt2	False	0.004664616659283638	7.744025707244873
Ġshe	3631	 she	4	distilbert/distilgpt2	distilbert/distilgpt2	False	0.4284812808036804	1.2226959466934204
David	3632	David	0	distilbert/distilgpt2	distilbert/distilgpt2	False	1.0	0.0
Ġpunished	3632	 punished	1	distilbert/distilgpt2	distilbert/distilgpt2	False	4.328690295096749e-08	24.46149444580078
ĠMary	3632	 Mary	2	distilbert/distilgpt2	distilbert/distilgpt2	False	6.814778316766024e-05	13.840973854064941
Ġbecause	3632	 because	3	distilbert/distilgpt2	distilbert/distilgpt2	False	0.0023798609618097544	8.714906692504883
Ġshe	3632	 she	4	distilbert/distilgpt2	distilbert/distilgpt2	False	0.4331997036933899	1.2068958282470703
John	3633	John	0	distilbert/distilgpt2	distilbert/distilgpt2	False	1.0	0.0
Ġpursued	3633	 pursued	1	distilbert/distilgpt2	distilbert/distilgpt2	False	2.258917852770992e-08	25.39979362487793
ĠDavid	3633	 David	2	distilbert/distilgpt2	distilbert/distilgpt2	False	7.418841414619237e-05	13.718446731567383
Ġbecause	3633	 because	3	distilbert/distilgpt2	distilbert/distilgpt2	False	0.00043809361523017287	11.156473159790039
Ġhe	3633	 he	4	distilbert/distilgpt2	distilbert/distilgpt2	False	0.48050457239151	1.0573779344558716
Mary	3634	Mary	0	distilbert/distilgpt2	distilbert/distilgpt2	False	1.0	0.0
Ġpursued	3634	 pursued	1	distilbert/distilgpt2	distilbert/distilgpt2	False	3.274423221455436e-08	24.86418342590332
ĠDavid	3634	 David	2	distilbert/distilgpt2	distilbert/distilgpt2	False	5.4481632105307654e-05	14.163870811462402
Ġbecause	3634	 because	3	distilbert/distilgpt2	distilbert/distilgpt2	False	0.0006143251666799188	10.668709754943848
Ġhe	3634	 he	4	distilbert/distilgpt2	distilbert/distilgpt2	False	0.464970201253891	1.1047898530960083
John	3635	John	0	distilbert/distilgpt2	distilbert/distilgpt2	False	1.0	0.0
Ġpursued	3635	 pursued	1	distilbert/distilgpt2	distilbert/distilgpt2	False	2.258917852770992e-08	25.39979362487793
ĠDavid	3635	 David	2	distilbert/distilgpt2	distilbert/distilgpt2	False	7.418841414619237e-05	13.718446731567383
Ġbecause	3635	 because	3	distilbert/distilgpt2	distilbert/distilgpt2	False	0.00043809361523017287	11.156473159790039
Ġhe	3635	 he	4	distilbert/distilgpt2	distilbert/distilgpt2	False	0.48050457239151	1.0573779344558716
Sarah	3636	Sarah	0	distilbert/distilgpt2	distilbert/distilgpt2	False	1.0	0.0
Ġpursued	3636	 pursued	1	distilbert/distilgpt2	distilbert/distilgpt2	False	2.6116138585052795e-08	25.19048309326172
ĠDavid	3636	 David	2	distilbert/distilgpt2	distilbert/distilgpt2	False	8.26733885332942e-05	13.562217712402344
Ġbecause	3636	 because	3	distilbert/distilgpt2	distilbert/distilgpt2	False	0.0006570041296072304	10.571809768676758
Ġhe	3636	 he	4	distilbert/distilgpt2	distilbert/distilgpt2	False	0.48559024930000305	1.0421886444091797
David	3637	David	0	distilbert/distilgpt2	distilbert/distilgpt2	False	1.0	0.0
Ġpursued	3637	 pursued	1	distilbert/distilgpt2	distilbert/distilgpt2	False	3.005141024914337e-08	24.987991333007812
ĠJohn	3637	 John	2	distilbert/distilgpt2	distilbert/distilgpt2	False	7.946498226374388e-05	13.6193208694458
Ġbecause	3637	 because	3	distilbert/distilgpt2	distilbert/distilgpt2	False	0.0005895548383705318	10.728086471557617
Ġhe	3637	 he	4	distilbert/distilgpt2	distilbert/distilgpt2	False	0.4687514305114746	1.0931050777435303
Mary	3638	Mary	0	distilbert/distilgpt2	distilbert/distilgpt2	False	1.0	0.0
Ġpursued	3638	 pursued	1	distilbert/distilgpt2	distilbert/distilgpt2	False	3.274423221455436e-08	24.86418342590332
ĠJohn	3638	 John	2	distilbert/distilgpt2	distilbert/distilgpt2	False	0.00010939708590740338	13.158138275146484
Ġbecause	3638	 because	3	distilbert/distilgpt2	distilbert/distilgpt2	False	0.0014302394120022655	9.449527740478516
Ġhe	3638	 he	4	distilbert/distilgpt2	distilbert/distilgpt2	False	0.4941249191761017	1.0170522928237915
David	3639	David	0	distilbert/distilgpt2	distilbert/distilgpt2	False	1.0	0.0
Ġpursued	3639	 pursued	1	distilbert/distilgpt2	distilbert/distilgpt2	False	3.005141024914337e-08	24.987991333007812
ĠJohn	3639	 John	2	distilbert/distilgpt2	distilbert/distilgpt2	False	7.946498226374388e-05	13.6193208694458
Ġbecause	3639	 because	3	distilbert/distilgpt2	distilbert/distilgpt2	False	0.0005895548383705318	10.728086471557617
Ġhe	3639	 he	4	distilbert/distilgpt2	distilbert/distilgpt2	False	0.4687514305114746	1.0931050777435303
Sarah	3640	Sarah	0	distilbert/distilgpt2	distilbert/distilgpt2	False	1.0	0.0
Ġpursued	3640	 pursued	1	distilbert/distilgpt2	distilbert/distilgpt2	False	2.6116138585052795e-08	25.19048309326172
ĠJohn	3640	 John	2	distilbert/distilgpt2	distilbert/distilgpt2	False	0.00012277578935027122	12.991686820983887
Ġbecause	3640	 because	3	distilbert/distilgpt2	distilbert/distilgpt2	False	0.0020667461212724447	8.91842269897461
Ġhe	3640	 he	4	distilbert/distilgpt2	distilbert/distilgpt2	False	0.4884105622768402	1.0338337421417236
Mary	3641	Mary	0	distilbert/distilgpt2	distilbert/distilgpt2	False	1.0	0.0
Ġpursued	3641	 pursued	1	distilbert/distilgpt2	distilbert/distilgpt2	False	3.274423221455436e-08	24.86418342590332
ĠSarah	3641	 Sarah	2	distilbert/distilgpt2	distilbert/distilgpt2	False	2.4710341676836833e-05	15.304525375366211
Ġbecause	3641	 because	3	distilbert/distilgpt2	distilbert/distilgpt2	False	0.002736714668571949	8.513339042663574
Ġshe	3641	 she	4	distilbert/distilgpt2	distilbert/distilgpt2	False	0.5274280309677124	0.9229539036750793
John	3642	John	0	distilbert/distilgpt2	distilbert/distilgpt2	False	1.0	0.0
Ġpursued	3642	 pursued	1	distilbert/distilgpt2	distilbert/distilgpt2	False	2.258917852770992e-08	25.39979362487793
ĠSarah	3642	 Sarah	2	distilbert/distilgpt2	distilbert/distilgpt2	False	2.530187884985935e-05	15.27039623260498
Ġbecause	3642	 because	3	distilbert/distilgpt2	distilbert/distilgpt2	False	0.001809860346838832	9.109906196594238
Ġshe	3642	 she	4	distilbert/distilgpt2	distilbert/distilgpt2	False	0.5068709254264832	0.9803097248077393
Mary	3643	Mary	0	distilbert/distilgpt2	distilbert/distilgpt2	False	1.0	0.0
Ġpursued	3643	 pursued	1	distilbert/distilgpt2	distilbert/distilgpt2	False	3.274423221455436e-08	24.86418342590332
ĠSarah	3643	 Sarah	2	distilbert/distilgpt2	distilbert/distilgpt2	False	2.4710341676836833e-05	15.304525375366211
Ġbecause	3643	 because	3	distilbert/distilgpt2	distilbert/distilgpt2	False	0.002736714668571949	8.513339042663574
Ġshe	3643	 she	4	distilbert/distilgpt2	distilbert/distilgpt2	False	0.5274280309677124	0.9229539036750793
David	3644	David	0	distilbert/distilgpt2	distilbert/distilgpt2	False	1.0	0.0
Ġpursued	3644	 pursued	1	distilbert/distilgpt2	distilbert/distilgpt2	False	3.005141024914337e-08	24.987991333007812
ĠSarah	3644	 Sarah	2	distilbert/distilgpt2	distilbert/distilgpt2	False	1.7432716049370356e-05	15.807843208312988
Ġbecause	3644	 because	3	distilbert/distilgpt2	distilbert/distilgpt2	False	0.000649474561214447	10.588438987731934
Ġshe	3644	 she	4	distilbert/distilgpt2	distilbert/distilgpt2	False	0.5069034099578857	0.9802171587944031
Sarah	3645	Sarah	0	distilbert/distilgpt2	distilbert/distilgpt2	False	1.0	0.0
Ġpursued	3645	 pursued	1	distilbert/distilgpt2	distilbert/distilgpt2	False	2.6116138585052795e-08	25.19048309326172
ĠMary	3645	 Mary	2	distilbert/distilgpt2	distilbert/distilgpt2	False	0.00012282637180760503	12.99109172821045
Ġbecause	3645	 because	3	distilbert/distilgpt2	distilbert/distilgpt2	False	0.0014301331248134375	9.449634552001953
Ġshe	3645	 she	4	distilbert/distilgpt2	distilbert/distilgpt2	False	0.4859945476055145	1.0409879684448242
John	3646	John	0	distilbert/distilgpt2	distilbert/distilgpt2	False	1.0	0.0
Ġpursued	3646	 pursued	1	distilbert/distilgpt2	distilbert/distilgpt2	False	2.258917852770992e-08	25.39979362487793
ĠMary	3646	 Mary	2	distilbert/distilgpt2	distilbert/distilgpt2	False	8.967283793026581e-05	13.444969177246094
Ġbecause	3646	 because	3	distilbert/distilgpt2	distilbert/distilgpt2	False	0.001674113911576569	9.222386360168457
Ġshe	3646	 she	4	distilbert/distilgpt2	distilbert/distilgpt2	False	0.46850061416625977	1.0938771963119507
Sarah	3647	Sarah	0	distilbert/distilgpt2	distilbert/distilgpt2	False	1.0	0.0
Ġpursued	3647	 pursued	1	distilbert/distilgpt2	distilbert/distilgpt2	False	2.6116138585052795e-08	25.19048309326172
ĠMary	3647	 Mary	2	distilbert/distilgpt2	distilbert/distilgpt2	False	0.00012282637180760503	12.99109172821045
Ġbecause	3647	 because	3	distilbert/distilgpt2	distilbert/distilgpt2	False	0.0014301331248134375	9.449634552001953
Ġshe	3647	 she	4	distilbert/distilgpt2	distilbert/distilgpt2	False	0.4859945476055145	1.0409879684448242
David	3648	David	0	distilbert/distilgpt2	distilbert/distilgpt2	False	1.0	0.0
Ġpursued	3648	 pursued	1	distilbert/distilgpt2	distilbert/distilgpt2	False	3.005141024914337e-08	24.987991333007812
ĠMary	3648	 Mary	2	distilbert/distilgpt2	distilbert/distilgpt2	False	5.211957613937557e-05	14.227814674377441
Ġbecause	3648	 because	3	distilbert/distilgpt2	distilbert/distilgpt2	False	0.0005394906038418412	10.856114387512207
Ġshe	3648	 she	4	distilbert/distilgpt2	distilbert/distilgpt2	False	0.46987590193748474	1.0896483659744263
John	3649	John	0	distilbert/distilgpt2	distilbert/distilgpt2	False	1.0	0.0
Ġquestioned	3649	 questioned	1	distilbert/distilgpt2	distilbert/distilgpt2	False	2.8647852445828903e-07	21.735069274902344
ĠDavid	3649	 David	2	distilbert/distilgpt2	distilbert/distilgpt2	False	0.000990685191936791	9.979286193847656
Ġbecause	3649	 because	3	distilbert/distilgpt2	distilbert/distilgpt2	False	0.00022951693972572684	12.089111328125
Ġhe	3649	 he	4	distilbert/distilgpt2	distilbert/distilgpt2	False	0.4335234761238098	1.2058180570602417
Mary	3650	Mary	0	distilbert/distilgpt2	distilbert/distilgpt2	False	1.0	0.0
Ġquestioned	3650	 questioned	1	distilbert/distilgpt2	distilbert/distilgpt2	False	3.1917593901198416e-07	21.579145431518555
ĠDavid	3650	 David	2	distilbert/distilgpt2	distilbert/distilgpt2	False	0.0007979826186783612	10.29135513305664
Ġbecause	3650	 because	3	distilbert/distilgpt2	distilbert/distilgpt2	False	0.0004661156563088298	11.067024230957031
Ġhe	3650	 he	4	distilbert/distilgpt2	distilbert/distilgpt2	False	0.45801836252212524	1.1265226602554321
John	3651	John	0	distilbert/distilgpt2	distilbert/distilgpt2	False	1.0	0.0
Ġquestioned	3651	 questioned	1	distilbert/distilgpt2	distilbert/distilgpt2	False	2.8647852445828903e-07	21.735069274902344
ĠDavid	3651	 David	2	distilbert/distilgpt2	distilbert/distilgpt2	False	0.000990685191936791	9.979286193847656
Ġbecause	3651	 because	3	distilbert/distilgpt2	distilbert/distilgpt2	False	0.00022951693972572684	12.089111328125
Ġhe	3651	 he	4	distilbert/distilgpt2	distilbert/distilgpt2	False	0.4335234761238098	1.2058180570602417
Sarah	3652	Sarah	0	distilbert/distilgpt2	distilbert/distilgpt2	False	1.0	0.0
Ġquestioned	3652	 questioned	1	distilbert/distilgpt2	distilbert/distilgpt2	False	3.2664405580362654e-07	21.5457763671875
ĠDavid	3652	 David	2	distilbert/distilgpt2	distilbert/distilgpt2	False	0.0014082201523706317	9.471911430358887
Ġbecause	3652	 because	3	distilbert/distilgpt2	distilbert/distilgpt2	False	0.00021080988517496735	12.211770057678223
Ġhe	3652	 he	4	distilbert/distilgpt2	distilbert/distilgpt2	False	0.43744874000549316	1.1928141117095947
David	3653	David	0	distilbert/distilgpt2	distilbert/distilgpt2	False	1.0	0.0
Ġquestioned	3653	 questioned	1	distilbert/distilgpt2	distilbert/distilgpt2	False	3.3167719948323793e-07	21.52371597290039
ĠJohn	3653	 John	2	distilbert/distilgpt2	distilbert/distilgpt2	False	0.0009547240333631635	10.032629013061523
Ġbecause	3653	 because	3	distilbert/distilgpt2	distilbert/distilgpt2	False	0.00035258723073638976	11.469732284545898
Ġhe	3653	 he	4	distilbert/distilgpt2	distilbert/distilgpt2	False	0.42835405468940735	1.223124384880066
Mary	3654	Mary	0	distilbert/distilgpt2	distilbert/distilgpt2	False	1.0	0.0
Ġquestioned	3654	 questioned	1	distilbert/distilgpt2	distilbert/distilgpt2	False	3.1917593901198416e-07	21.579145431518555
ĠJohn	3654	 John	2	distilbert/distilgpt2	distilbert/distilgpt2	False	0.0011452395701780915	9.770134925842285
Ġbecause	3654	 because	3	distilbert/distilgpt2	distilbert/distilgpt2	False	0.0009822770953178406	9.991582870483398
Ġhe	3654	 he	4	distilbert/distilgpt2	distilbert/distilgpt2	False	0.4748406708240509	1.0744845867156982
David	3655	David	0	distilbert/distilgpt2	distilbert/distilgpt2	False	1.0	0.0
Ġquestioned	3655	 questioned	1	distilbert/distilgpt2	distilbert/distilgpt2	False	3.3167719948323793e-07	21.52371597290039
ĠJohn	3655	 John	2	distilbert/distilgpt2	distilbert/distilgpt2	False	0.0009547240333631635	10.032629013061523
Ġbecause	3655	 because	3	distilbert/distilgpt2	distilbert/distilgpt2	False	0.00035258723073638976	11.469732284545898
Ġhe	3655	 he	4	distilbert/distilgpt2	distilbert/distilgpt2	False	0.42835405468940735	1.223124384880066
Sarah	3656	Sarah	0	distilbert/distilgpt2	distilbert/distilgpt2	False	1.0	0.0
Ġquestioned	3656	 questioned	1	distilbert/distilgpt2	distilbert/distilgpt2	False	3.2664405580362654e-07	21.5457763671875
ĠJohn	3656	 John	2	distilbert/distilgpt2	distilbert/distilgpt2	False	0.0016912409337237477	9.207701683044434
Ġbecause	3656	 because	3	distilbert/distilgpt2	distilbert/distilgpt2	False	0.0007683603325858712	10.345929145812988
Ġhe	3656	 he	4	distilbert/distilgpt2	distilbert/distilgpt2	False	0.4351838529109955	1.200303077697754
Mary	3657	Mary	0	distilbert/distilgpt2	distilbert/distilgpt2	False	1.0	0.0
Ġquestioned	3657	 questioned	1	distilbert/distilgpt2	distilbert/distilgpt2	False	3.1917593901198416e-07	21.579145431518555
ĠSarah	3657	 Sarah	2	distilbert/distilgpt2	distilbert/distilgpt2	False	0.00016876343579497188	12.532710075378418
Ġbecause	3657	 because	3	distilbert/distilgpt2	distilbert/distilgpt2	False	0.00196660659275949	8.990076065063477
Ġshe	3657	 she	4	distilbert/distilgpt2	distilbert/distilgpt2	False	0.5207514762878418	0.941332995891571
John	3658	John	0	distilbert/distilgpt2	distilbert/distilgpt2	False	1.0	0.0
Ġquestioned	3658	 questioned	1	distilbert/distilgpt2	distilbert/distilgpt2	False	2.8647852445828903e-07	21.735069274902344
ĠSarah	3658	 Sarah	2	distilbert/distilgpt2	distilbert/distilgpt2	False	0.00017593563825357705	12.472664833068848
Ġbecause	3658	 because	3	distilbert/distilgpt2	distilbert/distilgpt2	False	0.0007725595496594906	10.338066101074219
Ġshe	3658	 she	4	distilbert/distilgpt2	distilbert/distilgpt2	False	0.480363667011261	1.0578011274337769
Mary	3659	Mary	0	distilbert/distilgpt2	distilbert/distilgpt2	False	1.0	0.0
Ġquestioned	3659	 questioned	1	distilbert/distilgpt2	distilbert/distilgpt2	False	3.1917593901198416e-07	21.579145431518555
ĠSarah	3659	 Sarah	2	distilbert/distilgpt2	distilbert/distilgpt2	False	0.00016876343579497188	12.532710075378418
Ġbecause	3659	 because	3	distilbert/distilgpt2	distilbert/distilgpt2	False	0.00196660659275949	8.990076065063477
Ġshe	3659	 she	4	distilbert/distilgpt2	distilbert/distilgpt2	False	0.5207514762878418	0.941332995891571
David	3660	David	0	distilbert/distilgpt2	distilbert/distilgpt2	False	1.0	0.0
Ġquestioned	3660	 questioned	1	distilbert/distilgpt2	distilbert/distilgpt2	False	3.3167719948323793e-07	21.52371597290039
ĠSarah	3660	 Sarah	2	distilbert/distilgpt2	distilbert/distilgpt2	False	0.00011895014904439449	13.037355422973633
Ġbecause	3660	 because	3	distilbert/distilgpt2	distilbert/distilgpt2	False	0.0003190808929502964	11.613790512084961
Ġshe	3660	 she	4	distilbert/distilgpt2	distilbert/distilgpt2	False	0.46258676052093506	1.1122041940689087
Sarah	3661	Sarah	0	distilbert/distilgpt2	distilbert/distilgpt2	False	1.0	0.0
Ġquestioned	3661	 questioned	1	distilbert/distilgpt2	distilbert/distilgpt2	False	3.2664405580362654e-07	21.5457763671875
ĠMary	3661	 Mary	2	distilbert/distilgpt2	distilbert/distilgpt2	False	0.0002536925603635609	11.944631576538086
Ġbecause	3661	 because	3	distilbert/distilgpt2	distilbert/distilgpt2	False	0.0006915302365086973	10.497920036315918
Ġshe	3661	 she	4	distilbert/distilgpt2	distilbert/distilgpt2	False	0.43533754348754883	1.1997936964035034
John	3662	John	0	distilbert/distilgpt2	distilbert/distilgpt2	False	1.0	0.0
Ġquestioned	3662	 questioned	1	distilbert/distilgpt2	distilbert/distilgpt2	False	2.8647852445828903e-07	21.735069274902344
ĠMary	3662	 Mary	2	distilbert/distilgpt2	distilbert/distilgpt2	False	0.00016413774574175477	12.572805404663086
Ġbecause	3662	 because	3	distilbert/distilgpt2	distilbert/distilgpt2	False	0.0010297762928530574	9.923453330993652
Ġshe	3662	 she	4	distilbert/distilgpt2	distilbert/distilgpt2	False	0.4487568140029907	1.1559942960739136
Sarah	3663	Sarah	0	distilbert/distilgpt2	distilbert/distilgpt2	False	1.0	0.0
Ġquestioned	3663	 questioned	1	distilbert/distilgpt2	distilbert/distilgpt2	False	3.2664405580362654e-07	21.5457763671875
ĠMary	3663	 Mary	2	distilbert/distilgpt2	distilbert/distilgpt2	False	0.0002536925603635609	11.944631576538086
Ġbecause	3663	 because	3	distilbert/distilgpt2	distilbert/distilgpt2	False	0.0006915302365086973	10.497920036315918
Ġshe	3663	 she	4	distilbert/distilgpt2	distilbert/distilgpt2	False	0.43533754348754883	1.1997936964035034
David	3664	David	0	distilbert/distilgpt2	distilbert/distilgpt2	False	1.0	0.0
Ġquestioned	3664	 questioned	1	distilbert/distilgpt2	distilbert/distilgpt2	False	3.3167719948323793e-07	21.52371597290039
ĠMary	3664	 Mary	2	distilbert/distilgpt2	distilbert/distilgpt2	False	0.00011152018123539165	13.130407333374023
Ġbecause	3664	 because	3	distilbert/distilgpt2	distilbert/distilgpt2	False	0.0003434192040003836	11.507741928100586
Ġshe	3664	 she	4	distilbert/distilgpt2	distilbert/distilgpt2	False	0.4298922121524811	1.2179532051086426
John	3665	John	0	distilbert/distilgpt2	distilbert/distilgpt2	False	1.0	0.0
Ġreassured	3665	 reassured	1	distilbert/distilgpt2	distilbert/distilgpt2	False	4.4437843627065376e-08	24.423635482788086
ĠDavid	3665	 David	2	distilbert/distilgpt2	distilbert/distilgpt2	False	0.0008327168179675937	10.229886054992676
Ġbecause	3665	 because	3	distilbert/distilgpt2	distilbert/distilgpt2	False	0.00019699271069839597	12.3095703125
Ġhe	3665	 he	4	distilbert/distilgpt2	distilbert/distilgpt2	False	0.3030705153942108	1.722274661064148
Mary	3666	Mary	0	distilbert/distilgpt2	distilbert/distilgpt2	False	1.0	0.0
Ġreassured	3666	 reassured	1	distilbert/distilgpt2	distilbert/distilgpt2	False	5.36445128318519e-08	24.151994705200195
ĠDavid	3666	 David	2	distilbert/distilgpt2	distilbert/distilgpt2	False	0.0006386351305991411	10.612720489501953
Ġbecause	3666	 because	3	distilbert/distilgpt2	distilbert/distilgpt2	False	0.0004531063314061612	11.10786247253418
Ġhe	3666	 he	4	distilbert/distilgpt2	distilbert/distilgpt2	False	0.3139808475971222	1.6712515354156494
John	3667	John	0	distilbert/distilgpt2	distilbert/distilgpt2	False	1.0	0.0
Ġreassured	3667	 reassured	1	distilbert/distilgpt2	distilbert/distilgpt2	False	4.4437843627065376e-08	24.423635482788086
ĠDavid	3667	 David	2	distilbert/distilgpt2	distilbert/distilgpt2	False	0.0008327168179675937	10.229886054992676
Ġbecause	3667	 because	3	distilbert/distilgpt2	distilbert/distilgpt2	False	0.00019699271069839597	12.3095703125
Ġhe	3667	 he	4	distilbert/distilgpt2	distilbert/distilgpt2	False	0.3030705153942108	1.722274661064148
Sarah	3668	Sarah	0	distilbert/distilgpt2	distilbert/distilgpt2	False	1.0	0.0
Ġreassured	3668	 reassured	1	distilbert/distilgpt2	distilbert/distilgpt2	False	4.954252119659941e-08	24.26675796508789
ĠDavid	3668	 David	2	distilbert/distilgpt2	distilbert/distilgpt2	False	0.000872615200933069	10.16236686706543
Ġbecause	3668	 because	3	distilbert/distilgpt2	distilbert/distilgpt2	False	0.0002718359464779496	11.844976425170898
Ġhe	3668	 he	4	distilbert/distilgpt2	distilbert/distilgpt2	False	0.31967243552207947	1.6453337669372559
David	3669	David	0	distilbert/distilgpt2	distilbert/distilgpt2	False	1.0	0.0
Ġreassured	3669	 reassured	1	distilbert/distilgpt2	distilbert/distilgpt2	False	5.5557954681262345e-08	24.101430892944336
ĠJohn	3669	 John	2	distilbert/distilgpt2	distilbert/distilgpt2	False	0.0008945499430410564	10.126550674438477
Ġbecause	3669	 because	3	distilbert/distilgpt2	distilbert/distilgpt2	False	0.0005835097981616855	10.742955207824707
Ġhe	3669	 he	4	distilbert/distilgpt2	distilbert/distilgpt2	False	0.3238504230976105	1.6266005039215088
Mary	3670	Mary	0	distilbert/distilgpt2	distilbert/distilgpt2	False	1.0	0.0
Ġreassured	3670	 reassured	1	distilbert/distilgpt2	distilbert/distilgpt2	False	5.36445128318519e-08	24.151994705200195
ĠJohn	3670	 John	2	distilbert/distilgpt2	distilbert/distilgpt2	False	0.0009025217150337994	10.113750457763672
Ġbecause	3670	 because	3	distilbert/distilgpt2	distilbert/distilgpt2	False	0.0015800741966813803	9.305791854858398
Ġhe	3670	 he	4	distilbert/distilgpt2	distilbert/distilgpt2	False	0.33463653922080994	1.5793331861495972
David	3671	David	0	distilbert/distilgpt2	distilbert/distilgpt2	False	1.0	0.0
Ġreassured	3671	 reassured	1	distilbert/distilgpt2	distilbert/distilgpt2	False	5.5557954681262345e-08	24.101430892944336
ĠJohn	3671	 John	2	distilbert/distilgpt2	distilbert/distilgpt2	False	0.0008945499430410564	10.126550674438477
Ġbecause	3671	 because	3	distilbert/distilgpt2	distilbert/distilgpt2	False	0.0005835097981616855	10.742955207824707
Ġhe	3671	 he	4	distilbert/distilgpt2	distilbert/distilgpt2	False	0.3238504230976105	1.6266005039215088
Sarah	3672	Sarah	0	distilbert/distilgpt2	distilbert/distilgpt2	False	1.0	0.0
Ġreassured	3672	 reassured	1	distilbert/distilgpt2	distilbert/distilgpt2	False	4.954252119659941e-08	24.26675796508789
ĠJohn	3672	 John	2	distilbert/distilgpt2	distilbert/distilgpt2	False	0.0011689316015690565	9.740593910217285
Ġbecause	3672	 because	3	distilbert/distilgpt2	distilbert/distilgpt2	False	0.0019133937312290072	9.029650688171387
Ġhe	3672	 he	4	distilbert/distilgpt2	distilbert/distilgpt2	False	0.33298367261886597	1.5864766836166382
Mary	3673	Mary	0	distilbert/distilgpt2	distilbert/distilgpt2	False	1.0	0.0
Ġreassured	3673	 reassured	1	distilbert/distilgpt2	distilbert/distilgpt2	False	5.36445128318519e-08	24.151994705200195
ĠSarah	3673	 Sarah	2	distilbert/distilgpt2	distilbert/distilgpt2	False	0.00021223182557150722	12.202071189880371
Ġbecause	3673	 because	3	distilbert/distilgpt2	distilbert/distilgpt2	False	0.001502014696598053	9.378885269165039
Ġshe	3673	 she	4	distilbert/distilgpt2	distilbert/distilgpt2	False	0.40386971831321716	1.3080381155014038
John	3674	John	0	distilbert/distilgpt2	distilbert/distilgpt2	False	1.0	0.0
Ġreassured	3674	 reassured	1	distilbert/distilgpt2	distilbert/distilgpt2	False	4.4437843627065376e-08	24.423635482788086
ĠSarah	3674	 Sarah	2	distilbert/distilgpt2	distilbert/distilgpt2	False	0.00021580993779934943	12.177950859069824
Ġbecause	3674	 because	3	distilbert/distilgpt2	distilbert/distilgpt2	False	0.0007174049387685955	10.444924354553223
Ġshe	3674	 she	4	distilbert/distilgpt2	distilbert/distilgpt2	False	0.36077675223350525	1.470821738243103
Mary	3675	Mary	0	distilbert/distilgpt2	distilbert/distilgpt2	False	1.0	0.0
Ġreassured	3675	 reassured	1	distilbert/distilgpt2	distilbert/distilgpt2	False	5.36445128318519e-08	24.151994705200195
ĠSarah	3675	 Sarah	2	distilbert/distilgpt2	distilbert/distilgpt2	False	0.00021223182557150722	12.202071189880371
Ġbecause	3675	 because	3	distilbert/distilgpt2	distilbert/distilgpt2	False	0.001502014696598053	9.378885269165039
Ġshe	3675	 she	4	distilbert/distilgpt2	distilbert/distilgpt2	False	0.40386971831321716	1.3080381155014038
David	3676	David	0	distilbert/distilgpt2	distilbert/distilgpt2	False	1.0	0.0
Ġreassured	3676	 reassured	1	distilbert/distilgpt2	distilbert/distilgpt2	False	5.5557954681262345e-08	24.101430892944336
ĠSarah	3676	 Sarah	2	distilbert/distilgpt2	distilbert/distilgpt2	False	0.00017961878620553762	12.442773818969727
Ġbecause	3676	 because	3	distilbert/distilgpt2	distilbert/distilgpt2	False	0.0004729809006676078	11.045929908752441
Ġshe	3676	 she	4	distilbert/distilgpt2	distilbert/distilgpt2	False	0.35254642367362976	1.5041148662567139
Sarah	3677	Sarah	0	distilbert/distilgpt2	distilbert/distilgpt2	False	1.0	0.0
Ġreassured	3677	 reassured	1	distilbert/distilgpt2	distilbert/distilgpt2	False	4.954252119659941e-08	24.26675796508789
ĠMary	3677	 Mary	2	distilbert/distilgpt2	distilbert/distilgpt2	False	0.000775001710280776	10.333513259887695
Ġbecause	3677	 because	3	distilbert/distilgpt2	distilbert/distilgpt2	False	0.0009849860798567533	9.987608909606934
Ġshe	3677	 she	4	distilbert/distilgpt2	distilbert/distilgpt2	False	0.32125794887542725	1.6381959915161133
John	3678	John	0	distilbert/distilgpt2	distilbert/distilgpt2	False	1.0	0.0
Ġreassured	3678	 reassured	1	distilbert/distilgpt2	distilbert/distilgpt2	False	4.4437843627065376e-08	24.423635482788086
ĠMary	3678	 Mary	2	distilbert/distilgpt2	distilbert/distilgpt2	False	0.0005040251417085528	10.954216957092285
Ġbecause	3678	 because	3	distilbert/distilgpt2	distilbert/distilgpt2	False	0.0009201679495163262	10.0858154296875
Ġshe	3678	 she	4	distilbert/distilgpt2	distilbert/distilgpt2	False	0.3141908645629883	1.6702868938446045
Sarah	3679	Sarah	0	distilbert/distilgpt2	distilbert/distilgpt2	False	1.0	0.0
Ġreassured	3679	 reassured	1	distilbert/distilgpt2	distilbert/distilgpt2	False	4.954252119659941e-08	24.26675796508789
ĠMary	3679	 Mary	2	distilbert/distilgpt2	distilbert/distilgpt2	False	0.000775001710280776	10.333513259887695
Ġbecause	3679	 because	3	distilbert/distilgpt2	distilbert/distilgpt2	False	0.0009849860798567533	9.987608909606934
Ġshe	3679	 she	4	distilbert/distilgpt2	distilbert/distilgpt2	False	0.32125794887542725	1.6381959915161133
David	3680	David	0	distilbert/distilgpt2	distilbert/distilgpt2	False	1.0	0.0
Ġreassured	3680	 reassured	1	distilbert/distilgpt2	distilbert/distilgpt2	False	5.5557954681262345e-08	24.101430892944336
ĠMary	3680	 Mary	2	distilbert/distilgpt2	distilbert/distilgpt2	False	0.0003798151738010347	11.362415313720703
Ġbecause	3680	 because	3	distilbert/distilgpt2	distilbert/distilgpt2	False	0.0004523529205471277	11.11026382446289
Ġshe	3680	 she	4	distilbert/distilgpt2	distilbert/distilgpt2	False	0.3027174770832062	1.7239561080932617
John	3681	John	0	distilbert/distilgpt2	distilbert/distilgpt2	False	1.0	0.0
Ġreb	3681	 rebuked	1	distilbert/distilgpt2	distilbert/distilgpt2	False	1.192745031630693e-07	22.999210357666016
uked	3681	 rebuked	1	distilbert/distilgpt2	distilbert/distilgpt2	False	0.11862028390169144	3.0755774974823
ĠDavid	3681	 David	2	distilbert/distilgpt2	distilbert/distilgpt2	False	0.0008801905205473304	10.149896621704102
Ġbecause	3681	 because	3	distilbert/distilgpt2	distilbert/distilgpt2	False	0.00048655321006663144	11.005114555358887
Ġhe	3681	 he	4	distilbert/distilgpt2	distilbert/distilgpt2	False	0.43003231287002563	1.2174830436706543
Mary	3682	Mary	0	distilbert/distilgpt2	distilbert/distilgpt2	False	1.0	0.0
Ġreb	3682	 rebuked	1	distilbert/distilgpt2	distilbert/distilgpt2	False	1.2936868643009802e-07	22.882007598876953
uked	3682	 rebuked	1	distilbert/distilgpt2	distilbert/distilgpt2	False	0.088727205991745	3.4944796562194824
ĠDavid	3682	 David	2	distilbert/distilgpt2	distilbert/distilgpt2	False	0.0007071055588312447	10.465786933898926
Ġbecause	3682	 because	3	distilbert/distilgpt2	distilbert/distilgpt2	False	0.0005622245953418314	10.796566009521484
Ġhe	3682	 he	4	distilbert/distilgpt2	distilbert/distilgpt2	False	0.4311985671520233	1.2135757207870483
John	3683	John	0	distilbert/distilgpt2	distilbert/distilgpt2	False	1.0	0.0
Ġreb	3683	 rebuked	1	distilbert/distilgpt2	distilbert/distilgpt2	False	1.192745031630693e-07	22.999210357666016
uked	3683	 rebuked	1	distilbert/distilgpt2	distilbert/distilgpt2	False	0.11862028390169144	3.0755774974823
ĠDavid	3683	 David	2	distilbert/distilgpt2	distilbert/distilgpt2	False	0.0008801905205473304	10.149896621704102
Ġbecause	3683	 because	3	distilbert/distilgpt2	distilbert/distilgpt2	False	0.00048655321006663144	11.005114555358887
Ġhe	3683	 he	4	distilbert/distilgpt2	distilbert/distilgpt2	False	0.43003231287002563	1.2174830436706543
Sarah	3684	Sarah	0	distilbert/distilgpt2	distilbert/distilgpt2	False	1.0	0.0
Ġreb	3684	 rebuked	1	distilbert/distilgpt2	distilbert/distilgpt2	False	1.3100053308789938e-07	22.863924026489258
uked	3684	 rebuked	1	distilbert/distilgpt2	distilbert/distilgpt2	False	0.12870794534683228	2.957827091217041
ĠDavid	3684	 David	2	distilbert/distilgpt2	distilbert/distilgpt2	False	0.0008582484442740679	10.186317443847656
Ġbecause	3684	 because	3	distilbert/distilgpt2	distilbert/distilgpt2	False	0.0002784660318866372	11.810211181640625
Ġhe	3684	 he	4	distilbert/distilgpt2	distilbert/distilgpt2	False	0.43866944313049316	1.1887938976287842
David	3685	David	0	distilbert/distilgpt2	distilbert/distilgpt2	False	1.0	0.0
Ġreb	3685	 rebuked	1	distilbert/distilgpt2	distilbert/distilgpt2	False	1.3977289370359358e-07	22.77041244506836
uked	3685	 rebuked	1	distilbert/distilgpt2	distilbert/distilgpt2	False	0.12234006077051163	3.0310311317443848
ĠJohn	3685	 John	2	distilbert/distilgpt2	distilbert/distilgpt2	False	0.0015553274424746633	9.32856559753418
Ġbecause	3685	 because	3	distilbert/distilgpt2	distilbert/distilgpt2	False	0.00013175424828659743	12.889863014221191
Ġhe	3685	 he	4	distilbert/distilgpt2	distilbert/distilgpt2	False	0.4463786780834198	1.1636600494384766
Mary	3686	Mary	0	distilbert/distilgpt2	distilbert/distilgpt2	False	1.0	0.0
Ġreb	3686	 rebuked	1	distilbert/distilgpt2	distilbert/distilgpt2	False	1.2936868643009802e-07	22.882007598876953
uked	3686	 rebuked	1	distilbert/distilgpt2	distilbert/distilgpt2	False	0.088727205991745	3.4944796562194824
ĠJohn	3686	 John	2	distilbert/distilgpt2	distilbert/distilgpt2	False	0.0013337618438526988	9.550283432006836
Ġbecause	3686	 because	3	distilbert/distilgpt2	distilbert/distilgpt2	False	0.0002759416529443115	11.823348999023438
Ġhe	3686	 he	4	distilbert/distilgpt2	distilbert/distilgpt2	False	0.4596676230430603	1.1213370561599731
David	3687	David	0	distilbert/distilgpt2	distilbert/distilgpt2	False	1.0	0.0
Ġreb	3687	 rebuked	1	distilbert/distilgpt2	distilbert/distilgpt2	False	1.3977289370359358e-07	22.77041244506836
uked	3687	 rebuked	1	distilbert/distilgpt2	distilbert/distilgpt2	False	0.12234006077051163	3.0310311317443848
ĠJohn	3687	 John	2	distilbert/distilgpt2	distilbert/distilgpt2	False	0.0015553274424746633	9.32856559753418
Ġbecause	3687	 because	3	distilbert/distilgpt2	distilbert/distilgpt2	False	0.00013175424828659743	12.889863014221191
Ġhe	3687	 he	4	distilbert/distilgpt2	distilbert/distilgpt2	False	0.4463786780834198	1.1636600494384766
Sarah	3688	Sarah	0	distilbert/distilgpt2	distilbert/distilgpt2	False	1.0	0.0
Ġreb	3688	 rebuked	1	distilbert/distilgpt2	distilbert/distilgpt2	False	1.3100053308789938e-07	22.863924026489258
uked	3688	 rebuked	1	distilbert/distilgpt2	distilbert/distilgpt2	False	0.12870794534683228	2.957827091217041
ĠJohn	3688	 John	2	distilbert/distilgpt2	distilbert/distilgpt2	False	0.0015373708447441459	9.345318794250488
Ġbecause	3688	 because	3	distilbert/distilgpt2	distilbert/distilgpt2	False	0.0002742565702646971	11.832185745239258
Ġhe	3688	 he	4	distilbert/distilgpt2	distilbert/distilgpt2	False	0.44650575518608093	1.1632493734359741
Mary	3689	Mary	0	distilbert/distilgpt2	distilbert/distilgpt2	False	1.0	0.0
Ġreb	3689	 rebuked	1	distilbert/distilgpt2	distilbert/distilgpt2	False	1.2936868643009802e-07	22.882007598876953
uked	3689	 rebuked	1	distilbert/distilgpt2	distilbert/distilgpt2	False	0.088727205991745	3.4944796562194824
ĠSarah	3689	 Sarah	2	distilbert/distilgpt2	distilbert/distilgpt2	False	0.0001870172709459439	12.384540557861328
Ġbecause	3689	 because	3	distilbert/distilgpt2	distilbert/distilgpt2	False	0.0011445479467511177	9.77100658416748
Ġshe	3689	 she	4	distilbert/distilgpt2	distilbert/distilgpt2	False	0.477546364068985	1.0662872791290283
John	3690	John	0	distilbert/distilgpt2	distilbert/distilgpt2	False	1.0	0.0
Ġreb	3690	 rebuked	1	distilbert/distilgpt2	distilbert/distilgpt2	False	1.192745031630693e-07	22.999210357666016
uked	3690	 rebuked	1	distilbert/distilgpt2	distilbert/distilgpt2	False	0.11862028390169144	3.0755774974823
ĠSarah	3690	 Sarah	2	distilbert/distilgpt2	distilbert/distilgpt2	False	0.0002301034255651757	12.085430145263672
Ġbecause	3690	 because	3	distilbert/distilgpt2	distilbert/distilgpt2	False	0.0004714837414212525	11.050504684448242
Ġshe	3690	 she	4	distilbert/distilgpt2	distilbert/distilgpt2	False	0.45749181509017944	1.1281821727752686
Mary	3691	Mary	0	distilbert/distilgpt2	distilbert/distilgpt2	False	1.0	0.0
Ġreb	3691	 rebuked	1	distilbert/distilgpt2	distilbert/distilgpt2	False	1.2936868643009802e-07	22.882007598876953
uked	3691	 rebuked	1	distilbert/distilgpt2	distilbert/distilgpt2	False	0.088727205991745	3.4944796562194824
ĠSarah	3691	 Sarah	2	distilbert/distilgpt2	distilbert/distilgpt2	False	0.0001870172709459439	12.384540557861328
Ġbecause	3691	 because	3	distilbert/distilgpt2	distilbert/distilgpt2	False	0.0011445479467511177	9.77100658416748
Ġshe	3691	 she	4	distilbert/distilgpt2	distilbert/distilgpt2	False	0.477546364068985	1.0662872791290283
David	3692	David	0	distilbert/distilgpt2	distilbert/distilgpt2	False	1.0	0.0
Ġreb	3692	 rebuked	1	distilbert/distilgpt2	distilbert/distilgpt2	False	1.3977289370359358e-07	22.77041244506836
uked	3692	 rebuked	1	distilbert/distilgpt2	distilbert/distilgpt2	False	0.12234006077051163	3.0310311317443848
ĠSarah	3692	 Sarah	2	distilbert/distilgpt2	distilbert/distilgpt2	False	0.000195147906197235	12.32314395904541
Ġbecause	3692	 because	3	distilbert/distilgpt2	distilbert/distilgpt2	False	0.00016106406110338867	12.600077629089355
Ġshe	3692	 she	4	distilbert/distilgpt2	distilbert/distilgpt2	False	0.45506811141967773	1.13584566116333
Sarah	3693	Sarah	0	distilbert/distilgpt2	distilbert/distilgpt2	False	1.0	0.0
Ġreb	3693	 rebuked	1	distilbert/distilgpt2	distilbert/distilgpt2	False	1.3100053308789938e-07	22.863924026489258
uked	3693	 rebuked	1	distilbert/distilgpt2	distilbert/distilgpt2	False	0.12870794534683228	2.957827091217041
ĠMary	3693	 Mary	2	distilbert/distilgpt2	distilbert/distilgpt2	False	0.00018297637871000916	12.416054725646973
Ġbecause	3693	 because	3	distilbert/distilgpt2	distilbert/distilgpt2	False	0.0012484530452638865	9.64564323425293
Ġshe	3693	 she	4	distilbert/distilgpt2	distilbert/distilgpt2	False	0.44120386242866516	1.1804827451705933
John	3694	John	0	distilbert/distilgpt2	distilbert/distilgpt2	False	1.0	0.0
Ġreb	3694	 rebuked	1	distilbert/distilgpt2	distilbert/distilgpt2	False	1.192745031630693e-07	22.999210357666016
uked	3694	 rebuked	1	distilbert/distilgpt2	distilbert/distilgpt2	False	0.11862028390169144	3.0755774974823
ĠMary	3694	 Mary	2	distilbert/distilgpt2	distilbert/distilgpt2	False	0.00013943652447778732	12.808103561401367
Ġbecause	3694	 because	3	distilbert/distilgpt2	distilbert/distilgpt2	False	0.0021374356001615524	8.869903564453125
Ġshe	3694	 she	4	distilbert/distilgpt2	distilbert/distilgpt2	False	0.44738873839378357	1.1603991985321045
Sarah	3695	Sarah	0	distilbert/distilgpt2	distilbert/distilgpt2	False	1.0	0.0
Ġreb	3695	 rebuked	1	distilbert/distilgpt2	distilbert/distilgpt2	False	1.3100053308789938e-07	22.863924026489258
uked	3695	 rebuked	1	distilbert/distilgpt2	distilbert/distilgpt2	False	0.12870794534683228	2.957827091217041
ĠMary	3695	 Mary	2	distilbert/distilgpt2	distilbert/distilgpt2	False	0.00018297637871000916	12.416054725646973
Ġbecause	3695	 because	3	distilbert/distilgpt2	distilbert/distilgpt2	False	0.0012484530452638865	9.64564323425293
Ġshe	3695	 she	4	distilbert/distilgpt2	distilbert/distilgpt2	False	0.44120386242866516	1.1804827451705933
David	3696	David	0	distilbert/distilgpt2	distilbert/distilgpt2	False	1.0	0.0
Ġreb	3696	 rebuked	1	distilbert/distilgpt2	distilbert/distilgpt2	False	1.3977289370359358e-07	22.77041244506836
uked	3696	 rebuked	1	distilbert/distilgpt2	distilbert/distilgpt2	False	0.12234006077051163	3.0310311317443848
ĠMary	3696	 Mary	2	distilbert/distilgpt2	distilbert/distilgpt2	False	0.00011722454655682668	13.05843734741211
Ġbecause	3696	 because	3	distilbert/distilgpt2	distilbert/distilgpt2	False	0.0005914604989811778	10.723430633544922
Ġshe	3696	 she	4	distilbert/distilgpt2	distilbert/distilgpt2	False	0.44033387303352356	1.1833302974700928
John	3697	John	0	distilbert/distilgpt2	distilbert/distilgpt2	False	1.0	0.0
Ġrecomp	3697	 recompensed	1	distilbert/distilgpt2	distilbert/distilgpt2	False	6.739738989125499e-09	27.14466094970703
ensed	3697	 recompensed	1	distilbert/distilgpt2	distilbert/distilgpt2	False	0.0013408360537141562	9.542651176452637
ĠDavid	3697	 David	2	distilbert/distilgpt2	distilbert/distilgpt2	False	2.0372786821098998e-05	15.58299732208252
Ġbecause	3697	 because	3	distilbert/distilgpt2	distilbert/distilgpt2	False	0.00033301301300525665	11.552133560180664
Ġhe	3697	 he	4	distilbert/distilgpt2	distilbert/distilgpt2	False	0.3526014983654022	1.503889560699463
Mary	3698	Mary	0	distilbert/distilgpt2	distilbert/distilgpt2	False	1.0	0.0
Ġrecomp	3698	 recompensed	1	distilbert/distilgpt2	distilbert/distilgpt2	False	8.45276915129034e-09	26.817928314208984
ensed	3698	 recompensed	1	distilbert/distilgpt2	distilbert/distilgpt2	False	0.018129128962755203	5.785546779632568
ĠDavid	3698	 David	2	distilbert/distilgpt2	distilbert/distilgpt2	False	2.341454273846466e-05	15.382235527038574
Ġbecause	3698	 because	3	distilbert/distilgpt2	distilbert/distilgpt2	False	0.0002838700311258435	11.782482147216797
Ġhe	3698	 he	4	distilbert/distilgpt2	distilbert/distilgpt2	False	0.36566951870918274	1.4513877630233765
John	3699	John	0	distilbert/distilgpt2	distilbert/distilgpt2	False	1.0	0.0
Ġrecomp	3699	 recompensed	1	distilbert/distilgpt2	distilbert/distilgpt2	False	6.739738989125499e-09	27.14466094970703
ensed	3699	 recompensed	1	distilbert/distilgpt2	distilbert/distilgpt2	False	0.0013408360537141562	9.542651176452637
ĠDavid	3699	 David	2	distilbert/distilgpt2	distilbert/distilgpt2	False	2.0372786821098998e-05	15.58299732208252
Ġbecause	3699	 because	3	distilbert/distilgpt2	distilbert/distilgpt2	False	0.00033301301300525665	11.552133560180664
Ġhe	3699	 he	4	distilbert/distilgpt2	distilbert/distilgpt2	False	0.3526014983654022	1.503889560699463
Sarah	3700	Sarah	0	distilbert/distilgpt2	distilbert/distilgpt2	False	1.0	0.0
Ġrecomp	3700	 recompensed	1	distilbert/distilgpt2	distilbert/distilgpt2	False	6.94733115480517e-09	27.100893020629883
ensed	3700	 recompensed	1	distilbert/distilgpt2	distilbert/distilgpt2	False	0.003938733134418726	7.988052845001221
ĠDavid	3700	 David	2	distilbert/distilgpt2	distilbert/distilgpt2	False	2.055024197034072e-05	15.57048511505127
Ġbecause	3700	 because	3	distilbert/distilgpt2	distilbert/distilgpt2	False	0.0004181833646725863	11.223576545715332
Ġhe	3700	 he	4	distilbert/distilgpt2	distilbert/distilgpt2	False	0.37174299359321594	1.4276225566864014
David	3701	David	0	distilbert/distilgpt2	distilbert/distilgpt2	False	1.0	0.0
Ġrecomp	3701	 recompensed	1	distilbert/distilgpt2	distilbert/distilgpt2	False	8.11183298310425e-09	26.8773250579834
ensed	3701	 recompensed	1	distilbert/distilgpt2	distilbert/distilgpt2	False	0.0006072100950405002	10.685516357421875
ĠJohn	3701	 John	2	distilbert/distilgpt2	distilbert/distilgpt2	False	4.070900467922911e-05	14.5842924118042
Ġbecause	3701	 because	3	distilbert/distilgpt2	distilbert/distilgpt2	False	0.000510211568325758	10.936616897583008
Ġhe	3701	 he	4	distilbert/distilgpt2	distilbert/distilgpt2	False	0.3709288537502289	1.4307856559753418
Mary	3702	Mary	0	distilbert/distilgpt2	distilbert/distilgpt2	False	1.0	0.0
Ġrecomp	3702	 recompensed	1	distilbert/distilgpt2	distilbert/distilgpt2	False	8.45276915129034e-09	26.817928314208984
ensed	3702	 recompensed	1	distilbert/distilgpt2	distilbert/distilgpt2	False	0.018129128962755203	5.785546779632568
ĠJohn	3702	 John	2	distilbert/distilgpt2	distilbert/distilgpt2	False	5.873854388482869e-05	14.055333137512207
Ġbecause	3702	 because	3	distilbert/distilgpt2	distilbert/distilgpt2	False	0.00039311169530265033	11.312772750854492
Ġhe	3702	 he	4	distilbert/distilgpt2	distilbert/distilgpt2	False	0.4011416435241699	1.3178163766860962
David	3703	David	0	distilbert/distilgpt2	distilbert/distilgpt2	False	1.0	0.0
Ġrecomp	3703	 recompensed	1	distilbert/distilgpt2	distilbert/distilgpt2	False	8.11183298310425e-09	26.8773250579834
ensed	3703	 recompensed	1	distilbert/distilgpt2	distilbert/distilgpt2	False	0.0006072100950405002	10.685516357421875
ĠJohn	3703	 John	2	distilbert/distilgpt2	distilbert/distilgpt2	False	4.070900467922911e-05	14.5842924118042
Ġbecause	3703	 because	3	distilbert/distilgpt2	distilbert/distilgpt2	False	0.000510211568325758	10.936616897583008
Ġhe	3703	 he	4	distilbert/distilgpt2	distilbert/distilgpt2	False	0.3709288537502289	1.4307856559753418
Sarah	3704	Sarah	0	distilbert/distilgpt2	distilbert/distilgpt2	False	1.0	0.0
Ġrecomp	3704	 recompensed	1	distilbert/distilgpt2	distilbert/distilgpt2	False	6.94733115480517e-09	27.100893020629883
ensed	3704	 recompensed	1	distilbert/distilgpt2	distilbert/distilgpt2	False	0.003938733134418726	7.988052845001221
ĠJohn	3704	 John	2	distilbert/distilgpt2	distilbert/distilgpt2	False	3.7884001358179376e-05	14.688051223754883
Ġbecause	3704	 because	3	distilbert/distilgpt2	distilbert/distilgpt2	False	0.0008626952767372131	10.178861618041992
Ġhe	3704	 he	4	distilbert/distilgpt2	distilbert/distilgpt2	False	0.37424638867378235	1.4179397821426392
Mary	3705	Mary	0	distilbert/distilgpt2	distilbert/distilgpt2	False	1.0	0.0
Ġrecomp	3705	 recompensed	1	distilbert/distilgpt2	distilbert/distilgpt2	False	8.45276915129034e-09	26.817928314208984
ensed	3705	 recompensed	1	distilbert/distilgpt2	distilbert/distilgpt2	False	0.018129128962755203	5.785546779632568
ĠSarah	3705	 Sarah	2	distilbert/distilgpt2	distilbert/distilgpt2	False	5.008537300454918e-06	17.607179641723633
Ġbecause	3705	 because	3	distilbert/distilgpt2	distilbert/distilgpt2	False	0.001249067485332489	9.644932746887207
Ġshe	3705	 she	4	distilbert/distilgpt2	distilbert/distilgpt2	False	0.46981072425842285	1.089848518371582
John	3706	John	0	distilbert/distilgpt2	distilbert/distilgpt2	False	1.0	0.0
Ġrecomp	3706	 recompensed	1	distilbert/distilgpt2	distilbert/distilgpt2	False	6.739738989125499e-09	27.14466094970703
ensed	3706	 recompensed	1	distilbert/distilgpt2	distilbert/distilgpt2	False	0.0013408360537141562	9.542651176452637
ĠSarah	3706	 Sarah	2	distilbert/distilgpt2	distilbert/distilgpt2	False	2.8473057227529353e-06	18.42197036743164
Ġbecause	3706	 because	3	distilbert/distilgpt2	distilbert/distilgpt2	False	0.001096624182537198	9.832715034484863
Ġshe	3706	 she	4	distilbert/distilgpt2	distilbert/distilgpt2	False	0.41697174310684204	1.2619785070419312
Mary	3707	Mary	0	distilbert/distilgpt2	distilbert/distilgpt2	False	1.0	0.0
Ġrecomp	3707	 recompensed	1	distilbert/distilgpt2	distilbert/distilgpt2	False	8.45276915129034e-09	26.817928314208984
ensed	3707	 recompensed	1	distilbert/distilgpt2	distilbert/distilgpt2	False	0.018129128962755203	5.785546779632568
ĠSarah	3707	 Sarah	2	distilbert/distilgpt2	distilbert/distilgpt2	False	5.008537300454918e-06	17.607179641723633
Ġbecause	3707	 because	3	distilbert/distilgpt2	distilbert/distilgpt2	False	0.001249067485332489	9.644932746887207
Ġshe	3707	 she	4	distilbert/distilgpt2	distilbert/distilgpt2	False	0.46981072425842285	1.089848518371582
David	3708	David	0	distilbert/distilgpt2	distilbert/distilgpt2	False	1.0	0.0
Ġrecomp	3708	 recompensed	1	distilbert/distilgpt2	distilbert/distilgpt2	False	8.11183298310425e-09	26.8773250579834
ensed	3708	 recompensed	1	distilbert/distilgpt2	distilbert/distilgpt2	False	0.0006072100950405002	10.685516357421875
ĠSarah	3708	 Sarah	2	distilbert/distilgpt2	distilbert/distilgpt2	False	2.610094952615327e-06	18.547466278076172
Ġbecause	3708	 because	3	distilbert/distilgpt2	distilbert/distilgpt2	False	0.0009202855289913714	10.085630416870117
Ġshe	3708	 she	4	distilbert/distilgpt2	distilbert/distilgpt2	False	0.42006099224090576	1.2513293027877808
Sarah	3709	Sarah	0	distilbert/distilgpt2	distilbert/distilgpt2	False	1.0	0.0
Ġrecomp	3709	 recompensed	1	distilbert/distilgpt2	distilbert/distilgpt2	False	6.94733115480517e-09	27.100893020629883
ensed	3709	 recompensed	1	distilbert/distilgpt2	distilbert/distilgpt2	False	0.003938733134418726	7.988052845001221
ĠMary	3709	 Mary	2	distilbert/distilgpt2	distilbert/distilgpt2	False	8.040962711675093e-06	16.9242000579834
Ġbecause	3709	 because	3	distilbert/distilgpt2	distilbert/distilgpt2	False	0.0004228094476275146	11.207704544067383
Ġshe	3709	 she	4	distilbert/distilgpt2	distilbert/distilgpt2	False	0.38306108117103577	1.3843536376953125
John	3710	John	0	distilbert/distilgpt2	distilbert/distilgpt2	False	1.0	0.0
Ġrecomp	3710	 recompensed	1	distilbert/distilgpt2	distilbert/distilgpt2	False	6.739738989125499e-09	27.14466094970703
ensed	3710	 recompensed	1	distilbert/distilgpt2	distilbert/distilgpt2	False	0.0013408360537141562	9.542651176452637
ĠMary	3710	 Mary	2	distilbert/distilgpt2	distilbert/distilgpt2	False	7.835256838006899e-06	16.96158790588379
Ġbecause	3710	 because	3	distilbert/distilgpt2	distilbert/distilgpt2	False	0.00039252632996067405	11.314923286437988
Ġshe	3710	 she	4	distilbert/distilgpt2	distilbert/distilgpt2	False	0.3832039535045624	1.3838156461715698
Sarah	3711	Sarah	0	distilbert/distilgpt2	distilbert/distilgpt2	False	1.0	0.0
Ġrecomp	3711	 recompensed	1	distilbert/distilgpt2	distilbert/distilgpt2	False	6.94733115480517e-09	27.100893020629883
ensed	3711	 recompensed	1	distilbert/distilgpt2	distilbert/distilgpt2	False	0.003938733134418726	7.988052845001221
ĠMary	3711	 Mary	2	distilbert/distilgpt2	distilbert/distilgpt2	False	8.040962711675093e-06	16.9242000579834
Ġbecause	3711	 because	3	distilbert/distilgpt2	distilbert/distilgpt2	False	0.0004228094476275146	11.207704544067383
Ġshe	3711	 she	4	distilbert/distilgpt2	distilbert/distilgpt2	False	0.38306108117103577	1.3843536376953125
David	3712	David	0	distilbert/distilgpt2	distilbert/distilgpt2	False	1.0	0.0
Ġrecomp	3712	 recompensed	1	distilbert/distilgpt2	distilbert/distilgpt2	False	8.11183298310425e-09	26.8773250579834
ensed	3712	 recompensed	1	distilbert/distilgpt2	distilbert/distilgpt2	False	0.0006072100950405002	10.685516357421875
ĠMary	3712	 Mary	2	distilbert/distilgpt2	distilbert/distilgpt2	False	8.079565304797143e-06	16.91729164123535
Ġbecause	3712	 because	3	distilbert/distilgpt2	distilbert/distilgpt2	False	0.00022878899471834302	12.093694686889648
Ġshe	3712	 she	4	distilbert/distilgpt2	distilbert/distilgpt2	False	0.3754115104675293	1.4134552478790283
John	3713	John	0	distilbert/distilgpt2	distilbert/distilgpt2	False	1.0	0.0
Ġrelaxed	3713	 relaxed	1	distilbert/distilgpt2	distilbert/distilgpt2	False	4.835215250409419e-08	24.30184555053711
ĠDavid	3713	 David	2	distilbert/distilgpt2	distilbert/distilgpt2	False	4.577625804813579e-05	14.415040969848633
Ġbecause	3713	 because	3	distilbert/distilgpt2	distilbert/distilgpt2	False	0.0005052352207712829	10.950757026672363
Ġhe	3713	 he	4	distilbert/distilgpt2	distilbert/distilgpt2	False	0.4039754867553711	1.3076603412628174
Mary	3714	Mary	0	distilbert/distilgpt2	distilbert/distilgpt2	False	1.0	0.0
Ġrelaxed	3714	 relaxed	1	distilbert/distilgpt2	distilbert/distilgpt2	False	7.028664583685895e-08	23.762174606323242
ĠDavid	3714	 David	2	distilbert/distilgpt2	distilbert/distilgpt2	False	2.972928632516414e-05	15.037755966186523
Ġbecause	3714	 because	3	distilbert/distilgpt2	distilbert/distilgpt2	False	0.0004805724893230945	11.022958755493164
Ġhe	3714	 he	4	distilbert/distilgpt2	distilbert/distilgpt2	False	0.41989052295684814	1.2519148588180542
John	3715	John	0	distilbert/distilgpt2	distilbert/distilgpt2	False	1.0	0.0
Ġrelaxed	3715	 relaxed	1	distilbert/distilgpt2	distilbert/distilgpt2	False	4.835215250409419e-08	24.30184555053711
ĠDavid	3715	 David	2	distilbert/distilgpt2	distilbert/distilgpt2	False	4.577625804813579e-05	14.415040969848633
Ġbecause	3715	 because	3	distilbert/distilgpt2	distilbert/distilgpt2	False	0.0005052352207712829	10.950757026672363
Ġhe	3715	 he	4	distilbert/distilgpt2	distilbert/distilgpt2	False	0.4039754867553711	1.3076603412628174
Sarah	3716	Sarah	0	distilbert/distilgpt2	distilbert/distilgpt2	False	1.0	0.0
Ġrelaxed	3716	 relaxed	1	distilbert/distilgpt2	distilbert/distilgpt2	False	5.647475376235889e-08	24.077817916870117
ĠDavid	3716	 David	2	distilbert/distilgpt2	distilbert/distilgpt2	False	3.340889816172421e-05	14.869407653808594
Ġbecause	3716	 because	3	distilbert/distilgpt2	distilbert/distilgpt2	False	0.0005579030839726329	10.807698249816895
Ġhe	3716	 he	4	distilbert/distilgpt2	distilbert/distilgpt2	False	0.4027467370033264	1.312055230140686
David	3717	David	0	distilbert/distilgpt2	distilbert/distilgpt2	False	1.0	0.0
Ġrelaxed	3717	 relaxed	1	distilbert/distilgpt2	distilbert/distilgpt2	False	6.303615407432517e-08	23.91924476623535
ĠJohn	3717	 John	2	distilbert/distilgpt2	distilbert/distilgpt2	False	2.2884451027493924e-05	15.41527271270752
Ġbecause	3717	 because	3	distilbert/distilgpt2	distilbert/distilgpt2	False	0.001380503294058144	9.500590324401855
Ġhe	3717	 he	4	distilbert/distilgpt2	distilbert/distilgpt2	False	0.3873099982738495	1.3684394359588623
Mary	3718	Mary	0	distilbert/distilgpt2	distilbert/distilgpt2	False	1.0	0.0
Ġrelaxed	3718	 relaxed	1	distilbert/distilgpt2	distilbert/distilgpt2	False	7.028664583685895e-08	23.762174606323242
ĠJohn	3718	 John	2	distilbert/distilgpt2	distilbert/distilgpt2	False	2.5535537133691832e-05	15.257134437561035
Ġbecause	3718	 because	3	distilbert/distilgpt2	distilbert/distilgpt2	False	0.001430058036930859	9.449710845947266
Ġhe	3718	 he	4	distilbert/distilgpt2	distilbert/distilgpt2	False	0.4212901294231415	1.2471140623092651
David	3719	David	0	distilbert/distilgpt2	distilbert/distilgpt2	False	1.0	0.0
Ġrelaxed	3719	 relaxed	1	distilbert/distilgpt2	distilbert/distilgpt2	False	6.303615407432517e-08	23.91924476623535
ĠJohn	3719	 John	2	distilbert/distilgpt2	distilbert/distilgpt2	False	2.2884451027493924e-05	15.41527271270752
Ġbecause	3719	 because	3	distilbert/distilgpt2	distilbert/distilgpt2	False	0.001380503294058144	9.500590324401855
Ġhe	3719	 he	4	distilbert/distilgpt2	distilbert/distilgpt2	False	0.3873099982738495	1.3684394359588623
Sarah	3720	Sarah	0	distilbert/distilgpt2	distilbert/distilgpt2	False	1.0	0.0
Ġrelaxed	3720	 relaxed	1	distilbert/distilgpt2	distilbert/distilgpt2	False	5.647475376235889e-08	24.077817916870117
ĠJohn	3720	 John	2	distilbert/distilgpt2	distilbert/distilgpt2	False	2.3545762815047055e-05	15.374173164367676
Ġbecause	3720	 because	3	distilbert/distilgpt2	distilbert/distilgpt2	False	0.0023219152353703976	8.750469207763672
Ġhe	3720	 he	4	distilbert/distilgpt2	distilbert/distilgpt2	False	0.3955320119857788	1.338133692741394
Mary	3721	Mary	0	distilbert/distilgpt2	distilbert/distilgpt2	False	1.0	0.0
Ġrelaxed	3721	 relaxed	1	distilbert/distilgpt2	distilbert/distilgpt2	False	7.028664583685895e-08	23.762174606323242
ĠSarah	3721	 Sarah	2	distilbert/distilgpt2	distilbert/distilgpt2	False	1.4292045307229273e-05	16.09442901611328
Ġbecause	3721	 because	3	distilbert/distilgpt2	distilbert/distilgpt2	False	0.0018469230271875858	9.080660820007324
Ġshe	3721	 she	4	distilbert/distilgpt2	distilbert/distilgpt2	False	0.497668981552124	1.0067416429519653
John	3722	John	0	distilbert/distilgpt2	distilbert/distilgpt2	False	1.0	0.0
Ġrelaxed	3722	 relaxed	1	distilbert/distilgpt2	distilbert/distilgpt2	False	4.835215250409419e-08	24.30184555053711
ĠSarah	3722	 Sarah	2	distilbert/distilgpt2	distilbert/distilgpt2	False	1.4467246728600003e-05	16.07685089111328
Ġbecause	3722	 because	3	distilbert/distilgpt2	distilbert/distilgpt2	False	0.0019551666919142008	8.998493194580078
Ġshe	3722	 she	4	distilbert/distilgpt2	distilbert/distilgpt2	False	0.471377968788147	1.0850437879562378
Mary	3723	Mary	0	distilbert/distilgpt2	distilbert/distilgpt2	False	1.0	0.0
Ġrelaxed	3723	 relaxed	1	distilbert/distilgpt2	distilbert/distilgpt2	False	7.028664583685895e-08	23.762174606323242
ĠSarah	3723	 Sarah	2	distilbert/distilgpt2	distilbert/distilgpt2	False	1.4292045307229273e-05	16.09442901611328
Ġbecause	3723	 because	3	distilbert/distilgpt2	distilbert/distilgpt2	False	0.0018469230271875858	9.080660820007324
Ġshe	3723	 she	4	distilbert/distilgpt2	distilbert/distilgpt2	False	0.497668981552124	1.0067416429519653
David	3724	David	0	distilbert/distilgpt2	distilbert/distilgpt2	False	1.0	0.0
Ġrelaxed	3724	 relaxed	1	distilbert/distilgpt2	distilbert/distilgpt2	False	6.303615407432517e-08	23.91924476623535
ĠSarah	3724	 Sarah	2	distilbert/distilgpt2	distilbert/distilgpt2	False	1.0880677109526005e-05	16.487873077392578
Ġbecause	3724	 because	3	distilbert/distilgpt2	distilbert/distilgpt2	False	0.0012817766983062029	9.60763931274414
Ġshe	3724	 she	4	distilbert/distilgpt2	distilbert/distilgpt2	False	0.46094852685928345	1.1173224449157715
Sarah	3725	Sarah	0	distilbert/distilgpt2	distilbert/distilgpt2	False	1.0	0.0
Ġrelaxed	3725	 relaxed	1	distilbert/distilgpt2	distilbert/distilgpt2	False	5.647475376235889e-08	24.077817916870117
ĠMary	3725	 Mary	2	distilbert/distilgpt2	distilbert/distilgpt2	False	1.0978321370203048e-05	16.47498321533203
Ġbecause	3725	 because	3	distilbert/distilgpt2	distilbert/distilgpt2	False	0.0004196595400571823	11.21849250793457
Ġshe	3725	 she	4	distilbert/distilgpt2	distilbert/distilgpt2	False	0.4102165997028351	1.2855422496795654
John	3726	John	0	distilbert/distilgpt2	distilbert/distilgpt2	False	1.0	0.0
Ġrelaxed	3726	 relaxed	1	distilbert/distilgpt2	distilbert/distilgpt2	False	4.835215250409419e-08	24.30184555053711
ĠMary	3726	 Mary	2	distilbert/distilgpt2	distilbert/distilgpt2	False	7.850238034734502e-06	16.958831787109375
Ġbecause	3726	 because	3	distilbert/distilgpt2	distilbert/distilgpt2	False	0.0006779262912459671	10.526583671569824
Ġshe	3726	 she	4	distilbert/distilgpt2	distilbert/distilgpt2	False	0.411591112613678	1.2807163000106812
Sarah	3727	Sarah	0	distilbert/distilgpt2	distilbert/distilgpt2	False	1.0	0.0
Ġrelaxed	3727	 relaxed	1	distilbert/distilgpt2	distilbert/distilgpt2	False	5.647475376235889e-08	24.077817916870117
ĠMary	3727	 Mary	2	distilbert/distilgpt2	distilbert/distilgpt2	False	1.0978321370203048e-05	16.47498321533203
Ġbecause	3727	 because	3	distilbert/distilgpt2	distilbert/distilgpt2	False	0.0004196595400571823	11.21849250793457
Ġshe	3727	 she	4	distilbert/distilgpt2	distilbert/distilgpt2	False	0.4102165997028351	1.2855422496795654
David	3728	David	0	distilbert/distilgpt2	distilbert/distilgpt2	False	1.0	0.0
Ġrelaxed	3728	 relaxed	1	distilbert/distilgpt2	distilbert/distilgpt2	False	6.303615407432517e-08	23.91924476623535
ĠMary	3728	 Mary	2	distilbert/distilgpt2	distilbert/distilgpt2	False	5.020186563342577e-06	17.60382843017578
Ġbecause	3728	 because	3	distilbert/distilgpt2	distilbert/distilgpt2	False	0.0003929849772248417	11.313238143920898
Ġshe	3728	 she	4	distilbert/distilgpt2	distilbert/distilgpt2	False	0.3972235918045044	1.3319767713546753
John	3729	John	0	distilbert/distilgpt2	distilbert/distilgpt2	False	1.0	0.0
Ġrel	3729	 relished	1	distilbert/distilgpt2	distilbert/distilgpt2	False	4.168969383044896e-07	21.193805694580078
ished	3729	 relished	1	distilbert/distilgpt2	distilbert/distilgpt2	False	0.036324892193078995	4.782897472381592
ĠDavid	3729	 David	2	distilbert/distilgpt2	distilbert/distilgpt2	False	7.327236380660906e-05	13.736371040344238
Ġbecause	3729	 because	3	distilbert/distilgpt2	distilbert/distilgpt2	False	0.000223513605305925	12.127349853515625
Ġhe	3729	 he	4	distilbert/distilgpt2	distilbert/distilgpt2	False	0.42425793409347534	1.236986517906189
Mary	3730	Mary	0	distilbert/distilgpt2	distilbert/distilgpt2	False	1.0	0.0
Ġrel	3730	 relished	1	distilbert/distilgpt2	distilbert/distilgpt2	False	4.183630153420381e-07	21.18874168395996
ished	3730	 relished	1	distilbert/distilgpt2	distilbert/distilgpt2	False	0.03579315170645714	4.804172515869141
ĠDavid	3730	 David	2	distilbert/distilgpt2	distilbert/distilgpt2	False	7.358953007496893e-05	13.73013973236084
Ġbecause	3730	 because	3	distilbert/distilgpt2	distilbert/distilgpt2	False	0.00031047334778122604	11.653243064880371
Ġhe	3730	 he	4	distilbert/distilgpt2	distilbert/distilgpt2	False	0.4422180950641632	1.1771700382232666
John	3731	John	0	distilbert/distilgpt2	distilbert/distilgpt2	False	1.0	0.0
Ġrel	3731	 relished	1	distilbert/distilgpt2	distilbert/distilgpt2	False	4.168969383044896e-07	21.193805694580078
ished	3731	 relished	1	distilbert/distilgpt2	distilbert/distilgpt2	False	0.036324892193078995	4.782897472381592
ĠDavid	3731	 David	2	distilbert/distilgpt2	distilbert/distilgpt2	False	7.327236380660906e-05	13.736371040344238
Ġbecause	3731	 because	3	distilbert/distilgpt2	distilbert/distilgpt2	False	0.000223513605305925	12.127349853515625
Ġhe	3731	 he	4	distilbert/distilgpt2	distilbert/distilgpt2	False	0.42425793409347534	1.236986517906189
Sarah	3732	Sarah	0	distilbert/distilgpt2	distilbert/distilgpt2	False	1.0	0.0
Ġrel	3732	 relished	1	distilbert/distilgpt2	distilbert/distilgpt2	False	4.4981499058849295e-07	21.084165573120117
ished	3732	 relished	1	distilbert/distilgpt2	distilbert/distilgpt2	False	0.05033529922366142	4.312285900115967
ĠDavid	3732	 David	2	distilbert/distilgpt2	distilbert/distilgpt2	False	9.874743409454823e-05	13.30589771270752
Ġbecause	3732	 because	3	distilbert/distilgpt2	distilbert/distilgpt2	False	0.00033123770845122635	11.559845924377441
Ġhe	3732	 he	4	distilbert/distilgpt2	distilbert/distilgpt2	False	0.4566328525543213	1.1308934688568115
David	3733	David	0	distilbert/distilgpt2	distilbert/distilgpt2	False	1.0	0.0
Ġrel	3733	 relished	1	distilbert/distilgpt2	distilbert/distilgpt2	False	4.4285224021223257e-07	21.106670379638672
ished	3733	 relished	1	distilbert/distilgpt2	distilbert/distilgpt2	False	0.06865603476762772	3.8644697666168213
ĠJohn	3733	 John	2	distilbert/distilgpt2	distilbert/distilgpt2	False	0.00017056998331099749	12.517348289489746
Ġbecause	3733	 because	3	distilbert/distilgpt2	distilbert/distilgpt2	False	0.00017639780708122998	12.468879699707031
Ġhe	3733	 he	4	distilbert/distilgpt2	distilbert/distilgpt2	False	0.4522380828857422	1.1448456048965454
Mary	3734	Mary	0	distilbert/distilgpt2	distilbert/distilgpt2	False	1.0	0.0
Ġrel	3734	 relished	1	distilbert/distilgpt2	distilbert/distilgpt2	False	4.183630153420381e-07	21.18874168395996
ished	3734	 relished	1	distilbert/distilgpt2	distilbert/distilgpt2	False	0.03579315170645714	4.804172515869141
ĠJohn	3734	 John	2	distilbert/distilgpt2	distilbert/distilgpt2	False	0.00016854067507665604	12.534615516662598
Ġbecause	3734	 because	3	distilbert/distilgpt2	distilbert/distilgpt2	False	0.00023717866861261427	12.041738510131836
Ġhe	3734	 he	4	distilbert/distilgpt2	distilbert/distilgpt2	False	0.46598777174949646	1.1016360521316528
David	3735	David	0	distilbert/distilgpt2	distilbert/distilgpt2	False	1.0	0.0
Ġrel	3735	 relished	1	distilbert/distilgpt2	distilbert/distilgpt2	False	4.4285224021223257e-07	21.106670379638672
ished	3735	 relished	1	distilbert/distilgpt2	distilbert/distilgpt2	False	0.06865603476762772	3.8644697666168213
ĠJohn	3735	 John	2	distilbert/distilgpt2	distilbert/distilgpt2	False	0.00017056998331099749	12.517348289489746
Ġbecause	3735	 because	3	distilbert/distilgpt2	distilbert/distilgpt2	False	0.00017639780708122998	12.468879699707031
Ġhe	3735	 he	4	distilbert/distilgpt2	distilbert/distilgpt2	False	0.4522380828857422	1.1448456048965454
Sarah	3736	Sarah	0	distilbert/distilgpt2	distilbert/distilgpt2	False	1.0	0.0
Ġrel	3736	 relished	1	distilbert/distilgpt2	distilbert/distilgpt2	False	4.4981499058849295e-07	21.084165573120117
ished	3736	 relished	1	distilbert/distilgpt2	distilbert/distilgpt2	False	0.05033529922366142	4.312285900115967
ĠJohn	3736	 John	2	distilbert/distilgpt2	distilbert/distilgpt2	False	0.00015388758038170636	12.6658353805542
Ġbecause	3736	 because	3	distilbert/distilgpt2	distilbert/distilgpt2	False	0.00034911613329313695	11.484004974365234
Ġhe	3736	 he	4	distilbert/distilgpt2	distilbert/distilgpt2	False	0.45587706565856934	1.133283257484436
Mary	3737	Mary	0	distilbert/distilgpt2	distilbert/distilgpt2	False	1.0	0.0
Ġrel	3737	 relished	1	distilbert/distilgpt2	distilbert/distilgpt2	False	4.183630153420381e-07	21.18874168395996
ished	3737	 relished	1	distilbert/distilgpt2	distilbert/distilgpt2	False	0.03579315170645714	4.804172515869141
ĠSarah	3737	 Sarah	2	distilbert/distilgpt2	distilbert/distilgpt2	False	2.296473212481942e-05	15.4102201461792
Ġbecause	3737	 because	3	distilbert/distilgpt2	distilbert/distilgpt2	False	0.0009859155397862196	9.986248016357422
Ġshe	3737	 she	4	distilbert/distilgpt2	distilbert/distilgpt2	False	0.49346923828125	1.0189679861068726
John	3738	John	0	distilbert/distilgpt2	distilbert/distilgpt2	False	1.0	0.0
Ġrel	3738	 relished	1	distilbert/distilgpt2	distilbert/distilgpt2	False	4.168969383044896e-07	21.193805694580078
ished	3738	 relished	1	distilbert/distilgpt2	distilbert/distilgpt2	False	0.036324892193078995	4.782897472381592
ĠSarah	3738	 Sarah	2	distilbert/distilgpt2	distilbert/distilgpt2	False	1.6886220691958442e-05	15.85379409790039
Ġbecause	3738	 because	3	distilbert/distilgpt2	distilbert/distilgpt2	False	0.0005753340083174407	10.763312339782715
Ġshe	3738	 she	4	distilbert/distilgpt2	distilbert/distilgpt2	False	0.4397592842578888	1.1852140426635742
Mary	3739	Mary	0	distilbert/distilgpt2	distilbert/distilgpt2	False	1.0	0.0
Ġrel	3739	 relished	1	distilbert/distilgpt2	distilbert/distilgpt2	False	4.183630153420381e-07	21.18874168395996
ished	3739	 relished	1	distilbert/distilgpt2	distilbert/distilgpt2	False	0.03579315170645714	4.804172515869141
ĠSarah	3739	 Sarah	2	distilbert/distilgpt2	distilbert/distilgpt2	False	2.296473212481942e-05	15.4102201461792
Ġbecause	3739	 because	3	distilbert/distilgpt2	distilbert/distilgpt2	False	0.0009859155397862196	9.986248016357422
Ġshe	3739	 she	4	distilbert/distilgpt2	distilbert/distilgpt2	False	0.49346923828125	1.0189679861068726
David	3740	David	0	distilbert/distilgpt2	distilbert/distilgpt2	False	1.0	0.0
Ġrel	3740	 relished	1	distilbert/distilgpt2	distilbert/distilgpt2	False	4.4285224021223257e-07	21.106670379638672
ished	3740	 relished	1	distilbert/distilgpt2	distilbert/distilgpt2	False	0.06865603476762772	3.8644697666168213
ĠSarah	3740	 Sarah	2	distilbert/distilgpt2	distilbert/distilgpt2	False	2.4470693460898474e-05	15.318585395812988
Ġbecause	3740	 because	3	distilbert/distilgpt2	distilbert/distilgpt2	False	0.00045910172048024833	11.088898658752441
Ġshe	3740	 she	4	distilbert/distilgpt2	distilbert/distilgpt2	False	0.4675690829753876	1.0967485904693604
Sarah	3741	Sarah	0	distilbert/distilgpt2	distilbert/distilgpt2	False	1.0	0.0
Ġrel	3741	 relished	1	distilbert/distilgpt2	distilbert/distilgpt2	False	4.4981499058849295e-07	21.084165573120117
ished	3741	 relished	1	distilbert/distilgpt2	distilbert/distilgpt2	False	0.05033529922366142	4.312285900115967
ĠMary	3741	 Mary	2	distilbert/distilgpt2	distilbert/distilgpt2	False	3.843767990474589e-05	14.667119026184082
Ġbecause	3741	 because	3	distilbert/distilgpt2	distilbert/distilgpt2	False	0.00044397375313565135	11.137238502502441
Ġshe	3741	 she	4	distilbert/distilgpt2	distilbert/distilgpt2	False	0.43548932671546936	1.1992907524108887
John	3742	John	0	distilbert/distilgpt2	distilbert/distilgpt2	False	1.0	0.0
Ġrel	3742	 relished	1	distilbert/distilgpt2	distilbert/distilgpt2	False	4.168969383044896e-07	21.193805694580078
ished	3742	 relished	1	distilbert/distilgpt2	distilbert/distilgpt2	False	0.036324892193078995	4.782897472381592
ĠMary	3742	 Mary	2	distilbert/distilgpt2	distilbert/distilgpt2	False	2.414405025774613e-05	15.337972640991211
Ġbecause	3742	 because	3	distilbert/distilgpt2	distilbert/distilgpt2	False	0.0005156953120604157	10.92119312286377
Ġshe	3742	 she	4	distilbert/distilgpt2	distilbert/distilgpt2	False	0.42685654759407043	1.2281768321990967
Sarah	3743	Sarah	0	distilbert/distilgpt2	distilbert/distilgpt2	False	1.0	0.0
Ġrel	3743	 relished	1	distilbert/distilgpt2	distilbert/distilgpt2	False	4.4981499058849295e-07	21.084165573120117
ished	3743	 relished	1	distilbert/distilgpt2	distilbert/distilgpt2	False	0.05033529922366142	4.312285900115967
ĠMary	3743	 Mary	2	distilbert/distilgpt2	distilbert/distilgpt2	False	3.843767990474589e-05	14.667119026184082
Ġbecause	3743	 because	3	distilbert/distilgpt2	distilbert/distilgpt2	False	0.00044397375313565135	11.137238502502441
Ġshe	3743	 she	4	distilbert/distilgpt2	distilbert/distilgpt2	False	0.43548932671546936	1.1992907524108887
David	3744	David	0	distilbert/distilgpt2	distilbert/distilgpt2	False	1.0	0.0
Ġrel	3744	 relished	1	distilbert/distilgpt2	distilbert/distilgpt2	False	4.4285224021223257e-07	21.106670379638672
ished	3744	 relished	1	distilbert/distilgpt2	distilbert/distilgpt2	False	0.06865603476762772	3.8644697666168213
ĠMary	3744	 Mary	2	distilbert/distilgpt2	distilbert/distilgpt2	False	3.667661439976655e-05	14.734780311584473
Ġbecause	3744	 because	3	distilbert/distilgpt2	distilbert/distilgpt2	False	0.0003146115632262081	11.634140968322754
Ġshe	3744	 she	4	distilbert/distilgpt2	distilbert/distilgpt2	False	0.4428452253341675	1.1751255989074707
John	3745	John	0	distilbert/distilgpt2	distilbert/distilgpt2	False	1.0	0.0
Ġrem	3745	 remunerated	1	distilbert/distilgpt2	distilbert/distilgpt2	False	2.837064130289946e-07	21.74909782409668
uner	3745	 remunerated	1	distilbert/distilgpt2	distilbert/distilgpt2	False	0.015002073720097542	6.058694362640381
ated	3745	 remunerated	1	distilbert/distilgpt2	distilbert/distilgpt2	False	0.18100224435329437	2.4659206867218018
ĠDavid	3745	 David	2	distilbert/distilgpt2	distilbert/distilgpt2	False	0.0005084345466457307	10.941650390625
Ġbecause	3745	 because	3	distilbert/distilgpt2	distilbert/distilgpt2	False	0.00013442309864331037	12.860931396484375
Ġhe	3745	 he	4	distilbert/distilgpt2	distilbert/distilgpt2	False	0.4757010042667389	1.0718730688095093
Mary	3746	Mary	0	distilbert/distilgpt2	distilbert/distilgpt2	False	1.0	0.0
Ġrem	3746	 remunerated	1	distilbert/distilgpt2	distilbert/distilgpt2	False	3.714162346568628e-07	21.36046028137207
uner	3746	 remunerated	1	distilbert/distilgpt2	distilbert/distilgpt2	False	0.02203925885260105	5.503780364990234
ated	3746	 remunerated	1	distilbert/distilgpt2	distilbert/distilgpt2	False	0.07815682142972946	3.6774842739105225
ĠDavid	3746	 David	2	distilbert/distilgpt2	distilbert/distilgpt2	False	0.0001964831171790138	12.31330680847168
Ġbecause	3746	 because	3	distilbert/distilgpt2	distilbert/distilgpt2	False	0.00015704025281593204	12.636577606201172
Ġhe	3746	 he	4	distilbert/distilgpt2	distilbert/distilgpt2	False	0.46405306458473206	1.1076383590698242
John	3747	John	0	distilbert/distilgpt2	distilbert/distilgpt2	False	1.0	0.0
Ġrem	3747	 remunerated	1	distilbert/distilgpt2	distilbert/distilgpt2	False	2.837064130289946e-07	21.74909782409668
uner	3747	 remunerated	1	distilbert/distilgpt2	distilbert/distilgpt2	False	0.015002073720097542	6.058694362640381
ated	3747	 remunerated	1	distilbert/distilgpt2	distilbert/distilgpt2	False	0.18100224435329437	2.4659206867218018
ĠDavid	3747	 David	2	distilbert/distilgpt2	distilbert/distilgpt2	False	0.0005084345466457307	10.941650390625
Ġbecause	3747	 because	3	distilbert/distilgpt2	distilbert/distilgpt2	False	0.00013442309864331037	12.860931396484375
Ġhe	3747	 he	4	distilbert/distilgpt2	distilbert/distilgpt2	False	0.4757010042667389	1.0718730688095093
Sarah	3748	Sarah	0	distilbert/distilgpt2	distilbert/distilgpt2	False	1.0	0.0
Ġrem	3748	 remunerated	1	distilbert/distilgpt2	distilbert/distilgpt2	False	2.7287654802421457e-07	21.805248260498047
uner	3748	 remunerated	1	distilbert/distilgpt2	distilbert/distilgpt2	False	0.011429139412939548	6.451139450073242
ated	3748	 remunerated	1	distilbert/distilgpt2	distilbert/distilgpt2	False	0.23346401751041412	2.0987279415130615
ĠDavid	3748	 David	2	distilbert/distilgpt2	distilbert/distilgpt2	False	0.0003953779232688248	11.30448055267334
Ġbecause	3748	 because	3	distilbert/distilgpt2	distilbert/distilgpt2	False	0.0001180521649075672	13.048288345336914
Ġhe	3748	 he	4	distilbert/distilgpt2	distilbert/distilgpt2	False	0.4962160587310791	1.0109597444534302
David	3749	David	0	distilbert/distilgpt2	distilbert/distilgpt2	False	1.0	0.0
Ġrem	3749	 remunerated	1	distilbert/distilgpt2	distilbert/distilgpt2	False	2.635609916978865e-07	21.85536003112793
uner	3749	 remunerated	1	distilbert/distilgpt2	distilbert/distilgpt2	False	0.021237356588244438	5.557251930236816
ated	3749	 remunerated	1	distilbert/distilgpt2	distilbert/distilgpt2	False	0.1478133499622345	2.7581515312194824
ĠJohn	3749	 John	2	distilbert/distilgpt2	distilbert/distilgpt2	False	0.000658966600894928	10.567506790161133
Ġbecause	3749	 because	3	distilbert/distilgpt2	distilbert/distilgpt2	False	0.00018553341215010732	12.39603328704834
Ġhe	3749	 he	4	distilbert/distilgpt2	distilbert/distilgpt2	False	0.4979633390903473	1.00588858127594
Mary	3750	Mary	0	distilbert/distilgpt2	distilbert/distilgpt2	False	1.0	0.0
Ġrem	3750	 remunerated	1	distilbert/distilgpt2	distilbert/distilgpt2	False	3.714162346568628e-07	21.36046028137207
uner	3750	 remunerated	1	distilbert/distilgpt2	distilbert/distilgpt2	False	0.02203925885260105	5.503780364990234
ated	3750	 remunerated	1	distilbert/distilgpt2	distilbert/distilgpt2	False	0.07815682142972946	3.6774842739105225
ĠJohn	3750	 John	2	distilbert/distilgpt2	distilbert/distilgpt2	False	0.0003494042903184891	11.48281478881836
Ġbecause	3750	 because	3	distilbert/distilgpt2	distilbert/distilgpt2	False	0.00018642732175067067	12.38909912109375
Ġhe	3750	 he	4	distilbert/distilgpt2	distilbert/distilgpt2	False	0.4906831383705139	1.0271363258361816
David	3751	David	0	distilbert/distilgpt2	distilbert/distilgpt2	False	1.0	0.0
Ġrem	3751	 remunerated	1	distilbert/distilgpt2	distilbert/distilgpt2	False	2.635609916978865e-07	21.85536003112793
uner	3751	 remunerated	1	distilbert/distilgpt2	distilbert/distilgpt2	False	0.021237356588244438	5.557251930236816
ated	3751	 remunerated	1	distilbert/distilgpt2	distilbert/distilgpt2	False	0.1478133499622345	2.7581515312194824
ĠJohn	3751	 John	2	distilbert/distilgpt2	distilbert/distilgpt2	False	0.000658966600894928	10.567506790161133
Ġbecause	3751	 because	3	distilbert/distilgpt2	distilbert/distilgpt2	False	0.00018553341215010732	12.39603328704834
Ġhe	3751	 he	4	distilbert/distilgpt2	distilbert/distilgpt2	False	0.4979633390903473	1.00588858127594
Sarah	3752	Sarah	0	distilbert/distilgpt2	distilbert/distilgpt2	False	1.0	0.0
Ġrem	3752	 remunerated	1	distilbert/distilgpt2	distilbert/distilgpt2	False	2.7287654802421457e-07	21.805248260498047
uner	3752	 remunerated	1	distilbert/distilgpt2	distilbert/distilgpt2	False	0.011429139412939548	6.451139450073242
ated	3752	 remunerated	1	distilbert/distilgpt2	distilbert/distilgpt2	False	0.23346401751041412	2.0987279415130615
ĠJohn	3752	 John	2	distilbert/distilgpt2	distilbert/distilgpt2	False	0.00045757167390547693	11.093714714050293
Ġbecause	3752	 because	3	distilbert/distilgpt2	distilbert/distilgpt2	False	0.00024227536050602794	12.011064529418945
Ġhe	3752	 he	4	distilbert/distilgpt2	distilbert/distilgpt2	False	0.5055904984474182	0.9839587211608887
Mary	3753	Mary	0	distilbert/distilgpt2	distilbert/distilgpt2	False	1.0	0.0
Ġrem	3753	 remunerated	1	distilbert/distilgpt2	distilbert/distilgpt2	False	3.714162346568628e-07	21.36046028137207
uner	3753	 remunerated	1	distilbert/distilgpt2	distilbert/distilgpt2	False	0.02203925885260105	5.503780364990234
ated	3753	 remunerated	1	distilbert/distilgpt2	distilbert/distilgpt2	False	0.07815682142972946	3.6774842739105225
ĠSarah	3753	 Sarah	2	distilbert/distilgpt2	distilbert/distilgpt2	False	1.780977072485257e-05	15.776971817016602
Ġbecause	3753	 because	3	distilbert/distilgpt2	distilbert/distilgpt2	False	0.000496320950333029	10.976439476013184
Ġshe	3753	 she	4	distilbert/distilgpt2	distilbert/distilgpt2	False	0.5497003793716431	0.8632826209068298
John	3754	John	0	distilbert/distilgpt2	distilbert/distilgpt2	False	1.0	0.0
Ġrem	3754	 remunerated	1	distilbert/distilgpt2	distilbert/distilgpt2	False	2.837064130289946e-07	21.74909782409668
uner	3754	 remunerated	1	distilbert/distilgpt2	distilbert/distilgpt2	False	0.015002073720097542	6.058694362640381
ated	3754	 remunerated	1	distilbert/distilgpt2	distilbert/distilgpt2	False	0.18100224435329437	2.4659206867218018
ĠSarah	3754	 Sarah	2	distilbert/distilgpt2	distilbert/distilgpt2	False	2.690906148927752e-05	15.181548118591309
Ġbecause	3754	 because	3	distilbert/distilgpt2	distilbert/distilgpt2	False	0.0003617921029217541	11.432551383972168
Ġshe	3754	 she	4	distilbert/distilgpt2	distilbert/distilgpt2	False	0.5381500124931335	0.8939197063446045
Mary	3755	Mary	0	distilbert/distilgpt2	distilbert/distilgpt2	False	1.0	0.0
Ġrem	3755	 remunerated	1	distilbert/distilgpt2	distilbert/distilgpt2	False	3.714162346568628e-07	21.36046028137207
uner	3755	 remunerated	1	distilbert/distilgpt2	distilbert/distilgpt2	False	0.02203925885260105	5.503780364990234
ated	3755	 remunerated	1	distilbert/distilgpt2	distilbert/distilgpt2	False	0.07815682142972946	3.6774842739105225
ĠSarah	3755	 Sarah	2	distilbert/distilgpt2	distilbert/distilgpt2	False	1.780977072485257e-05	15.776971817016602
Ġbecause	3755	 because	3	distilbert/distilgpt2	distilbert/distilgpt2	False	0.000496320950333029	10.976439476013184
Ġshe	3755	 she	4	distilbert/distilgpt2	distilbert/distilgpt2	False	0.5497003793716431	0.8632826209068298
David	3756	David	0	distilbert/distilgpt2	distilbert/distilgpt2	False	1.0	0.0
Ġrem	3756	 remunerated	1	distilbert/distilgpt2	distilbert/distilgpt2	False	2.635609916978865e-07	21.85536003112793
uner	3756	 remunerated	1	distilbert/distilgpt2	distilbert/distilgpt2	False	0.021237356588244438	5.557251930236816
ated	3756	 remunerated	1	distilbert/distilgpt2	distilbert/distilgpt2	False	0.1478133499622345	2.7581515312194824
ĠSarah	3756	 Sarah	2	distilbert/distilgpt2	distilbert/distilgpt2	False	2.5665398425189778e-05	15.249815940856934
Ġbecause	3756	 because	3	distilbert/distilgpt2	distilbert/distilgpt2	False	0.00028430946986190975	11.780250549316406
Ġshe	3756	 she	4	distilbert/distilgpt2	distilbert/distilgpt2	False	0.5417604446411133	0.8842730522155762
Sarah	3757	Sarah	0	distilbert/distilgpt2	distilbert/distilgpt2	False	1.0	0.0
Ġrem	3757	 remunerated	1	distilbert/distilgpt2	distilbert/distilgpt2	False	2.7287654802421457e-07	21.805248260498047
uner	3757	 remunerated	1	distilbert/distilgpt2	distilbert/distilgpt2	False	0.011429139412939548	6.451139450073242
ated	3757	 remunerated	1	distilbert/distilgpt2	distilbert/distilgpt2	False	0.23346401751041412	2.0987279415130615
ĠMary	3757	 Mary	2	distilbert/distilgpt2	distilbert/distilgpt2	False	0.00010888114775298163	13.164958000183105
Ġbecause	3757	 because	3	distilbert/distilgpt2	distilbert/distilgpt2	False	0.00020395989122334868	12.259427070617676
Ġshe	3757	 she	4	distilbert/distilgpt2	distilbert/distilgpt2	False	0.49068862199783325	1.0271203517913818
John	3758	John	0	distilbert/distilgpt2	distilbert/distilgpt2	False	1.0	0.0
Ġrem	3758	 remunerated	1	distilbert/distilgpt2	distilbert/distilgpt2	False	2.837064130289946e-07	21.74909782409668
uner	3758	 remunerated	1	distilbert/distilgpt2	distilbert/distilgpt2	False	0.015002073720097542	6.058694362640381
ated	3758	 remunerated	1	distilbert/distilgpt2	distilbert/distilgpt2	False	0.18100224435329437	2.4659206867218018
ĠMary	3758	 Mary	2	distilbert/distilgpt2	distilbert/distilgpt2	False	0.0001277389528695494	12.934514045715332
Ġbecause	3758	 because	3	distilbert/distilgpt2	distilbert/distilgpt2	False	0.0002649191301316023	11.882160186767578
Ġshe	3758	 she	4	distilbert/distilgpt2	distilbert/distilgpt2	False	0.48209673166275024	1.0526055097579956
Sarah	3759	Sarah	0	distilbert/distilgpt2	distilbert/distilgpt2	False	1.0	0.0
Ġrem	3759	 remunerated	1	distilbert/distilgpt2	distilbert/distilgpt2	False	2.7287654802421457e-07	21.805248260498047
uner	3759	 remunerated	1	distilbert/distilgpt2	distilbert/distilgpt2	False	0.011429139412939548	6.451139450073242
ated	3759	 remunerated	1	distilbert/distilgpt2	distilbert/distilgpt2	False	0.23346401751041412	2.0987279415130615
ĠMary	3759	 Mary	2	distilbert/distilgpt2	distilbert/distilgpt2	False	0.00010888114775298163	13.164958000183105
Ġbecause	3759	 because	3	distilbert/distilgpt2	distilbert/distilgpt2	False	0.00020395989122334868	12.259427070617676
Ġshe	3759	 she	4	distilbert/distilgpt2	distilbert/distilgpt2	False	0.49068862199783325	1.0271203517913818
David	3760	David	0	distilbert/distilgpt2	distilbert/distilgpt2	False	1.0	0.0
Ġrem	3760	 remunerated	1	distilbert/distilgpt2	distilbert/distilgpt2	False	2.635609916978865e-07	21.85536003112793
uner	3760	 remunerated	1	distilbert/distilgpt2	distilbert/distilgpt2	False	0.021237356588244438	5.557251930236816
ated	3760	 remunerated	1	distilbert/distilgpt2	distilbert/distilgpt2	False	0.1478133499622345	2.7581515312194824
ĠMary	3760	 Mary	2	distilbert/distilgpt2	distilbert/distilgpt2	False	0.00011638819705694914	13.068767547607422
Ġbecause	3760	 because	3	distilbert/distilgpt2	distilbert/distilgpt2	False	0.00014737829042132944	12.728188514709473
Ġshe	3760	 she	4	distilbert/distilgpt2	distilbert/distilgpt2	False	0.48802441358566284	1.0349746942520142
John	3761	John	0	distilbert/distilgpt2	distilbert/distilgpt2	False	1.0	0.0
Ġrepaid	3761	 repaid	1	distilbert/distilgpt2	distilbert/distilgpt2	False	1.854014364255363e-08	25.684772491455078
ĠDavid	3761	 David	2	distilbert/distilgpt2	distilbert/distilgpt2	False	9.677055641077459e-05	13.33507251739502
Ġbecause	3761	 because	3	distilbert/distilgpt2	distilbert/distilgpt2	False	0.00044769427040591836	11.125198364257812
Ġhe	3761	 he	4	distilbert/distilgpt2	distilbert/distilgpt2	False	0.4325183928012848	1.2091666460037231
Mary	3762	Mary	0	distilbert/distilgpt2	distilbert/distilgpt2	False	1.0	0.0
Ġrepaid	3762	 repaid	1	distilbert/distilgpt2	distilbert/distilgpt2	False	2.585681357913927e-08	25.204879760742188
ĠDavid	3762	 David	2	distilbert/distilgpt2	distilbert/distilgpt2	False	8.604209870100021e-05	13.504597663879395
Ġbecause	3762	 because	3	distilbert/distilgpt2	distilbert/distilgpt2	False	0.00045519741252064705	11.10122013092041
Ġhe	3762	 he	4	distilbert/distilgpt2	distilbert/distilgpt2	False	0.41684046387672424	1.2624328136444092
John	3763	John	0	distilbert/distilgpt2	distilbert/distilgpt2	False	1.0	0.0
Ġrepaid	3763	 repaid	1	distilbert/distilgpt2	distilbert/distilgpt2	False	1.854014364255363e-08	25.684772491455078
ĠDavid	3763	 David	2	distilbert/distilgpt2	distilbert/distilgpt2	False	9.677055641077459e-05	13.33507251739502
Ġbecause	3763	 because	3	distilbert/distilgpt2	distilbert/distilgpt2	False	0.00044769427040591836	11.125198364257812
Ġhe	3763	 he	4	distilbert/distilgpt2	distilbert/distilgpt2	False	0.4325183928012848	1.2091666460037231
Sarah	3764	Sarah	0	distilbert/distilgpt2	distilbert/distilgpt2	False	1.0	0.0
Ġrepaid	3764	 repaid	1	distilbert/distilgpt2	distilbert/distilgpt2	False	2.0764886698998453e-08	25.521278381347656
ĠDavid	3764	 David	2	distilbert/distilgpt2	distilbert/distilgpt2	False	0.0001127704163081944	13.114323616027832
Ġbecause	3764	 because	3	distilbert/distilgpt2	distilbert/distilgpt2	False	0.0003807706234510988	11.358790397644043
Ġhe	3764	 he	4	distilbert/distilgpt2	distilbert/distilgpt2	False	0.4380355477333069	1.1908801794052124
David	3765	David	0	distilbert/distilgpt2	distilbert/distilgpt2	False	1.0	0.0
Ġrepaid	3765	 repaid	1	distilbert/distilgpt2	distilbert/distilgpt2	False	2.1770505398421847e-08	25.45305061340332
ĠJohn	3765	 John	2	distilbert/distilgpt2	distilbert/distilgpt2	False	0.00017949138418771327	12.443798065185547
Ġbecause	3765	 because	3	distilbert/distilgpt2	distilbert/distilgpt2	False	0.0007953082676976919	10.296197891235352
Ġhe	3765	 he	4	distilbert/distilgpt2	distilbert/distilgpt2	False	0.4184262752532959	1.2569546699523926
Mary	3766	Mary	0	distilbert/distilgpt2	distilbert/distilgpt2	False	1.0	0.0
Ġrepaid	3766	 repaid	1	distilbert/distilgpt2	distilbert/distilgpt2	False	2.585681357913927e-08	25.204879760742188
ĠJohn	3766	 John	2	distilbert/distilgpt2	distilbert/distilgpt2	False	0.00018401865963824093	12.40786075592041
Ġbecause	3766	 because	3	distilbert/distilgpt2	distilbert/distilgpt2	False	0.0010343566536903381	9.9170503616333
Ġhe	3766	 he	4	distilbert/distilgpt2	distilbert/distilgpt2	False	0.42910054326057434	1.2206124067306519
David	3767	David	0	distilbert/distilgpt2	distilbert/distilgpt2	False	1.0	0.0
Ġrepaid	3767	 repaid	1	distilbert/distilgpt2	distilbert/distilgpt2	False	2.1770505398421847e-08	25.45305061340332
ĠJohn	3767	 John	2	distilbert/distilgpt2	distilbert/distilgpt2	False	0.00017949138418771327	12.443798065185547
Ġbecause	3767	 because	3	distilbert/distilgpt2	distilbert/distilgpt2	False	0.0007953082676976919	10.296197891235352
Ġhe	3767	 he	4	distilbert/distilgpt2	distilbert/distilgpt2	False	0.4184262752532959	1.2569546699523926
Sarah	3768	Sarah	0	distilbert/distilgpt2	distilbert/distilgpt2	False	1.0	0.0
Ġrepaid	3768	 repaid	1	distilbert/distilgpt2	distilbert/distilgpt2	False	2.0764886698998453e-08	25.521278381347656
ĠJohn	3768	 John	2	distilbert/distilgpt2	distilbert/distilgpt2	False	0.00018109144002664834	12.430994033813477
Ġbecause	3768	 because	3	distilbert/distilgpt2	distilbert/distilgpt2	False	0.0014755662996321917	9.404515266418457
Ġhe	3768	 he	4	distilbert/distilgpt2	distilbert/distilgpt2	False	0.4268912374973297	1.2280595302581787
Mary	3769	Mary	0	distilbert/distilgpt2	distilbert/distilgpt2	False	1.0	0.0
Ġrepaid	3769	 repaid	1	distilbert/distilgpt2	distilbert/distilgpt2	False	2.585681357913927e-08	25.204879760742188
ĠSarah	3769	 Sarah	2	distilbert/distilgpt2	distilbert/distilgpt2	False	8.322924259118736e-06	16.87447738647461
Ġbecause	3769	 because	3	distilbert/distilgpt2	distilbert/distilgpt2	False	0.0019950743298977613	8.969341278076172
Ġshe	3769	 she	4	distilbert/distilgpt2	distilbert/distilgpt2	False	0.49905458092689514	1.0027304887771606
John	3770	John	0	distilbert/distilgpt2	distilbert/distilgpt2	False	1.0	0.0
Ġrepaid	3770	 repaid	1	distilbert/distilgpt2	distilbert/distilgpt2	False	1.854014364255363e-08	25.684772491455078
ĠSarah	3770	 Sarah	2	distilbert/distilgpt2	distilbert/distilgpt2	False	7.3164169407391455e-06	17.0604305267334
Ġbecause	3770	 because	3	distilbert/distilgpt2	distilbert/distilgpt2	False	0.0015280530788004398	9.354089736938477
Ġshe	3770	 she	4	distilbert/distilgpt2	distilbert/distilgpt2	False	0.503503143787384	0.9899272918701172
Mary	3771	Mary	0	distilbert/distilgpt2	distilbert/distilgpt2	False	1.0	0.0
Ġrepaid	3771	 repaid	1	distilbert/distilgpt2	distilbert/distilgpt2	False	2.585681357913927e-08	25.204879760742188
ĠSarah	3771	 Sarah	2	distilbert/distilgpt2	distilbert/distilgpt2	False	8.322924259118736e-06	16.87447738647461
Ġbecause	3771	 because	3	distilbert/distilgpt2	distilbert/distilgpt2	False	0.0019950743298977613	8.969341278076172
Ġshe	3771	 she	4	distilbert/distilgpt2	distilbert/distilgpt2	False	0.49905458092689514	1.0027304887771606
David	3772	David	0	distilbert/distilgpt2	distilbert/distilgpt2	False	1.0	0.0
Ġrepaid	3772	 repaid	1	distilbert/distilgpt2	distilbert/distilgpt2	False	2.1770505398421847e-08	25.45305061340332
ĠSarah	3772	 Sarah	2	distilbert/distilgpt2	distilbert/distilgpt2	False	7.498568720620824e-06	17.024953842163086
Ġbecause	3772	 because	3	distilbert/distilgpt2	distilbert/distilgpt2	False	0.0009028376662172377	10.113245964050293
Ġshe	3772	 she	4	distilbert/distilgpt2	distilbert/distilgpt2	False	0.4983571767807007	1.004747986793518
Sarah	3773	Sarah	0	distilbert/distilgpt2	distilbert/distilgpt2	False	1.0	0.0
Ġrepaid	3773	 repaid	1	distilbert/distilgpt2	distilbert/distilgpt2	False	2.0764886698998453e-08	25.521278381347656
ĠMary	3773	 Mary	2	distilbert/distilgpt2	distilbert/distilgpt2	False	4.978414290235378e-05	14.293953895568848
Ġbecause	3773	 because	3	distilbert/distilgpt2	distilbert/distilgpt2	False	0.001150087104178965	9.76404094696045
Ġshe	3773	 she	4	distilbert/distilgpt2	distilbert/distilgpt2	False	0.4475735127925873	1.1598035097122192
John	3774	John	0	distilbert/distilgpt2	distilbert/distilgpt2	False	1.0	0.0
Ġrepaid	3774	 repaid	1	distilbert/distilgpt2	distilbert/distilgpt2	False	1.854014364255363e-08	25.684772491455078
ĠMary	3774	 Mary	2	distilbert/distilgpt2	distilbert/distilgpt2	False	3.567357634892687e-05	14.774785041809082
Ġbecause	3774	 because	3	distilbert/distilgpt2	distilbert/distilgpt2	False	0.0016585863195359707	9.235830307006836
Ġshe	3774	 she	4	distilbert/distilgpt2	distilbert/distilgpt2	False	0.45501425862312317	1.1360163688659668
Sarah	3775	Sarah	0	distilbert/distilgpt2	distilbert/distilgpt2	False	1.0	0.0
Ġrepaid	3775	 repaid	1	distilbert/distilgpt2	distilbert/distilgpt2	False	2.0764886698998453e-08	25.521278381347656
ĠMary	3775	 Mary	2	distilbert/distilgpt2	distilbert/distilgpt2	False	4.978414290235378e-05	14.293953895568848
Ġbecause	3775	 because	3	distilbert/distilgpt2	distilbert/distilgpt2	False	0.001150087104178965	9.76404094696045
Ġshe	3775	 she	4	distilbert/distilgpt2	distilbert/distilgpt2	False	0.4475735127925873	1.1598035097122192
David	3776	David	0	distilbert/distilgpt2	distilbert/distilgpt2	False	1.0	0.0
Ġrepaid	3776	 repaid	1	distilbert/distilgpt2	distilbert/distilgpt2	False	2.1770505398421847e-08	25.45305061340332
ĠMary	3776	 Mary	2	distilbert/distilgpt2	distilbert/distilgpt2	False	3.392310463823378e-05	14.847372055053711
Ġbecause	3776	 because	3	distilbert/distilgpt2	distilbert/distilgpt2	False	0.0007073847809806466	10.465217590332031
Ġshe	3776	 she	4	distilbert/distilgpt2	distilbert/distilgpt2	False	0.4401808977127075	1.1838315725326538
John	3777	John	0	distilbert/distilgpt2	distilbert/distilgpt2	False	1.0	0.0
Ġrepe	3777	 repelled	1	distilbert/distilgpt2	distilbert/distilgpt2	False	4.937147135564146e-09	27.59367561340332
lled	3777	 repelled	1	distilbert/distilgpt2	distilbert/distilgpt2	False	0.4690466523170471	1.0921967029571533
ĠDavid	3777	 David	2	distilbert/distilgpt2	distilbert/distilgpt2	False	0.00017228658543899655	12.502902030944824
Ġbecause	3777	 because	3	distilbert/distilgpt2	distilbert/distilgpt2	False	5.505549052031711e-05	14.148754119873047
Ġhe	3777	 he	4	distilbert/distilgpt2	distilbert/distilgpt2	False	0.3783682584762573	1.402137041091919
Mary	3778	Mary	0	distilbert/distilgpt2	distilbert/distilgpt2	False	1.0	0.0
Ġrepe	3778	 repelled	1	distilbert/distilgpt2	distilbert/distilgpt2	False	6.2899090380597045e-09	27.244314193725586
lled	3778	 repelled	1	distilbert/distilgpt2	distilbert/distilgpt2	False	0.32194337248802185	1.63512122631073
ĠDavid	3778	 David	2	distilbert/distilgpt2	distilbert/distilgpt2	False	9.930101077770814e-05	13.297831535339355
Ġbecause	3778	 because	3	distilbert/distilgpt2	distilbert/distilgpt2	False	0.0001607846061233431	12.602582931518555
Ġhe	3778	 he	4	distilbert/distilgpt2	distilbert/distilgpt2	False	0.36938488483428955	1.4368033409118652
John	3779	John	0	distilbert/distilgpt2	distilbert/distilgpt2	False	1.0	0.0
Ġrepe	3779	 repelled	1	distilbert/distilgpt2	distilbert/distilgpt2	False	4.937147135564146e-09	27.59367561340332
lled	3779	 repelled	1	distilbert/distilgpt2	distilbert/distilgpt2	False	0.4690466523170471	1.0921967029571533
ĠDavid	3779	 David	2	distilbert/distilgpt2	distilbert/distilgpt2	False	0.00017228658543899655	12.502902030944824
Ġbecause	3779	 because	3	distilbert/distilgpt2	distilbert/distilgpt2	False	5.505549052031711e-05	14.148754119873047
Ġhe	3779	 he	4	distilbert/distilgpt2	distilbert/distilgpt2	False	0.3783682584762573	1.402137041091919
Sarah	3780	Sarah	0	distilbert/distilgpt2	distilbert/distilgpt2	False	1.0	0.0
Ġrepe	3780	 repelled	1	distilbert/distilgpt2	distilbert/distilgpt2	False	5.825497861877693e-09	27.354970932006836
lled	3780	 repelled	1	distilbert/distilgpt2	distilbert/distilgpt2	False	0.43648844957351685	1.1959846019744873
ĠDavid	3780	 David	2	distilbert/distilgpt2	distilbert/distilgpt2	False	0.00018202123465016484	12.423605918884277
Ġbecause	3780	 because	3	distilbert/distilgpt2	distilbert/distilgpt2	False	4.451922723092139e-05	14.455211639404297
Ġhe	3780	 he	4	distilbert/distilgpt2	distilbert/distilgpt2	False	0.3905215859413147	1.3565258979797363
David	3781	David	0	distilbert/distilgpt2	distilbert/distilgpt2	False	1.0	0.0
Ġrepe	3781	 repelled	1	distilbert/distilgpt2	distilbert/distilgpt2	False	5.468510533290782e-09	27.446205139160156
lled	3781	 repelled	1	distilbert/distilgpt2	distilbert/distilgpt2	False	0.6646976470947266	0.589229941368103
ĠJohn	3781	 John	2	distilbert/distilgpt2	distilbert/distilgpt2	False	0.0003658463538158685	11.416474342346191
Ġbecause	3781	 because	3	distilbert/distilgpt2	distilbert/distilgpt2	False	7.289648056030273e-05	13.743791580200195
Ġhe	3781	 he	4	distilbert/distilgpt2	distilbert/distilgpt2	False	0.3696039617061615	1.4359478950500488
Mary	3782	Mary	0	distilbert/distilgpt2	distilbert/distilgpt2	False	1.0	0.0
Ġrepe	3782	 repelled	1	distilbert/distilgpt2	distilbert/distilgpt2	False	6.2899090380597045e-09	27.244314193725586
lled	3782	 repelled	1	distilbert/distilgpt2	distilbert/distilgpt2	False	0.32194337248802185	1.63512122631073
ĠJohn	3782	 John	2	distilbert/distilgpt2	distilbert/distilgpt2	False	0.00022926862584427	12.090673446655273
Ġbecause	3782	 because	3	distilbert/distilgpt2	distilbert/distilgpt2	False	0.0002855322090908885	11.774059295654297
Ġhe	3782	 he	4	distilbert/distilgpt2	distilbert/distilgpt2	False	0.38241133093833923	1.3868029117584229
David	3783	David	0	distilbert/distilgpt2	distilbert/distilgpt2	False	1.0	0.0
Ġrepe	3783	 repelled	1	distilbert/distilgpt2	distilbert/distilgpt2	False	5.468510533290782e-09	27.446205139160156
lled	3783	 repelled	1	distilbert/distilgpt2	distilbert/distilgpt2	False	0.6646976470947266	0.589229941368103
ĠJohn	3783	 John	2	distilbert/distilgpt2	distilbert/distilgpt2	False	0.0003658463538158685	11.416474342346191
Ġbecause	3783	 because	3	distilbert/distilgpt2	distilbert/distilgpt2	False	7.289648056030273e-05	13.743791580200195
Ġhe	3783	 he	4	distilbert/distilgpt2	distilbert/distilgpt2	False	0.3696039617061615	1.4359478950500488
Sarah	3784	Sarah	0	distilbert/distilgpt2	distilbert/distilgpt2	False	1.0	0.0
Ġrepe	3784	 repelled	1	distilbert/distilgpt2	distilbert/distilgpt2	False	5.825497861877693e-09	27.354970932006836
lled	3784	 repelled	1	distilbert/distilgpt2	distilbert/distilgpt2	False	0.43648844957351685	1.1959846019744873
ĠJohn	3784	 John	2	distilbert/distilgpt2	distilbert/distilgpt2	False	0.00034476545988582075	11.502097129821777
Ġbecause	3784	 because	3	distilbert/distilgpt2	distilbert/distilgpt2	False	0.00018908720812760293	12.368660926818848
Ġhe	3784	 he	4	distilbert/distilgpt2	distilbert/distilgpt2	False	0.37490299344062805	1.4154107570648193
Mary	3785	Mary	0	distilbert/distilgpt2	distilbert/distilgpt2	False	1.0	0.0
Ġrepe	3785	 repelled	1	distilbert/distilgpt2	distilbert/distilgpt2	False	6.2899090380597045e-09	27.244314193725586
lled	3785	 repelled	1	distilbert/distilgpt2	distilbert/distilgpt2	False	0.32194337248802185	1.63512122631073
ĠSarah	3785	 Sarah	2	distilbert/distilgpt2	distilbert/distilgpt2	False	2.1862022549612448e-05	15.481213569641113
Ġbecause	3785	 because	3	distilbert/distilgpt2	distilbert/distilgpt2	False	0.00106094463262707	9.8804349899292
Ġshe	3785	 she	4	distilbert/distilgpt2	distilbert/distilgpt2	False	0.38986822962760925	1.3589415550231934
John	3786	John	0	distilbert/distilgpt2	distilbert/distilgpt2	False	1.0	0.0
Ġrepe	3786	 repelled	1	distilbert/distilgpt2	distilbert/distilgpt2	False	4.937147135564146e-09	27.59367561340332
lled	3786	 repelled	1	distilbert/distilgpt2	distilbert/distilgpt2	False	0.4690466523170471	1.0921967029571533
ĠSarah	3786	 Sarah	2	distilbert/distilgpt2	distilbert/distilgpt2	False	2.7884007067768835e-05	15.130202293395996
Ġbecause	3786	 because	3	distilbert/distilgpt2	distilbert/distilgpt2	False	0.0003270719025749713	11.578104972839355
Ġshe	3786	 she	4	distilbert/distilgpt2	distilbert/distilgpt2	False	0.38337209820747375	1.3831827640533447
Mary	3787	Mary	0	distilbert/distilgpt2	distilbert/distilgpt2	False	1.0	0.0
Ġrepe	3787	 repelled	1	distilbert/distilgpt2	distilbert/distilgpt2	False	6.2899090380597045e-09	27.244314193725586
lled	3787	 repelled	1	distilbert/distilgpt2	distilbert/distilgpt2	False	0.32194337248802185	1.63512122631073
ĠSarah	3787	 Sarah	2	distilbert/distilgpt2	distilbert/distilgpt2	False	2.1862022549612448e-05	15.481213569641113
Ġbecause	3787	 because	3	distilbert/distilgpt2	distilbert/distilgpt2	False	0.00106094463262707	9.8804349899292
Ġshe	3787	 she	4	distilbert/distilgpt2	distilbert/distilgpt2	False	0.38986822962760925	1.3589415550231934
David	3788	David	0	distilbert/distilgpt2	distilbert/distilgpt2	False	1.0	0.0
Ġrepe	3788	 repelled	1	distilbert/distilgpt2	distilbert/distilgpt2	False	5.468510533290782e-09	27.446205139160156
lled	3788	 repelled	1	distilbert/distilgpt2	distilbert/distilgpt2	False	0.6646976470947266	0.589229941368103
ĠSarah	3788	 Sarah	2	distilbert/distilgpt2	distilbert/distilgpt2	False	2.5370331059093587e-05	15.266498565673828
Ġbecause	3788	 because	3	distilbert/distilgpt2	distilbert/distilgpt2	False	0.00011151251965202391	13.13050651550293
Ġshe	3788	 she	4	distilbert/distilgpt2	distilbert/distilgpt2	False	0.3727473318576813	1.4237301349639893
Sarah	3789	Sarah	0	distilbert/distilgpt2	distilbert/distilgpt2	False	1.0	0.0
Ġrepe	3789	 repelled	1	distilbert/distilgpt2	distilbert/distilgpt2	False	5.825497861877693e-09	27.354970932006836
lled	3789	 repelled	1	distilbert/distilgpt2	distilbert/distilgpt2	False	0.43648844957351685	1.1959846019744873
ĠMary	3789	 Mary	2	distilbert/distilgpt2	distilbert/distilgpt2	False	6.0938316892134026e-05	14.002290725708008
Ġbecause	3789	 because	3	distilbert/distilgpt2	distilbert/distilgpt2	False	0.0011181330773979425	9.804692268371582
Ġshe	3789	 she	4	distilbert/distilgpt2	distilbert/distilgpt2	False	0.3199187219142914	1.6442227363586426
John	3790	John	0	distilbert/distilgpt2	distilbert/distilgpt2	False	1.0	0.0
Ġrepe	3790	 repelled	1	distilbert/distilgpt2	distilbert/distilgpt2	False	4.937147135564146e-09	27.59367561340332
lled	3790	 repelled	1	distilbert/distilgpt2	distilbert/distilgpt2	False	0.4690466523170471	1.0921967029571533
ĠMary	3790	 Mary	2	distilbert/distilgpt2	distilbert/distilgpt2	False	4.703266313299537e-05	14.375977516174316
Ġbecause	3790	 because	3	distilbert/distilgpt2	distilbert/distilgpt2	False	0.0017437681090086699	9.163576126098633
Ġshe	3790	 she	4	distilbert/distilgpt2	distilbert/distilgpt2	False	0.33233213424682617	1.5893023014068604
Sarah	3791	Sarah	0	distilbert/distilgpt2	distilbert/distilgpt2	False	1.0	0.0
Ġrepe	3791	 repelled	1	distilbert/distilgpt2	distilbert/distilgpt2	False	5.825497861877693e-09	27.354970932006836
lled	3791	 repelled	1	distilbert/distilgpt2	distilbert/distilgpt2	False	0.43648844957351685	1.1959846019744873
ĠMary	3791	 Mary	2	distilbert/distilgpt2	distilbert/distilgpt2	False	6.0938316892134026e-05	14.002290725708008
Ġbecause	3791	 because	3	distilbert/distilgpt2	distilbert/distilgpt2	False	0.0011181330773979425	9.804692268371582
Ġshe	3791	 she	4	distilbert/distilgpt2	distilbert/distilgpt2	False	0.3199187219142914	1.6442227363586426
David	3792	David	0	distilbert/distilgpt2	distilbert/distilgpt2	False	1.0	0.0
Ġrepe	3792	 repelled	1	distilbert/distilgpt2	distilbert/distilgpt2	False	5.468510533290782e-09	27.446205139160156
lled	3792	 repelled	1	distilbert/distilgpt2	distilbert/distilgpt2	False	0.6646976470947266	0.589229941368103
ĠMary	3792	 Mary	2	distilbert/distilgpt2	distilbert/distilgpt2	False	4.204136348562315e-05	14.53783130645752
Ġbecause	3792	 because	3	distilbert/distilgpt2	distilbert/distilgpt2	False	0.0006214790046215057	10.652007102966309
Ġshe	3792	 she	4	distilbert/distilgpt2	distilbert/distilgpt2	False	0.3241271376609802	1.625368356704712
John	3793	John	0	distilbert/distilgpt2	distilbert/distilgpt2	False	1.0	0.0
Ġreprim	3793	 reprimanded	1	distilbert/distilgpt2	distilbert/distilgpt2	False	2.6229194372007214e-09	28.506179809570312
anded	3793	 reprimanded	1	distilbert/distilgpt2	distilbert/distilgpt2	False	0.7257875204086304	0.46238091588020325
ĠDavid	3793	 David	2	distilbert/distilgpt2	distilbert/distilgpt2	False	0.0008355173049494624	10.225042343139648
Ġbecause	3793	 because	3	distilbert/distilgpt2	distilbert/distilgpt2	False	0.00022530423302669078	12.115838050842285
Ġhe	3793	 he	4	distilbert/distilgpt2	distilbert/distilgpt2	False	0.525979220867157	0.9269223213195801
Mary	3794	Mary	0	distilbert/distilgpt2	distilbert/distilgpt2	False	1.0	0.0
Ġreprim	3794	 reprimanded	1	distilbert/distilgpt2	distilbert/distilgpt2	False	3.475685295128983e-09	28.100055694580078
anded	3794	 reprimanded	1	distilbert/distilgpt2	distilbert/distilgpt2	False	0.5686933398246765	0.8142771124839783
ĠDavid	3794	 David	2	distilbert/distilgpt2	distilbert/distilgpt2	False	0.0006537016597576439	10.579079627990723
Ġbecause	3794	 because	3	distilbert/distilgpt2	distilbert/distilgpt2	False	0.00024172262055799365	12.014359474182129
Ġhe	3794	 he	4	distilbert/distilgpt2	distilbert/distilgpt2	False	0.5285311341285706	0.9199395775794983
John	3795	John	0	distilbert/distilgpt2	distilbert/distilgpt2	False	1.0	0.0
Ġreprim	3795	 reprimanded	1	distilbert/distilgpt2	distilbert/distilgpt2	False	2.6229194372007214e-09	28.506179809570312
anded	3795	 reprimanded	1	distilbert/distilgpt2	distilbert/distilgpt2	False	0.7257875204086304	0.46238091588020325
ĠDavid	3795	 David	2	distilbert/distilgpt2	distilbert/distilgpt2	False	0.0008355173049494624	10.225042343139648
Ġbecause	3795	 because	3	distilbert/distilgpt2	distilbert/distilgpt2	False	0.00022530423302669078	12.115838050842285
Ġhe	3795	 he	4	distilbert/distilgpt2	distilbert/distilgpt2	False	0.525979220867157	0.9269223213195801
Sarah	3796	Sarah	0	distilbert/distilgpt2	distilbert/distilgpt2	False	1.0	0.0
Ġreprim	3796	 reprimanded	1	distilbert/distilgpt2	distilbert/distilgpt2	False	3.0605140644013318e-09	28.283578872680664
anded	3796	 reprimanded	1	distilbert/distilgpt2	distilbert/distilgpt2	False	0.7790286540985107	0.360251784324646
ĠDavid	3796	 David	2	distilbert/distilgpt2	distilbert/distilgpt2	False	0.0008245917269960046	10.24403190612793
Ġbecause	3796	 because	3	distilbert/distilgpt2	distilbert/distilgpt2	False	0.00024510829825885594	11.994293212890625
Ġhe	3796	 he	4	distilbert/distilgpt2	distilbert/distilgpt2	False	0.5213943719863892	0.9395530819892883
David	3797	David	0	distilbert/distilgpt2	distilbert/distilgpt2	False	1.0	0.0
Ġreprim	3797	 reprimanded	1	distilbert/distilgpt2	distilbert/distilgpt2	False	3.1312581416642615e-09	28.2506103515625
anded	3797	 reprimanded	1	distilbert/distilgpt2	distilbert/distilgpt2	False	0.8103788495063782	0.3033316135406494
ĠJohn	3797	 John	2	distilbert/distilgpt2	distilbert/distilgpt2	False	0.001836529467254877	9.088802337646484
Ġbecause	3797	 because	3	distilbert/distilgpt2	distilbert/distilgpt2	False	0.00025067979004234076	11.96186637878418
Ġhe	3797	 he	4	distilbert/distilgpt2	distilbert/distilgpt2	False	0.5350466966629028	0.9022632837295532
Mary	3798	Mary	0	distilbert/distilgpt2	distilbert/distilgpt2	False	1.0	0.0
Ġreprim	3798	 reprimanded	1	distilbert/distilgpt2	distilbert/distilgpt2	False	3.475685295128983e-09	28.100055694580078
anded	3798	 reprimanded	1	distilbert/distilgpt2	distilbert/distilgpt2	False	0.5686933398246765	0.8142771124839783
ĠJohn	3798	 John	2	distilbert/distilgpt2	distilbert/distilgpt2	False	0.001533015165477991	9.349411964416504
Ġbecause	3798	 because	3	distilbert/distilgpt2	distilbert/distilgpt2	False	0.00041389395482838154	11.23845100402832
Ġhe	3798	 he	4	distilbert/distilgpt2	distilbert/distilgpt2	False	0.5554839968681335	0.8481828570365906
David	3799	David	0	distilbert/distilgpt2	distilbert/distilgpt2	False	1.0	0.0
Ġreprim	3799	 reprimanded	1	distilbert/distilgpt2	distilbert/distilgpt2	False	3.1312581416642615e-09	28.2506103515625
anded	3799	 reprimanded	1	distilbert/distilgpt2	distilbert/distilgpt2	False	0.8103788495063782	0.3033316135406494
ĠJohn	3799	 John	2	distilbert/distilgpt2	distilbert/distilgpt2	False	0.001836529467254877	9.088802337646484
Ġbecause	3799	 because	3	distilbert/distilgpt2	distilbert/distilgpt2	False	0.00025067979004234076	11.96186637878418
Ġhe	3799	 he	4	distilbert/distilgpt2	distilbert/distilgpt2	False	0.5350466966629028	0.9022632837295532
Sarah	3800	Sarah	0	distilbert/distilgpt2	distilbert/distilgpt2	False	1.0	0.0
Ġreprim	3800	 reprimanded	1	distilbert/distilgpt2	distilbert/distilgpt2	False	3.0605140644013318e-09	28.283578872680664
anded	3800	 reprimanded	1	distilbert/distilgpt2	distilbert/distilgpt2	False	0.7790286540985107	0.360251784324646
ĠJohn	3800	 John	2	distilbert/distilgpt2	distilbert/distilgpt2	False	0.0016417116858065128	9.25058364868164
Ġbecause	3800	 because	3	distilbert/distilgpt2	distilbert/distilgpt2	False	0.0007660965202376246	10.350186347961426
Ġhe	3800	 he	4	distilbert/distilgpt2	distilbert/distilgpt2	False	0.5367794632911682	0.8975986838340759
Mary	3801	Mary	0	distilbert/distilgpt2	distilbert/distilgpt2	False	1.0	0.0
Ġreprim	3801	 reprimanded	1	distilbert/distilgpt2	distilbert/distilgpt2	False	3.475685295128983e-09	28.100055694580078
anded	3801	 reprimanded	1	distilbert/distilgpt2	distilbert/distilgpt2	False	0.5686933398246765	0.8142771124839783
ĠSarah	3801	 Sarah	2	distilbert/distilgpt2	distilbert/distilgpt2	False	0.00013968968414701521	12.805486679077148
Ġbecause	3801	 because	3	distilbert/distilgpt2	distilbert/distilgpt2	False	0.001996786566451192	8.968104362487793
Ġshe	3801	 she	4	distilbert/distilgpt2	distilbert/distilgpt2	False	0.5609224438667297	0.834126889705658
John	3802	John	0	distilbert/distilgpt2	distilbert/distilgpt2	False	1.0	0.0
Ġreprim	3802	 reprimanded	1	distilbert/distilgpt2	distilbert/distilgpt2	False	2.6229194372007214e-09	28.506179809570312
anded	3802	 reprimanded	1	distilbert/distilgpt2	distilbert/distilgpt2	False	0.7257875204086304	0.46238091588020325
ĠSarah	3802	 Sarah	2	distilbert/distilgpt2	distilbert/distilgpt2	False	0.00011381628428352997	13.101005554199219
Ġbecause	3802	 because	3	distilbert/distilgpt2	distilbert/distilgpt2	False	0.001265817554667592	9.625715255737305
Ġshe	3802	 she	4	distilbert/distilgpt2	distilbert/distilgpt2	False	0.5513713955879211	0.8589038252830505
Mary	3803	Mary	0	distilbert/distilgpt2	distilbert/distilgpt2	False	1.0	0.0
Ġreprim	3803	 reprimanded	1	distilbert/distilgpt2	distilbert/distilgpt2	False	3.475685295128983e-09	28.100055694580078
anded	3803	 reprimanded	1	distilbert/distilgpt2	distilbert/distilgpt2	False	0.5686933398246765	0.8142771124839783
ĠSarah	3803	 Sarah	2	distilbert/distilgpt2	distilbert/distilgpt2	False	0.00013968968414701521	12.805486679077148
Ġbecause	3803	 because	3	distilbert/distilgpt2	distilbert/distilgpt2	False	0.001996786566451192	8.968104362487793
Ġshe	3803	 she	4	distilbert/distilgpt2	distilbert/distilgpt2	False	0.5609224438667297	0.834126889705658
David	3804	David	0	distilbert/distilgpt2	distilbert/distilgpt2	False	1.0	0.0
Ġreprim	3804	 reprimanded	1	distilbert/distilgpt2	distilbert/distilgpt2	False	3.1312581416642615e-09	28.2506103515625
anded	3804	 reprimanded	1	distilbert/distilgpt2	distilbert/distilgpt2	False	0.8103788495063782	0.3033316135406494
ĠSarah	3804	 Sarah	2	distilbert/distilgpt2	distilbert/distilgpt2	False	0.00012132468691561371	13.00883960723877
Ġbecause	3804	 because	3	distilbert/distilgpt2	distilbert/distilgpt2	False	0.0006091417744755745	10.680933952331543
Ġshe	3804	 she	4	distilbert/distilgpt2	distilbert/distilgpt2	False	0.5328751802444458	0.9081305861473083
Sarah	3805	Sarah	0	distilbert/distilgpt2	distilbert/distilgpt2	False	1.0	0.0
Ġreprim	3805	 reprimanded	1	distilbert/distilgpt2	distilbert/distilgpt2	False	3.0605140644013318e-09	28.283578872680664
anded	3805	 reprimanded	1	distilbert/distilgpt2	distilbert/distilgpt2	False	0.7790286540985107	0.360251784324646
ĠMary	3805	 Mary	2	distilbert/distilgpt2	distilbert/distilgpt2	False	0.00021225308591965586	12.201927185058594
Ġbecause	3805	 because	3	distilbert/distilgpt2	distilbert/distilgpt2	False	0.001467786030843854	9.412142753601074
Ġshe	3805	 she	4	distilbert/distilgpt2	distilbert/distilgpt2	False	0.4845801889896393	1.0451927185058594
John	3806	John	0	distilbert/distilgpt2	distilbert/distilgpt2	False	1.0	0.0
Ġreprim	3806	 reprimanded	1	distilbert/distilgpt2	distilbert/distilgpt2	False	2.6229194372007214e-09	28.506179809570312
anded	3806	 reprimanded	1	distilbert/distilgpt2	distilbert/distilgpt2	False	0.7257875204086304	0.46238091588020325
ĠMary	3806	 Mary	2	distilbert/distilgpt2	distilbert/distilgpt2	False	0.0001884519006125629	12.373516082763672
Ġbecause	3806	 because	3	distilbert/distilgpt2	distilbert/distilgpt2	False	0.0016144360415637493	9.27475357055664
Ġshe	3806	 she	4	distilbert/distilgpt2	distilbert/distilgpt2	False	0.5105371475219727	0.9699123501777649
Sarah	3807	Sarah	0	distilbert/distilgpt2	distilbert/distilgpt2	False	1.0	0.0
Ġreprim	3807	 reprimanded	1	distilbert/distilgpt2	distilbert/distilgpt2	False	3.0605140644013318e-09	28.283578872680664
anded	3807	 reprimanded	1	distilbert/distilgpt2	distilbert/distilgpt2	False	0.7790286540985107	0.360251784324646
ĠMary	3807	 Mary	2	distilbert/distilgpt2	distilbert/distilgpt2	False	0.00021225308591965586	12.201927185058594
Ġbecause	3807	 because	3	distilbert/distilgpt2	distilbert/distilgpt2	False	0.001467786030843854	9.412142753601074
Ġshe	3807	 she	4	distilbert/distilgpt2	distilbert/distilgpt2	False	0.4845801889896393	1.0451927185058594
David	3808	David	0	distilbert/distilgpt2	distilbert/distilgpt2	False	1.0	0.0
Ġreprim	3808	 reprimanded	1	distilbert/distilgpt2	distilbert/distilgpt2	False	3.1312581416642615e-09	28.2506103515625
anded	3808	 reprimanded	1	distilbert/distilgpt2	distilbert/distilgpt2	False	0.8103788495063782	0.3033316135406494
ĠMary	3808	 Mary	2	distilbert/distilgpt2	distilbert/distilgpt2	False	0.00017801001376938075	12.455754280090332
Ġbecause	3808	 because	3	distilbert/distilgpt2	distilbert/distilgpt2	False	0.0006094410200603306	10.680225372314453
Ġshe	3808	 she	4	distilbert/distilgpt2	distilbert/distilgpt2	False	0.49274584650993347	1.0210844278335571
John	3809	John	0	distilbert/distilgpt2	distilbert/distilgpt2	False	1.0	0.0
Ġrepro	3809	 reproached	1	distilbert/distilgpt2	distilbert/distilgpt2	False	1.2311215158433697e-08	26.27545166015625
ached	3809	 reproached	1	distilbert/distilgpt2	distilbert/distilgpt2	False	0.030887827277183533	5.016818046569824
ĠDavid	3809	 David	2	distilbert/distilgpt2	distilbert/distilgpt2	False	0.0007368001388385892	10.406438827514648
Ġbecause	3809	 because	3	distilbert/distilgpt2	distilbert/distilgpt2	False	0.0009113646810874343	10.09968376159668
Ġhe	3809	 he	4	distilbert/distilgpt2	distilbert/distilgpt2	False	0.4464959502220154	1.1632810831069946
Mary	3810	Mary	0	distilbert/distilgpt2	distilbert/distilgpt2	False	1.0	0.0
Ġrepro	3810	 reproached	1	distilbert/distilgpt2	distilbert/distilgpt2	False	1.5610966741519405e-08	25.932865142822266
ached	3810	 reproached	1	distilbert/distilgpt2	distilbert/distilgpt2	False	0.08815222233533859	3.503859281539917
ĠDavid	3810	 David	2	distilbert/distilgpt2	distilbert/distilgpt2	False	0.0005030476022511721	10.957016944885254
Ġbecause	3810	 because	3	distilbert/distilgpt2	distilbert/distilgpt2	False	0.0016579442890360951	9.23638916015625
Ġhe	3810	 he	4	distilbert/distilgpt2	distilbert/distilgpt2	False	0.4373290538787842	1.193208932876587
John	3811	John	0	distilbert/distilgpt2	distilbert/distilgpt2	False	1.0	0.0
Ġrepro	3811	 reproached	1	distilbert/distilgpt2	distilbert/distilgpt2	False	1.2311215158433697e-08	26.27545166015625
ached	3811	 reproached	1	distilbert/distilgpt2	distilbert/distilgpt2	False	0.030887827277183533	5.016818046569824
ĠDavid	3811	 David	2	distilbert/distilgpt2	distilbert/distilgpt2	False	0.0007368001388385892	10.406438827514648
Ġbecause	3811	 because	3	distilbert/distilgpt2	distilbert/distilgpt2	False	0.0009113646810874343	10.09968376159668
Ġhe	3811	 he	4	distilbert/distilgpt2	distilbert/distilgpt2	False	0.4464959502220154	1.1632810831069946
Sarah	3812	Sarah	0	distilbert/distilgpt2	distilbert/distilgpt2	False	1.0	0.0
Ġrepro	3812	 reproached	1	distilbert/distilgpt2	distilbert/distilgpt2	False	1.3330831549751565e-08	26.16065788269043
ached	3812	 reproached	1	distilbert/distilgpt2	distilbert/distilgpt2	False	0.03759134188294411	4.733455657958984
ĠDavid	3812	 David	2	distilbert/distilgpt2	distilbert/distilgpt2	False	0.0008590611396357417	10.184951782226562
Ġbecause	3812	 because	3	distilbert/distilgpt2	distilbert/distilgpt2	False	0.000713522604200989	10.452753067016602
Ġhe	3812	 he	4	distilbert/distilgpt2	distilbert/distilgpt2	False	0.4430237114429474	1.1745442152023315
David	3813	David	0	distilbert/distilgpt2	distilbert/distilgpt2	False	1.0	0.0
Ġrepro	3813	 reproached	1	distilbert/distilgpt2	distilbert/distilgpt2	False	1.5198146741113305e-08	25.971529006958008
ached	3813	 reproached	1	distilbert/distilgpt2	distilbert/distilgpt2	False	0.07002098858356476	3.836068868637085
ĠJohn	3813	 John	2	distilbert/distilgpt2	distilbert/distilgpt2	False	0.001920226844958961	9.024507522583008
Ġbecause	3813	 because	3	distilbert/distilgpt2	distilbert/distilgpt2	False	0.0005152501980774105	10.922439575195312
Ġhe	3813	 he	4	distilbert/distilgpt2	distilbert/distilgpt2	False	0.4532027244567871	1.1417715549468994
Mary	3814	Mary	0	distilbert/distilgpt2	distilbert/distilgpt2	False	1.0	0.0
Ġrepro	3814	 reproached	1	distilbert/distilgpt2	distilbert/distilgpt2	False	1.5610966741519405e-08	25.932865142822266
ached	3814	 reproached	1	distilbert/distilgpt2	distilbert/distilgpt2	False	0.08815222233533859	3.503859281539917
ĠJohn	3814	 John	2	distilbert/distilgpt2	distilbert/distilgpt2	False	0.0015263112727552652	9.355734825134277
Ġbecause	3814	 because	3	distilbert/distilgpt2	distilbert/distilgpt2	False	0.0013837366132065654	9.497215270996094
Ġhe	3814	 he	4	distilbert/distilgpt2	distilbert/distilgpt2	False	0.4598875939846039	1.1206468343734741
David	3815	David	0	distilbert/distilgpt2	distilbert/distilgpt2	False	1.0	0.0
Ġrepro	3815	 reproached	1	distilbert/distilgpt2	distilbert/distilgpt2	False	1.5198146741113305e-08	25.971529006958008
ached	3815	 reproached	1	distilbert/distilgpt2	distilbert/distilgpt2	False	0.07002098858356476	3.836068868637085
ĠJohn	3815	 John	2	distilbert/distilgpt2	distilbert/distilgpt2	False	0.001920226844958961	9.024507522583008
Ġbecause	3815	 because	3	distilbert/distilgpt2	distilbert/distilgpt2	False	0.0005152501980774105	10.922439575195312
Ġhe	3815	 he	4	distilbert/distilgpt2	distilbert/distilgpt2	False	0.4532027244567871	1.1417715549468994
Sarah	3816	Sarah	0	distilbert/distilgpt2	distilbert/distilgpt2	False	1.0	0.0
Ġrepro	3816	 reproached	1	distilbert/distilgpt2	distilbert/distilgpt2	False	1.3330831549751565e-08	26.16065788269043
ached	3816	 reproached	1	distilbert/distilgpt2	distilbert/distilgpt2	False	0.03759134188294411	4.733455657958984
ĠJohn	3816	 John	2	distilbert/distilgpt2	distilbert/distilgpt2	False	0.0018532146932557225	9.075754165649414
Ġbecause	3816	 because	3	distilbert/distilgpt2	distilbert/distilgpt2	False	0.001346105826087296	9.536992073059082
Ġhe	3816	 he	4	distilbert/distilgpt2	distilbert/distilgpt2	False	0.43906354904174805	1.1874983310699463
Mary	3817	Mary	0	distilbert/distilgpt2	distilbert/distilgpt2	False	1.0	0.0
Ġrepro	3817	 reproached	1	distilbert/distilgpt2	distilbert/distilgpt2	False	1.5610966741519405e-08	25.932865142822266
ached	3817	 reproached	1	distilbert/distilgpt2	distilbert/distilgpt2	False	0.08815222233533859	3.503859281539917
ĠSarah	3817	 Sarah	2	distilbert/distilgpt2	distilbert/distilgpt2	False	0.0001395347062498331	12.807088851928711
Ġbecause	3817	 because	3	distilbert/distilgpt2	distilbert/distilgpt2	False	0.003660155925899744	8.093878746032715
Ġshe	3817	 she	4	distilbert/distilgpt2	distilbert/distilgpt2	False	0.49300217628479004	1.0203341245651245
John	3818	John	0	distilbert/distilgpt2	distilbert/distilgpt2	False	1.0	0.0
Ġrepro	3818	 reproached	1	distilbert/distilgpt2	distilbert/distilgpt2	False	1.2311215158433697e-08	26.27545166015625
ached	3818	 reproached	1	distilbert/distilgpt2	distilbert/distilgpt2	False	0.030887827277183533	5.016818046569824
ĠSarah	3818	 Sarah	2	distilbert/distilgpt2	distilbert/distilgpt2	False	0.00016652565682306886	12.55196762084961
Ġbecause	3818	 because	3	distilbert/distilgpt2	distilbert/distilgpt2	False	0.0020616750698536634	8.921967506408691
Ġshe	3818	 she	4	distilbert/distilgpt2	distilbert/distilgpt2	False	0.4758516550064087	1.0714162588119507
Mary	3819	Mary	0	distilbert/distilgpt2	distilbert/distilgpt2	False	1.0	0.0
Ġrepro	3819	 reproached	1	distilbert/distilgpt2	distilbert/distilgpt2	False	1.5610966741519405e-08	25.932865142822266
ached	3819	 reproached	1	distilbert/distilgpt2	distilbert/distilgpt2	False	0.08815222233533859	3.503859281539917
ĠSarah	3819	 Sarah	2	distilbert/distilgpt2	distilbert/distilgpt2	False	0.0001395347062498331	12.807088851928711
Ġbecause	3819	 because	3	distilbert/distilgpt2	distilbert/distilgpt2	False	0.003660155925899744	8.093878746032715
Ġshe	3819	 she	4	distilbert/distilgpt2	distilbert/distilgpt2	False	0.49300217628479004	1.0203341245651245
David	3820	David	0	distilbert/distilgpt2	distilbert/distilgpt2	False	1.0	0.0
Ġrepro	3820	 reproached	1	distilbert/distilgpt2	distilbert/distilgpt2	False	1.5198146741113305e-08	25.971529006958008
ached	3820	 reproached	1	distilbert/distilgpt2	distilbert/distilgpt2	False	0.07002098858356476	3.836068868637085
ĠSarah	3820	 Sarah	2	distilbert/distilgpt2	distilbert/distilgpt2	False	0.00018930678197648376	12.366986274719238
Ġbecause	3820	 because	3	distilbert/distilgpt2	distilbert/distilgpt2	False	0.001039004186168313	9.910582542419434
Ġshe	3820	 she	4	distilbert/distilgpt2	distilbert/distilgpt2	False	0.46302613615989685	1.1108344793319702
Sarah	3821	Sarah	0	distilbert/distilgpt2	distilbert/distilgpt2	False	1.0	0.0
Ġrepro	3821	 reproached	1	distilbert/distilgpt2	distilbert/distilgpt2	False	1.3330831549751565e-08	26.16065788269043
ached	3821	 reproached	1	distilbert/distilgpt2	distilbert/distilgpt2	False	0.03759134188294411	4.733455657958984
ĠMary	3821	 Mary	2	distilbert/distilgpt2	distilbert/distilgpt2	False	0.00031121799838729203	11.649786949157715
Ġbecause	3821	 because	3	distilbert/distilgpt2	distilbert/distilgpt2	False	0.002467069076374173	8.662985801696777
Ġshe	3821	 she	4	distilbert/distilgpt2	distilbert/distilgpt2	False	0.43048352003097534	1.2159701585769653
John	3822	John	0	distilbert/distilgpt2	distilbert/distilgpt2	False	1.0	0.0
Ġrepro	3822	 reproached	1	distilbert/distilgpt2	distilbert/distilgpt2	False	1.2311215158433697e-08	26.27545166015625
ached	3822	 reproached	1	distilbert/distilgpt2	distilbert/distilgpt2	False	0.030887827277183533	5.016818046569824
ĠMary	3822	 Mary	2	distilbert/distilgpt2	distilbert/distilgpt2	False	0.0002976782852783799	11.713958740234375
Ġbecause	3822	 because	3	distilbert/distilgpt2	distilbert/distilgpt2	False	0.0030199773609638214	8.371246337890625
Ġshe	3822	 she	4	distilbert/distilgpt2	distilbert/distilgpt2	False	0.45029401779174805	1.1510608196258545
Sarah	3823	Sarah	0	distilbert/distilgpt2	distilbert/distilgpt2	False	1.0	0.0
Ġrepro	3823	 reproached	1	distilbert/distilgpt2	distilbert/distilgpt2	False	1.3330831549751565e-08	26.16065788269043
ached	3823	 reproached	1	distilbert/distilgpt2	distilbert/distilgpt2	False	0.03759134188294411	4.733455657958984
ĠMary	3823	 Mary	2	distilbert/distilgpt2	distilbert/distilgpt2	False	0.00031121799838729203	11.649786949157715
Ġbecause	3823	 because	3	distilbert/distilgpt2	distilbert/distilgpt2	False	0.002467069076374173	8.662985801696777
Ġshe	3823	 she	4	distilbert/distilgpt2	distilbert/distilgpt2	False	0.43048352003097534	1.2159701585769653
David	3824	David	0	distilbert/distilgpt2	distilbert/distilgpt2	False	1.0	0.0
Ġrepro	3824	 reproached	1	distilbert/distilgpt2	distilbert/distilgpt2	False	1.5198146741113305e-08	25.971529006958008
ached	3824	 reproached	1	distilbert/distilgpt2	distilbert/distilgpt2	False	0.07002098858356476	3.836068868637085
ĠMary	3824	 Mary	2	distilbert/distilgpt2	distilbert/distilgpt2	False	0.0002503787400200963	11.963600158691406
Ġbecause	3824	 because	3	distilbert/distilgpt2	distilbert/distilgpt2	False	0.0013784951297566295	9.502690315246582
Ġshe	3824	 she	4	distilbert/distilgpt2	distilbert/distilgpt2	False	0.43826407194137573	1.1901277303695679
John	3825	John	0	distilbert/distilgpt2	distilbert/distilgpt2	False	1.0	0.0
Ġrepro	3825	 reproved	1	distilbert/distilgpt2	distilbert/distilgpt2	False	1.2311215158433697e-08	26.27545166015625
ved	3825	 reproved	1	distilbert/distilgpt2	distilbert/distilgpt2	False	0.02658769115805626	5.233097553253174
ĠDavid	3825	 David	2	distilbert/distilgpt2	distilbert/distilgpt2	False	0.0008411493035964668	10.215350151062012
Ġbecause	3825	 because	3	distilbert/distilgpt2	distilbert/distilgpt2	False	0.000538988970220089	10.85745620727539
Ġhe	3825	 he	4	distilbert/distilgpt2	distilbert/distilgpt2	False	0.41934773325920105	1.2537810802459717
Mary	3826	Mary	0	distilbert/distilgpt2	distilbert/distilgpt2	False	1.0	0.0
Ġrepro	3826	 reproved	1	distilbert/distilgpt2	distilbert/distilgpt2	False	1.5610966741519405e-08	25.932865142822266
ved	3826	 reproved	1	distilbert/distilgpt2	distilbert/distilgpt2	False	0.05660270154476166	4.1429853439331055
ĠDavid	3826	 David	2	distilbert/distilgpt2	distilbert/distilgpt2	False	0.0005882605328224599	10.731257438659668
Ġbecause	3826	 because	3	distilbert/distilgpt2	distilbert/distilgpt2	False	0.0012402670690789819	9.655133247375488
Ġhe	3826	 he	4	distilbert/distilgpt2	distilbert/distilgpt2	False	0.4271582067012787	1.2271575927734375
John	3827	John	0	distilbert/distilgpt2	distilbert/distilgpt2	False	1.0	0.0
Ġrepro	3827	 reproved	1	distilbert/distilgpt2	distilbert/distilgpt2	False	1.2311215158433697e-08	26.27545166015625
ved	3827	 reproved	1	distilbert/distilgpt2	distilbert/distilgpt2	False	0.02658769115805626	5.233097553253174
ĠDavid	3827	 David	2	distilbert/distilgpt2	distilbert/distilgpt2	False	0.0008411493035964668	10.215350151062012
Ġbecause	3827	 because	3	distilbert/distilgpt2	distilbert/distilgpt2	False	0.000538988970220089	10.85745620727539
Ġhe	3827	 he	4	distilbert/distilgpt2	distilbert/distilgpt2	False	0.41934773325920105	1.2537810802459717
Sarah	3828	Sarah	0	distilbert/distilgpt2	distilbert/distilgpt2	False	1.0	0.0
Ġrepro	3828	 reproved	1	distilbert/distilgpt2	distilbert/distilgpt2	False	1.3330831549751565e-08	26.16065788269043
ved	3828	 reproved	1	distilbert/distilgpt2	distilbert/distilgpt2	False	0.038396865129470825	4.70286750793457
ĠDavid	3828	 David	2	distilbert/distilgpt2	distilbert/distilgpt2	False	0.001006639446131885	9.956236839294434
Ġbecause	3828	 because	3	distilbert/distilgpt2	distilbert/distilgpt2	False	0.0004450579290278256	11.133719444274902
Ġhe	3828	 he	4	distilbert/distilgpt2	distilbert/distilgpt2	False	0.4163345396518707	1.264184832572937
David	3829	David	0	distilbert/distilgpt2	distilbert/distilgpt2	False	1.0	0.0
Ġrepro	3829	 reproved	1	distilbert/distilgpt2	distilbert/distilgpt2	False	1.5198146741113305e-08	25.971529006958008
ved	3829	 reproved	1	distilbert/distilgpt2	distilbert/distilgpt2	False	0.05059049278497696	4.304989814758301
ĠJohn	3829	 John	2	distilbert/distilgpt2	distilbert/distilgpt2	False	0.0018274629255756736	9.095942497253418
Ġbecause	3829	 because	3	distilbert/distilgpt2	distilbert/distilgpt2	False	0.00025204187841154635	11.954049110412598
Ġhe	3829	 he	4	distilbert/distilgpt2	distilbert/distilgpt2	False	0.44068673253059387	1.1821746826171875
Mary	3830	Mary	0	distilbert/distilgpt2	distilbert/distilgpt2	False	1.0	0.0
Ġrepro	3830	 reproved	1	distilbert/distilgpt2	distilbert/distilgpt2	False	1.5610966741519405e-08	25.932865142822266
ved	3830	 reproved	1	distilbert/distilgpt2	distilbert/distilgpt2	False	0.05660270154476166	4.1429853439331055
ĠJohn	3830	 John	2	distilbert/distilgpt2	distilbert/distilgpt2	False	0.0012489536311477423	9.645064353942871
Ġbecause	3830	 because	3	distilbert/distilgpt2	distilbert/distilgpt2	False	0.001107045216485858	9.819069862365723
Ġhe	3830	 he	4	distilbert/distilgpt2	distilbert/distilgpt2	False	0.4574301838874817	1.1283766031265259
David	3831	David	0	distilbert/distilgpt2	distilbert/distilgpt2	False	1.0	0.0
Ġrepro	3831	 reproved	1	distilbert/distilgpt2	distilbert/distilgpt2	False	1.5198146741113305e-08	25.971529006958008
ved	3831	 reproved	1	distilbert/distilgpt2	distilbert/distilgpt2	False	0.05059049278497696	4.304989814758301
ĠJohn	3831	 John	2	distilbert/distilgpt2	distilbert/distilgpt2	False	0.0018274629255756736	9.095942497253418
Ġbecause	3831	 because	3	distilbert/distilgpt2	distilbert/distilgpt2	False	0.00025204187841154635	11.954049110412598
Ġhe	3831	 he	4	distilbert/distilgpt2	distilbert/distilgpt2	False	0.44068673253059387	1.1821746826171875
Sarah	3832	Sarah	0	distilbert/distilgpt2	distilbert/distilgpt2	False	1.0	0.0
Ġrepro	3832	 reproved	1	distilbert/distilgpt2	distilbert/distilgpt2	False	1.3330831549751565e-08	26.16065788269043
ved	3832	 reproved	1	distilbert/distilgpt2	distilbert/distilgpt2	False	0.038396865129470825	4.70286750793457
ĠJohn	3832	 John	2	distilbert/distilgpt2	distilbert/distilgpt2	False	0.0017982223071157932	9.119213104248047
Ġbecause	3832	 because	3	distilbert/distilgpt2	distilbert/distilgpt2	False	0.0008025296265259385	10.283157348632812
Ġhe	3832	 he	4	distilbert/distilgpt2	distilbert/distilgpt2	False	0.4265323579311371	1.2292729616165161
Mary	3833	Mary	0	distilbert/distilgpt2	distilbert/distilgpt2	False	1.0	0.0
Ġrepro	3833	 reproved	1	distilbert/distilgpt2	distilbert/distilgpt2	False	1.5610966741519405e-08	25.932865142822266
ved	3833	 reproved	1	distilbert/distilgpt2	distilbert/distilgpt2	False	0.05660270154476166	4.1429853439331055
ĠSarah	3833	 Sarah	2	distilbert/distilgpt2	distilbert/distilgpt2	False	0.00013436618610285223	12.861542701721191
Ġbecause	3833	 because	3	distilbert/distilgpt2	distilbert/distilgpt2	False	0.0028867681976407766	8.436328887939453
Ġshe	3833	 she	4	distilbert/distilgpt2	distilbert/distilgpt2	False	0.49378716945648193	1.0180387496948242
John	3834	John	0	distilbert/distilgpt2	distilbert/distilgpt2	False	1.0	0.0
Ġrepro	3834	 reproved	1	distilbert/distilgpt2	distilbert/distilgpt2	False	1.2311215158433697e-08	26.27545166015625
ved	3834	 reproved	1	distilbert/distilgpt2	distilbert/distilgpt2	False	0.02658769115805626	5.233097553253174
ĠSarah	3834	 Sarah	2	distilbert/distilgpt2	distilbert/distilgpt2	False	0.00016158870130311698	12.595386505126953
Ġbecause	3834	 because	3	distilbert/distilgpt2	distilbert/distilgpt2	False	0.0010342879686504602	9.917146682739258
Ġshe	3834	 she	4	distilbert/distilgpt2	distilbert/distilgpt2	False	0.4637841582298279	1.108474612236023
Mary	3835	Mary	0	distilbert/distilgpt2	distilbert/distilgpt2	False	1.0	0.0
Ġrepro	3835	 reproved	1	distilbert/distilgpt2	distilbert/distilgpt2	False	1.5610966741519405e-08	25.932865142822266
ved	3835	 reproved	1	distilbert/distilgpt2	distilbert/distilgpt2	False	0.05660270154476166	4.1429853439331055
ĠSarah	3835	 Sarah	2	distilbert/distilgpt2	distilbert/distilgpt2	False	0.00013436618610285223	12.861542701721191
Ġbecause	3835	 because	3	distilbert/distilgpt2	distilbert/distilgpt2	False	0.0028867681976407766	8.436328887939453
Ġshe	3835	 she	4	distilbert/distilgpt2	distilbert/distilgpt2	False	0.49378716945648193	1.0180387496948242
David	3836	David	0	distilbert/distilgpt2	distilbert/distilgpt2	False	1.0	0.0
Ġrepro	3836	 reproved	1	distilbert/distilgpt2	distilbert/distilgpt2	False	1.5198146741113305e-08	25.971529006958008
ved	3836	 reproved	1	distilbert/distilgpt2	distilbert/distilgpt2	False	0.05059049278497696	4.304989814758301
ĠSarah	3836	 Sarah	2	distilbert/distilgpt2	distilbert/distilgpt2	False	0.00015715711924713105	12.635504722595215
Ġbecause	3836	 because	3	distilbert/distilgpt2	distilbert/distilgpt2	False	0.0005045860889367759	10.952611923217773
Ġshe	3836	 she	4	distilbert/distilgpt2	distilbert/distilgpt2	False	0.44823968410491943	1.1576577425003052
Sarah	3837	Sarah	0	distilbert/distilgpt2	distilbert/distilgpt2	False	1.0	0.0
Ġrepro	3837	 reproved	1	distilbert/distilgpt2	distilbert/distilgpt2	False	1.3330831549751565e-08	26.16065788269043
ved	3837	 reproved	1	distilbert/distilgpt2	distilbert/distilgpt2	False	0.038396865129470825	4.70286750793457
ĠMary	3837	 Mary	2	distilbert/distilgpt2	distilbert/distilgpt2	False	0.000247349904384464	11.981159210205078
Ġbecause	3837	 because	3	distilbert/distilgpt2	distilbert/distilgpt2	False	0.0019694133661687374	8.988018035888672
Ġshe	3837	 she	4	distilbert/distilgpt2	distilbert/distilgpt2	False	0.40853074193000793	1.2914835214614868
John	3838	John	0	distilbert/distilgpt2	distilbert/distilgpt2	False	1.0	0.0
Ġrepro	3838	 reproved	1	distilbert/distilgpt2	distilbert/distilgpt2	False	1.2311215158433697e-08	26.27545166015625
ved	3838	 reproved	1	distilbert/distilgpt2	distilbert/distilgpt2	False	0.02658769115805626	5.233097553253174
ĠMary	3838	 Mary	2	distilbert/distilgpt2	distilbert/distilgpt2	False	0.00023095533833839	12.080098152160645
Ġbecause	3838	 because	3	distilbert/distilgpt2	distilbert/distilgpt2	False	0.0024253439623862505	8.68759536743164
Ġshe	3838	 she	4	distilbert/distilgpt2	distilbert/distilgpt2	False	0.42554405331611633	1.2326196432113647
Sarah	3839	Sarah	0	distilbert/distilgpt2	distilbert/distilgpt2	False	1.0	0.0
Ġrepro	3839	 reproved	1	distilbert/distilgpt2	distilbert/distilgpt2	False	1.3330831549751565e-08	26.16065788269043
ved	3839	 reproved	1	distilbert/distilgpt2	distilbert/distilgpt2	False	0.038396865129470825	4.70286750793457
ĠMary	3839	 Mary	2	distilbert/distilgpt2	distilbert/distilgpt2	False	0.000247349904384464	11.981159210205078
Ġbecause	3839	 because	3	distilbert/distilgpt2	distilbert/distilgpt2	False	0.0019694133661687374	8.988018035888672
Ġshe	3839	 she	4	distilbert/distilgpt2	distilbert/distilgpt2	False	0.40853074193000793	1.2914835214614868
David	3840	David	0	distilbert/distilgpt2	distilbert/distilgpt2	False	1.0	0.0
Ġrepro	3840	 reproved	1	distilbert/distilgpt2	distilbert/distilgpt2	False	1.5198146741113305e-08	25.971529006958008
ved	3840	 reproved	1	distilbert/distilgpt2	distilbert/distilgpt2	False	0.05059049278497696	4.304989814758301
ĠMary	3840	 Mary	2	distilbert/distilgpt2	distilbert/distilgpt2	False	0.00019648030865937471	12.31332778930664
Ġbecause	3840	 because	3	distilbert/distilgpt2	distilbert/distilgpt2	False	0.0009591282578185201	10.025988578796387
Ġshe	3840	 she	4	distilbert/distilgpt2	distilbert/distilgpt2	False	0.4191141426563263	1.2545849084854126
John	3841	John	0	distilbert/distilgpt2	distilbert/distilgpt2	False	1.0	0.0
Ġrep	3841	 repulsed	1	distilbert/distilgpt2	distilbert/distilgpt2	False	4.1418314822294633e-07	21.203227996826172
uls	3841	 repulsed	1	distilbert/distilgpt2	distilbert/distilgpt2	False	0.007431042846292257	7.0722198486328125
ed	3841	 repulsed	1	distilbert/distilgpt2	distilbert/distilgpt2	False	0.953087568283081	0.06931930035352707
ĠDavid	3841	 David	2	distilbert/distilgpt2	distilbert/distilgpt2	False	0.0007907056715339422	10.304572105407715
Ġbecause	3841	 because	3	distilbert/distilgpt2	distilbert/distilgpt2	False	9.203938680002466e-05	13.407388687133789
Ġhe	3841	 he	4	distilbert/distilgpt2	distilbert/distilgpt2	False	0.4099198877811432	1.2865861654281616
Mary	3842	Mary	0	distilbert/distilgpt2	distilbert/distilgpt2	False	1.0	0.0
Ġrep	3842	 repulsed	1	distilbert/distilgpt2	distilbert/distilgpt2	False	4.864253924097284e-07	20.97127914428711
uls	3842	 repulsed	1	distilbert/distilgpt2	distilbert/distilgpt2	False	0.01050710491836071	6.57249116897583
ed	3842	 repulsed	1	distilbert/distilgpt2	distilbert/distilgpt2	False	0.9359877705574036	0.0954383835196495
ĠDavid	3842	 David	2	distilbert/distilgpt2	distilbert/distilgpt2	False	0.0006129394168965518	10.671967506408691
Ġbecause	3842	 because	3	distilbert/distilgpt2	distilbert/distilgpt2	False	0.00019965342653449625	12.290214538574219
Ġhe	3842	 he	4	distilbert/distilgpt2	distilbert/distilgpt2	False	0.38214564323425293	1.3878055810928345
John	3843	John	0	distilbert/distilgpt2	distilbert/distilgpt2	False	1.0	0.0
Ġrep	3843	 repulsed	1	distilbert/distilgpt2	distilbert/distilgpt2	False	4.1418314822294633e-07	21.203227996826172
uls	3843	 repulsed	1	distilbert/distilgpt2	distilbert/distilgpt2	False	0.007431042846292257	7.0722198486328125
ed	3843	 repulsed	1	distilbert/distilgpt2	distilbert/distilgpt2	False	0.953087568283081	0.06931930035352707
ĠDavid	3843	 David	2	distilbert/distilgpt2	distilbert/distilgpt2	False	0.0007907056715339422	10.304572105407715
Ġbecause	3843	 because	3	distilbert/distilgpt2	distilbert/distilgpt2	False	9.203938680002466e-05	13.407388687133789
Ġhe	3843	 he	4	distilbert/distilgpt2	distilbert/distilgpt2	False	0.4099198877811432	1.2865861654281616
Sarah	3844	Sarah	0	distilbert/distilgpt2	distilbert/distilgpt2	False	1.0	0.0
Ġrep	3844	 repulsed	1	distilbert/distilgpt2	distilbert/distilgpt2	False	4.348893298811163e-07	21.132848739624023
uls	3844	 repulsed	1	distilbert/distilgpt2	distilbert/distilgpt2	False	0.007746717892587185	7.0121989250183105
ed	3844	 repulsed	1	distilbert/distilgpt2	distilbert/distilgpt2	False	0.9539444446563721	0.06802280992269516
ĠDavid	3844	 David	2	distilbert/distilgpt2	distilbert/distilgpt2	False	0.0008420871454291046	10.213743209838867
Ġbecause	3844	 because	3	distilbert/distilgpt2	distilbert/distilgpt2	False	8.003135008038953e-05	13.609075546264648
Ġhe	3844	 he	4	distilbert/distilgpt2	distilbert/distilgpt2	False	0.43479835987091064	1.201581597328186
David	3845	David	0	distilbert/distilgpt2	distilbert/distilgpt2	False	1.0	0.0
Ġrep	3845	 repulsed	1	distilbert/distilgpt2	distilbert/distilgpt2	False	4.6699281597284426e-07	21.03009605407715
uls	3845	 repulsed	1	distilbert/distilgpt2	distilbert/distilgpt2	False	0.007279762998223305	7.101892948150635
ed	3845	 repulsed	1	distilbert/distilgpt2	distilbert/distilgpt2	False	0.9615862965583801	0.05651170387864113
ĠJohn	3845	 John	2	distilbert/distilgpt2	distilbert/distilgpt2	False	0.0010013526771217585	9.963833808898926
Ġbecause	3845	 because	3	distilbert/distilgpt2	distilbert/distilgpt2	False	9.545651846565306e-05	13.354796409606934
Ġhe	3845	 he	4	distilbert/distilgpt2	distilbert/distilgpt2	False	0.424504816532135	1.236147165298462
Mary	3846	Mary	0	distilbert/distilgpt2	distilbert/distilgpt2	False	1.0	0.0
Ġrep	3846	 repulsed	1	distilbert/distilgpt2	distilbert/distilgpt2	False	4.864253924097284e-07	20.97127914428711
uls	3846	 repulsed	1	distilbert/distilgpt2	distilbert/distilgpt2	False	0.01050710491836071	6.57249116897583
ed	3846	 repulsed	1	distilbert/distilgpt2	distilbert/distilgpt2	False	0.9359877705574036	0.0954383835196495
ĠJohn	3846	 John	2	distilbert/distilgpt2	distilbert/distilgpt2	False	0.0008892262703739107	10.135161399841309
Ġbecause	3846	 because	3	distilbert/distilgpt2	distilbert/distilgpt2	False	0.00021110885427333415	12.209725379943848
Ġhe	3846	 he	4	distilbert/distilgpt2	distilbert/distilgpt2	False	0.4112006425857544	1.282085657119751
David	3847	David	0	distilbert/distilgpt2	distilbert/distilgpt2	False	1.0	0.0
Ġrep	3847	 repulsed	1	distilbert/distilgpt2	distilbert/distilgpt2	False	4.6699281597284426e-07	21.03009605407715
uls	3847	 repulsed	1	distilbert/distilgpt2	distilbert/distilgpt2	False	0.007279762998223305	7.101892948150635
ed	3847	 repulsed	1	distilbert/distilgpt2	distilbert/distilgpt2	False	0.9615862965583801	0.05651170387864113
ĠJohn	3847	 John	2	distilbert/distilgpt2	distilbert/distilgpt2	False	0.0010013526771217585	9.963833808898926
Ġbecause	3847	 because	3	distilbert/distilgpt2	distilbert/distilgpt2	False	9.545651846565306e-05	13.354796409606934
Ġhe	3847	 he	4	distilbert/distilgpt2	distilbert/distilgpt2	False	0.424504816532135	1.236147165298462
Sarah	3848	Sarah	0	distilbert/distilgpt2	distilbert/distilgpt2	False	1.0	0.0
Ġrep	3848	 repulsed	1	distilbert/distilgpt2	distilbert/distilgpt2	False	4.348893298811163e-07	21.132848739624023
uls	3848	 repulsed	1	distilbert/distilgpt2	distilbert/distilgpt2	False	0.007746717892587185	7.0121989250183105
ed	3848	 repulsed	1	distilbert/distilgpt2	distilbert/distilgpt2	False	0.9539444446563721	0.06802280992269516
ĠJohn	3848	 John	2	distilbert/distilgpt2	distilbert/distilgpt2	False	0.0008528328617103398	10.195448875427246
Ġbecause	3848	 because	3	distilbert/distilgpt2	distilbert/distilgpt2	False	0.0002059867838397622	12.245161056518555
Ġhe	3848	 he	4	distilbert/distilgpt2	distilbert/distilgpt2	False	0.4378105700016022	1.1916213035583496
Mary	3849	Mary	0	distilbert/distilgpt2	distilbert/distilgpt2	False	1.0	0.0
Ġrep	3849	 repulsed	1	distilbert/distilgpt2	distilbert/distilgpt2	False	4.864253924097284e-07	20.97127914428711
uls	3849	 repulsed	1	distilbert/distilgpt2	distilbert/distilgpt2	False	0.01050710491836071	6.57249116897583
ed	3849	 repulsed	1	distilbert/distilgpt2	distilbert/distilgpt2	False	0.9359877705574036	0.0954383835196495
ĠSarah	3849	 Sarah	2	distilbert/distilgpt2	distilbert/distilgpt2	False	0.00013352883979678154	12.870560646057129
Ġbecause	3849	 because	3	distilbert/distilgpt2	distilbert/distilgpt2	False	0.000771344406530261	10.340336799621582
Ġshe	3849	 she	4	distilbert/distilgpt2	distilbert/distilgpt2	False	0.46132415533065796	1.1161472797393799
John	3850	John	0	distilbert/distilgpt2	distilbert/distilgpt2	False	1.0	0.0
Ġrep	3850	 repulsed	1	distilbert/distilgpt2	distilbert/distilgpt2	False	4.1418314822294633e-07	21.203227996826172
uls	3850	 repulsed	1	distilbert/distilgpt2	distilbert/distilgpt2	False	0.007431042846292257	7.0722198486328125
ed	3850	 repulsed	1	distilbert/distilgpt2	distilbert/distilgpt2	False	0.953087568283081	0.06931930035352707
ĠSarah	3850	 Sarah	2	distilbert/distilgpt2	distilbert/distilgpt2	False	0.00014708834351040423	12.731029510498047
Ġbecause	3850	 because	3	distilbert/distilgpt2	distilbert/distilgpt2	False	0.00015226104005705565	12.68116569519043
Ġshe	3850	 she	4	distilbert/distilgpt2	distilbert/distilgpt2	False	0.45300474762916565	1.142401933670044
Mary	3851	Mary	0	distilbert/distilgpt2	distilbert/distilgpt2	False	1.0	0.0
Ġrep	3851	 repulsed	1	distilbert/distilgpt2	distilbert/distilgpt2	False	4.864253924097284e-07	20.97127914428711
uls	3851	 repulsed	1	distilbert/distilgpt2	distilbert/distilgpt2	False	0.01050710491836071	6.57249116897583
ed	3851	 repulsed	1	distilbert/distilgpt2	distilbert/distilgpt2	False	0.9359877705574036	0.0954383835196495
ĠSarah	3851	 Sarah	2	distilbert/distilgpt2	distilbert/distilgpt2	False	0.00013352883979678154	12.870560646057129
Ġbecause	3851	 because	3	distilbert/distilgpt2	distilbert/distilgpt2	False	0.000771344406530261	10.340336799621582
Ġshe	3851	 she	4	distilbert/distilgpt2	distilbert/distilgpt2	False	0.46132415533065796	1.1161472797393799
David	3852	David	0	distilbert/distilgpt2	distilbert/distilgpt2	False	1.0	0.0
Ġrep	3852	 repulsed	1	distilbert/distilgpt2	distilbert/distilgpt2	False	4.6699281597284426e-07	21.03009605407715
uls	3852	 repulsed	1	distilbert/distilgpt2	distilbert/distilgpt2	False	0.007279762998223305	7.101892948150635
ed	3852	 repulsed	1	distilbert/distilgpt2	distilbert/distilgpt2	False	0.9615862965583801	0.05651170387864113
ĠSarah	3852	 Sarah	2	distilbert/distilgpt2	distilbert/distilgpt2	False	0.00013754432438872755	12.827816009521484
Ġbecause	3852	 because	3	distilbert/distilgpt2	distilbert/distilgpt2	False	7.150413148337975e-05	13.771614074707031
Ġshe	3852	 she	4	distilbert/distilgpt2	distilbert/distilgpt2	False	0.4410010278224945	1.1811461448669434
Sarah	3853	Sarah	0	distilbert/distilgpt2	distilbert/distilgpt2	False	1.0	0.0
Ġrep	3853	 repulsed	1	distilbert/distilgpt2	distilbert/distilgpt2	False	4.348893298811163e-07	21.132848739624023
uls	3853	 repulsed	1	distilbert/distilgpt2	distilbert/distilgpt2	False	0.007746717892587185	7.0121989250183105
ed	3853	 repulsed	1	distilbert/distilgpt2	distilbert/distilgpt2	False	0.9539444446563721	0.06802280992269516
ĠMary	3853	 Mary	2	distilbert/distilgpt2	distilbert/distilgpt2	False	0.0002463529526721686	11.98698616027832
Ġbecause	3853	 because	3	distilbert/distilgpt2	distilbert/distilgpt2	False	0.0006600912311114371	10.565047264099121
Ġshe	3853	 she	4	distilbert/distilgpt2	distilbert/distilgpt2	False	0.43912625312805176	1.1872923374176025
John	3854	John	0	distilbert/distilgpt2	distilbert/distilgpt2	False	1.0	0.0
Ġrep	3854	 repulsed	1	distilbert/distilgpt2	distilbert/distilgpt2	False	4.1418314822294633e-07	21.203227996826172
uls	3854	 repulsed	1	distilbert/distilgpt2	distilbert/distilgpt2	False	0.007431042846292257	7.0722198486328125
ed	3854	 repulsed	1	distilbert/distilgpt2	distilbert/distilgpt2	False	0.953087568283081	0.06931930035352707
ĠMary	3854	 Mary	2	distilbert/distilgpt2	distilbert/distilgpt2	False	0.00020085735013708472	12.281540870666504
Ġbecause	3854	 because	3	distilbert/distilgpt2	distilbert/distilgpt2	False	0.0008110376656986773	10.267943382263184
Ġshe	3854	 she	4	distilbert/distilgpt2	distilbert/distilgpt2	False	0.4342653453350067	1.2033512592315674
Sarah	3855	Sarah	0	distilbert/distilgpt2	distilbert/distilgpt2	False	1.0	0.0
Ġrep	3855	 repulsed	1	distilbert/distilgpt2	distilbert/distilgpt2	False	4.348893298811163e-07	21.132848739624023
uls	3855	 repulsed	1	distilbert/distilgpt2	distilbert/distilgpt2	False	0.007746717892587185	7.0121989250183105
ed	3855	 repulsed	1	distilbert/distilgpt2	distilbert/distilgpt2	False	0.9539444446563721	0.06802280992269516
ĠMary	3855	 Mary	2	distilbert/distilgpt2	distilbert/distilgpt2	False	0.0002463529526721686	11.98698616027832
Ġbecause	3855	 because	3	distilbert/distilgpt2	distilbert/distilgpt2	False	0.0006600912311114371	10.565047264099121
Ġshe	3855	 she	4	distilbert/distilgpt2	distilbert/distilgpt2	False	0.43912625312805176	1.1872923374176025
David	3856	David	0	distilbert/distilgpt2	distilbert/distilgpt2	False	1.0	0.0
Ġrep	3856	 repulsed	1	distilbert/distilgpt2	distilbert/distilgpt2	False	4.6699281597284426e-07	21.03009605407715
uls	3856	 repulsed	1	distilbert/distilgpt2	distilbert/distilgpt2	False	0.007279762998223305	7.101892948150635
ed	3856	 repulsed	1	distilbert/distilgpt2	distilbert/distilgpt2	False	0.9615862965583801	0.05651170387864113
ĠMary	3856	 Mary	2	distilbert/distilgpt2	distilbert/distilgpt2	False	0.00017620596918277442	12.470449447631836
Ġbecause	3856	 because	3	distilbert/distilgpt2	distilbert/distilgpt2	False	0.0004288259951863438	11.1873197555542
Ġshe	3856	 she	4	distilbert/distilgpt2	distilbert/distilgpt2	False	0.42564940452575684	1.2322624921798706
John	3857	John	0	distilbert/distilgpt2	distilbert/distilgpt2	False	1.0	0.0
Ġres	3857	 resented	1	distilbert/distilgpt2	distilbert/distilgpt2	False	5.829076599184191e-07	20.710229873657227
ented	3857	 resented	1	distilbert/distilgpt2	distilbert/distilgpt2	False	0.016232183203101158	5.9449992179870605
ĠDavid	3857	 David	2	distilbert/distilgpt2	distilbert/distilgpt2	False	0.00023113821225706488	12.078956604003906
Ġbecause	3857	 because	3	distilbert/distilgpt2	distilbert/distilgpt2	False	0.00028521762578748167	11.775649070739746
Ġhe	3857	 he	4	distilbert/distilgpt2	distilbert/distilgpt2	False	0.378537654876709	1.4014912843704224
Mary	3858	Mary	0	distilbert/distilgpt2	distilbert/distilgpt2	False	1.0	0.0
Ġres	3858	 resented	1	distilbert/distilgpt2	distilbert/distilgpt2	False	6.312028517641011e-07	20.59539222717285
ented	3858	 resented	1	distilbert/distilgpt2	distilbert/distilgpt2	False	0.014427367597818375	6.115047931671143
ĠDavid	3858	 David	2	distilbert/distilgpt2	distilbert/distilgpt2	False	0.0001828293316066265	12.417214393615723
Ġbecause	3858	 because	3	distilbert/distilgpt2	distilbert/distilgpt2	False	0.00038215357926674187	11.353559494018555
Ġhe	3858	 he	4	distilbert/distilgpt2	distilbert/distilgpt2	False	0.38627761602401733	1.372290015220642
John	3859	John	0	distilbert/distilgpt2	distilbert/distilgpt2	False	1.0	0.0
Ġres	3859	 resented	1	distilbert/distilgpt2	distilbert/distilgpt2	False	5.829076599184191e-07	20.710229873657227
ented	3859	 resented	1	distilbert/distilgpt2	distilbert/distilgpt2	False	0.016232183203101158	5.9449992179870605
ĠDavid	3859	 David	2	distilbert/distilgpt2	distilbert/distilgpt2	False	0.00023113821225706488	12.078956604003906
Ġbecause	3859	 because	3	distilbert/distilgpt2	distilbert/distilgpt2	False	0.00028521762578748167	11.775649070739746
Ġhe	3859	 he	4	distilbert/distilgpt2	distilbert/distilgpt2	False	0.378537654876709	1.4014912843704224
Sarah	3860	Sarah	0	distilbert/distilgpt2	distilbert/distilgpt2	False	1.0	0.0
Ġres	3860	 resented	1	distilbert/distilgpt2	distilbert/distilgpt2	False	6.1917847915538e-07	20.62314224243164
ented	3860	 resented	1	distilbert/distilgpt2	distilbert/distilgpt2	False	0.016708990558981895	5.903231620788574
ĠDavid	3860	 David	2	distilbert/distilgpt2	distilbert/distilgpt2	False	0.00023469081497751176	12.056950569152832
Ġbecause	3860	 because	3	distilbert/distilgpt2	distilbert/distilgpt2	False	0.0003493098192848265	11.48320484161377
Ġhe	3860	 he	4	distilbert/distilgpt2	distilbert/distilgpt2	False	0.39208880066871643	1.3507477045059204
David	3861	David	0	distilbert/distilgpt2	distilbert/distilgpt2	False	1.0	0.0
Ġres	3861	 resented	1	distilbert/distilgpt2	distilbert/distilgpt2	False	6.139722472653375e-07	20.63532257080078
ented	3861	 resented	1	distilbert/distilgpt2	distilbert/distilgpt2	False	0.019036920741200447	5.7150559425354
ĠJohn	3861	 John	2	distilbert/distilgpt2	distilbert/distilgpt2	False	0.000327656336594373	11.575529098510742
Ġbecause	3861	 because	3	distilbert/distilgpt2	distilbert/distilgpt2	False	0.00021840276895090938	12.160720825195312
Ġhe	3861	 he	4	distilbert/distilgpt2	distilbert/distilgpt2	False	0.3980134427547455	1.3291109800338745
Mary	3862	Mary	0	distilbert/distilgpt2	distilbert/distilgpt2	False	1.0	0.0
Ġres	3862	 resented	1	distilbert/distilgpt2	distilbert/distilgpt2	False	6.312028517641011e-07	20.59539222717285
ented	3862	 resented	1	distilbert/distilgpt2	distilbert/distilgpt2	False	0.014427367597818375	6.115047931671143
ĠJohn	3862	 John	2	distilbert/distilgpt2	distilbert/distilgpt2	False	0.00031801185104995966	11.618632316589355
Ġbecause	3862	 because	3	distilbert/distilgpt2	distilbert/distilgpt2	False	0.0004824455827474594	11.017346382141113
Ġhe	3862	 he	4	distilbert/distilgpt2	distilbert/distilgpt2	False	0.4195696711540222	1.253017783164978
David	3863	David	0	distilbert/distilgpt2	distilbert/distilgpt2	False	1.0	0.0
Ġres	3863	 resented	1	distilbert/distilgpt2	distilbert/distilgpt2	False	6.139722472653375e-07	20.63532257080078
ented	3863	 resented	1	distilbert/distilgpt2	distilbert/distilgpt2	False	0.019036920741200447	5.7150559425354
ĠJohn	3863	 John	2	distilbert/distilgpt2	distilbert/distilgpt2	False	0.000327656336594373	11.575529098510742
Ġbecause	3863	 because	3	distilbert/distilgpt2	distilbert/distilgpt2	False	0.00021840276895090938	12.160720825195312
Ġhe	3863	 he	4	distilbert/distilgpt2	distilbert/distilgpt2	False	0.3980134427547455	1.3291109800338745
Sarah	3864	Sarah	0	distilbert/distilgpt2	distilbert/distilgpt2	False	1.0	0.0
Ġres	3864	 resented	1	distilbert/distilgpt2	distilbert/distilgpt2	False	6.1917847915538e-07	20.62314224243164
ented	3864	 resented	1	distilbert/distilgpt2	distilbert/distilgpt2	False	0.016708990558981895	5.903231620788574
ĠJohn	3864	 John	2	distilbert/distilgpt2	distilbert/distilgpt2	False	0.0003503238258417696	11.479022979736328
Ġbecause	3864	 because	3	distilbert/distilgpt2	distilbert/distilgpt2	False	0.0005667784716933966	10.784927368164062
Ġhe	3864	 he	4	distilbert/distilgpt2	distilbert/distilgpt2	False	0.40746527910232544	1.2952510118484497
Mary	3865	Mary	0	distilbert/distilgpt2	distilbert/distilgpt2	False	1.0	0.0
Ġres	3865	 resented	1	distilbert/distilgpt2	distilbert/distilgpt2	False	6.312028517641011e-07	20.59539222717285
ented	3865	 resented	1	distilbert/distilgpt2	distilbert/distilgpt2	False	0.014427367597818375	6.115047931671143
ĠSarah	3865	 Sarah	2	distilbert/distilgpt2	distilbert/distilgpt2	False	4.528572753770277e-05	14.430583953857422
Ġbecause	3865	 because	3	distilbert/distilgpt2	distilbert/distilgpt2	False	0.003801797516644001	8.039102554321289
Ġshe	3865	 she	4	distilbert/distilgpt2	distilbert/distilgpt2	False	0.4540000259876251	1.1392357349395752
John	3866	John	0	distilbert/distilgpt2	distilbert/distilgpt2	False	1.0	0.0
Ġres	3866	 resented	1	distilbert/distilgpt2	distilbert/distilgpt2	False	5.829076599184191e-07	20.710229873657227
ented	3866	 resented	1	distilbert/distilgpt2	distilbert/distilgpt2	False	0.016232183203101158	5.9449992179870605
ĠSarah	3866	 Sarah	2	distilbert/distilgpt2	distilbert/distilgpt2	False	4.063585220137611e-05	14.58688735961914
Ġbecause	3866	 because	3	distilbert/distilgpt2	distilbert/distilgpt2	False	0.0018924289615824819	9.04554557800293
Ġshe	3866	 she	4	distilbert/distilgpt2	distilbert/distilgpt2	False	0.4164874851703644	1.2636549472808838
Mary	3867	Mary	0	distilbert/distilgpt2	distilbert/distilgpt2	False	1.0	0.0
Ġres	3867	 resented	1	distilbert/distilgpt2	distilbert/distilgpt2	False	6.312028517641011e-07	20.59539222717285
ented	3867	 resented	1	distilbert/distilgpt2	distilbert/distilgpt2	False	0.014427367597818375	6.115047931671143
ĠSarah	3867	 Sarah	2	distilbert/distilgpt2	distilbert/distilgpt2	False	4.528572753770277e-05	14.430583953857422
Ġbecause	3867	 because	3	distilbert/distilgpt2	distilbert/distilgpt2	False	0.003801797516644001	8.039102554321289
Ġshe	3867	 she	4	distilbert/distilgpt2	distilbert/distilgpt2	False	0.4540000259876251	1.1392357349395752
David	3868	David	0	distilbert/distilgpt2	distilbert/distilgpt2	False	1.0	0.0
Ġres	3868	 resented	1	distilbert/distilgpt2	distilbert/distilgpt2	False	6.139722472653375e-07	20.63532257080078
ented	3868	 resented	1	distilbert/distilgpt2	distilbert/distilgpt2	False	0.019036920741200447	5.7150559425354
ĠSarah	3868	 Sarah	2	distilbert/distilgpt2	distilbert/distilgpt2	False	3.37872734235134e-05	14.853160858154297
Ġbecause	3868	 because	3	distilbert/distilgpt2	distilbert/distilgpt2	False	0.0006588613614439964	10.567737579345703
Ġshe	3868	 she	4	distilbert/distilgpt2	distilbert/distilgpt2	False	0.40646812319755554	1.298785924911499
Sarah	3869	Sarah	0	distilbert/distilgpt2	distilbert/distilgpt2	False	1.0	0.0
Ġres	3869	 resented	1	distilbert/distilgpt2	distilbert/distilgpt2	False	6.1917847915538e-07	20.62314224243164
ented	3869	 resented	1	distilbert/distilgpt2	distilbert/distilgpt2	False	0.016708990558981895	5.903231620788574
ĠMary	3869	 Mary	2	distilbert/distilgpt2	distilbert/distilgpt2	False	4.836841253563762e-05	14.335575103759766
Ġbecause	3869	 because	3	distilbert/distilgpt2	distilbert/distilgpt2	False	0.0017880313098430634	9.127411842346191
Ġshe	3869	 she	4	distilbert/distilgpt2	distilbert/distilgpt2	False	0.4028112590312958	1.311824083328247
John	3870	John	0	distilbert/distilgpt2	distilbert/distilgpt2	False	1.0	0.0
Ġres	3870	 resented	1	distilbert/distilgpt2	distilbert/distilgpt2	False	5.829076599184191e-07	20.710229873657227
ented	3870	 resented	1	distilbert/distilgpt2	distilbert/distilgpt2	False	0.016232183203101158	5.9449992179870605
ĠMary	3870	 Mary	2	distilbert/distilgpt2	distilbert/distilgpt2	False	3.293906047474593e-05	14.889841079711914
Ġbecause	3870	 because	3	distilbert/distilgpt2	distilbert/distilgpt2	False	0.0021707797423005104	8.84757137298584
Ġshe	3870	 she	4	distilbert/distilgpt2	distilbert/distilgpt2	False	0.3963134288787842	1.335286259651184
Sarah	3871	Sarah	0	distilbert/distilgpt2	distilbert/distilgpt2	False	1.0	0.0
Ġres	3871	 resented	1	distilbert/distilgpt2	distilbert/distilgpt2	False	6.1917847915538e-07	20.62314224243164
ented	3871	 resented	1	distilbert/distilgpt2	distilbert/distilgpt2	False	0.016708990558981895	5.903231620788574
ĠMary	3871	 Mary	2	distilbert/distilgpt2	distilbert/distilgpt2	False	4.836841253563762e-05	14.335575103759766
Ġbecause	3871	 because	3	distilbert/distilgpt2	distilbert/distilgpt2	False	0.0017880313098430634	9.127411842346191
Ġshe	3871	 she	4	distilbert/distilgpt2	distilbert/distilgpt2	False	0.4028112590312958	1.311824083328247
David	3872	David	0	distilbert/distilgpt2	distilbert/distilgpt2	False	1.0	0.0
Ġres	3872	 resented	1	distilbert/distilgpt2	distilbert/distilgpt2	False	6.139722472653375e-07	20.63532257080078
ented	3872	 resented	1	distilbert/distilgpt2	distilbert/distilgpt2	False	0.019036920741200447	5.7150559425354
ĠMary	3872	 Mary	2	distilbert/distilgpt2	distilbert/distilgpt2	False	2.814451727317646e-05	15.11678695678711
Ġbecause	3872	 because	3	distilbert/distilgpt2	distilbert/distilgpt2	False	0.0008056691149249673	10.277524948120117
Ġshe	3872	 she	4	distilbert/distilgpt2	distilbert/distilgpt2	False	0.3849131166934967	1.3773952722549438
John	3873	John	0	distilbert/distilgpt2	distilbert/distilgpt2	False	1.0	0.0
Ġrespected	3873	 respected	1	distilbert/distilgpt2	distilbert/distilgpt2	False	8.414119889721405e-08	23.502613067626953
ĠDavid	3873	 David	2	distilbert/distilgpt2	distilbert/distilgpt2	False	0.0003082393959630281	11.663661003112793
Ġbecause	3873	 because	3	distilbert/distilgpt2	distilbert/distilgpt2	False	5.057304952060804e-05	14.271271705627441
Ġhe	3873	 he	4	distilbert/distilgpt2	distilbert/distilgpt2	False	0.45533448457717896	1.1350014209747314
Mary	3874	Mary	0	distilbert/distilgpt2	distilbert/distilgpt2	False	1.0	0.0
Ġrespected	3874	 respected	1	distilbert/distilgpt2	distilbert/distilgpt2	False	9.129347233738372e-08	23.384912490844727
ĠDavid	3874	 David	2	distilbert/distilgpt2	distilbert/distilgpt2	False	0.00025590843870304525	11.932085037231445
Ġbecause	3874	 because	3	distilbert/distilgpt2	distilbert/distilgpt2	False	8.426306158071384e-05	13.534740447998047
Ġhe	3874	 he	4	distilbert/distilgpt2	distilbert/distilgpt2	False	0.45646727085113525	1.13141667842865
John	3875	John	0	distilbert/distilgpt2	distilbert/distilgpt2	False	1.0	0.0
Ġrespected	3875	 respected	1	distilbert/distilgpt2	distilbert/distilgpt2	False	8.414119889721405e-08	23.502613067626953
ĠDavid	3875	 David	2	distilbert/distilgpt2	distilbert/distilgpt2	False	0.0003082393959630281	11.663661003112793
Ġbecause	3875	 because	3	distilbert/distilgpt2	distilbert/distilgpt2	False	5.057304952060804e-05	14.271271705627441
Ġhe	3875	 he	4	distilbert/distilgpt2	distilbert/distilgpt2	False	0.45533448457717896	1.1350014209747314
Sarah	3876	Sarah	0	distilbert/distilgpt2	distilbert/distilgpt2	False	1.0	0.0
Ġrespected	3876	 respected	1	distilbert/distilgpt2	distilbert/distilgpt2	False	6.977479216629945e-08	23.77271842956543
ĠDavid	3876	 David	2	distilbert/distilgpt2	distilbert/distilgpt2	False	0.00046471707173623145	11.071359634399414
Ġbecause	3876	 because	3	distilbert/distilgpt2	distilbert/distilgpt2	False	5.9249952755635604e-05	14.042826652526855
Ġhe	3876	 he	4	distilbert/distilgpt2	distilbert/distilgpt2	False	0.47643086314201355	1.069661259651184
David	3877	David	0	distilbert/distilgpt2	distilbert/distilgpt2	False	1.0	0.0
Ġrespected	3877	 respected	1	distilbert/distilgpt2	distilbert/distilgpt2	False	9.433257730506739e-08	23.337669372558594
ĠJohn	3877	 John	2	distilbert/distilgpt2	distilbert/distilgpt2	False	0.0005803725216537714	10.750733375549316
Ġbecause	3877	 because	3	distilbert/distilgpt2	distilbert/distilgpt2	False	5.76776365051046e-05	14.081628799438477
Ġhe	3877	 he	4	distilbert/distilgpt2	distilbert/distilgpt2	False	0.5000290274620056	0.9999163150787354
Mary	3878	Mary	0	distilbert/distilgpt2	distilbert/distilgpt2	False	1.0	0.0
Ġrespected	3878	 respected	1	distilbert/distilgpt2	distilbert/distilgpt2	False	9.129347233738372e-08	23.384912490844727
ĠJohn	3878	 John	2	distilbert/distilgpt2	distilbert/distilgpt2	False	0.00034896968281827867	11.484610557556152
Ġbecause	3878	 because	3	distilbert/distilgpt2	distilbert/distilgpt2	False	7.605327846249565e-05	13.68263053894043
Ġhe	3878	 he	4	distilbert/distilgpt2	distilbert/distilgpt2	False	0.49915987253189087	1.0024261474609375
David	3879	David	0	distilbert/distilgpt2	distilbert/distilgpt2	False	1.0	0.0
Ġrespected	3879	 respected	1	distilbert/distilgpt2	distilbert/distilgpt2	False	9.433257730506739e-08	23.337669372558594
ĠJohn	3879	 John	2	distilbert/distilgpt2	distilbert/distilgpt2	False	0.0005803725216537714	10.750733375549316
Ġbecause	3879	 because	3	distilbert/distilgpt2	distilbert/distilgpt2	False	5.76776365051046e-05	14.081628799438477
Ġhe	3879	 he	4	distilbert/distilgpt2	distilbert/distilgpt2	False	0.5000290274620056	0.9999163150787354
Sarah	3880	Sarah	0	distilbert/distilgpt2	distilbert/distilgpt2	False	1.0	0.0
Ġrespected	3880	 respected	1	distilbert/distilgpt2	distilbert/distilgpt2	False	6.977479216629945e-08	23.77271842956543
ĠJohn	3880	 John	2	distilbert/distilgpt2	distilbert/distilgpt2	False	0.0005272808484733105	10.889141082763672
Ġbecause	3880	 because	3	distilbert/distilgpt2	distilbert/distilgpt2	False	9.836132085183635e-05	13.311549186706543
Ġhe	3880	 he	4	distilbert/distilgpt2	distilbert/distilgpt2	False	0.5012025833129883	0.9965342879295349
Mary	3881	Mary	0	distilbert/distilgpt2	distilbert/distilgpt2	False	1.0	0.0
Ġrespected	3881	 respected	1	distilbert/distilgpt2	distilbert/distilgpt2	False	9.129347233738372e-08	23.384912490844727
ĠSarah	3881	 Sarah	2	distilbert/distilgpt2	distilbert/distilgpt2	False	4.684393934439868e-05	14.3817777633667
Ġbecause	3881	 because	3	distilbert/distilgpt2	distilbert/distilgpt2	False	0.00039506732719019055	11.30561351776123
Ġshe	3881	 she	4	distilbert/distilgpt2	distilbert/distilgpt2	False	0.5425702929496765	0.8821181058883667
John	3882	John	0	distilbert/distilgpt2	distilbert/distilgpt2	False	1.0	0.0
Ġrespected	3882	 respected	1	distilbert/distilgpt2	distilbert/distilgpt2	False	8.414119889721405e-08	23.502613067626953
ĠSarah	3882	 Sarah	2	distilbert/distilgpt2	distilbert/distilgpt2	False	4.614633144228719e-05	14.403424263000488
Ġbecause	3882	 because	3	distilbert/distilgpt2	distilbert/distilgpt2	False	0.00015835618251003325	12.624539375305176
Ġshe	3882	 she	4	distilbert/distilgpt2	distilbert/distilgpt2	False	0.5120149254798889	0.9657423496246338
Mary	3883	Mary	0	distilbert/distilgpt2	distilbert/distilgpt2	False	1.0	0.0
Ġrespected	3883	 respected	1	distilbert/distilgpt2	distilbert/distilgpt2	False	9.129347233738372e-08	23.384912490844727
ĠSarah	3883	 Sarah	2	distilbert/distilgpt2	distilbert/distilgpt2	False	4.684393934439868e-05	14.3817777633667
Ġbecause	3883	 because	3	distilbert/distilgpt2	distilbert/distilgpt2	False	0.00039506732719019055	11.30561351776123
Ġshe	3883	 she	4	distilbert/distilgpt2	distilbert/distilgpt2	False	0.5425702929496765	0.8821181058883667
David	3884	David	0	distilbert/distilgpt2	distilbert/distilgpt2	False	1.0	0.0
Ġrespected	3884	 respected	1	distilbert/distilgpt2	distilbert/distilgpt2	False	9.433257730506739e-08	23.337669372558594
ĠSarah	3884	 Sarah	2	distilbert/distilgpt2	distilbert/distilgpt2	False	6.0006659623468295e-05	14.024518013000488
Ġbecause	3884	 because	3	distilbert/distilgpt2	distilbert/distilgpt2	False	0.00015075561532285064	12.695500373840332
Ġshe	3884	 she	4	distilbert/distilgpt2	distilbert/distilgpt2	False	0.5205233097076416	0.9419654607772827
Sarah	3885	Sarah	0	distilbert/distilgpt2	distilbert/distilgpt2	False	1.0	0.0
Ġrespected	3885	 respected	1	distilbert/distilgpt2	distilbert/distilgpt2	False	6.977479216629945e-08	23.77271842956543
ĠMary	3885	 Mary	2	distilbert/distilgpt2	distilbert/distilgpt2	False	0.00013467614189721644	12.8582181930542
Ġbecause	3885	 because	3	distilbert/distilgpt2	distilbert/distilgpt2	False	9.744241833686829e-05	13.325090408325195
Ġshe	3885	 she	4	distilbert/distilgpt2	distilbert/distilgpt2	False	0.4954167306423187	1.013285517692566
John	3886	John	0	distilbert/distilgpt2	distilbert/distilgpt2	False	1.0	0.0
Ġrespected	3886	 respected	1	distilbert/distilgpt2	distilbert/distilgpt2	False	8.414119889721405e-08	23.502613067626953
ĠMary	3886	 Mary	2	distilbert/distilgpt2	distilbert/distilgpt2	False	6.831547216279432e-05	13.837428092956543
Ġbecause	3886	 because	3	distilbert/distilgpt2	distilbert/distilgpt2	False	0.00010025924711953849	13.283977508544922
Ġshe	3886	 she	4	distilbert/distilgpt2	distilbert/distilgpt2	False	0.4843330383300781	1.045928716659546
Sarah	3887	Sarah	0	distilbert/distilgpt2	distilbert/distilgpt2	False	1.0	0.0
Ġrespected	3887	 respected	1	distilbert/distilgpt2	distilbert/distilgpt2	False	6.977479216629945e-08	23.77271842956543
ĠMary	3887	 Mary	2	distilbert/distilgpt2	distilbert/distilgpt2	False	0.00013467614189721644	12.8582181930542
Ġbecause	3887	 because	3	distilbert/distilgpt2	distilbert/distilgpt2	False	9.744241833686829e-05	13.325090408325195
Ġshe	3887	 she	4	distilbert/distilgpt2	distilbert/distilgpt2	False	0.4954167306423187	1.013285517692566
David	3888	David	0	distilbert/distilgpt2	distilbert/distilgpt2	False	1.0	0.0
Ġrespected	3888	 respected	1	distilbert/distilgpt2	distilbert/distilgpt2	False	9.433257730506739e-08	23.337669372558594
ĠMary	3888	 Mary	2	distilbert/distilgpt2	distilbert/distilgpt2	False	9.223235247191042e-05	13.404367446899414
Ġbecause	3888	 because	3	distilbert/distilgpt2	distilbert/distilgpt2	False	6.069454684620723e-05	14.008073806762695
Ġshe	3888	 she	4	distilbert/distilgpt2	distilbert/distilgpt2	False	0.4953930079936981	1.0133546590805054
John	3889	John	0	distilbert/distilgpt2	distilbert/distilgpt2	False	1.0	0.0
Ġrevered	3889	 revered	1	distilbert/distilgpt2	distilbert/distilgpt2	False	1.8133059498381954e-08	25.7168025970459
ĠDavid	3889	 David	2	distilbert/distilgpt2	distilbert/distilgpt2	False	0.00015325927233789116	12.671737670898438
Ġbecause	3889	 because	3	distilbert/distilgpt2	distilbert/distilgpt2	False	4.495710163610056e-05	14.441091537475586
Ġhe	3889	 he	4	distilbert/distilgpt2	distilbert/distilgpt2	False	0.43052229285240173	1.215840220451355
Mary	3890	Mary	0	distilbert/distilgpt2	distilbert/distilgpt2	False	1.0	0.0
Ġrevered	3890	 revered	1	distilbert/distilgpt2	distilbert/distilgpt2	False	2.0788425203477345e-08	25.519643783569336
ĠDavid	3890	 David	2	distilbert/distilgpt2	distilbert/distilgpt2	False	0.00013267772737890482	12.879786491394043
Ġbecause	3890	 because	3	distilbert/distilgpt2	distilbert/distilgpt2	False	0.00010320897126803175	13.242143630981445
Ġhe	3890	 he	4	distilbert/distilgpt2	distilbert/distilgpt2	False	0.4064858853816986	1.2987228631973267
John	3891	John	0	distilbert/distilgpt2	distilbert/distilgpt2	False	1.0	0.0
Ġrevered	3891	 revered	1	distilbert/distilgpt2	distilbert/distilgpt2	False	1.8133059498381954e-08	25.7168025970459
ĠDavid	3891	 David	2	distilbert/distilgpt2	distilbert/distilgpt2	False	0.00015325927233789116	12.671737670898438
Ġbecause	3891	 because	3	distilbert/distilgpt2	distilbert/distilgpt2	False	4.495710163610056e-05	14.441091537475586
Ġhe	3891	 he	4	distilbert/distilgpt2	distilbert/distilgpt2	False	0.43052229285240173	1.215840220451355
Sarah	3892	Sarah	0	distilbert/distilgpt2	distilbert/distilgpt2	False	1.0	0.0
Ġrevered	3892	 revered	1	distilbert/distilgpt2	distilbert/distilgpt2	False	1.6258990598316814e-08	25.874187469482422
ĠDavid	3892	 David	2	distilbert/distilgpt2	distilbert/distilgpt2	False	0.0002650781243573874	11.881295204162598
Ġbecause	3892	 because	3	distilbert/distilgpt2	distilbert/distilgpt2	False	3.8347498048096895e-05	14.67050838470459
Ġhe	3892	 he	4	distilbert/distilgpt2	distilbert/distilgpt2	False	0.46734198927879333	1.0974494218826294
David	3893	David	0	distilbert/distilgpt2	distilbert/distilgpt2	False	1.0	0.0
Ġrevered	3893	 revered	1	distilbert/distilgpt2	distilbert/distilgpt2	False	2.0700074543356095e-08	25.525789260864258
ĠJohn	3893	 John	2	distilbert/distilgpt2	distilbert/distilgpt2	False	0.000400961289415136	11.284249305725098
Ġbecause	3893	 because	3	distilbert/distilgpt2	distilbert/distilgpt2	False	1.3967201994091738e-05	16.12759780883789
Ġhe	3893	 he	4	distilbert/distilgpt2	distilbert/distilgpt2	False	0.5226954221725464	0.9359575510025024
Mary	3894	Mary	0	distilbert/distilgpt2	distilbert/distilgpt2	False	1.0	0.0
Ġrevered	3894	 revered	1	distilbert/distilgpt2	distilbert/distilgpt2	False	2.0788425203477345e-08	25.519643783569336
ĠJohn	3894	 John	2	distilbert/distilgpt2	distilbert/distilgpt2	False	0.0002623486507218331	11.89622688293457
Ġbecause	3894	 because	3	distilbert/distilgpt2	distilbert/distilgpt2	False	3.1960575142875314e-05	14.93334674835205
Ġhe	3894	 he	4	distilbert/distilgpt2	distilbert/distilgpt2	False	0.47535714507102966	1.0729162693023682
David	3895	David	0	distilbert/distilgpt2	distilbert/distilgpt2	False	1.0	0.0
Ġrevered	3895	 revered	1	distilbert/distilgpt2	distilbert/distilgpt2	False	2.0700074543356095e-08	25.525789260864258
ĠJohn	3895	 John	2	distilbert/distilgpt2	distilbert/distilgpt2	False	0.000400961289415136	11.284249305725098
Ġbecause	3895	 because	3	distilbert/distilgpt2	distilbert/distilgpt2	False	1.3967201994091738e-05	16.12759780883789
Ġhe	3895	 he	4	distilbert/distilgpt2	distilbert/distilgpt2	False	0.5226954221725464	0.9359575510025024
Sarah	3896	Sarah	0	distilbert/distilgpt2	distilbert/distilgpt2	False	1.0	0.0
Ġrevered	3896	 revered	1	distilbert/distilgpt2	distilbert/distilgpt2	False	1.6258990598316814e-08	25.874187469482422
ĠJohn	3896	 John	2	distilbert/distilgpt2	distilbert/distilgpt2	False	0.0004326986090745777	11.174349784851074
Ġbecause	3896	 because	3	distilbert/distilgpt2	distilbert/distilgpt2	False	2.0992165445932187e-05	15.539789199829102
Ġhe	3896	 he	4	distilbert/distilgpt2	distilbert/distilgpt2	False	0.5129605531692505	0.9630802869796753
Mary	3897	Mary	0	distilbert/distilgpt2	distilbert/distilgpt2	False	1.0	0.0
Ġrevered	3897	 revered	1	distilbert/distilgpt2	distilbert/distilgpt2	False	2.0788425203477345e-08	25.519643783569336
ĠSarah	3897	 Sarah	2	distilbert/distilgpt2	distilbert/distilgpt2	False	2.3917740691103972e-05	15.35155963897705
Ġbecause	3897	 because	3	distilbert/distilgpt2	distilbert/distilgpt2	False	0.00025881489273160696	11.915791511535645
Ġshe	3897	 she	4	distilbert/distilgpt2	distilbert/distilgpt2	False	0.5032593607902527	0.9906260967254639
John	3898	John	0	distilbert/distilgpt2	distilbert/distilgpt2	False	1.0	0.0
Ġrevered	3898	 revered	1	distilbert/distilgpt2	distilbert/distilgpt2	False	1.8133059498381954e-08	25.7168025970459
ĠSarah	3898	 Sarah	2	distilbert/distilgpt2	distilbert/distilgpt2	False	1.9637325749499723e-05	15.636041641235352
Ġbecause	3898	 because	3	distilbert/distilgpt2	distilbert/distilgpt2	False	7.552852184744552e-05	13.692619323730469
Ġshe	3898	 she	4	distilbert/distilgpt2	distilbert/distilgpt2	False	0.4976271688938141	1.0068628787994385
Mary	3899	Mary	0	distilbert/distilgpt2	distilbert/distilgpt2	False	1.0	0.0
Ġrevered	3899	 revered	1	distilbert/distilgpt2	distilbert/distilgpt2	False	2.0788425203477345e-08	25.519643783569336
ĠSarah	3899	 Sarah	2	distilbert/distilgpt2	distilbert/distilgpt2	False	2.3917740691103972e-05	15.35155963897705
Ġbecause	3899	 because	3	distilbert/distilgpt2	distilbert/distilgpt2	False	0.00025881489273160696	11.915791511535645
Ġshe	3899	 she	4	distilbert/distilgpt2	distilbert/distilgpt2	False	0.5032593607902527	0.9906260967254639
David	3900	David	0	distilbert/distilgpt2	distilbert/distilgpt2	False	1.0	0.0
Ġrevered	3900	 revered	1	distilbert/distilgpt2	distilbert/distilgpt2	False	2.0700074543356095e-08	25.525789260864258
ĠSarah	3900	 Sarah	2	distilbert/distilgpt2	distilbert/distilgpt2	False	2.7670337658491917e-05	15.141300201416016
Ġbecause	3900	 because	3	distilbert/distilgpt2	distilbert/distilgpt2	False	5.129828059580177e-05	14.250730514526367
Ġshe	3900	 she	4	distilbert/distilgpt2	distilbert/distilgpt2	False	0.5222933888435364	0.9370675683021545
Sarah	3901	Sarah	0	distilbert/distilgpt2	distilbert/distilgpt2	False	1.0	0.0
Ġrevered	3901	 revered	1	distilbert/distilgpt2	distilbert/distilgpt2	False	1.6258990598316814e-08	25.874187469482422
ĠMary	3901	 Mary	2	distilbert/distilgpt2	distilbert/distilgpt2	False	0.00018776142678689212	12.378811836242676
Ġbecause	3901	 because	3	distilbert/distilgpt2	distilbert/distilgpt2	False	0.00013735046377405524	12.829851150512695
Ġshe	3901	 she	4	distilbert/distilgpt2	distilbert/distilgpt2	False	0.4937320649623871	1.0181998014450073
John	3902	John	0	distilbert/distilgpt2	distilbert/distilgpt2	False	1.0	0.0
Ġrevered	3902	 revered	1	distilbert/distilgpt2	distilbert/distilgpt2	False	1.8133059498381954e-08	25.7168025970459
ĠMary	3902	 Mary	2	distilbert/distilgpt2	distilbert/distilgpt2	False	8.348215487785637e-05	13.548172950744629
Ġbecause	3902	 because	3	distilbert/distilgpt2	distilbert/distilgpt2	False	0.00020140958076808602	12.277580261230469
Ġshe	3902	 she	4	distilbert/distilgpt2	distilbert/distilgpt2	False	0.48329946398735046	1.0490107536315918
Sarah	3903	Sarah	0	distilbert/distilgpt2	distilbert/distilgpt2	False	1.0	0.0
Ġrevered	3903	 revered	1	distilbert/distilgpt2	distilbert/distilgpt2	False	1.6258990598316814e-08	25.874187469482422
ĠMary	3903	 Mary	2	distilbert/distilgpt2	distilbert/distilgpt2	False	0.00018776142678689212	12.378811836242676
Ġbecause	3903	 because	3	distilbert/distilgpt2	distilbert/distilgpt2	False	0.00013735046377405524	12.829851150512695
Ġshe	3903	 she	4	distilbert/distilgpt2	distilbert/distilgpt2	False	0.4937320649623871	1.0181998014450073
David	3904	David	0	distilbert/distilgpt2	distilbert/distilgpt2	False	1.0	0.0
Ġrevered	3904	 revered	1	distilbert/distilgpt2	distilbert/distilgpt2	False	2.0700074543356095e-08	25.525789260864258
ĠMary	3904	 Mary	2	distilbert/distilgpt2	distilbert/distilgpt2	False	0.00010853322601178661	13.169575691223145
Ġbecause	3904	 because	3	distilbert/distilgpt2	distilbert/distilgpt2	False	9.266533015761524e-05	13.397610664367676
Ġshe	3904	 she	4	distilbert/distilgpt2	distilbert/distilgpt2	False	0.5020334720611572	0.9941446781158447
John	3905	John	0	distilbert/distilgpt2	distilbert/distilgpt2	False	1.0	0.0
Ġrev	3905	 reviled	1	distilbert/distilgpt2	distilbert/distilgpt2	False	2.6452920565134264e-07	21.850069046020508
iled	3905	 reviled	1	distilbert/distilgpt2	distilbert/distilgpt2	False	0.011289460584521294	6.468879699707031
ĠDavid	3905	 David	2	distilbert/distilgpt2	distilbert/distilgpt2	False	0.0009219717467203736	10.082989692687988
Ġbecause	3905	 because	3	distilbert/distilgpt2	distilbert/distilgpt2	False	6.852616206742823e-05	13.832985877990723
Ġhe	3905	 he	4	distilbert/distilgpt2	distilbert/distilgpt2	False	0.4699286222457886	1.0894864797592163
Mary	3906	Mary	0	distilbert/distilgpt2	distilbert/distilgpt2	False	1.0	0.0
Ġrev	3906	 reviled	1	distilbert/distilgpt2	distilbert/distilgpt2	False	2.8460527801144053e-07	21.74453353881836
iled	3906	 reviled	1	distilbert/distilgpt2	distilbert/distilgpt2	False	0.0096623245626688	6.693414211273193
ĠDavid	3906	 David	2	distilbert/distilgpt2	distilbert/distilgpt2	False	0.0006903089233674109	10.500470161437988
Ġbecause	3906	 because	3	distilbert/distilgpt2	distilbert/distilgpt2	False	0.00018721428932622075	12.38302230834961
Ġhe	3906	 he	4	distilbert/distilgpt2	distilbert/distilgpt2	False	0.46667614579200745	1.0995063781738281
John	3907	John	0	distilbert/distilgpt2	distilbert/distilgpt2	False	1.0	0.0
Ġrev	3907	 reviled	1	distilbert/distilgpt2	distilbert/distilgpt2	False	2.6452920565134264e-07	21.850069046020508
iled	3907	 reviled	1	distilbert/distilgpt2	distilbert/distilgpt2	False	0.011289460584521294	6.468879699707031
ĠDavid	3907	 David	2	distilbert/distilgpt2	distilbert/distilgpt2	False	0.0009219717467203736	10.082989692687988
Ġbecause	3907	 because	3	distilbert/distilgpt2	distilbert/distilgpt2	False	6.852616206742823e-05	13.832985877990723
Ġhe	3907	 he	4	distilbert/distilgpt2	distilbert/distilgpt2	False	0.4699286222457886	1.0894864797592163
Sarah	3908	Sarah	0	distilbert/distilgpt2	distilbert/distilgpt2	False	1.0	0.0
Ġrev	3908	 reviled	1	distilbert/distilgpt2	distilbert/distilgpt2	False	2.821051339196856e-07	21.75726318359375
iled	3908	 reviled	1	distilbert/distilgpt2	distilbert/distilgpt2	False	0.012618870474398136	6.3082733154296875
ĠDavid	3908	 David	2	distilbert/distilgpt2	distilbert/distilgpt2	False	0.0010785904014483094	9.856637001037598
Ġbecause	3908	 because	3	distilbert/distilgpt2	distilbert/distilgpt2	False	6.749027670593932e-05	13.854960441589355
Ġhe	3908	 he	4	distilbert/distilgpt2	distilbert/distilgpt2	False	0.4829128682613373	1.0501651763916016
David	3909	David	0	distilbert/distilgpt2	distilbert/distilgpt2	False	1.0	0.0
Ġrev	3909	 reviled	1	distilbert/distilgpt2	distilbert/distilgpt2	False	3.0628240210717195e-07	21.638633728027344
iled	3909	 reviled	1	distilbert/distilgpt2	distilbert/distilgpt2	False	0.019193124026060104	5.703266620635986
ĠJohn	3909	 John	2	distilbert/distilgpt2	distilbert/distilgpt2	False	0.0014598058769479394	9.420007705688477
Ġbecause	3909	 because	3	distilbert/distilgpt2	distilbert/distilgpt2	False	6.329069583443925e-05	13.947647094726562
Ġhe	3909	 he	4	distilbert/distilgpt2	distilbert/distilgpt2	False	0.475922167301178	1.0712025165557861
Mary	3910	Mary	0	distilbert/distilgpt2	distilbert/distilgpt2	False	1.0	0.0
Ġrev	3910	 reviled	1	distilbert/distilgpt2	distilbert/distilgpt2	False	2.8460527801144053e-07	21.74453353881836
iled	3910	 reviled	1	distilbert/distilgpt2	distilbert/distilgpt2	False	0.0096623245626688	6.693414211273193
ĠJohn	3910	 John	2	distilbert/distilgpt2	distilbert/distilgpt2	False	0.0011115502566099167	9.813211441040039
Ġbecause	3910	 because	3	distilbert/distilgpt2	distilbert/distilgpt2	False	0.00012796586088370532	12.931953430175781
Ġhe	3910	 he	4	distilbert/distilgpt2	distilbert/distilgpt2	False	0.4752485156059265	1.0732460021972656
David	3911	David	0	distilbert/distilgpt2	distilbert/distilgpt2	False	1.0	0.0
Ġrev	3911	 reviled	1	distilbert/distilgpt2	distilbert/distilgpt2	False	3.0628240210717195e-07	21.638633728027344
iled	3911	 reviled	1	distilbert/distilgpt2	distilbert/distilgpt2	False	0.019193124026060104	5.703266620635986
ĠJohn	3911	 John	2	distilbert/distilgpt2	distilbert/distilgpt2	False	0.0014598058769479394	9.420007705688477
Ġbecause	3911	 because	3	distilbert/distilgpt2	distilbert/distilgpt2	False	6.329069583443925e-05	13.947647094726562
Ġhe	3911	 he	4	distilbert/distilgpt2	distilbert/distilgpt2	False	0.475922167301178	1.0712025165557861
Sarah	3912	Sarah	0	distilbert/distilgpt2	distilbert/distilgpt2	False	1.0	0.0
Ġrev	3912	 reviled	1	distilbert/distilgpt2	distilbert/distilgpt2	False	2.821051339196856e-07	21.75726318359375
iled	3912	 reviled	1	distilbert/distilgpt2	distilbert/distilgpt2	False	0.012618870474398136	6.3082733154296875
ĠJohn	3912	 John	2	distilbert/distilgpt2	distilbert/distilgpt2	False	0.0017568664625287056	9.152779579162598
Ġbecause	3912	 because	3	distilbert/distilgpt2	distilbert/distilgpt2	False	7.671997445868328e-05	13.670038223266602
Ġhe	3912	 he	4	distilbert/distilgpt2	distilbert/distilgpt2	False	0.4742489159107208	1.0762836933135986
Mary	3913	Mary	0	distilbert/distilgpt2	distilbert/distilgpt2	False	1.0	0.0
Ġrev	3913	 reviled	1	distilbert/distilgpt2	distilbert/distilgpt2	False	2.8460527801144053e-07	21.74453353881836
iled	3913	 reviled	1	distilbert/distilgpt2	distilbert/distilgpt2	False	0.0096623245626688	6.693414211273193
ĠSarah	3913	 Sarah	2	distilbert/distilgpt2	distilbert/distilgpt2	False	0.00016388154472224414	12.575058937072754
Ġbecause	3913	 because	3	distilbert/distilgpt2	distilbert/distilgpt2	False	0.000718250754289329	10.443224906921387
Ġshe	3913	 she	4	distilbert/distilgpt2	distilbert/distilgpt2	False	0.49605846405029297	1.0114179849624634
John	3914	John	0	distilbert/distilgpt2	distilbert/distilgpt2	False	1.0	0.0
Ġrev	3914	 reviled	1	distilbert/distilgpt2	distilbert/distilgpt2	False	2.6452920565134264e-07	21.850069046020508
iled	3914	 reviled	1	distilbert/distilgpt2	distilbert/distilgpt2	False	0.011289460584521294	6.468879699707031
ĠSarah	3914	 Sarah	2	distilbert/distilgpt2	distilbert/distilgpt2	False	0.00019967723346780986	12.290042877197266
Ġbecause	3914	 because	3	distilbert/distilgpt2	distilbert/distilgpt2	False	0.00015236214676406235	12.680208206176758
Ġshe	3914	 she	4	distilbert/distilgpt2	distilbert/distilgpt2	False	0.47886887192726135	1.0622974634170532
Mary	3915	Mary	0	distilbert/distilgpt2	distilbert/distilgpt2	False	1.0	0.0
Ġrev	3915	 reviled	1	distilbert/distilgpt2	distilbert/distilgpt2	False	2.8460527801144053e-07	21.74453353881836
iled	3915	 reviled	1	distilbert/distilgpt2	distilbert/distilgpt2	False	0.0096623245626688	6.693414211273193
ĠSarah	3915	 Sarah	2	distilbert/distilgpt2	distilbert/distilgpt2	False	0.00016388154472224414	12.575058937072754
Ġbecause	3915	 because	3	distilbert/distilgpt2	distilbert/distilgpt2	False	0.000718250754289329	10.443224906921387
Ġshe	3915	 she	4	distilbert/distilgpt2	distilbert/distilgpt2	False	0.49605846405029297	1.0114179849624634
David	3916	David	0	distilbert/distilgpt2	distilbert/distilgpt2	False	1.0	0.0
Ġrev	3916	 reviled	1	distilbert/distilgpt2	distilbert/distilgpt2	False	3.0628240210717195e-07	21.638633728027344
iled	3916	 reviled	1	distilbert/distilgpt2	distilbert/distilgpt2	False	0.019193124026060104	5.703266620635986
ĠSarah	3916	 Sarah	2	distilbert/distilgpt2	distilbert/distilgpt2	False	0.00019660101679619402	12.3124418258667
Ġbecause	3916	 because	3	distilbert/distilgpt2	distilbert/distilgpt2	False	7.639463728992268e-05	13.676169395446777
Ġshe	3916	 she	4	distilbert/distilgpt2	distilbert/distilgpt2	False	0.4810609221458435	1.0557085275650024
Sarah	3917	Sarah	0	distilbert/distilgpt2	distilbert/distilgpt2	False	1.0	0.0
Ġrev	3917	 reviled	1	distilbert/distilgpt2	distilbert/distilgpt2	False	2.821051339196856e-07	21.75726318359375
iled	3917	 reviled	1	distilbert/distilgpt2	distilbert/distilgpt2	False	0.012618870474398136	6.3082733154296875
ĠMary	3917	 Mary	2	distilbert/distilgpt2	distilbert/distilgpt2	False	0.00025841855676844716	11.91800308227539
Ġbecause	3917	 because	3	distilbert/distilgpt2	distilbert/distilgpt2	False	0.00045208510709926486	11.11111831665039
Ġshe	3917	 she	4	distilbert/distilgpt2	distilbert/distilgpt2	False	0.4561609625816345	1.1323851346969604
John	3918	John	0	distilbert/distilgpt2	distilbert/distilgpt2	False	1.0	0.0
Ġrev	3918	 reviled	1	distilbert/distilgpt2	distilbert/distilgpt2	False	2.6452920565134264e-07	21.850069046020508
iled	3918	 reviled	1	distilbert/distilgpt2	distilbert/distilgpt2	False	0.011289460584521294	6.468879699707031
ĠMary	3918	 Mary	2	distilbert/distilgpt2	distilbert/distilgpt2	False	0.0001820788747863844	12.423149108886719
Ġbecause	3918	 because	3	distilbert/distilgpt2	distilbert/distilgpt2	False	0.0005822319071739912	10.746118545532227
Ġshe	3918	 she	4	distilbert/distilgpt2	distilbert/distilgpt2	False	0.4529091715812683	1.1427063941955566
Sarah	3919	Sarah	0	distilbert/distilgpt2	distilbert/distilgpt2	False	1.0	0.0
Ġrev	3919	 reviled	1	distilbert/distilgpt2	distilbert/distilgpt2	False	2.821051339196856e-07	21.75726318359375
iled	3919	 reviled	1	distilbert/distilgpt2	distilbert/distilgpt2	False	0.012618870474398136	6.3082733154296875
ĠMary	3919	 Mary	2	distilbert/distilgpt2	distilbert/distilgpt2	False	0.00025841855676844716	11.91800308227539
Ġbecause	3919	 because	3	distilbert/distilgpt2	distilbert/distilgpt2	False	0.00045208510709926486	11.11111831665039
Ġshe	3919	 she	4	distilbert/distilgpt2	distilbert/distilgpt2	False	0.4561609625816345	1.1323851346969604
David	3920	David	0	distilbert/distilgpt2	distilbert/distilgpt2	False	1.0	0.0
Ġrev	3920	 reviled	1	distilbert/distilgpt2	distilbert/distilgpt2	False	3.0628240210717195e-07	21.638633728027344
iled	3920	 reviled	1	distilbert/distilgpt2	distilbert/distilgpt2	False	0.019193124026060104	5.703266620635986
ĠMary	3920	 Mary	2	distilbert/distilgpt2	distilbert/distilgpt2	False	0.00018436857499182224	12.405119895935059
Ġbecause	3920	 because	3	distilbert/distilgpt2	distilbert/distilgpt2	False	0.00022207263100426644	12.136680603027344
Ġshe	3920	 she	4	distilbert/distilgpt2	distilbert/distilgpt2	False	0.4638851284980774	1.1081604957580566
John	3921	John	0	distilbert/distilgpt2	distilbert/distilgpt2	False	1.0	0.0
Ġrevital	3921	 revitalized	1	distilbert/distilgpt2	distilbert/distilgpt2	False	1.0322608545720868e-08	26.529617309570312
ized	3921	 revitalized	1	distilbert/distilgpt2	distilbert/distilgpt2	False	0.31967398524284363	1.645326852798462
ĠDavid	3921	 David	2	distilbert/distilgpt2	distilbert/distilgpt2	False	6.506558565888554e-05	13.907745361328125
Ġbecause	3921	 because	3	distilbert/distilgpt2	distilbert/distilgpt2	False	2.661857615748886e-05	15.1972074508667
Ġhe	3921	 he	4	distilbert/distilgpt2	distilbert/distilgpt2	False	0.3385061025619507	1.562746286392212
Mary	3922	Mary	0	distilbert/distilgpt2	distilbert/distilgpt2	False	1.0	0.0
Ġrevital	3922	 revitalized	1	distilbert/distilgpt2	distilbert/distilgpt2	False	1.2742757959927076e-08	26.22574806213379
ized	3922	 revitalized	1	distilbert/distilgpt2	distilbert/distilgpt2	False	0.2925238013267517	1.7733741998672485
ĠDavid	3922	 David	2	distilbert/distilgpt2	distilbert/distilgpt2	False	5.331969805411063e-05	14.194972038269043
Ġbecause	3922	 because	3	distilbert/distilgpt2	distilbert/distilgpt2	False	3.12398697133176e-05	14.966252326965332
Ġhe	3922	 he	4	distilbert/distilgpt2	distilbert/distilgpt2	False	0.3254070281982422	1.6196826696395874
John	3923	John	0	distilbert/distilgpt2	distilbert/distilgpt2	False	1.0	0.0
Ġrevital	3923	 revitalized	1	distilbert/distilgpt2	distilbert/distilgpt2	False	1.0322608545720868e-08	26.529617309570312
ized	3923	 revitalized	1	distilbert/distilgpt2	distilbert/distilgpt2	False	0.31967398524284363	1.645326852798462
ĠDavid	3923	 David	2	distilbert/distilgpt2	distilbert/distilgpt2	False	6.506558565888554e-05	13.907745361328125
Ġbecause	3923	 because	3	distilbert/distilgpt2	distilbert/distilgpt2	False	2.661857615748886e-05	15.1972074508667
Ġhe	3923	 he	4	distilbert/distilgpt2	distilbert/distilgpt2	False	0.3385061025619507	1.562746286392212
Sarah	3924	Sarah	0	distilbert/distilgpt2	distilbert/distilgpt2	False	1.0	0.0
Ġrevital	3924	 revitalized	1	distilbert/distilgpt2	distilbert/distilgpt2	False	8.880214785733642e-09	26.74675750732422
ized	3924	 revitalized	1	distilbert/distilgpt2	distilbert/distilgpt2	False	0.3795459270477295	1.3976536989212036
ĠDavid	3924	 David	2	distilbert/distilgpt2	distilbert/distilgpt2	False	8.998742123367265e-05	13.43991756439209
Ġbecause	3924	 because	3	distilbert/distilgpt2	distilbert/distilgpt2	False	4.164276833762415e-05	14.55157470703125
Ġhe	3924	 he	4	distilbert/distilgpt2	distilbert/distilgpt2	False	0.36549633741378784	1.452071189880371
David	3925	David	0	distilbert/distilgpt2	distilbert/distilgpt2	False	1.0	0.0
Ġrevital	3925	 revitalized	1	distilbert/distilgpt2	distilbert/distilgpt2	False	1.0493488744600654e-08	26.505929946899414
ized	3925	 revitalized	1	distilbert/distilgpt2	distilbert/distilgpt2	False	0.331207811832428	1.5941914319992065
ĠJohn	3925	 John	2	distilbert/distilgpt2	distilbert/distilgpt2	False	0.0001585609425092116	12.622674942016602
Ġbecause	3925	 because	3	distilbert/distilgpt2	distilbert/distilgpt2	False	3.643432501121424e-05	14.744341850280762
Ġhe	3925	 he	4	distilbert/distilgpt2	distilbert/distilgpt2	False	0.3130075931549072	1.6757304668426514
Mary	3926	Mary	0	distilbert/distilgpt2	distilbert/distilgpt2	False	1.0	0.0
Ġrevital	3926	 revitalized	1	distilbert/distilgpt2	distilbert/distilgpt2	False	1.2742757959927076e-08	26.22574806213379
ized	3926	 revitalized	1	distilbert/distilgpt2	distilbert/distilgpt2	False	0.2925238013267517	1.7733741998672485
ĠJohn	3926	 John	2	distilbert/distilgpt2	distilbert/distilgpt2	False	0.00012040647561661899	13.01979923248291
Ġbecause	3926	 because	3	distilbert/distilgpt2	distilbert/distilgpt2	False	3.422113513806835e-05	14.834753036499023
Ġhe	3926	 he	4	distilbert/distilgpt2	distilbert/distilgpt2	False	0.3007797300815582	1.7332208156585693
David	3927	David	0	distilbert/distilgpt2	distilbert/distilgpt2	False	1.0	0.0
Ġrevital	3927	 revitalized	1	distilbert/distilgpt2	distilbert/distilgpt2	False	1.0493488744600654e-08	26.505929946899414
ized	3927	 revitalized	1	distilbert/distilgpt2	distilbert/distilgpt2	False	0.331207811832428	1.5941914319992065
ĠJohn	3927	 John	2	distilbert/distilgpt2	distilbert/distilgpt2	False	0.0001585609425092116	12.622674942016602
Ġbecause	3927	 because	3	distilbert/distilgpt2	distilbert/distilgpt2	False	3.643432501121424e-05	14.744341850280762
Ġhe	3927	 he	4	distilbert/distilgpt2	distilbert/distilgpt2	False	0.3130075931549072	1.6757304668426514
Sarah	3928	Sarah	0	distilbert/distilgpt2	distilbert/distilgpt2	False	1.0	0.0
Ġrevital	3928	 revitalized	1	distilbert/distilgpt2	distilbert/distilgpt2	False	8.880214785733642e-09	26.74675750732422
ized	3928	 revitalized	1	distilbert/distilgpt2	distilbert/distilgpt2	False	0.3795459270477295	1.3976536989212036
ĠJohn	3928	 John	2	distilbert/distilgpt2	distilbert/distilgpt2	False	0.0001544592232676223	12.660486221313477
Ġbecause	3928	 because	3	distilbert/distilgpt2	distilbert/distilgpt2	False	7.756268314551562e-05	13.654277801513672
Ġhe	3928	 he	4	distilbert/distilgpt2	distilbert/distilgpt2	False	0.33438199758529663	1.5804309844970703
Mary	3929	Mary	0	distilbert/distilgpt2	distilbert/distilgpt2	False	1.0	0.0
Ġrevital	3929	 revitalized	1	distilbert/distilgpt2	distilbert/distilgpt2	False	1.2742757959927076e-08	26.22574806213379
ized	3929	 revitalized	1	distilbert/distilgpt2	distilbert/distilgpt2	False	0.2925238013267517	1.7733741998672485
ĠSarah	3929	 Sarah	2	distilbert/distilgpt2	distilbert/distilgpt2	False	8.011224963411223e-06	16.929546356201172
Ġbecause	3929	 because	3	distilbert/distilgpt2	distilbert/distilgpt2	False	0.000249734875978902	11.967314720153809
Ġshe	3929	 she	4	distilbert/distilgpt2	distilbert/distilgpt2	False	0.37562066316604614	1.4126516580581665
John	3930	John	0	distilbert/distilgpt2	distilbert/distilgpt2	False	1.0	0.0
Ġrevital	3930	 revitalized	1	distilbert/distilgpt2	distilbert/distilgpt2	False	1.0322608545720868e-08	26.529617309570312
ized	3930	 revitalized	1	distilbert/distilgpt2	distilbert/distilgpt2	False	0.31967398524284363	1.645326852798462
ĠSarah	3930	 Sarah	2	distilbert/distilgpt2	distilbert/distilgpt2	False	8.578683264204301e-06	16.830812454223633
Ġbecause	3930	 because	3	distilbert/distilgpt2	distilbert/distilgpt2	False	0.0001317953283432871	12.889412879943848
Ġshe	3930	 she	4	distilbert/distilgpt2	distilbert/distilgpt2	False	0.36346426606178284	1.460114598274231
Mary	3931	Mary	0	distilbert/distilgpt2	distilbert/distilgpt2	False	1.0	0.0
Ġrevital	3931	 revitalized	1	distilbert/distilgpt2	distilbert/distilgpt2	False	1.2742757959927076e-08	26.22574806213379
ized	3931	 revitalized	1	distilbert/distilgpt2	distilbert/distilgpt2	False	0.2925238013267517	1.7733741998672485
ĠSarah	3931	 Sarah	2	distilbert/distilgpt2	distilbert/distilgpt2	False	8.011224963411223e-06	16.929546356201172
Ġbecause	3931	 because	3	distilbert/distilgpt2	distilbert/distilgpt2	False	0.000249734875978902	11.967314720153809
Ġshe	3931	 she	4	distilbert/distilgpt2	distilbert/distilgpt2	False	0.37562066316604614	1.4126516580581665
David	3932	David	0	distilbert/distilgpt2	distilbert/distilgpt2	False	1.0	0.0
Ġrevital	3932	 revitalized	1	distilbert/distilgpt2	distilbert/distilgpt2	False	1.0493488744600654e-08	26.505929946899414
ized	3932	 revitalized	1	distilbert/distilgpt2	distilbert/distilgpt2	False	0.331207811832428	1.5941914319992065
ĠSarah	3932	 Sarah	2	distilbert/distilgpt2	distilbert/distilgpt2	False	9.183907422993798e-06	16.732460021972656
Ġbecause	3932	 because	3	distilbert/distilgpt2	distilbert/distilgpt2	False	0.00010983845277223736	13.152329444885254
Ġshe	3932	 she	4	distilbert/distilgpt2	distilbert/distilgpt2	False	0.36766400933265686	1.4435402154922485
Sarah	3933	Sarah	0	distilbert/distilgpt2	distilbert/distilgpt2	False	1.0	0.0
Ġrevital	3933	 revitalized	1	distilbert/distilgpt2	distilbert/distilgpt2	False	8.880214785733642e-09	26.74675750732422
ized	3933	 revitalized	1	distilbert/distilgpt2	distilbert/distilgpt2	False	0.3795459270477295	1.3976536989212036
ĠMary	3933	 Mary	2	distilbert/distilgpt2	distilbert/distilgpt2	False	0.0001266124745598063	12.947293281555176
Ġbecause	3933	 because	3	distilbert/distilgpt2	distilbert/distilgpt2	False	8.448538574157283e-05	13.530939102172852
Ġshe	3933	 she	4	distilbert/distilgpt2	distilbert/distilgpt2	False	0.32196325063705444	1.6350321769714355
John	3934	John	0	distilbert/distilgpt2	distilbert/distilgpt2	False	1.0	0.0
Ġrevital	3934	 revitalized	1	distilbert/distilgpt2	distilbert/distilgpt2	False	1.0322608545720868e-08	26.529617309570312
ized	3934	 revitalized	1	distilbert/distilgpt2	distilbert/distilgpt2	False	0.31967398524284363	1.645326852798462
ĠMary	3934	 Mary	2	distilbert/distilgpt2	distilbert/distilgpt2	False	0.00010570215818006545	13.207707405090332
Ġbecause	3934	 because	3	distilbert/distilgpt2	distilbert/distilgpt2	False	6.917792779859155e-05	13.819329261779785
Ġshe	3934	 she	4	distilbert/distilgpt2	distilbert/distilgpt2	False	0.2997961640357971	1.7379462718963623
Sarah	3935	Sarah	0	distilbert/distilgpt2	distilbert/distilgpt2	False	1.0	0.0
Ġrevital	3935	 revitalized	1	distilbert/distilgpt2	distilbert/distilgpt2	False	8.880214785733642e-09	26.74675750732422
ized	3935	 revitalized	1	distilbert/distilgpt2	distilbert/distilgpt2	False	0.3795459270477295	1.3976536989212036
ĠMary	3935	 Mary	2	distilbert/distilgpt2	distilbert/distilgpt2	False	0.0001266124745598063	12.947293281555176
Ġbecause	3935	 because	3	distilbert/distilgpt2	distilbert/distilgpt2	False	8.448538574157283e-05	13.530939102172852
Ġshe	3935	 she	4	distilbert/distilgpt2	distilbert/distilgpt2	False	0.32196325063705444	1.6350321769714355
David	3936	David	0	distilbert/distilgpt2	distilbert/distilgpt2	False	1.0	0.0
Ġrevital	3936	 revitalized	1	distilbert/distilgpt2	distilbert/distilgpt2	False	1.0493488744600654e-08	26.505929946899414
ized	3936	 revitalized	1	distilbert/distilgpt2	distilbert/distilgpt2	False	0.331207811832428	1.5941914319992065
ĠMary	3936	 Mary	2	distilbert/distilgpt2	distilbert/distilgpt2	False	0.00011032325710402802	13.145975112915039
Ġbecause	3936	 because	3	distilbert/distilgpt2	distilbert/distilgpt2	False	4.1946728742914274e-05	14.541082382202148
Ġshe	3936	 she	4	distilbert/distilgpt2	distilbert/distilgpt2	False	0.3084895610809326	1.6967064142227173
John	3937	John	0	distilbert/distilgpt2	distilbert/distilgpt2	False	1.0	0.0
Ġrevol	3937	 revolted	1	distilbert/distilgpt2	distilbert/distilgpt2	False	3.543013660234351e-09	28.072376251220703
ted	3937	 revolted	1	distilbert/distilgpt2	distilbert/distilgpt2	False	0.3506127595901489	1.512049674987793
ĠDavid	3937	 David	2	distilbert/distilgpt2	distilbert/distilgpt2	False	1.462311774957925e-05	16.061389923095703
Ġbecause	3937	 because	3	distilbert/distilgpt2	distilbert/distilgpt2	False	0.0001877168397186324	12.379154205322266
Ġhe	3937	 he	4	distilbert/distilgpt2	distilbert/distilgpt2	False	0.40423402190208435	1.3067374229431152
Mary	3938	Mary	0	distilbert/distilgpt2	distilbert/distilgpt2	False	1.0	0.0
Ġrevol	3938	 revolted	1	distilbert/distilgpt2	distilbert/distilgpt2	False	4.106746942511563e-09	27.859355926513672
ted	3938	 revolted	1	distilbert/distilgpt2	distilbert/distilgpt2	False	0.3695973753929138	1.4359736442565918
ĠDavid	3938	 David	2	distilbert/distilgpt2	distilbert/distilgpt2	False	8.487921149935573e-06	16.84615707397461
Ġbecause	3938	 because	3	distilbert/distilgpt2	distilbert/distilgpt2	False	0.0004237425164319575	11.204524993896484
Ġhe	3938	 he	4	distilbert/distilgpt2	distilbert/distilgpt2	False	0.38232386112213135	1.3871328830718994
John	3939	John	0	distilbert/distilgpt2	distilbert/distilgpt2	False	1.0	0.0
Ġrevol	3939	 revolted	1	distilbert/distilgpt2	distilbert/distilgpt2	False	3.543013660234351e-09	28.072376251220703
ted	3939	 revolted	1	distilbert/distilgpt2	distilbert/distilgpt2	False	0.3506127595901489	1.512049674987793
ĠDavid	3939	 David	2	distilbert/distilgpt2	distilbert/distilgpt2	False	1.462311774957925e-05	16.061389923095703
Ġbecause	3939	 because	3	distilbert/distilgpt2	distilbert/distilgpt2	False	0.0001877168397186324	12.379154205322266
Ġhe	3939	 he	4	distilbert/distilgpt2	distilbert/distilgpt2	False	0.40423402190208435	1.3067374229431152
Sarah	3940	Sarah	0	distilbert/distilgpt2	distilbert/distilgpt2	False	1.0	0.0
Ġrevol	3940	 revolted	1	distilbert/distilgpt2	distilbert/distilgpt2	False	3.6400142899850607e-09	28.033409118652344
ted	3940	 revolted	1	distilbert/distilgpt2	distilbert/distilgpt2	False	0.3478721082210541	1.5233711004257202
ĠDavid	3940	 David	2	distilbert/distilgpt2	distilbert/distilgpt2	False	2.0734049030579627e-05	15.557638168334961
Ġbecause	3940	 because	3	distilbert/distilgpt2	distilbert/distilgpt2	False	0.00015536692808382213	12.652032852172852
Ġhe	3940	 he	4	distilbert/distilgpt2	distilbert/distilgpt2	False	0.4206959903240204	1.249150037765503
David	3941	David	0	distilbert/distilgpt2	distilbert/distilgpt2	False	1.0	0.0
Ġrevol	3941	 revolted	1	distilbert/distilgpt2	distilbert/distilgpt2	False	3.083159505479216e-09	28.2729434967041
ted	3941	 revolted	1	distilbert/distilgpt2	distilbert/distilgpt2	False	0.3571067750453949	1.4855725765228271
ĠJohn	3941	 John	2	distilbert/distilgpt2	distilbert/distilgpt2	False	4.8392357712145895e-05	14.334860801696777
Ġbecause	3941	 because	3	distilbert/distilgpt2	distilbert/distilgpt2	False	5.6487926485715434e-05	14.111698150634766
Ġhe	3941	 he	4	distilbert/distilgpt2	distilbert/distilgpt2	False	0.38354453444480896	1.3825340270996094
Mary	3942	Mary	0	distilbert/distilgpt2	distilbert/distilgpt2	False	1.0	0.0
Ġrevol	3942	 revolted	1	distilbert/distilgpt2	distilbert/distilgpt2	False	4.106746942511563e-09	27.859355926513672
ted	3942	 revolted	1	distilbert/distilgpt2	distilbert/distilgpt2	False	0.3695973753929138	1.4359736442565918
ĠJohn	3942	 John	2	distilbert/distilgpt2	distilbert/distilgpt2	False	2.116239738825243e-05	15.52813720703125
Ġbecause	3942	 because	3	distilbert/distilgpt2	distilbert/distilgpt2	False	0.00024741364177316427	11.98078727722168
Ġhe	3942	 he	4	distilbert/distilgpt2	distilbert/distilgpt2	False	0.3819909691810608	1.3883895874023438
David	3943	David	0	distilbert/distilgpt2	distilbert/distilgpt2	False	1.0	0.0
Ġrevol	3943	 revolted	1	distilbert/distilgpt2	distilbert/distilgpt2	False	3.083159505479216e-09	28.2729434967041
ted	3943	 revolted	1	distilbert/distilgpt2	distilbert/distilgpt2	False	0.3571067750453949	1.4855725765228271
ĠJohn	3943	 John	2	distilbert/distilgpt2	distilbert/distilgpt2	False	4.8392357712145895e-05	14.334860801696777
Ġbecause	3943	 because	3	distilbert/distilgpt2	distilbert/distilgpt2	False	5.6487926485715434e-05	14.111698150634766
Ġhe	3943	 he	4	distilbert/distilgpt2	distilbert/distilgpt2	False	0.38354453444480896	1.3825340270996094
Sarah	3944	Sarah	0	distilbert/distilgpt2	distilbert/distilgpt2	False	1.0	0.0
Ġrevol	3944	 revolted	1	distilbert/distilgpt2	distilbert/distilgpt2	False	3.6400142899850607e-09	28.033409118652344
ted	3944	 revolted	1	distilbert/distilgpt2	distilbert/distilgpt2	False	0.3478721082210541	1.5233711004257202
ĠJohn	3944	 John	2	distilbert/distilgpt2	distilbert/distilgpt2	False	4.099461511941627e-05	14.574206352233887
Ġbecause	3944	 because	3	distilbert/distilgpt2	distilbert/distilgpt2	False	0.00021374833886511624	12.19179916381836
Ġhe	3944	 he	4	distilbert/distilgpt2	distilbert/distilgpt2	False	0.39901167154312134	1.3254971504211426
Mary	3945	Mary	0	distilbert/distilgpt2	distilbert/distilgpt2	False	1.0	0.0
Ġrevol	3945	 revolted	1	distilbert/distilgpt2	distilbert/distilgpt2	False	4.106746942511563e-09	27.859355926513672
ted	3945	 revolted	1	distilbert/distilgpt2	distilbert/distilgpt2	False	0.3695973753929138	1.4359736442565918
ĠSarah	3945	 Sarah	2	distilbert/distilgpt2	distilbert/distilgpt2	False	1.387148699905083e-06	19.45944595336914
Ġbecause	3945	 because	3	distilbert/distilgpt2	distilbert/distilgpt2	False	0.001917974790558219	9.026200294494629
Ġshe	3945	 she	4	distilbert/distilgpt2	distilbert/distilgpt2	False	0.43529659509658813	1.1999293565750122
John	3946	John	0	distilbert/distilgpt2	distilbert/distilgpt2	False	1.0	0.0
Ġrevol	3946	 revolted	1	distilbert/distilgpt2	distilbert/distilgpt2	False	3.543013660234351e-09	28.072376251220703
ted	3946	 revolted	1	distilbert/distilgpt2	distilbert/distilgpt2	False	0.3506127595901489	1.512049674987793
ĠSarah	3946	 Sarah	2	distilbert/distilgpt2	distilbert/distilgpt2	False	2.0178101749479538e-06	18.918777465820312
Ġbecause	3946	 because	3	distilbert/distilgpt2	distilbert/distilgpt2	False	0.00044866150710731745	11.122084617614746
Ġshe	3946	 she	4	distilbert/distilgpt2	distilbert/distilgpt2	False	0.43969032168388367	1.1854403018951416
Mary	3947	Mary	0	distilbert/distilgpt2	distilbert/distilgpt2	False	1.0	0.0
Ġrevol	3947	 revolted	1	distilbert/distilgpt2	distilbert/distilgpt2	False	4.106746942511563e-09	27.859355926513672
ted	3947	 revolted	1	distilbert/distilgpt2	distilbert/distilgpt2	False	0.3695973753929138	1.4359736442565918
ĠSarah	3947	 Sarah	2	distilbert/distilgpt2	distilbert/distilgpt2	False	1.387148699905083e-06	19.45944595336914
Ġbecause	3947	 because	3	distilbert/distilgpt2	distilbert/distilgpt2	False	0.001917974790558219	9.026200294494629
Ġshe	3947	 she	4	distilbert/distilgpt2	distilbert/distilgpt2	False	0.43529659509658813	1.1999293565750122
David	3948	David	0	distilbert/distilgpt2	distilbert/distilgpt2	False	1.0	0.0
Ġrevol	3948	 revolted	1	distilbert/distilgpt2	distilbert/distilgpt2	False	3.083159505479216e-09	28.2729434967041
ted	3948	 revolted	1	distilbert/distilgpt2	distilbert/distilgpt2	False	0.3571067750453949	1.4855725765228271
ĠSarah	3948	 Sarah	2	distilbert/distilgpt2	distilbert/distilgpt2	False	3.1456957003683783e-06	18.278188705444336
Ġbecause	3948	 because	3	distilbert/distilgpt2	distilbert/distilgpt2	False	0.0001586199359735474	12.622138023376465
Ġshe	3948	 she	4	distilbert/distilgpt2	distilbert/distilgpt2	False	0.4332025349140167	1.2068864107131958
Sarah	3949	Sarah	0	distilbert/distilgpt2	distilbert/distilgpt2	False	1.0	0.0
Ġrevol	3949	 revolted	1	distilbert/distilgpt2	distilbert/distilgpt2	False	3.6400142899850607e-09	28.033409118652344
ted	3949	 revolted	1	distilbert/distilgpt2	distilbert/distilgpt2	False	0.3478721082210541	1.5233711004257202
ĠMary	3949	 Mary	2	distilbert/distilgpt2	distilbert/distilgpt2	False	9.320717254013289e-06	16.71112823486328
Ġbecause	3949	 because	3	distilbert/distilgpt2	distilbert/distilgpt2	False	0.001086743432097137	9.845772743225098
Ġshe	3949	 she	4	distilbert/distilgpt2	distilbert/distilgpt2	False	0.40973809361457825	1.2872260808944702
John	3950	John	0	distilbert/distilgpt2	distilbert/distilgpt2	False	1.0	0.0
Ġrevol	3950	 revolted	1	distilbert/distilgpt2	distilbert/distilgpt2	False	3.543013660234351e-09	28.072376251220703
ted	3950	 revolted	1	distilbert/distilgpt2	distilbert/distilgpt2	False	0.3506127595901489	1.512049674987793
ĠMary	3950	 Mary	2	distilbert/distilgpt2	distilbert/distilgpt2	False	5.734408659918699e-06	17.411924362182617
Ġbecause	3950	 because	3	distilbert/distilgpt2	distilbert/distilgpt2	False	0.0012825964950025082	9.606717109680176
Ġshe	3950	 she	4	distilbert/distilgpt2	distilbert/distilgpt2	False	0.39360105991363525	1.3451939821243286
Sarah	3951	Sarah	0	distilbert/distilgpt2	distilbert/distilgpt2	False	1.0	0.0
Ġrevol	3951	 revolted	1	distilbert/distilgpt2	distilbert/distilgpt2	False	3.6400142899850607e-09	28.033409118652344
ted	3951	 revolted	1	distilbert/distilgpt2	distilbert/distilgpt2	False	0.3478721082210541	1.5233711004257202
ĠMary	3951	 Mary	2	distilbert/distilgpt2	distilbert/distilgpt2	False	9.320717254013289e-06	16.71112823486328
Ġbecause	3951	 because	3	distilbert/distilgpt2	distilbert/distilgpt2	False	0.001086743432097137	9.845772743225098
Ġshe	3951	 she	4	distilbert/distilgpt2	distilbert/distilgpt2	False	0.40973809361457825	1.2872260808944702
David	3952	David	0	distilbert/distilgpt2	distilbert/distilgpt2	False	1.0	0.0
Ġrevol	3952	 revolted	1	distilbert/distilgpt2	distilbert/distilgpt2	False	3.083159505479216e-09	28.2729434967041
ted	3952	 revolted	1	distilbert/distilgpt2	distilbert/distilgpt2	False	0.3571067750453949	1.4855725765228271
ĠMary	3952	 Mary	2	distilbert/distilgpt2	distilbert/distilgpt2	False	7.731863661319949e-06	16.98075294494629
Ġbecause	3952	 because	3	distilbert/distilgpt2	distilbert/distilgpt2	False	0.0005341902724467218	10.87035846710205
Ġshe	3952	 she	4	distilbert/distilgpt2	distilbert/distilgpt2	False	0.394106924533844	1.3433409929275513
John	3953	John	0	distilbert/distilgpt2	distilbert/distilgpt2	False	1.0	0.0
Ġrewarded	3953	 rewarded	1	distilbert/distilgpt2	distilbert/distilgpt2	False	4.463151270783783e-08	24.417362213134766
ĠDavid	3953	 David	2	distilbert/distilgpt2	distilbert/distilgpt2	False	0.0003610171261243522	11.43564510345459
Ġbecause	3953	 because	3	distilbert/distilgpt2	distilbert/distilgpt2	False	0.0003612748987507075	11.434615135192871
Ġhe	3953	 he	4	distilbert/distilgpt2	distilbert/distilgpt2	False	0.42802661657333374	1.2242276668548584
Mary	3954	Mary	0	distilbert/distilgpt2	distilbert/distilgpt2	False	1.0	0.0
Ġrewarded	3954	 rewarded	1	distilbert/distilgpt2	distilbert/distilgpt2	False	5.227365917903626e-08	24.189340591430664
ĠDavid	3954	 David	2	distilbert/distilgpt2	distilbert/distilgpt2	False	0.00022920283663552254	12.091087341308594
Ġbecause	3954	 because	3	distilbert/distilgpt2	distilbert/distilgpt2	False	0.000753414467908442	10.374268531799316
Ġhe	3954	 he	4	distilbert/distilgpt2	distilbert/distilgpt2	False	0.4218553304672241	1.2451797723770142
John	3955	John	0	distilbert/distilgpt2	distilbert/distilgpt2	False	1.0	0.0
Ġrewarded	3955	 rewarded	1	distilbert/distilgpt2	distilbert/distilgpt2	False	4.463151270783783e-08	24.417362213134766
ĠDavid	3955	 David	2	distilbert/distilgpt2	distilbert/distilgpt2	False	0.0003610171261243522	11.43564510345459
Ġbecause	3955	 because	3	distilbert/distilgpt2	distilbert/distilgpt2	False	0.0003612748987507075	11.434615135192871
Ġhe	3955	 he	4	distilbert/distilgpt2	distilbert/distilgpt2	False	0.42802661657333374	1.2242276668548584
Sarah	3956	Sarah	0	distilbert/distilgpt2	distilbert/distilgpt2	False	1.0	0.0
Ġrewarded	3956	 rewarded	1	distilbert/distilgpt2	distilbert/distilgpt2	False	4.2523968346586116e-08	24.48714828491211
ĠDavid	3956	 David	2	distilbert/distilgpt2	distilbert/distilgpt2	False	0.00035598877002485096	11.455880165100098
Ġbecause	3956	 because	3	distilbert/distilgpt2	distilbert/distilgpt2	False	0.0005279999459162354	10.887174606323242
Ġhe	3956	 he	4	distilbert/distilgpt2	distilbert/distilgpt2	False	0.42796143889427185	1.2244473695755005
David	3957	David	0	distilbert/distilgpt2	distilbert/distilgpt2	False	1.0	0.0
Ġrewarded	3957	 rewarded	1	distilbert/distilgpt2	distilbert/distilgpt2	False	5.153779270017367e-08	24.209794998168945
ĠJohn	3957	 John	2	distilbert/distilgpt2	distilbert/distilgpt2	False	0.0008720977348275483	10.163222312927246
Ġbecause	3957	 because	3	distilbert/distilgpt2	distilbert/distilgpt2	False	0.0009943506447598338	9.973958015441895
Ġhe	3957	 he	4	distilbert/distilgpt2	distilbert/distilgpt2	False	0.42573580145835876	1.2319697141647339
Mary	3958	Mary	0	distilbert/distilgpt2	distilbert/distilgpt2	False	1.0	0.0
Ġrewarded	3958	 rewarded	1	distilbert/distilgpt2	distilbert/distilgpt2	False	5.227365917903626e-08	24.189340591430664
ĠJohn	3958	 John	2	distilbert/distilgpt2	distilbert/distilgpt2	False	0.0006301801186054945	10.631948471069336
Ġbecause	3958	 because	3	distilbert/distilgpt2	distilbert/distilgpt2	False	0.0017769462428987026	9.136384010314941
Ġhe	3958	 he	4	distilbert/distilgpt2	distilbert/distilgpt2	False	0.46340709924697876	1.1096479892730713
David	3959	David	0	distilbert/distilgpt2	distilbert/distilgpt2	False	1.0	0.0
Ġrewarded	3959	 rewarded	1	distilbert/distilgpt2	distilbert/distilgpt2	False	5.153779270017367e-08	24.209794998168945
ĠJohn	3959	 John	2	distilbert/distilgpt2	distilbert/distilgpt2	False	0.0008720977348275483	10.163222312927246
Ġbecause	3959	 because	3	distilbert/distilgpt2	distilbert/distilgpt2	False	0.0009943506447598338	9.973958015441895
Ġhe	3959	 he	4	distilbert/distilgpt2	distilbert/distilgpt2	False	0.42573580145835876	1.2319697141647339
Sarah	3960	Sarah	0	distilbert/distilgpt2	distilbert/distilgpt2	False	1.0	0.0
Ġrewarded	3960	 rewarded	1	distilbert/distilgpt2	distilbert/distilgpt2	False	4.2523968346586116e-08	24.48714828491211
ĠJohn	3960	 John	2	distilbert/distilgpt2	distilbert/distilgpt2	False	0.0007994103943929076	10.288776397705078
Ġbecause	3960	 because	3	distilbert/distilgpt2	distilbert/distilgpt2	False	0.0023071100004017353	8.759697914123535
Ġhe	3960	 he	4	distilbert/distilgpt2	distilbert/distilgpt2	False	0.44262751936912537	1.1758350133895874
Mary	3961	Mary	0	distilbert/distilgpt2	distilbert/distilgpt2	False	1.0	0.0
Ġrewarded	3961	 rewarded	1	distilbert/distilgpt2	distilbert/distilgpt2	False	5.227365917903626e-08	24.189340591430664
ĠSarah	3961	 Sarah	2	distilbert/distilgpt2	distilbert/distilgpt2	False	5.129739656695165e-05	14.250754356384277
Ġbecause	3961	 because	3	distilbert/distilgpt2	distilbert/distilgpt2	False	0.0017551566706970334	9.154184341430664
Ġshe	3961	 she	4	distilbert/distilgpt2	distilbert/distilgpt2	False	0.5382025241851807	0.8937789797782898
John	3962	John	0	distilbert/distilgpt2	distilbert/distilgpt2	False	1.0	0.0
Ġrewarded	3962	 rewarded	1	distilbert/distilgpt2	distilbert/distilgpt2	False	4.463151270783783e-08	24.417362213134766
ĠSarah	3962	 Sarah	2	distilbert/distilgpt2	distilbert/distilgpt2	False	4.540811642073095e-05	14.426690101623535
Ġbecause	3962	 because	3	distilbert/distilgpt2	distilbert/distilgpt2	False	0.0014308220706880093	9.44894027709961
Ġshe	3962	 she	4	distilbert/distilgpt2	distilbert/distilgpt2	False	0.5033369064331055	0.9904037714004517
Mary	3963	Mary	0	distilbert/distilgpt2	distilbert/distilgpt2	False	1.0	0.0
Ġrewarded	3963	 rewarded	1	distilbert/distilgpt2	distilbert/distilgpt2	False	5.227365917903626e-08	24.189340591430664
ĠSarah	3963	 Sarah	2	distilbert/distilgpt2	distilbert/distilgpt2	False	5.129739656695165e-05	14.250754356384277
Ġbecause	3963	 because	3	distilbert/distilgpt2	distilbert/distilgpt2	False	0.0017551566706970334	9.154184341430664
Ġshe	3963	 she	4	distilbert/distilgpt2	distilbert/distilgpt2	False	0.5382025241851807	0.8937789797782898
David	3964	David	0	distilbert/distilgpt2	distilbert/distilgpt2	False	1.0	0.0
Ġrewarded	3964	 rewarded	1	distilbert/distilgpt2	distilbert/distilgpt2	False	5.153779270017367e-08	24.209794998168945
ĠSarah	3964	 Sarah	2	distilbert/distilgpt2	distilbert/distilgpt2	False	4.1506496927468106e-05	14.556303024291992
Ġbecause	3964	 because	3	distilbert/distilgpt2	distilbert/distilgpt2	False	0.0007972789462655783	10.292627334594727
Ġshe	3964	 she	4	distilbert/distilgpt2	distilbert/distilgpt2	False	0.49796125292778015	1.005894660949707
Sarah	3965	Sarah	0	distilbert/distilgpt2	distilbert/distilgpt2	False	1.0	0.0
Ġrewarded	3965	 rewarded	1	distilbert/distilgpt2	distilbert/distilgpt2	False	4.2523968346586116e-08	24.48714828491211
ĠMary	3965	 Mary	2	distilbert/distilgpt2	distilbert/distilgpt2	False	0.00010360303713241592	13.236645698547363
Ġbecause	3965	 because	3	distilbert/distilgpt2	distilbert/distilgpt2	False	0.0015717112692072988	9.313447952270508
Ġshe	3965	 she	4	distilbert/distilgpt2	distilbert/distilgpt2	False	0.45319342613220215	1.1418012380599976
John	3966	John	0	distilbert/distilgpt2	distilbert/distilgpt2	False	1.0	0.0
Ġrewarded	3966	 rewarded	1	distilbert/distilgpt2	distilbert/distilgpt2	False	4.463151270783783e-08	24.417362213134766
ĠMary	3966	 Mary	2	distilbert/distilgpt2	distilbert/distilgpt2	False	7.446315430570394e-05	13.713113784790039
Ġbecause	3966	 because	3	distilbert/distilgpt2	distilbert/distilgpt2	False	0.0017987994942814112	9.118749618530273
Ġshe	3966	 she	4	distilbert/distilgpt2	distilbert/distilgpt2	False	0.47757688164711	1.0661951303482056
Sarah	3967	Sarah	0	distilbert/distilgpt2	distilbert/distilgpt2	False	1.0	0.0
Ġrewarded	3967	 rewarded	1	distilbert/distilgpt2	distilbert/distilgpt2	False	4.2523968346586116e-08	24.48714828491211
ĠMary	3967	 Mary	2	distilbert/distilgpt2	distilbert/distilgpt2	False	0.00010360303713241592	13.236645698547363
Ġbecause	3967	 because	3	distilbert/distilgpt2	distilbert/distilgpt2	False	0.0015717112692072988	9.313447952270508
Ġshe	3967	 she	4	distilbert/distilgpt2	distilbert/distilgpt2	False	0.45319342613220215	1.1418012380599976
David	3968	David	0	distilbert/distilgpt2	distilbert/distilgpt2	False	1.0	0.0
Ġrewarded	3968	 rewarded	1	distilbert/distilgpt2	distilbert/distilgpt2	False	5.153779270017367e-08	24.209794998168945
ĠMary	3968	 Mary	2	distilbert/distilgpt2	distilbert/distilgpt2	False	6.67347849230282e-05	13.871201515197754
Ġbecause	3968	 because	3	distilbert/distilgpt2	distilbert/distilgpt2	False	0.0008361856453120708	10.223889350891113
Ġshe	3968	 she	4	distilbert/distilgpt2	distilbert/distilgpt2	False	0.4542619585990906	1.1384036540985107
John	3969	John	0	distilbert/distilgpt2	distilbert/distilgpt2	False	1.0	0.0
Ġridiculed	3969	 ridiculed	1	distilbert/distilgpt2	distilbert/distilgpt2	False	1.574826669070717e-08	25.920230865478516
ĠDavid	3969	 David	2	distilbert/distilgpt2	distilbert/distilgpt2	False	0.0009468553471378982	10.044568061828613
Ġbecause	3969	 because	3	distilbert/distilgpt2	distilbert/distilgpt2	False	0.00025711837224662304	11.92527961730957
Ġhe	3969	 he	4	distilbert/distilgpt2	distilbert/distilgpt2	False	0.4369373619556427	1.1945016384124756
Mary	3970	Mary	0	distilbert/distilgpt2	distilbert/distilgpt2	False	1.0	0.0
Ġridiculed	3970	 ridiculed	1	distilbert/distilgpt2	distilbert/distilgpt2	False	1.654851899957066e-08	25.848722457885742
ĠDavid	3970	 David	2	distilbert/distilgpt2	distilbert/distilgpt2	False	0.0005754651501774788	10.762984275817871
Ġbecause	3970	 because	3	distilbert/distilgpt2	distilbert/distilgpt2	False	0.0005143365706317127	10.925000190734863
Ġhe	3970	 he	4	distilbert/distilgpt2	distilbert/distilgpt2	False	0.43961527943611145	1.1856865882873535
John	3971	John	0	distilbert/distilgpt2	distilbert/distilgpt2	False	1.0	0.0
Ġridiculed	3971	 ridiculed	1	distilbert/distilgpt2	distilbert/distilgpt2	False	1.574826669070717e-08	25.920230865478516
ĠDavid	3971	 David	2	distilbert/distilgpt2	distilbert/distilgpt2	False	0.0009468553471378982	10.044568061828613
Ġbecause	3971	 because	3	distilbert/distilgpt2	distilbert/distilgpt2	False	0.00025711837224662304	11.92527961730957
Ġhe	3971	 he	4	distilbert/distilgpt2	distilbert/distilgpt2	False	0.4369373619556427	1.1945016384124756
Sarah	3972	Sarah	0	distilbert/distilgpt2	distilbert/distilgpt2	False	1.0	0.0
Ġridiculed	3972	 ridiculed	1	distilbert/distilgpt2	distilbert/distilgpt2	False	1.6170908168078313e-08	25.88202476501465
ĠDavid	3972	 David	2	distilbert/distilgpt2	distilbert/distilgpt2	False	0.0009786691516637802	9.996891021728516
Ġbecause	3972	 because	3	distilbert/distilgpt2	distilbert/distilgpt2	False	0.00020417630730662495	12.25789737701416
Ġhe	3972	 he	4	distilbert/distilgpt2	distilbert/distilgpt2	False	0.4420773684978485	1.1776292324066162
David	3973	David	0	distilbert/distilgpt2	distilbert/distilgpt2	False	1.0	0.0
Ġridiculed	3973	 ridiculed	1	distilbert/distilgpt2	distilbert/distilgpt2	False	1.78334182976414e-08	25.740840911865234
ĠJohn	3973	 John	2	distilbert/distilgpt2	distilbert/distilgpt2	False	0.0016920855268836021	9.206981658935547
Ġbecause	3973	 because	3	distilbert/distilgpt2	distilbert/distilgpt2	False	0.00018571256077848375	12.394640922546387
Ġhe	3973	 he	4	distilbert/distilgpt2	distilbert/distilgpt2	False	0.469157874584198	1.0918546915054321
Mary	3974	Mary	0	distilbert/distilgpt2	distilbert/distilgpt2	False	1.0	0.0
Ġridiculed	3974	 ridiculed	1	distilbert/distilgpt2	distilbert/distilgpt2	False	1.654851899957066e-08	25.848722457885742
ĠJohn	3974	 John	2	distilbert/distilgpt2	distilbert/distilgpt2	False	0.001210892922244966	9.689713478088379
Ġbecause	3974	 because	3	distilbert/distilgpt2	distilbert/distilgpt2	False	0.0006202065851539373	10.654963493347168
Ġhe	3974	 he	4	distilbert/distilgpt2	distilbert/distilgpt2	False	0.478162944316864	1.0644258260726929
David	3975	David	0	distilbert/distilgpt2	distilbert/distilgpt2	False	1.0	0.0
Ġridiculed	3975	 ridiculed	1	distilbert/distilgpt2	distilbert/distilgpt2	False	1.78334182976414e-08	25.740840911865234
ĠJohn	3975	 John	2	distilbert/distilgpt2	distilbert/distilgpt2	False	0.0016920855268836021	9.206981658935547
Ġbecause	3975	 because	3	distilbert/distilgpt2	distilbert/distilgpt2	False	0.00018571256077848375	12.394640922546387
Ġhe	3975	 he	4	distilbert/distilgpt2	distilbert/distilgpt2	False	0.469157874584198	1.0918546915054321
Sarah	3976	Sarah	0	distilbert/distilgpt2	distilbert/distilgpt2	False	1.0	0.0
Ġridiculed	3976	 ridiculed	1	distilbert/distilgpt2	distilbert/distilgpt2	False	1.6170908168078313e-08	25.88202476501465
ĠJohn	3976	 John	2	distilbert/distilgpt2	distilbert/distilgpt2	False	0.0018000616692006588	9.117737770080566
Ġbecause	3976	 because	3	distilbert/distilgpt2	distilbert/distilgpt2	False	0.0004558868531603366	11.09903621673584
Ġhe	3976	 he	4	distilbert/distilgpt2	distilbert/distilgpt2	False	0.4634769558906555	1.1094305515289307
Mary	3977	Mary	0	distilbert/distilgpt2	distilbert/distilgpt2	False	1.0	0.0
Ġridiculed	3977	 ridiculed	1	distilbert/distilgpt2	distilbert/distilgpt2	False	1.654851899957066e-08	25.848722457885742
ĠSarah	3977	 Sarah	2	distilbert/distilgpt2	distilbert/distilgpt2	False	0.00033644528593868017	11.53734016418457
Ġbecause	3977	 because	3	distilbert/distilgpt2	distilbert/distilgpt2	False	0.0013080282369628549	9.578391075134277
Ġshe	3977	 she	4	distilbert/distilgpt2	distilbert/distilgpt2	False	0.4826783835887909	1.050865888595581
John	3978	John	0	distilbert/distilgpt2	distilbert/distilgpt2	False	1.0	0.0
Ġridiculed	3978	 ridiculed	1	distilbert/distilgpt2	distilbert/distilgpt2	False	1.574826669070717e-08	25.920230865478516
ĠSarah	3978	 Sarah	2	distilbert/distilgpt2	distilbert/distilgpt2	False	0.0004118492652196437	11.245595932006836
Ġbecause	3978	 because	3	distilbert/distilgpt2	distilbert/distilgpt2	False	0.00034414278343319893	11.504705429077148
Ġshe	3978	 she	4	distilbert/distilgpt2	distilbert/distilgpt2	False	0.4764013886451721	1.0697505474090576
Mary	3979	Mary	0	distilbert/distilgpt2	distilbert/distilgpt2	False	1.0	0.0
Ġridiculed	3979	 ridiculed	1	distilbert/distilgpt2	distilbert/distilgpt2	False	1.654851899957066e-08	25.848722457885742
ĠSarah	3979	 Sarah	2	distilbert/distilgpt2	distilbert/distilgpt2	False	0.00033644528593868017	11.53734016418457
Ġbecause	3979	 because	3	distilbert/distilgpt2	distilbert/distilgpt2	False	0.0013080282369628549	9.578391075134277
Ġshe	3979	 she	4	distilbert/distilgpt2	distilbert/distilgpt2	False	0.4826783835887909	1.050865888595581
David	3980	David	0	distilbert/distilgpt2	distilbert/distilgpt2	False	1.0	0.0
Ġridiculed	3980	 ridiculed	1	distilbert/distilgpt2	distilbert/distilgpt2	False	1.78334182976414e-08	25.740840911865234
ĠSarah	3980	 Sarah	2	distilbert/distilgpt2	distilbert/distilgpt2	False	0.00039132448728196323	11.319347381591797
Ġbecause	3980	 because	3	distilbert/distilgpt2	distilbert/distilgpt2	False	0.0001925264805322513	12.342655181884766
Ġshe	3980	 she	4	distilbert/distilgpt2	distilbert/distilgpt2	False	0.4620535969734192	1.1138678789138794
Sarah	3981	Sarah	0	distilbert/distilgpt2	distilbert/distilgpt2	False	1.0	0.0
Ġridiculed	3981	 ridiculed	1	distilbert/distilgpt2	distilbert/distilgpt2	False	1.6170908168078313e-08	25.88202476501465
ĠMary	3981	 Mary	2	distilbert/distilgpt2	distilbert/distilgpt2	False	0.00042329056304879487	11.206064224243164
Ġbecause	3981	 because	3	distilbert/distilgpt2	distilbert/distilgpt2	False	0.001500057172961533	9.380766868591309
Ġshe	3981	 she	4	distilbert/distilgpt2	distilbert/distilgpt2	False	0.42375513911247253	1.2386972904205322
John	3982	John	0	distilbert/distilgpt2	distilbert/distilgpt2	False	1.0	0.0
Ġridiculed	3982	 ridiculed	1	distilbert/distilgpt2	distilbert/distilgpt2	False	1.574826669070717e-08	25.920230865478516
ĠMary	3982	 Mary	2	distilbert/distilgpt2	distilbert/distilgpt2	False	0.00029772540437988937	11.713729858398438
Ġbecause	3982	 because	3	distilbert/distilgpt2	distilbert/distilgpt2	False	0.002096527721732855	8.897782325744629
Ġshe	3982	 she	4	distilbert/distilgpt2	distilbert/distilgpt2	False	0.4455859661102295	1.1662243604660034
Sarah	3983	Sarah	0	distilbert/distilgpt2	distilbert/distilgpt2	False	1.0	0.0
Ġridiculed	3983	 ridiculed	1	distilbert/distilgpt2	distilbert/distilgpt2	False	1.6170908168078313e-08	25.88202476501465
ĠMary	3983	 Mary	2	distilbert/distilgpt2	distilbert/distilgpt2	False	0.00042329056304879487	11.206064224243164
Ġbecause	3983	 because	3	distilbert/distilgpt2	distilbert/distilgpt2	False	0.001500057172961533	9.380766868591309
Ġshe	3983	 she	4	distilbert/distilgpt2	distilbert/distilgpt2	False	0.42375513911247253	1.2386972904205322
David	3984	David	0	distilbert/distilgpt2	distilbert/distilgpt2	False	1.0	0.0
Ġridiculed	3984	 ridiculed	1	distilbert/distilgpt2	distilbert/distilgpt2	False	1.78334182976414e-08	25.740840911865234
ĠMary	3984	 Mary	2	distilbert/distilgpt2	distilbert/distilgpt2	False	0.00025531265418976545	11.935447692871094
Ġbecause	3984	 because	3	distilbert/distilgpt2	distilbert/distilgpt2	False	0.0006236974732019007	10.646865844726562
Ġshe	3984	 she	4	distilbert/distilgpt2	distilbert/distilgpt2	False	0.4223792254924774	1.2433892488479614
John	3985	John	0	distilbert/distilgpt2	distilbert/distilgpt2	False	1.0	0.0
Ġrushed	3985	 rushed	1	distilbert/distilgpt2	distilbert/distilgpt2	False	9.188094907131017e-08	23.37565803527832
Ġto	3985	 to	2	distilbert/distilgpt2	distilbert/distilgpt2	False	0.2646874189376831	1.9176385402679443
ĠDavid	3985	 David	3	distilbert/distilgpt2	distilbert/distilgpt2	False	0.000166529935086146	12.55193042755127
Ġbecause	3985	 because	4	distilbert/distilgpt2	distilbert/distilgpt2	False	0.00043663333053700626	11.161290168762207
Ġhe	3985	 he	5	distilbert/distilgpt2	distilbert/distilgpt2	False	0.3968762457370758	1.333238959312439
Mary	3986	Mary	0	distilbert/distilgpt2	distilbert/distilgpt2	False	1.0	0.0
Ġrushed	3986	 rushed	1	distilbert/distilgpt2	distilbert/distilgpt2	False	1.3484994099144387e-07	22.822141647338867
Ġto	3986	 to	2	distilbert/distilgpt2	distilbert/distilgpt2	False	0.30092060565948486	1.732545256614685
ĠDavid	3986	 David	3	distilbert/distilgpt2	distilbert/distilgpt2	False	0.00012416168465279043	12.975492477416992
Ġbecause	3986	 because	4	distilbert/distilgpt2	distilbert/distilgpt2	False	0.0004359800659585744	11.163450241088867
Ġhe	3986	 he	5	distilbert/distilgpt2	distilbert/distilgpt2	False	0.36063435673713684	1.4713913202285767
John	3987	John	0	distilbert/distilgpt2	distilbert/distilgpt2	False	1.0	0.0
Ġrushed	3987	 rushed	1	distilbert/distilgpt2	distilbert/distilgpt2	False	9.188094907131017e-08	23.37565803527832
Ġto	3987	 to	2	distilbert/distilgpt2	distilbert/distilgpt2	False	0.2646874189376831	1.9176385402679443
ĠDavid	3987	 David	3	distilbert/distilgpt2	distilbert/distilgpt2	False	0.000166529935086146	12.55193042755127
Ġbecause	3987	 because	4	distilbert/distilgpt2	distilbert/distilgpt2	False	0.00043663333053700626	11.161290168762207
Ġhe	3987	 he	5	distilbert/distilgpt2	distilbert/distilgpt2	False	0.3968762457370758	1.333238959312439
Sarah	3988	Sarah	0	distilbert/distilgpt2	distilbert/distilgpt2	False	1.0	0.0
Ġrushed	3988	 rushed	1	distilbert/distilgpt2	distilbert/distilgpt2	False	1.0936322780707997e-07	23.12436866760254
Ġto	3988	 to	2	distilbert/distilgpt2	distilbert/distilgpt2	False	0.3287230432033539	1.605055570602417
ĠDavid	3988	 David	3	distilbert/distilgpt2	distilbert/distilgpt2	False	0.00015355259529314935	12.66897964477539
Ġbecause	3988	 because	4	distilbert/distilgpt2	distilbert/distilgpt2	False	0.0004237091925460845	11.204638481140137
Ġhe	3988	 he	5	distilbert/distilgpt2	distilbert/distilgpt2	False	0.3944021761417389	1.3422605991363525
David	3989	David	0	distilbert/distilgpt2	distilbert/distilgpt2	False	1.0	0.0
Ġrushed	3989	 rushed	1	distilbert/distilgpt2	distilbert/distilgpt2	False	1.045493647211515e-07	23.189311981201172
Ġto	3989	 to	2	distilbert/distilgpt2	distilbert/distilgpt2	False	0.26910269260406494	1.8937712907791138
ĠJohn	3989	 John	3	distilbert/distilgpt2	distilbert/distilgpt2	False	0.000340836908435449	11.518630981445312
Ġbecause	3989	 because	4	distilbert/distilgpt2	distilbert/distilgpt2	False	0.0002206847129855305	12.14572525024414
Ġhe	3989	 he	5	distilbert/distilgpt2	distilbert/distilgpt2	False	0.3596078157424927	1.4755038022994995
Mary	3990	Mary	0	distilbert/distilgpt2	distilbert/distilgpt2	False	1.0	0.0
Ġrushed	3990	 rushed	1	distilbert/distilgpt2	distilbert/distilgpt2	False	1.3484994099144387e-07	22.822141647338867
Ġto	3990	 to	2	distilbert/distilgpt2	distilbert/distilgpt2	False	0.30092060565948486	1.732545256614685
ĠJohn	3990	 John	3	distilbert/distilgpt2	distilbert/distilgpt2	False	0.0004845708317589015	11.011004447937012
Ġbecause	3990	 because	4	distilbert/distilgpt2	distilbert/distilgpt2	False	0.00020087977463845164	12.281379699707031
Ġhe	3990	 he	5	distilbert/distilgpt2	distilbert/distilgpt2	False	0.3370446264743805	1.568988561630249
David	3991	David	0	distilbert/distilgpt2	distilbert/distilgpt2	False	1.0	0.0
Ġrushed	3991	 rushed	1	distilbert/distilgpt2	distilbert/distilgpt2	False	1.045493647211515e-07	23.189311981201172
Ġto	3991	 to	2	distilbert/distilgpt2	distilbert/distilgpt2	False	0.26910269260406494	1.8937712907791138
ĠJohn	3991	 John	3	distilbert/distilgpt2	distilbert/distilgpt2	False	0.000340836908435449	11.518630981445312
Ġbecause	3991	 because	4	distilbert/distilgpt2	distilbert/distilgpt2	False	0.0002206847129855305	12.14572525024414
Ġhe	3991	 he	5	distilbert/distilgpt2	distilbert/distilgpt2	False	0.3596078157424927	1.4755038022994995
Sarah	3992	Sarah	0	distilbert/distilgpt2	distilbert/distilgpt2	False	1.0	0.0
Ġrushed	3992	 rushed	1	distilbert/distilgpt2	distilbert/distilgpt2	False	1.0936322780707997e-07	23.12436866760254
Ġto	3992	 to	2	distilbert/distilgpt2	distilbert/distilgpt2	False	0.3287230432033539	1.605055570602417
ĠJohn	3992	 John	3	distilbert/distilgpt2	distilbert/distilgpt2	False	0.0003646553959697485	11.421178817749023
Ġbecause	3992	 because	4	distilbert/distilgpt2	distilbert/distilgpt2	False	0.00030712466104887426	11.668888092041016
Ġhe	3992	 he	5	distilbert/distilgpt2	distilbert/distilgpt2	False	0.34805989265441895	1.522592544555664
Mary	3993	Mary	0	distilbert/distilgpt2	distilbert/distilgpt2	False	1.0	0.0
Ġrushed	3993	 rushed	1	distilbert/distilgpt2	distilbert/distilgpt2	False	1.3484994099144387e-07	22.822141647338867
Ġto	3993	 to	2	distilbert/distilgpt2	distilbert/distilgpt2	False	0.30092060565948486	1.732545256614685
ĠSarah	3993	 Sarah	3	distilbert/distilgpt2	distilbert/distilgpt2	False	4.1918334318324924e-05	14.542058944702148
Ġbecause	3993	 because	4	distilbert/distilgpt2	distilbert/distilgpt2	False	0.00185018265619874	9.078116416931152
Ġshe	3993	 she	5	distilbert/distilgpt2	distilbert/distilgpt2	False	0.4344293773174286	1.2028064727783203
John	3994	John	0	distilbert/distilgpt2	distilbert/distilgpt2	False	1.0	0.0
Ġrushed	3994	 rushed	1	distilbert/distilgpt2	distilbert/distilgpt2	False	9.188094907131017e-08	23.37565803527832
Ġto	3994	 to	2	distilbert/distilgpt2	distilbert/distilgpt2	False	0.2646874189376831	1.9176385402679443
ĠSarah	3994	 Sarah	3	distilbert/distilgpt2	distilbert/distilgpt2	False	3.77791584469378e-05	14.692049980163574
Ġbecause	3994	 because	4	distilbert/distilgpt2	distilbert/distilgpt2	False	0.0017549071926623583	9.154389381408691
Ġshe	3994	 she	5	distilbert/distilgpt2	distilbert/distilgpt2	False	0.426504522562027	1.2293671369552612
Mary	3995	Mary	0	distilbert/distilgpt2	distilbert/distilgpt2	False	1.0	0.0
Ġrushed	3995	 rushed	1	distilbert/distilgpt2	distilbert/distilgpt2	False	1.3484994099144387e-07	22.822141647338867
Ġto	3995	 to	2	distilbert/distilgpt2	distilbert/distilgpt2	False	0.30092060565948486	1.732545256614685
ĠSarah	3995	 Sarah	3	distilbert/distilgpt2	distilbert/distilgpt2	False	4.1918334318324924e-05	14.542058944702148
Ġbecause	3995	 because	4	distilbert/distilgpt2	distilbert/distilgpt2	False	0.00185018265619874	9.078116416931152
Ġshe	3995	 she	5	distilbert/distilgpt2	distilbert/distilgpt2	False	0.4344293773174286	1.2028064727783203
David	3996	David	0	distilbert/distilgpt2	distilbert/distilgpt2	False	1.0	0.0
Ġrushed	3996	 rushed	1	distilbert/distilgpt2	distilbert/distilgpt2	False	1.045493647211515e-07	23.189311981201172
Ġto	3996	 to	2	distilbert/distilgpt2	distilbert/distilgpt2	False	0.26910269260406494	1.8937712907791138
ĠSarah	3996	 Sarah	3	distilbert/distilgpt2	distilbert/distilgpt2	False	2.9591163183795288e-05	15.044473648071289
Ġbecause	3996	 because	4	distilbert/distilgpt2	distilbert/distilgpt2	False	0.0010415692813694477	9.907025337219238
Ġshe	3996	 she	5	distilbert/distilgpt2	distilbert/distilgpt2	False	0.43820565938949585	1.1903200149536133
Sarah	3997	Sarah	0	distilbert/distilgpt2	distilbert/distilgpt2	False	1.0	0.0
Ġrushed	3997	 rushed	1	distilbert/distilgpt2	distilbert/distilgpt2	False	1.0936322780707997e-07	23.12436866760254
Ġto	3997	 to	2	distilbert/distilgpt2	distilbert/distilgpt2	False	0.3287230432033539	1.605055570602417
ĠMary	3997	 Mary	3	distilbert/distilgpt2	distilbert/distilgpt2	False	0.0002327913825865835	12.06867504119873
Ġbecause	3997	 because	4	distilbert/distilgpt2	distilbert/distilgpt2	False	0.00033253920264542103	11.554187774658203
Ġshe	3997	 she	5	distilbert/distilgpt2	distilbert/distilgpt2	False	0.41029250621795654	1.2852753400802612
John	3998	John	0	distilbert/distilgpt2	distilbert/distilgpt2	False	1.0	0.0
Ġrushed	3998	 rushed	1	distilbert/distilgpt2	distilbert/distilgpt2	False	9.188094907131017e-08	23.37565803527832
Ġto	3998	 to	2	distilbert/distilgpt2	distilbert/distilgpt2	False	0.2646874189376831	1.9176385402679443
ĠMary	3998	 Mary	3	distilbert/distilgpt2	distilbert/distilgpt2	False	0.00018968540825881064	12.364103317260742
Ġbecause	3998	 because	4	distilbert/distilgpt2	distilbert/distilgpt2	False	0.0005458908854052424	10.839099884033203
Ġshe	3998	 she	5	distilbert/distilgpt2	distilbert/distilgpt2	False	0.37955206632614136	1.3976303339004517
Sarah	3999	Sarah	0	distilbert/distilgpt2	distilbert/distilgpt2	False	1.0	0.0
Ġrushed	3999	 rushed	1	distilbert/distilgpt2	distilbert/distilgpt2	False	1.0936322780707997e-07	23.12436866760254
Ġto	3999	 to	2	distilbert/distilgpt2	distilbert/distilgpt2	False	0.3287230432033539	1.605055570602417
ĠMary	3999	 Mary	3	distilbert/distilgpt2	distilbert/distilgpt2	False	0.0002327913825865835	12.06867504119873
Ġbecause	3999	 because	4	distilbert/distilgpt2	distilbert/distilgpt2	False	0.00033253920264542103	11.554187774658203
Ġshe	3999	 she	5	distilbert/distilgpt2	distilbert/distilgpt2	False	0.41029250621795654	1.2852753400802612
David	4000	David	0	distilbert/distilgpt2	distilbert/distilgpt2	False	1.0	0.0
Ġrushed	4000	 rushed	1	distilbert/distilgpt2	distilbert/distilgpt2	False	1.045493647211515e-07	23.189311981201172
Ġto	4000	 to	2	distilbert/distilgpt2	distilbert/distilgpt2	False	0.26910269260406494	1.8937712907791138
ĠMary	4000	 Mary	3	distilbert/distilgpt2	distilbert/distilgpt2	False	0.0001315341651206836	12.892274856567383
Ġbecause	4000	 because	4	distilbert/distilgpt2	distilbert/distilgpt2	False	0.00023786025121808052	12.037598609924316
Ġshe	4000	 she	5	distilbert/distilgpt2	distilbert/distilgpt2	False	0.38799014687538147	1.365908145904541
John	4001	John	0	distilbert/distilgpt2	distilbert/distilgpt2	False	1.0	0.0
Ġsal	4001	 saluted	1	distilbert/distilgpt2	distilbert/distilgpt2	False	4.2876766315202985e-07	21.153301239013672
uted	4001	 saluted	1	distilbert/distilgpt2	distilbert/distilgpt2	False	0.024929266422986984	5.326015949249268
ĠDavid	4001	 David	2	distilbert/distilgpt2	distilbert/distilgpt2	False	0.0008517156820744276	10.19734001159668
Ġbecause	4001	 because	3	distilbert/distilgpt2	distilbert/distilgpt2	False	0.0005342712393030524	10.870140075683594
Ġhe	4001	 he	4	distilbert/distilgpt2	distilbert/distilgpt2	False	0.4658290147781372	1.1021276712417603
Mary	4002	Mary	0	distilbert/distilgpt2	distilbert/distilgpt2	False	1.0	0.0
Ġsal	4002	 saluted	1	distilbert/distilgpt2	distilbert/distilgpt2	False	4.923901428810495e-07	20.95369529724121
uted	4002	 saluted	1	distilbert/distilgpt2	distilbert/distilgpt2	False	0.0103040412068367	6.600646018981934
ĠDavid	4002	 David	2	distilbert/distilgpt2	distilbert/distilgpt2	False	0.00037308319588191807	11.388215065002441
Ġbecause	4002	 because	3	distilbert/distilgpt2	distilbert/distilgpt2	False	0.0005864554550498724	10.73569107055664
Ġhe	4002	 he	4	distilbert/distilgpt2	distilbert/distilgpt2	False	0.44734475016593933	1.16054105758667
John	4003	John	0	distilbert/distilgpt2	distilbert/distilgpt2	False	1.0	0.0
Ġsal	4003	 saluted	1	distilbert/distilgpt2	distilbert/distilgpt2	False	4.2876766315202985e-07	21.153301239013672
uted	4003	 saluted	1	distilbert/distilgpt2	distilbert/distilgpt2	False	0.024929266422986984	5.326015949249268
ĠDavid	4003	 David	2	distilbert/distilgpt2	distilbert/distilgpt2	False	0.0008517156820744276	10.19734001159668
Ġbecause	4003	 because	3	distilbert/distilgpt2	distilbert/distilgpt2	False	0.0005342712393030524	10.870140075683594
Ġhe	4003	 he	4	distilbert/distilgpt2	distilbert/distilgpt2	False	0.4658290147781372	1.1021276712417603
Sarah	4004	Sarah	0	distilbert/distilgpt2	distilbert/distilgpt2	False	1.0	0.0
Ġsal	4004	 saluted	1	distilbert/distilgpt2	distilbert/distilgpt2	False	5.433116143649386e-07	20.811716079711914
uted	4004	 saluted	1	distilbert/distilgpt2	distilbert/distilgpt2	False	0.026291614398360252	5.249253273010254
ĠDavid	4004	 David	2	distilbert/distilgpt2	distilbert/distilgpt2	False	0.0005776326288469136	10.757559776306152
Ġbecause	4004	 because	3	distilbert/distilgpt2	distilbert/distilgpt2	False	0.0004471195279620588	11.127052307128906
Ġhe	4004	 he	4	distilbert/distilgpt2	distilbert/distilgpt2	False	0.45363467931747437	1.1403971910476685
David	4005	David	0	distilbert/distilgpt2	distilbert/distilgpt2	False	1.0	0.0
Ġsal	4005	 saluted	1	distilbert/distilgpt2	distilbert/distilgpt2	False	4.2539161881904874e-07	21.164705276489258
uted	4005	 saluted	1	distilbert/distilgpt2	distilbert/distilgpt2	False	0.0627218559384346	3.9948880672454834
ĠJohn	4005	 John	2	distilbert/distilgpt2	distilbert/distilgpt2	False	0.000898243859410286	10.12060546875
Ġbecause	4005	 because	3	distilbert/distilgpt2	distilbert/distilgpt2	False	0.0005856648785993457	10.73763656616211
Ġhe	4005	 he	4	distilbert/distilgpt2	distilbert/distilgpt2	False	0.5004590749740601	0.998676061630249
Mary	4006	Mary	0	distilbert/distilgpt2	distilbert/distilgpt2	False	1.0	0.0
Ġsal	4006	 saluted	1	distilbert/distilgpt2	distilbert/distilgpt2	False	4.923901428810495e-07	20.95369529724121
uted	4006	 saluted	1	distilbert/distilgpt2	distilbert/distilgpt2	False	0.0103040412068367	6.600646018981934
ĠJohn	4006	 John	2	distilbert/distilgpt2	distilbert/distilgpt2	False	0.000580653257202357	10.750035285949707
Ġbecause	4006	 because	3	distilbert/distilgpt2	distilbert/distilgpt2	False	0.0007019662298262119	10.476310729980469
Ġhe	4006	 he	4	distilbert/distilgpt2	distilbert/distilgpt2	False	0.516369104385376	0.9535253643989563
David	4007	David	0	distilbert/distilgpt2	distilbert/distilgpt2	False	1.0	0.0
Ġsal	4007	 saluted	1	distilbert/distilgpt2	distilbert/distilgpt2	False	4.2539161881904874e-07	21.164705276489258
uted	4007	 saluted	1	distilbert/distilgpt2	distilbert/distilgpt2	False	0.0627218559384346	3.9948880672454834
ĠJohn	4007	 John	2	distilbert/distilgpt2	distilbert/distilgpt2	False	0.000898243859410286	10.12060546875
Ġbecause	4007	 because	3	distilbert/distilgpt2	distilbert/distilgpt2	False	0.0005856648785993457	10.73763656616211
Ġhe	4007	 he	4	distilbert/distilgpt2	distilbert/distilgpt2	False	0.5004590749740601	0.998676061630249
Sarah	4008	Sarah	0	distilbert/distilgpt2	distilbert/distilgpt2	False	1.0	0.0
Ġsal	4008	 saluted	1	distilbert/distilgpt2	distilbert/distilgpt2	False	5.433116143649386e-07	20.811716079711914
uted	4008	 saluted	1	distilbert/distilgpt2	distilbert/distilgpt2	False	0.026291614398360252	5.249253273010254
ĠJohn	4008	 John	2	distilbert/distilgpt2	distilbert/distilgpt2	False	0.0006767702871002257	10.529046058654785
Ġbecause	4008	 because	3	distilbert/distilgpt2	distilbert/distilgpt2	False	0.0008421289385296404	10.213671684265137
Ġhe	4008	 he	4	distilbert/distilgpt2	distilbert/distilgpt2	False	0.4922812879085541	1.0224452018737793
Mary	4009	Mary	0	distilbert/distilgpt2	distilbert/distilgpt2	False	1.0	0.0
Ġsal	4009	 saluted	1	distilbert/distilgpt2	distilbert/distilgpt2	False	4.923901428810495e-07	20.95369529724121
uted	4009	 saluted	1	distilbert/distilgpt2	distilbert/distilgpt2	False	0.0103040412068367	6.600646018981934
ĠSarah	4009	 Sarah	2	distilbert/distilgpt2	distilbert/distilgpt2	False	7.839244062779471e-05	13.638925552368164
Ġbecause	4009	 because	3	distilbert/distilgpt2	distilbert/distilgpt2	False	0.0013495378661900759	9.533318519592285
Ġshe	4009	 she	4	distilbert/distilgpt2	distilbert/distilgpt2	False	0.5506923794746399	0.8606814742088318
John	4010	John	0	distilbert/distilgpt2	distilbert/distilgpt2	False	1.0	0.0
Ġsal	4010	 saluted	1	distilbert/distilgpt2	distilbert/distilgpt2	False	4.2876766315202985e-07	21.153301239013672
uted	4010	 saluted	1	distilbert/distilgpt2	distilbert/distilgpt2	False	0.024929266422986984	5.326015949249268
ĠSarah	4010	 Sarah	2	distilbert/distilgpt2	distilbert/distilgpt2	False	0.0001291738444706425	12.918397903442383
Ġbecause	4010	 because	3	distilbert/distilgpt2	distilbert/distilgpt2	False	0.0010188278974965215	9.938874244689941
Ġshe	4010	 she	4	distilbert/distilgpt2	distilbert/distilgpt2	False	0.5365460515022278	0.8982261419296265
Mary	4011	Mary	0	distilbert/distilgpt2	distilbert/distilgpt2	False	1.0	0.0
Ġsal	4011	 saluted	1	distilbert/distilgpt2	distilbert/distilgpt2	False	4.923901428810495e-07	20.95369529724121
uted	4011	 saluted	1	distilbert/distilgpt2	distilbert/distilgpt2	False	0.0103040412068367	6.600646018981934
ĠSarah	4011	 Sarah	2	distilbert/distilgpt2	distilbert/distilgpt2	False	7.839244062779471e-05	13.638925552368164
Ġbecause	4011	 because	3	distilbert/distilgpt2	distilbert/distilgpt2	False	0.0013495378661900759	9.533318519592285
Ġshe	4011	 she	4	distilbert/distilgpt2	distilbert/distilgpt2	False	0.5506923794746399	0.8606814742088318
David	4012	David	0	distilbert/distilgpt2	distilbert/distilgpt2	False	1.0	0.0
Ġsal	4012	 saluted	1	distilbert/distilgpt2	distilbert/distilgpt2	False	4.2539161881904874e-07	21.164705276489258
uted	4012	 saluted	1	distilbert/distilgpt2	distilbert/distilgpt2	False	0.0627218559384346	3.9948880672454834
ĠSarah	4012	 Sarah	2	distilbert/distilgpt2	distilbert/distilgpt2	False	0.00011525184527272359	13.08292293548584
Ġbecause	4012	 because	3	distilbert/distilgpt2	distilbert/distilgpt2	False	0.0008321055211126804	10.230945587158203
Ġshe	4012	 she	4	distilbert/distilgpt2	distilbert/distilgpt2	False	0.5251878499984741	0.929094672203064
Sarah	4013	Sarah	0	distilbert/distilgpt2	distilbert/distilgpt2	False	1.0	0.0
Ġsal	4013	 saluted	1	distilbert/distilgpt2	distilbert/distilgpt2	False	5.433116143649386e-07	20.811716079711914
uted	4013	 saluted	1	distilbert/distilgpt2	distilbert/distilgpt2	False	0.026291614398360252	5.249253273010254
ĠMary	4013	 Mary	2	distilbert/distilgpt2	distilbert/distilgpt2	False	0.00027337318169884384	11.836840629577637
Ġbecause	4013	 because	3	distilbert/distilgpt2	distilbert/distilgpt2	False	0.0009382512653246522	10.057738304138184
Ġshe	4013	 she	4	distilbert/distilgpt2	distilbert/distilgpt2	False	0.4793112277984619	1.0609654188156128
John	4014	John	0	distilbert/distilgpt2	distilbert/distilgpt2	False	1.0	0.0
Ġsal	4014	 saluted	1	distilbert/distilgpt2	distilbert/distilgpt2	False	4.2876766315202985e-07	21.153301239013672
uted	4014	 saluted	1	distilbert/distilgpt2	distilbert/distilgpt2	False	0.024929266422986984	5.326015949249268
ĠMary	4014	 Mary	2	distilbert/distilgpt2	distilbert/distilgpt2	False	0.0002836849307641387	11.783422470092773
Ġbecause	4014	 because	3	distilbert/distilgpt2	distilbert/distilgpt2	False	0.0014228603104129434	9.456990242004395
Ġshe	4014	 she	4	distilbert/distilgpt2	distilbert/distilgpt2	False	0.48746970295906067	1.0366156101226807
Sarah	4015	Sarah	0	distilbert/distilgpt2	distilbert/distilgpt2	False	1.0	0.0
Ġsal	4015	 saluted	1	distilbert/distilgpt2	distilbert/distilgpt2	False	5.433116143649386e-07	20.811716079711914
uted	4015	 saluted	1	distilbert/distilgpt2	distilbert/distilgpt2	False	0.026291614398360252	5.249253273010254
ĠMary	4015	 Mary	2	distilbert/distilgpt2	distilbert/distilgpt2	False	0.00027337318169884384	11.836840629577637
Ġbecause	4015	 because	3	distilbert/distilgpt2	distilbert/distilgpt2	False	0.0009382512653246522	10.057738304138184
Ġshe	4015	 she	4	distilbert/distilgpt2	distilbert/distilgpt2	False	0.4793112277984619	1.0609654188156128
David	4016	David	0	distilbert/distilgpt2	distilbert/distilgpt2	False	1.0	0.0
Ġsal	4016	 saluted	1	distilbert/distilgpt2	distilbert/distilgpt2	False	4.2539161881904874e-07	21.164705276489258
uted	4016	 saluted	1	distilbert/distilgpt2	distilbert/distilgpt2	False	0.0627218559384346	3.9948880672454834
ĠMary	4016	 Mary	2	distilbert/distilgpt2	distilbert/distilgpt2	False	0.00021188681421335787	12.204418182373047
Ġbecause	4016	 because	3	distilbert/distilgpt2	distilbert/distilgpt2	False	0.0006922557367943227	10.496407508850098
Ġshe	4016	 she	4	distilbert/distilgpt2	distilbert/distilgpt2	False	0.4857560396194458	1.0416961908340454
John	4017	John	0	distilbert/distilgpt2	distilbert/distilgpt2	False	1.0	0.0
Ġscared	4017	 scared	1	distilbert/distilgpt2	distilbert/distilgpt2	False	1.4152909955100768e-07	22.752397537231445
ĠDavid	4017	 David	2	distilbert/distilgpt2	distilbert/distilgpt2	False	9.128769306698814e-05	13.419219970703125
Ġbecause	4017	 because	3	distilbert/distilgpt2	distilbert/distilgpt2	False	0.002068860223516822	8.916948318481445
Ġhe	4017	 he	4	distilbert/distilgpt2	distilbert/distilgpt2	False	0.45315423607826233	1.1419259309768677
Mary	4018	Mary	0	distilbert/distilgpt2	distilbert/distilgpt2	False	1.0	0.0
Ġscared	4018	 scared	1	distilbert/distilgpt2	distilbert/distilgpt2	False	1.5303601230698405e-07	22.639625549316406
ĠDavid	4018	 David	2	distilbert/distilgpt2	distilbert/distilgpt2	False	6.811659113736823e-05	13.841633796691895
Ġbecause	4018	 because	3	distilbert/distilgpt2	distilbert/distilgpt2	False	0.002782161347568035	8.489578247070312
Ġhe	4018	 he	4	distilbert/distilgpt2	distilbert/distilgpt2	False	0.45909690856933594	1.1231293678283691
John	4019	John	0	distilbert/distilgpt2	distilbert/distilgpt2	False	1.0	0.0
Ġscared	4019	 scared	1	distilbert/distilgpt2	distilbert/distilgpt2	False	1.4152909955100768e-07	22.752397537231445
ĠDavid	4019	 David	2	distilbert/distilgpt2	distilbert/distilgpt2	False	9.128769306698814e-05	13.419219970703125
Ġbecause	4019	 because	3	distilbert/distilgpt2	distilbert/distilgpt2	False	0.002068860223516822	8.916948318481445
Ġhe	4019	 he	4	distilbert/distilgpt2	distilbert/distilgpt2	False	0.45315423607826233	1.1419259309768677
Sarah	4020	Sarah	0	distilbert/distilgpt2	distilbert/distilgpt2	False	1.0	0.0
Ġscared	4020	 scared	1	distilbert/distilgpt2	distilbert/distilgpt2	False	1.5915777851205348e-07	22.583038330078125
ĠDavid	4020	 David	2	distilbert/distilgpt2	distilbert/distilgpt2	False	9.731370664667338e-05	13.326997756958008
Ġbecause	4020	 because	3	distilbert/distilgpt2	distilbert/distilgpt2	False	0.0026795289013534784	8.543805122375488
Ġhe	4020	 he	4	distilbert/distilgpt2	distilbert/distilgpt2	False	0.465571790933609	1.1029244661331177
David	4021	David	0	distilbert/distilgpt2	distilbert/distilgpt2	False	1.0	0.0
Ġscared	4021	 scared	1	distilbert/distilgpt2	distilbert/distilgpt2	False	1.331094523493448e-07	22.840883255004883
ĠJohn	4021	 John	2	distilbert/distilgpt2	distilbert/distilgpt2	False	0.00014461626415140927	12.75548267364502
Ġbecause	4021	 because	3	distilbert/distilgpt2	distilbert/distilgpt2	False	0.005709767807275057	7.452352046966553
Ġhe	4021	 he	4	distilbert/distilgpt2	distilbert/distilgpt2	False	0.4474122226238251	1.1603235006332397
Mary	4022	Mary	0	distilbert/distilgpt2	distilbert/distilgpt2	False	1.0	0.0
Ġscared	4022	 scared	1	distilbert/distilgpt2	distilbert/distilgpt2	False	1.5303601230698405e-07	22.639625549316406
ĠJohn	4022	 John	2	distilbert/distilgpt2	distilbert/distilgpt2	False	0.00012999741011299193	12.909229278564453
Ġbecause	4022	 because	3	distilbert/distilgpt2	distilbert/distilgpt2	False	0.007055259775370359	7.147085189819336
Ġhe	4022	 he	4	distilbert/distilgpt2	distilbert/distilgpt2	False	0.4625539183616638	1.1123065948486328
David	4023	David	0	distilbert/distilgpt2	distilbert/distilgpt2	False	1.0	0.0
Ġscared	4023	 scared	1	distilbert/distilgpt2	distilbert/distilgpt2	False	1.331094523493448e-07	22.840883255004883
ĠJohn	4023	 John	2	distilbert/distilgpt2	distilbert/distilgpt2	False	0.00014461626415140927	12.75548267364502
Ġbecause	4023	 because	3	distilbert/distilgpt2	distilbert/distilgpt2	False	0.005709767807275057	7.452352046966553
Ġhe	4023	 he	4	distilbert/distilgpt2	distilbert/distilgpt2	False	0.4474122226238251	1.1603235006332397
Sarah	4024	Sarah	0	distilbert/distilgpt2	distilbert/distilgpt2	False	1.0	0.0
Ġscared	4024	 scared	1	distilbert/distilgpt2	distilbert/distilgpt2	False	1.5915777851205348e-07	22.583038330078125
ĠJohn	4024	 John	2	distilbert/distilgpt2	distilbert/distilgpt2	False	0.00015330224414356053	12.671333312988281
Ġbecause	4024	 because	3	distilbert/distilgpt2	distilbert/distilgpt2	False	0.009898466058075428	6.658579349517822
Ġhe	4024	 he	4	distilbert/distilgpt2	distilbert/distilgpt2	False	0.4563679099082947	1.1317307949066162
Mary	4025	Mary	0	distilbert/distilgpt2	distilbert/distilgpt2	False	1.0	0.0
Ġscared	4025	 scared	1	distilbert/distilgpt2	distilbert/distilgpt2	False	1.5303601230698405e-07	22.639625549316406
ĠSarah	4025	 Sarah	2	distilbert/distilgpt2	distilbert/distilgpt2	False	7.986849232111126e-05	13.612013816833496
Ġbecause	4025	 because	3	distilbert/distilgpt2	distilbert/distilgpt2	False	0.007180816028267145	7.121636390686035
Ġshe	4025	 she	4	distilbert/distilgpt2	distilbert/distilgpt2	False	0.48316800594329834	1.049403190612793
John	4026	John	0	distilbert/distilgpt2	distilbert/distilgpt2	False	1.0	0.0
Ġscared	4026	 scared	1	distilbert/distilgpt2	distilbert/distilgpt2	False	1.4152909955100768e-07	22.752397537231445
ĠSarah	4026	 Sarah	2	distilbert/distilgpt2	distilbert/distilgpt2	False	8.512000204063952e-05	13.520142555236816
Ġbecause	4026	 because	3	distilbert/distilgpt2	distilbert/distilgpt2	False	0.006374616175889969	7.293445587158203
Ġshe	4026	 she	4	distilbert/distilgpt2	distilbert/distilgpt2	False	0.4588267505168915	1.123978614807129
Mary	4027	Mary	0	distilbert/distilgpt2	distilbert/distilgpt2	False	1.0	0.0
Ġscared	4027	 scared	1	distilbert/distilgpt2	distilbert/distilgpt2	False	1.5303601230698405e-07	22.639625549316406
ĠSarah	4027	 Sarah	2	distilbert/distilgpt2	distilbert/distilgpt2	False	7.986849232111126e-05	13.612013816833496
Ġbecause	4027	 because	3	distilbert/distilgpt2	distilbert/distilgpt2	False	0.007180816028267145	7.121636390686035
Ġshe	4027	 she	4	distilbert/distilgpt2	distilbert/distilgpt2	False	0.48316800594329834	1.049403190612793
David	4028	David	0	distilbert/distilgpt2	distilbert/distilgpt2	False	1.0	0.0
Ġscared	4028	 scared	1	distilbert/distilgpt2	distilbert/distilgpt2	False	1.331094523493448e-07	22.840883255004883
ĠSarah	4028	 Sarah	2	distilbert/distilgpt2	distilbert/distilgpt2	False	8.281613554572687e-05	13.559728622436523
Ġbecause	4028	 because	3	distilbert/distilgpt2	distilbert/distilgpt2	False	0.004624067805707455	7.756621837615967
Ġshe	4028	 she	4	distilbert/distilgpt2	distilbert/distilgpt2	False	0.45735663175582886	1.1286085844039917
Sarah	4029	Sarah	0	distilbert/distilgpt2	distilbert/distilgpt2	False	1.0	0.0
Ġscared	4029	 scared	1	distilbert/distilgpt2	distilbert/distilgpt2	False	1.5915777851205348e-07	22.583038330078125
ĠMary	4029	 Mary	2	distilbert/distilgpt2	distilbert/distilgpt2	False	0.00016473489813506603	12.56756591796875
Ġbecause	4029	 because	3	distilbert/distilgpt2	distilbert/distilgpt2	False	0.005850966088473797	7.417109489440918
Ġshe	4029	 she	4	distilbert/distilgpt2	distilbert/distilgpt2	False	0.431447297334671	1.2127437591552734
John	4030	John	0	distilbert/distilgpt2	distilbert/distilgpt2	False	1.0	0.0
Ġscared	4030	 scared	1	distilbert/distilgpt2	distilbert/distilgpt2	False	1.4152909955100768e-07	22.752397537231445
ĠMary	4030	 Mary	2	distilbert/distilgpt2	distilbert/distilgpt2	False	0.00011506438750075176	13.085270881652832
Ġbecause	4030	 because	3	distilbert/distilgpt2	distilbert/distilgpt2	False	0.005084022879600525	7.619813919067383
Ġshe	4030	 she	4	distilbert/distilgpt2	distilbert/distilgpt2	False	0.4353213608264923	1.1998473405838013
Sarah	4031	Sarah	0	distilbert/distilgpt2	distilbert/distilgpt2	False	1.0	0.0
Ġscared	4031	 scared	1	distilbert/distilgpt2	distilbert/distilgpt2	False	1.5915777851205348e-07	22.583038330078125
ĠMary	4031	 Mary	2	distilbert/distilgpt2	distilbert/distilgpt2	False	0.00016473489813506603	12.56756591796875
Ġbecause	4031	 because	3	distilbert/distilgpt2	distilbert/distilgpt2	False	0.005850966088473797	7.417109489440918
Ġshe	4031	 she	4	distilbert/distilgpt2	distilbert/distilgpt2	False	0.431447297334671	1.2127437591552734
David	4032	David	0	distilbert/distilgpt2	distilbert/distilgpt2	False	1.0	0.0
Ġscared	4032	 scared	1	distilbert/distilgpt2	distilbert/distilgpt2	False	1.331094523493448e-07	22.840883255004883
ĠMary	4032	 Mary	2	distilbert/distilgpt2	distilbert/distilgpt2	False	0.00010062659566756338	13.278700828552246
Ġbecause	4032	 because	3	distilbert/distilgpt2	distilbert/distilgpt2	False	0.004231063183397055	7.884764194488525
Ġshe	4032	 she	4	distilbert/distilgpt2	distilbert/distilgpt2	False	0.4235924780368805	1.2392511367797852
John	4033	John	0	distilbert/distilgpt2	distilbert/distilgpt2	False	1.0	0.0
Ġsc	4033	 scolded	1	distilbert/distilgpt2	distilbert/distilgpt2	False	3.807740540651139e-06	18.002634048461914
olded	4033	 scolded	1	distilbert/distilgpt2	distilbert/distilgpt2	False	0.00391404377296567	7.997124671936035
ĠDavid	4033	 David	2	distilbert/distilgpt2	distilbert/distilgpt2	False	0.0007479642517864704	10.384742736816406
Ġbecause	4033	 because	3	distilbert/distilgpt2	distilbert/distilgpt2	False	0.0010893879225477576	9.842266082763672
Ġhe	4033	 he	4	distilbert/distilgpt2	distilbert/distilgpt2	False	0.4029887914657593	1.3111884593963623
Mary	4034	Mary	0	distilbert/distilgpt2	distilbert/distilgpt2	False	1.0	0.0
Ġsc	4034	 scolded	1	distilbert/distilgpt2	distilbert/distilgpt2	False	3.74565138372418e-06	18.026351928710938
olded	4034	 scolded	1	distilbert/distilgpt2	distilbert/distilgpt2	False	0.0033940549474209547	8.202774047851562
ĠDavid	4034	 David	2	distilbert/distilgpt2	distilbert/distilgpt2	False	0.0005660065799020231	10.786893844604492
Ġbecause	4034	 because	3	distilbert/distilgpt2	distilbert/distilgpt2	False	0.002392512047663331	8.707258224487305
Ġhe	4034	 he	4	distilbert/distilgpt2	distilbert/distilgpt2	False	0.41197293996810913	1.2793785333633423
John	4035	John	0	distilbert/distilgpt2	distilbert/distilgpt2	False	1.0	0.0
Ġsc	4035	 scolded	1	distilbert/distilgpt2	distilbert/distilgpt2	False	3.807740540651139e-06	18.002634048461914
olded	4035	 scolded	1	distilbert/distilgpt2	distilbert/distilgpt2	False	0.00391404377296567	7.997124671936035
ĠDavid	4035	 David	2	distilbert/distilgpt2	distilbert/distilgpt2	False	0.0007479642517864704	10.384742736816406
Ġbecause	4035	 because	3	distilbert/distilgpt2	distilbert/distilgpt2	False	0.0010893879225477576	9.842266082763672
Ġhe	4035	 he	4	distilbert/distilgpt2	distilbert/distilgpt2	False	0.4029887914657593	1.3111884593963623
Sarah	4036	Sarah	0	distilbert/distilgpt2	distilbert/distilgpt2	False	1.0	0.0
Ġsc	4036	 scolded	1	distilbert/distilgpt2	distilbert/distilgpt2	False	4.0706149775360245e-06	17.906322479248047
olded	4036	 scolded	1	distilbert/distilgpt2	distilbert/distilgpt2	False	0.007998695597052574	6.966019630432129
ĠDavid	4036	 David	2	distilbert/distilgpt2	distilbert/distilgpt2	False	0.000792943115811795	10.300495147705078
Ġbecause	4036	 because	3	distilbert/distilgpt2	distilbert/distilgpt2	False	0.0012579532340168953	9.634706497192383
Ġhe	4036	 he	4	distilbert/distilgpt2	distilbert/distilgpt2	False	0.3954801857471466	1.3383227586746216
David	4037	David	0	distilbert/distilgpt2	distilbert/distilgpt2	False	1.0	0.0
Ġsc	4037	 scolded	1	distilbert/distilgpt2	distilbert/distilgpt2	False	3.81512290914543e-06	17.999839782714844
olded	4037	 scolded	1	distilbert/distilgpt2	distilbert/distilgpt2	False	0.005733263213187456	7.446427822113037
ĠJohn	4037	 John	2	distilbert/distilgpt2	distilbert/distilgpt2	False	0.0018084464827552438	9.11103343963623
Ġbecause	4037	 because	3	distilbert/distilgpt2	distilbert/distilgpt2	False	0.0007160959648899734	10.447559356689453
Ġhe	4037	 he	4	distilbert/distilgpt2	distilbert/distilgpt2	False	0.41928035020828247	1.254012942314148
Mary	4038	Mary	0	distilbert/distilgpt2	distilbert/distilgpt2	False	1.0	0.0
Ġsc	4038	 scolded	1	distilbert/distilgpt2	distilbert/distilgpt2	False	3.74565138372418e-06	18.026351928710938
olded	4038	 scolded	1	distilbert/distilgpt2	distilbert/distilgpt2	False	0.0033940549474209547	8.202774047851562
ĠJohn	4038	 John	2	distilbert/distilgpt2	distilbert/distilgpt2	False	0.0013285797322168946	9.555899620056152
Ġbecause	4038	 because	3	distilbert/distilgpt2	distilbert/distilgpt2	False	0.0023974559735506773	8.704279899597168
Ġhe	4038	 he	4	distilbert/distilgpt2	distilbert/distilgpt2	False	0.4301425516605377	1.2171132564544678
David	4039	David	0	distilbert/distilgpt2	distilbert/distilgpt2	False	1.0	0.0
Ġsc	4039	 scolded	1	distilbert/distilgpt2	distilbert/distilgpt2	False	3.81512290914543e-06	17.999839782714844
olded	4039	 scolded	1	distilbert/distilgpt2	distilbert/distilgpt2	False	0.005733263213187456	7.446427822113037
ĠJohn	4039	 John	2	distilbert/distilgpt2	distilbert/distilgpt2	False	0.0018084464827552438	9.11103343963623
Ġbecause	4039	 because	3	distilbert/distilgpt2	distilbert/distilgpt2	False	0.0007160959648899734	10.447559356689453
Ġhe	4039	 he	4	distilbert/distilgpt2	distilbert/distilgpt2	False	0.41928035020828247	1.254012942314148
Sarah	4040	Sarah	0	distilbert/distilgpt2	distilbert/distilgpt2	False	1.0	0.0
Ġsc	4040	 scolded	1	distilbert/distilgpt2	distilbert/distilgpt2	False	4.0706149775360245e-06	17.906322479248047
olded	4040	 scolded	1	distilbert/distilgpt2	distilbert/distilgpt2	False	0.007998695597052574	6.966019630432129
ĠJohn	4040	 John	2	distilbert/distilgpt2	distilbert/distilgpt2	False	0.001503823441453278	9.377148628234863
Ġbecause	4040	 because	3	distilbert/distilgpt2	distilbert/distilgpt2	False	0.0022919639013707638	8.769200325012207
Ġhe	4040	 he	4	distilbert/distilgpt2	distilbert/distilgpt2	False	0.4066272974014282	1.2982211112976074
Mary	4041	Mary	0	distilbert/distilgpt2	distilbert/distilgpt2	False	1.0	0.0
Ġsc	4041	 scolded	1	distilbert/distilgpt2	distilbert/distilgpt2	False	3.74565138372418e-06	18.026351928710938
olded	4041	 scolded	1	distilbert/distilgpt2	distilbert/distilgpt2	False	0.0033940549474209547	8.202774047851562
ĠSarah	4041	 Sarah	2	distilbert/distilgpt2	distilbert/distilgpt2	False	0.00026382366195321083	11.888138771057129
Ġbecause	4041	 because	3	distilbert/distilgpt2	distilbert/distilgpt2	False	0.0060811531729996204	7.361439228057861
Ġshe	4041	 she	4	distilbert/distilgpt2	distilbert/distilgpt2	False	0.4754011929035187	1.0727826356887817
John	4042	John	0	distilbert/distilgpt2	distilbert/distilgpt2	False	1.0	0.0
Ġsc	4042	 scolded	1	distilbert/distilgpt2	distilbert/distilgpt2	False	3.807740540651139e-06	18.002634048461914
olded	4042	 scolded	1	distilbert/distilgpt2	distilbert/distilgpt2	False	0.00391404377296567	7.997124671936035
ĠSarah	4042	 Sarah	2	distilbert/distilgpt2	distilbert/distilgpt2	False	0.0003034895344171673	11.686065673828125
Ġbecause	4042	 because	3	distilbert/distilgpt2	distilbert/distilgpt2	False	0.0024911179207265377	8.648990631103516
Ġshe	4042	 she	4	distilbert/distilgpt2	distilbert/distilgpt2	False	0.4452110230922699	1.1674388647079468
Mary	4043	Mary	0	distilbert/distilgpt2	distilbert/distilgpt2	False	1.0	0.0
Ġsc	4043	 scolded	1	distilbert/distilgpt2	distilbert/distilgpt2	False	3.74565138372418e-06	18.026351928710938
olded	4043	 scolded	1	distilbert/distilgpt2	distilbert/distilgpt2	False	0.0033940549474209547	8.202774047851562
ĠSarah	4043	 Sarah	2	distilbert/distilgpt2	distilbert/distilgpt2	False	0.00026382366195321083	11.888138771057129
Ġbecause	4043	 because	3	distilbert/distilgpt2	distilbert/distilgpt2	False	0.0060811531729996204	7.361439228057861
Ġshe	4043	 she	4	distilbert/distilgpt2	distilbert/distilgpt2	False	0.4754011929035187	1.0727826356887817
David	4044	David	0	distilbert/distilgpt2	distilbert/distilgpt2	False	1.0	0.0
Ġsc	4044	 scolded	1	distilbert/distilgpt2	distilbert/distilgpt2	False	3.81512290914543e-06	17.999839782714844
olded	4044	 scolded	1	distilbert/distilgpt2	distilbert/distilgpt2	False	0.005733263213187456	7.446427822113037
ĠSarah	4044	 Sarah	2	distilbert/distilgpt2	distilbert/distilgpt2	False	0.00030497126863338053	11.679039001464844
Ġbecause	4044	 because	3	distilbert/distilgpt2	distilbert/distilgpt2	False	0.0013755429536104202	9.505783081054688
Ġshe	4044	 she	4	distilbert/distilgpt2	distilbert/distilgpt2	False	0.42971205711364746	1.2185578346252441
Sarah	4045	Sarah	0	distilbert/distilgpt2	distilbert/distilgpt2	False	1.0	0.0
Ġsc	4045	 scolded	1	distilbert/distilgpt2	distilbert/distilgpt2	False	4.0706149775360245e-06	17.906322479248047
olded	4045	 scolded	1	distilbert/distilgpt2	distilbert/distilgpt2	False	0.007998695597052574	6.966019630432129
ĠMary	4045	 Mary	2	distilbert/distilgpt2	distilbert/distilgpt2	False	0.0002492167113814503	11.970312118530273
Ġbecause	4045	 because	3	distilbert/distilgpt2	distilbert/distilgpt2	False	0.003656405722722411	8.095357894897461
Ġshe	4045	 she	4	distilbert/distilgpt2	distilbert/distilgpt2	False	0.40806153416633606	1.2931413650512695
John	4046	John	0	distilbert/distilgpt2	distilbert/distilgpt2	False	1.0	0.0
Ġsc	4046	 scolded	1	distilbert/distilgpt2	distilbert/distilgpt2	False	3.807740540651139e-06	18.002634048461914
olded	4046	 scolded	1	distilbert/distilgpt2	distilbert/distilgpt2	False	0.00391404377296567	7.997124671936035
ĠMary	4046	 Mary	2	distilbert/distilgpt2	distilbert/distilgpt2	False	0.00023720513854641467	12.041577339172363
Ġbecause	4046	 because	3	distilbert/distilgpt2	distilbert/distilgpt2	False	0.003731378121301532	8.066075325012207
Ġshe	4046	 she	4	distilbert/distilgpt2	distilbert/distilgpt2	False	0.43055036664009094	1.2157461643218994
Sarah	4047	Sarah	0	distilbert/distilgpt2	distilbert/distilgpt2	False	1.0	0.0
Ġsc	4047	 scolded	1	distilbert/distilgpt2	distilbert/distilgpt2	False	4.0706149775360245e-06	17.906322479248047
olded	4047	 scolded	1	distilbert/distilgpt2	distilbert/distilgpt2	False	0.007998695597052574	6.966019630432129
ĠMary	4047	 Mary	2	distilbert/distilgpt2	distilbert/distilgpt2	False	0.0002492167113814503	11.970312118530273
Ġbecause	4047	 because	3	distilbert/distilgpt2	distilbert/distilgpt2	False	0.003656405722722411	8.095357894897461
Ġshe	4047	 she	4	distilbert/distilgpt2	distilbert/distilgpt2	False	0.40806153416633606	1.2931413650512695
David	4048	David	0	distilbert/distilgpt2	distilbert/distilgpt2	False	1.0	0.0
Ġsc	4048	 scolded	1	distilbert/distilgpt2	distilbert/distilgpt2	False	3.81512290914543e-06	17.999839782714844
olded	4048	 scolded	1	distilbert/distilgpt2	distilbert/distilgpt2	False	0.005733263213187456	7.446427822113037
ĠMary	4048	 Mary	2	distilbert/distilgpt2	distilbert/distilgpt2	False	0.00020974424842279404	12.219080924987793
Ġbecause	4048	 because	3	distilbert/distilgpt2	distilbert/distilgpt2	False	0.001824714825488627	9.098113059997559
Ġshe	4048	 she	4	distilbert/distilgpt2	distilbert/distilgpt2	False	0.4162258207798004	1.264561653137207
John	4049	John	0	distilbert/distilgpt2	distilbert/distilgpt2	False	1.0	0.0
Ġsc	4049	 scorned	1	distilbert/distilgpt2	distilbert/distilgpt2	False	3.807740540651139e-06	18.002634048461914
orned	4049	 scorned	1	distilbert/distilgpt2	distilbert/distilgpt2	False	0.0025839083828032017	8.596229553222656
ĠDavid	4049	 David	2	distilbert/distilgpt2	distilbert/distilgpt2	False	0.0006039821892045438	10.693206787109375
Ġbecause	4049	 because	3	distilbert/distilgpt2	distilbert/distilgpt2	False	0.0007897907053120434	10.306241989135742
Ġhe	4049	 he	4	distilbert/distilgpt2	distilbert/distilgpt2	False	0.41399723291397095	1.27230703830719
Mary	4050	Mary	0	distilbert/distilgpt2	distilbert/distilgpt2	False	1.0	0.0
Ġsc	4050	 scorned	1	distilbert/distilgpt2	distilbert/distilgpt2	False	3.74565138372418e-06	18.026351928710938
orned	4050	 scorned	1	distilbert/distilgpt2	distilbert/distilgpt2	False	0.0028193143662065268	8.470439910888672
ĠDavid	4050	 David	2	distilbert/distilgpt2	distilbert/distilgpt2	False	0.00035101943649351597	11.47616195678711
Ġbecause	4050	 because	3	distilbert/distilgpt2	distilbert/distilgpt2	False	0.001554123475216329	9.329683303833008
Ġhe	4050	 he	4	distilbert/distilgpt2	distilbert/distilgpt2	False	0.4198048412799835	1.2522093057632446
John	4051	John	0	distilbert/distilgpt2	distilbert/distilgpt2	False	1.0	0.0
Ġsc	4051	 scorned	1	distilbert/distilgpt2	distilbert/distilgpt2	False	3.807740540651139e-06	18.002634048461914
orned	4051	 scorned	1	distilbert/distilgpt2	distilbert/distilgpt2	False	0.0025839083828032017	8.596229553222656
ĠDavid	4051	 David	2	distilbert/distilgpt2	distilbert/distilgpt2	False	0.0006039821892045438	10.693206787109375
Ġbecause	4051	 because	3	distilbert/distilgpt2	distilbert/distilgpt2	False	0.0007897907053120434	10.306241989135742
Ġhe	4051	 he	4	distilbert/distilgpt2	distilbert/distilgpt2	False	0.41399723291397095	1.27230703830719
Sarah	4052	Sarah	0	distilbert/distilgpt2	distilbert/distilgpt2	False	1.0	0.0
Ġsc	4052	 scorned	1	distilbert/distilgpt2	distilbert/distilgpt2	False	4.0706149775360245e-06	17.906322479248047
orned	4052	 scorned	1	distilbert/distilgpt2	distilbert/distilgpt2	False	0.0033284807577729225	8.230920791625977
ĠDavid	4052	 David	2	distilbert/distilgpt2	distilbert/distilgpt2	False	0.0005754097364842892	10.76312255859375
Ġbecause	4052	 because	3	distilbert/distilgpt2	distilbert/distilgpt2	False	0.0008545058663003147	10.192622184753418
Ġhe	4052	 he	4	distilbert/distilgpt2	distilbert/distilgpt2	False	0.41319015622138977	1.2751222848892212
David	4053	David	0	distilbert/distilgpt2	distilbert/distilgpt2	False	1.0	0.0
Ġsc	4053	 scorned	1	distilbert/distilgpt2	distilbert/distilgpt2	False	3.81512290914543e-06	17.999839782714844
orned	4053	 scorned	1	distilbert/distilgpt2	distilbert/distilgpt2	False	0.003257195930927992	8.262153625488281
ĠJohn	4053	 John	2	distilbert/distilgpt2	distilbert/distilgpt2	False	0.0011427755234763026	9.773241996765137
Ġbecause	4053	 because	3	distilbert/distilgpt2	distilbert/distilgpt2	False	0.0005006865831092	10.963804244995117
Ġhe	4053	 he	4	distilbert/distilgpt2	distilbert/distilgpt2	False	0.4508766829967499	1.1491951942443848
Mary	4054	Mary	0	distilbert/distilgpt2	distilbert/distilgpt2	False	1.0	0.0
Ġsc	4054	 scorned	1	distilbert/distilgpt2	distilbert/distilgpt2	False	3.74565138372418e-06	18.026351928710938
orned	4054	 scorned	1	distilbert/distilgpt2	distilbert/distilgpt2	False	0.0028193143662065268	8.470439910888672
ĠJohn	4054	 John	2	distilbert/distilgpt2	distilbert/distilgpt2	False	0.0006661153165623546	10.55194091796875
Ġbecause	4054	 because	3	distilbert/distilgpt2	distilbert/distilgpt2	False	0.0014753573341295123	9.404720306396484
Ġhe	4054	 he	4	distilbert/distilgpt2	distilbert/distilgpt2	False	0.4599204361438751	1.1205438375473022
David	4055	David	0	distilbert/distilgpt2	distilbert/distilgpt2	False	1.0	0.0
Ġsc	4055	 scorned	1	distilbert/distilgpt2	distilbert/distilgpt2	False	3.81512290914543e-06	17.999839782714844
orned	4055	 scorned	1	distilbert/distilgpt2	distilbert/distilgpt2	False	0.003257195930927992	8.262153625488281
ĠJohn	4055	 John	2	distilbert/distilgpt2	distilbert/distilgpt2	False	0.0011427755234763026	9.773241996765137
Ġbecause	4055	 because	3	distilbert/distilgpt2	distilbert/distilgpt2	False	0.0005006865831092	10.963804244995117
Ġhe	4055	 he	4	distilbert/distilgpt2	distilbert/distilgpt2	False	0.4508766829967499	1.1491951942443848
Sarah	4056	Sarah	0	distilbert/distilgpt2	distilbert/distilgpt2	False	1.0	0.0
Ġsc	4056	 scorned	1	distilbert/distilgpt2	distilbert/distilgpt2	False	4.0706149775360245e-06	17.906322479248047
orned	4056	 scorned	1	distilbert/distilgpt2	distilbert/distilgpt2	False	0.0033284807577729225	8.230920791625977
ĠJohn	4056	 John	2	distilbert/distilgpt2	distilbert/distilgpt2	False	0.0009396750829182565	10.055550575256348
Ġbecause	4056	 because	3	distilbert/distilgpt2	distilbert/distilgpt2	False	0.0013014196883887053	9.585698127746582
Ġhe	4056	 he	4	distilbert/distilgpt2	distilbert/distilgpt2	False	0.4353225827217102	1.1998432874679565
Mary	4057	Mary	0	distilbert/distilgpt2	distilbert/distilgpt2	False	1.0	0.0
Ġsc	4057	 scorned	1	distilbert/distilgpt2	distilbert/distilgpt2	False	3.74565138372418e-06	18.026351928710938
orned	4057	 scorned	1	distilbert/distilgpt2	distilbert/distilgpt2	False	0.0028193143662065268	8.470439910888672
ĠSarah	4057	 Sarah	2	distilbert/distilgpt2	distilbert/distilgpt2	False	0.0001245359453605488	12.971150398254395
Ġbecause	4057	 because	3	distilbert/distilgpt2	distilbert/distilgpt2	False	0.004141698125749826	7.915562152862549
Ġshe	4057	 she	4	distilbert/distilgpt2	distilbert/distilgpt2	False	0.48207560181617737	1.0526686906814575
John	4058	John	0	distilbert/distilgpt2	distilbert/distilgpt2	False	1.0	0.0
Ġsc	4058	 scorned	1	distilbert/distilgpt2	distilbert/distilgpt2	False	3.807740540651139e-06	18.002634048461914
orned	4058	 scorned	1	distilbert/distilgpt2	distilbert/distilgpt2	False	0.0025839083828032017	8.596229553222656
ĠSarah	4058	 Sarah	2	distilbert/distilgpt2	distilbert/distilgpt2	False	0.00015508462092839181	12.654656410217285
Ġbecause	4058	 because	3	distilbert/distilgpt2	distilbert/distilgpt2	False	0.0018060413422062993	9.112953186035156
Ġshe	4058	 she	4	distilbert/distilgpt2	distilbert/distilgpt2	False	0.44994863867759705	1.152167797088623
Mary	4059	Mary	0	distilbert/distilgpt2	distilbert/distilgpt2	False	1.0	0.0
Ġsc	4059	 scorned	1	distilbert/distilgpt2	distilbert/distilgpt2	False	3.74565138372418e-06	18.026351928710938
orned	4059	 scorned	1	distilbert/distilgpt2	distilbert/distilgpt2	False	0.0028193143662065268	8.470439910888672
ĠSarah	4059	 Sarah	2	distilbert/distilgpt2	distilbert/distilgpt2	False	0.0001245359453605488	12.971150398254395
Ġbecause	4059	 because	3	distilbert/distilgpt2	distilbert/distilgpt2	False	0.004141698125749826	7.915562152862549
Ġshe	4059	 she	4	distilbert/distilgpt2	distilbert/distilgpt2	False	0.48207560181617737	1.0526686906814575
David	4060	David	0	distilbert/distilgpt2	distilbert/distilgpt2	False	1.0	0.0
Ġsc	4060	 scorned	1	distilbert/distilgpt2	distilbert/distilgpt2	False	3.81512290914543e-06	17.999839782714844
orned	4060	 scorned	1	distilbert/distilgpt2	distilbert/distilgpt2	False	0.003257195930927992	8.262153625488281
ĠSarah	4060	 Sarah	2	distilbert/distilgpt2	distilbert/distilgpt2	False	0.00019340429571457207	12.336092948913574
Ġbecause	4060	 because	3	distilbert/distilgpt2	distilbert/distilgpt2	False	0.000875644211191684	10.157367706298828
Ġshe	4060	 she	4	distilbert/distilgpt2	distilbert/distilgpt2	False	0.4402325451374054	1.1836622953414917
Sarah	4061	Sarah	0	distilbert/distilgpt2	distilbert/distilgpt2	False	1.0	0.0
Ġsc	4061	 scorned	1	distilbert/distilgpt2	distilbert/distilgpt2	False	4.0706149775360245e-06	17.906322479248047
orned	4061	 scorned	1	distilbert/distilgpt2	distilbert/distilgpt2	False	0.0033284807577729225	8.230920791625977
ĠMary	4061	 Mary	2	distilbert/distilgpt2	distilbert/distilgpt2	False	0.0003933334955945611	11.311959266662598
Ġbecause	4061	 because	3	distilbert/distilgpt2	distilbert/distilgpt2	False	0.0025473067071288824	8.616811752319336
Ġshe	4061	 she	4	distilbert/distilgpt2	distilbert/distilgpt2	False	0.4345165491104126	1.202517032623291
John	4062	John	0	distilbert/distilgpt2	distilbert/distilgpt2	False	1.0	0.0
Ġsc	4062	 scorned	1	distilbert/distilgpt2	distilbert/distilgpt2	False	3.807740540651139e-06	18.002634048461914
orned	4062	 scorned	1	distilbert/distilgpt2	distilbert/distilgpt2	False	0.0025839083828032017	8.596229553222656
ĠMary	4062	 Mary	2	distilbert/distilgpt2	distilbert/distilgpt2	False	0.000302937492961064	11.688692092895508
Ġbecause	4062	 because	3	distilbert/distilgpt2	distilbert/distilgpt2	False	0.0035512682516127825	8.137450218200684
Ġshe	4062	 she	4	distilbert/distilgpt2	distilbert/distilgpt2	False	0.4458038806915283	1.1655189990997314
Sarah	4063	Sarah	0	distilbert/distilgpt2	distilbert/distilgpt2	False	1.0	0.0
Ġsc	4063	 scorned	1	distilbert/distilgpt2	distilbert/distilgpt2	False	4.0706149775360245e-06	17.906322479248047
orned	4063	 scorned	1	distilbert/distilgpt2	distilbert/distilgpt2	False	0.0033284807577729225	8.230920791625977
ĠMary	4063	 Mary	2	distilbert/distilgpt2	distilbert/distilgpt2	False	0.0003933334955945611	11.311959266662598
Ġbecause	4063	 because	3	distilbert/distilgpt2	distilbert/distilgpt2	False	0.0025473067071288824	8.616811752319336
Ġshe	4063	 she	4	distilbert/distilgpt2	distilbert/distilgpt2	False	0.4345165491104126	1.202517032623291
David	4064	David	0	distilbert/distilgpt2	distilbert/distilgpt2	False	1.0	0.0
Ġsc	4064	 scorned	1	distilbert/distilgpt2	distilbert/distilgpt2	False	3.81512290914543e-06	17.999839782714844
orned	4064	 scorned	1	distilbert/distilgpt2	distilbert/distilgpt2	False	0.003257195930927992	8.262153625488281
ĠMary	4064	 Mary	2	distilbert/distilgpt2	distilbert/distilgpt2	False	0.00032045255647972226	11.607601165771484
Ġbecause	4064	 because	3	distilbert/distilgpt2	distilbert/distilgpt2	False	0.00136200909037143	9.520048141479492
Ġshe	4064	 she	4	distilbert/distilgpt2	distilbert/distilgpt2	False	0.43496060371398926	1.2010433673858643
John	4065	John	0	distilbert/distilgpt2	distilbert/distilgpt2	False	1.0	0.0
Ġshadow	4065	 shadowed	1	distilbert/distilgpt2	distilbert/distilgpt2	False	3.6576224715645367e-07	21.382591247558594
ed	4065	 shadowed	1	distilbert/distilgpt2	distilbert/distilgpt2	False	0.010388333350419998	6.588891983032227
ĠDavid	4065	 David	2	distilbert/distilgpt2	distilbert/distilgpt2	False	0.0007979848887771368	10.291351318359375
Ġbecause	4065	 because	3	distilbert/distilgpt2	distilbert/distilgpt2	False	4.034143057651818e-05	14.597378730773926
Ġhe	4065	 he	4	distilbert/distilgpt2	distilbert/distilgpt2	False	0.3734619915485382	1.4209667444229126
Mary	4066	Mary	0	distilbert/distilgpt2	distilbert/distilgpt2	False	1.0	0.0
Ġshadow	4066	 shadowed	1	distilbert/distilgpt2	distilbert/distilgpt2	False	4.4469322801887756e-07	21.10068702697754
ed	4066	 shadowed	1	distilbert/distilgpt2	distilbert/distilgpt2	False	0.021054133772850037	5.5697526931762695
ĠDavid	4066	 David	2	distilbert/distilgpt2	distilbert/distilgpt2	False	0.00029833990265615284	11.710755348205566
Ġbecause	4066	 because	3	distilbert/distilgpt2	distilbert/distilgpt2	False	0.00019428702944424003	12.329523086547852
Ġhe	4066	 he	4	distilbert/distilgpt2	distilbert/distilgpt2	False	0.34700748324394226	1.526961326599121
John	4067	John	0	distilbert/distilgpt2	distilbert/distilgpt2	False	1.0	0.0
Ġshadow	4067	 shadowed	1	distilbert/distilgpt2	distilbert/distilgpt2	False	3.6576224715645367e-07	21.382591247558594
ed	4067	 shadowed	1	distilbert/distilgpt2	distilbert/distilgpt2	False	0.010388333350419998	6.588891983032227
ĠDavid	4067	 David	2	distilbert/distilgpt2	distilbert/distilgpt2	False	0.0007979848887771368	10.291351318359375
Ġbecause	4067	 because	3	distilbert/distilgpt2	distilbert/distilgpt2	False	4.034143057651818e-05	14.597378730773926
Ġhe	4067	 he	4	distilbert/distilgpt2	distilbert/distilgpt2	False	0.3734619915485382	1.4209667444229126
Sarah	4068	Sarah	0	distilbert/distilgpt2	distilbert/distilgpt2	False	1.0	0.0
Ġshadow	4068	 shadowed	1	distilbert/distilgpt2	distilbert/distilgpt2	False	3.447141239121265e-07	21.468095779418945
ed	4068	 shadowed	1	distilbert/distilgpt2	distilbert/distilgpt2	False	0.020295076072216034	5.6227264404296875
ĠDavid	4068	 David	2	distilbert/distilgpt2	distilbert/distilgpt2	False	0.0007354526314884424	10.409079551696777
Ġbecause	4068	 because	3	distilbert/distilgpt2	distilbert/distilgpt2	False	3.2676965929567814e-05	14.901366233825684
Ġhe	4068	 he	4	distilbert/distilgpt2	distilbert/distilgpt2	False	0.3818511962890625	1.3889175653457642
David	4069	David	0	distilbert/distilgpt2	distilbert/distilgpt2	False	1.0	0.0
Ġshadow	4069	 shadowed	1	distilbert/distilgpt2	distilbert/distilgpt2	False	4.5809488824488653e-07	21.057849884033203
ed	4069	 shadowed	1	distilbert/distilgpt2	distilbert/distilgpt2	False	0.011410092003643513	6.453545570373535
ĠJohn	4069	 John	2	distilbert/distilgpt2	distilbert/distilgpt2	False	0.0009561778861097991	10.030433654785156
Ġbecause	4069	 because	3	distilbert/distilgpt2	distilbert/distilgpt2	False	0.00010697251855162904	13.190472602844238
Ġhe	4069	 he	4	distilbert/distilgpt2	distilbert/distilgpt2	False	0.3851913511753082	1.3763527870178223
Mary	4070	Mary	0	distilbert/distilgpt2	distilbert/distilgpt2	False	1.0	0.0
Ġshadow	4070	 shadowed	1	distilbert/distilgpt2	distilbert/distilgpt2	False	4.4469322801887756e-07	21.10068702697754
ed	4070	 shadowed	1	distilbert/distilgpt2	distilbert/distilgpt2	False	0.021054133772850037	5.5697526931762695
ĠJohn	4070	 John	2	distilbert/distilgpt2	distilbert/distilgpt2	False	0.0002794466563500464	11.805139541625977
Ġbecause	4070	 because	3	distilbert/distilgpt2	distilbert/distilgpt2	False	0.00043435677071101964	11.168831825256348
Ġhe	4070	 he	4	distilbert/distilgpt2	distilbert/distilgpt2	False	0.35450637340545654	1.4961165189743042
David	4071	David	0	distilbert/distilgpt2	distilbert/distilgpt2	False	1.0	0.0
Ġshadow	4071	 shadowed	1	distilbert/distilgpt2	distilbert/distilgpt2	False	4.5809488824488653e-07	21.057849884033203
ed	4071	 shadowed	1	distilbert/distilgpt2	distilbert/distilgpt2	False	0.011410092003643513	6.453545570373535
ĠJohn	4071	 John	2	distilbert/distilgpt2	distilbert/distilgpt2	False	0.0009561778861097991	10.030433654785156
Ġbecause	4071	 because	3	distilbert/distilgpt2	distilbert/distilgpt2	False	0.00010697251855162904	13.190472602844238
Ġhe	4071	 he	4	distilbert/distilgpt2	distilbert/distilgpt2	False	0.3851913511753082	1.3763527870178223
Sarah	4072	Sarah	0	distilbert/distilgpt2	distilbert/distilgpt2	False	1.0	0.0
Ġshadow	4072	 shadowed	1	distilbert/distilgpt2	distilbert/distilgpt2	False	3.447141239121265e-07	21.468095779418945
ed	4072	 shadowed	1	distilbert/distilgpt2	distilbert/distilgpt2	False	0.020295076072216034	5.6227264404296875
ĠJohn	4072	 John	2	distilbert/distilgpt2	distilbert/distilgpt2	False	0.0005261218175292015	10.892315864562988
Ġbecause	4072	 because	3	distilbert/distilgpt2	distilbert/distilgpt2	False	0.0002258259046357125	12.11250114440918
Ġhe	4072	 he	4	distilbert/distilgpt2	distilbert/distilgpt2	False	0.3752652108669281	1.4140175580978394
Mary	4073	Mary	0	distilbert/distilgpt2	distilbert/distilgpt2	False	1.0	0.0
Ġshadow	4073	 shadowed	1	distilbert/distilgpt2	distilbert/distilgpt2	False	4.4469322801887756e-07	21.10068702697754
ed	4073	 shadowed	1	distilbert/distilgpt2	distilbert/distilgpt2	False	0.021054133772850037	5.5697526931762695
ĠSarah	4073	 Sarah	2	distilbert/distilgpt2	distilbert/distilgpt2	False	4.55214103567414e-05	14.423094749450684
Ġbecause	4073	 because	3	distilbert/distilgpt2	distilbert/distilgpt2	False	0.0008457559742964804	10.207470893859863
Ġshe	4073	 she	4	distilbert/distilgpt2	distilbert/distilgpt2	False	0.4125450849533081	1.2773762941360474
John	4074	John	0	distilbert/distilgpt2	distilbert/distilgpt2	False	1.0	0.0
Ġshadow	4074	 shadowed	1	distilbert/distilgpt2	distilbert/distilgpt2	False	3.6576224715645367e-07	21.382591247558594
ed	4074	 shadowed	1	distilbert/distilgpt2	distilbert/distilgpt2	False	0.010388333350419998	6.588891983032227
ĠSarah	4074	 Sarah	2	distilbert/distilgpt2	distilbert/distilgpt2	False	6.80789235047996e-05	13.842432022094727
Ġbecause	4074	 because	3	distilbert/distilgpt2	distilbert/distilgpt2	False	0.0003431772638577968	11.508758544921875
Ġshe	4074	 she	4	distilbert/distilgpt2	distilbert/distilgpt2	False	0.4200308620929718	1.2514327764511108
Mary	4075	Mary	0	distilbert/distilgpt2	distilbert/distilgpt2	False	1.0	0.0
Ġshadow	4075	 shadowed	1	distilbert/distilgpt2	distilbert/distilgpt2	False	4.4469322801887756e-07	21.10068702697754
ed	4075	 shadowed	1	distilbert/distilgpt2	distilbert/distilgpt2	False	0.021054133772850037	5.5697526931762695
ĠSarah	4075	 Sarah	2	distilbert/distilgpt2	distilbert/distilgpt2	False	4.55214103567414e-05	14.423094749450684
Ġbecause	4075	 because	3	distilbert/distilgpt2	distilbert/distilgpt2	False	0.0008457559742964804	10.207470893859863
Ġshe	4075	 she	4	distilbert/distilgpt2	distilbert/distilgpt2	False	0.4125450849533081	1.2773762941360474
David	4076	David	0	distilbert/distilgpt2	distilbert/distilgpt2	False	1.0	0.0
Ġshadow	4076	 shadowed	1	distilbert/distilgpt2	distilbert/distilgpt2	False	4.5809488824488653e-07	21.057849884033203
ed	4076	 shadowed	1	distilbert/distilgpt2	distilbert/distilgpt2	False	0.011410092003643513	6.453545570373535
ĠSarah	4076	 Sarah	2	distilbert/distilgpt2	distilbert/distilgpt2	False	9.344235877506435e-05	13.385563850402832
Ġbecause	4076	 because	3	distilbert/distilgpt2	distilbert/distilgpt2	False	0.00019413902191445231	12.330622673034668
Ġshe	4076	 she	4	distilbert/distilgpt2	distilbert/distilgpt2	False	0.42920684814453125	1.2202550172805786
Sarah	4077	Sarah	0	distilbert/distilgpt2	distilbert/distilgpt2	False	1.0	0.0
Ġshadow	4077	 shadowed	1	distilbert/distilgpt2	distilbert/distilgpt2	False	3.447141239121265e-07	21.468095779418945
ed	4077	 shadowed	1	distilbert/distilgpt2	distilbert/distilgpt2	False	0.020295076072216034	5.6227264404296875
ĠMary	4077	 Mary	2	distilbert/distilgpt2	distilbert/distilgpt2	False	0.0001731944503262639	12.495319366455078
Ġbecause	4077	 because	3	distilbert/distilgpt2	distilbert/distilgpt2	False	0.0002742251963354647	11.832351684570312
Ġshe	4077	 she	4	distilbert/distilgpt2	distilbert/distilgpt2	False	0.38146889209747314	1.3903627395629883
John	4078	John	0	distilbert/distilgpt2	distilbert/distilgpt2	False	1.0	0.0
Ġshadow	4078	 shadowed	1	distilbert/distilgpt2	distilbert/distilgpt2	False	3.6576224715645367e-07	21.382591247558594
ed	4078	 shadowed	1	distilbert/distilgpt2	distilbert/distilgpt2	False	0.010388333350419998	6.588891983032227
ĠMary	4078	 Mary	2	distilbert/distilgpt2	distilbert/distilgpt2	False	0.00013661861885339022	12.837557792663574
Ġbecause	4078	 because	3	distilbert/distilgpt2	distilbert/distilgpt2	False	0.0004879077023360878	11.001104354858398
Ġshe	4078	 she	4	distilbert/distilgpt2	distilbert/distilgpt2	False	0.3743855953216553	1.417403221130371
Sarah	4079	Sarah	0	distilbert/distilgpt2	distilbert/distilgpt2	False	1.0	0.0
Ġshadow	4079	 shadowed	1	distilbert/distilgpt2	distilbert/distilgpt2	False	3.447141239121265e-07	21.468095779418945
ed	4079	 shadowed	1	distilbert/distilgpt2	distilbert/distilgpt2	False	0.020295076072216034	5.6227264404296875
ĠMary	4079	 Mary	2	distilbert/distilgpt2	distilbert/distilgpt2	False	0.0001731944503262639	12.495319366455078
Ġbecause	4079	 because	3	distilbert/distilgpt2	distilbert/distilgpt2	False	0.0002742251963354647	11.832351684570312
Ġshe	4079	 she	4	distilbert/distilgpt2	distilbert/distilgpt2	False	0.38146889209747314	1.3903627395629883
David	4080	David	0	distilbert/distilgpt2	distilbert/distilgpt2	False	1.0	0.0
Ġshadow	4080	 shadowed	1	distilbert/distilgpt2	distilbert/distilgpt2	False	4.5809488824488653e-07	21.057849884033203
ed	4080	 shadowed	1	distilbert/distilgpt2	distilbert/distilgpt2	False	0.011410092003643513	6.453545570373535
ĠMary	4080	 Mary	2	distilbert/distilgpt2	distilbert/distilgpt2	False	0.00016387512732762843	12.575115203857422
Ġbecause	4080	 because	3	distilbert/distilgpt2	distilbert/distilgpt2	False	0.00016273604705929756	12.58517837524414
Ġshe	4080	 she	4	distilbert/distilgpt2	distilbert/distilgpt2	False	0.39008045196533203	1.358156442642212
John	4081	John	0	distilbert/distilgpt2	distilbert/distilgpt2	False	1.0	0.0
Ġsh	4081	 shamed	1	distilbert/distilgpt2	distilbert/distilgpt2	False	2.08978326554643e-06	18.868215560913086
amed	4081	 shamed	1	distilbert/distilgpt2	distilbert/distilgpt2	False	0.0030961157754063606	8.335325241088867
ĠDavid	4081	 David	2	distilbert/distilgpt2	distilbert/distilgpt2	False	0.00040847939089871943	11.25744915008545
Ġbecause	4081	 because	3	distilbert/distilgpt2	distilbert/distilgpt2	False	0.00028977764304727316	11.752765655517578
Ġhe	4081	 he	4	distilbert/distilgpt2	distilbert/distilgpt2	False	0.4635046720504761	1.109344244003296
Mary	4082	Mary	0	distilbert/distilgpt2	distilbert/distilgpt2	False	1.0	0.0
Ġsh	4082	 shamed	1	distilbert/distilgpt2	distilbert/distilgpt2	False	2.295635567861609e-06	18.732675552368164
amed	4082	 shamed	1	distilbert/distilgpt2	distilbert/distilgpt2	False	0.004006040748208761	7.963607311248779
ĠDavid	4082	 David	2	distilbert/distilgpt2	distilbert/distilgpt2	False	0.00022205441200640053	12.136798858642578
Ġbecause	4082	 because	3	distilbert/distilgpt2	distilbert/distilgpt2	False	0.0007251433562487364	10.42944622039795
Ġhe	4082	 he	4	distilbert/distilgpt2	distilbert/distilgpt2	False	0.46261489391326904	1.1121164560317993
John	4083	John	0	distilbert/distilgpt2	distilbert/distilgpt2	False	1.0	0.0
Ġsh	4083	 shamed	1	distilbert/distilgpt2	distilbert/distilgpt2	False	2.08978326554643e-06	18.868215560913086
amed	4083	 shamed	1	distilbert/distilgpt2	distilbert/distilgpt2	False	0.0030961157754063606	8.335325241088867
ĠDavid	4083	 David	2	distilbert/distilgpt2	distilbert/distilgpt2	False	0.00040847939089871943	11.25744915008545
Ġbecause	4083	 because	3	distilbert/distilgpt2	distilbert/distilgpt2	False	0.00028977764304727316	11.752765655517578
Ġhe	4083	 he	4	distilbert/distilgpt2	distilbert/distilgpt2	False	0.4635046720504761	1.109344244003296
Sarah	4084	Sarah	0	distilbert/distilgpt2	distilbert/distilgpt2	False	1.0	0.0
Ġsh	4084	 shamed	1	distilbert/distilgpt2	distilbert/distilgpt2	False	2.3474585759686306e-06	18.700468063354492
amed	4084	 shamed	1	distilbert/distilgpt2	distilbert/distilgpt2	False	0.0038842083886265755	8.008163452148438
ĠDavid	4084	 David	2	distilbert/distilgpt2	distilbert/distilgpt2	False	0.00029567681485787034	11.7236909866333
Ġbecause	4084	 because	3	distilbert/distilgpt2	distilbert/distilgpt2	False	0.00044012084254063666	11.149812698364258
Ġhe	4084	 he	4	distilbert/distilgpt2	distilbert/distilgpt2	False	0.45405060052871704	1.1390750408172607
David	4085	David	0	distilbert/distilgpt2	distilbert/distilgpt2	False	1.0	0.0
Ġsh	4085	 shamed	1	distilbert/distilgpt2	distilbert/distilgpt2	False	2.3386412522086175e-06	18.70589828491211
amed	4085	 shamed	1	distilbert/distilgpt2	distilbert/distilgpt2	False	0.004994314629584551	7.645497798919678
ĠJohn	4085	 John	2	distilbert/distilgpt2	distilbert/distilgpt2	False	0.0009149277466349304	10.094054222106934
Ġbecause	4085	 because	3	distilbert/distilgpt2	distilbert/distilgpt2	False	0.00036548764910548925	11.417889595031738
Ġhe	4085	 he	4	distilbert/distilgpt2	distilbert/distilgpt2	False	0.5026648044586182	0.9923314452171326
Mary	4086	Mary	0	distilbert/distilgpt2	distilbert/distilgpt2	False	1.0	0.0
Ġsh	4086	 shamed	1	distilbert/distilgpt2	distilbert/distilgpt2	False	2.295635567861609e-06	18.732675552368164
amed	4086	 shamed	1	distilbert/distilgpt2	distilbert/distilgpt2	False	0.004006040748208761	7.963607311248779
ĠJohn	4086	 John	2	distilbert/distilgpt2	distilbert/distilgpt2	False	0.0004754560941364616	11.038400650024414
Ġbecause	4086	 because	3	distilbert/distilgpt2	distilbert/distilgpt2	False	0.0011194102698937058	9.803045272827148
Ġhe	4086	 he	4	distilbert/distilgpt2	distilbert/distilgpt2	False	0.491649866104126	1.0242968797683716
David	4087	David	0	distilbert/distilgpt2	distilbert/distilgpt2	False	1.0	0.0
Ġsh	4087	 shamed	1	distilbert/distilgpt2	distilbert/distilgpt2	False	2.3386412522086175e-06	18.70589828491211
amed	4087	 shamed	1	distilbert/distilgpt2	distilbert/distilgpt2	False	0.004994314629584551	7.645497798919678
ĠJohn	4087	 John	2	distilbert/distilgpt2	distilbert/distilgpt2	False	0.0009149277466349304	10.094054222106934
Ġbecause	4087	 because	3	distilbert/distilgpt2	distilbert/distilgpt2	False	0.00036548764910548925	11.417889595031738
Ġhe	4087	 he	4	distilbert/distilgpt2	distilbert/distilgpt2	False	0.5026648044586182	0.9923314452171326
Sarah	4088	Sarah	0	distilbert/distilgpt2	distilbert/distilgpt2	False	1.0	0.0
Ġsh	4088	 shamed	1	distilbert/distilgpt2	distilbert/distilgpt2	False	2.3474585759686306e-06	18.700468063354492
amed	4088	 shamed	1	distilbert/distilgpt2	distilbert/distilgpt2	False	0.0038842083886265755	8.008163452148438
ĠJohn	4088	 John	2	distilbert/distilgpt2	distilbert/distilgpt2	False	0.0005677276058122516	10.782513618469238
Ġbecause	4088	 because	3	distilbert/distilgpt2	distilbert/distilgpt2	False	0.0008949898183345795	10.12584114074707
Ġhe	4088	 he	4	distilbert/distilgpt2	distilbert/distilgpt2	False	0.4682999849319458	1.094495177268982
Mary	4089	Mary	0	distilbert/distilgpt2	distilbert/distilgpt2	False	1.0	0.0
Ġsh	4089	 shamed	1	distilbert/distilgpt2	distilbert/distilgpt2	False	2.295635567861609e-06	18.732675552368164
amed	4089	 shamed	1	distilbert/distilgpt2	distilbert/distilgpt2	False	0.004006040748208761	7.963607311248779
ĠSarah	4089	 Sarah	2	distilbert/distilgpt2	distilbert/distilgpt2	False	0.00013065862003713846	12.901909828186035
Ġbecause	4089	 because	3	distilbert/distilgpt2	distilbert/distilgpt2	False	0.0031015845015645027	8.332778930664062
Ġshe	4089	 she	4	distilbert/distilgpt2	distilbert/distilgpt2	False	0.501528263092041	0.9955970644950867
John	4090	John	0	distilbert/distilgpt2	distilbert/distilgpt2	False	1.0	0.0
Ġsh	4090	 shamed	1	distilbert/distilgpt2	distilbert/distilgpt2	False	2.08978326554643e-06	18.868215560913086
amed	4090	 shamed	1	distilbert/distilgpt2	distilbert/distilgpt2	False	0.0030961157754063606	8.335325241088867
ĠSarah	4090	 Sarah	2	distilbert/distilgpt2	distilbert/distilgpt2	False	0.00020361608767416328	12.261860847473145
Ġbecause	4090	 because	3	distilbert/distilgpt2	distilbert/distilgpt2	False	0.0014823278179392219	9.397919654846191
Ġshe	4090	 she	4	distilbert/distilgpt2	distilbert/distilgpt2	False	0.46508827805519104	1.1044235229492188
Mary	4091	Mary	0	distilbert/distilgpt2	distilbert/distilgpt2	False	1.0	0.0
Ġsh	4091	 shamed	1	distilbert/distilgpt2	distilbert/distilgpt2	False	2.295635567861609e-06	18.732675552368164
amed	4091	 shamed	1	distilbert/distilgpt2	distilbert/distilgpt2	False	0.004006040748208761	7.963607311248779
ĠSarah	4091	 Sarah	2	distilbert/distilgpt2	distilbert/distilgpt2	False	0.00013065862003713846	12.901909828186035
Ġbecause	4091	 because	3	distilbert/distilgpt2	distilbert/distilgpt2	False	0.0031015845015645027	8.332778930664062
Ġshe	4091	 she	4	distilbert/distilgpt2	distilbert/distilgpt2	False	0.501528263092041	0.9955970644950867
David	4092	David	0	distilbert/distilgpt2	distilbert/distilgpt2	False	1.0	0.0
Ġsh	4092	 shamed	1	distilbert/distilgpt2	distilbert/distilgpt2	False	2.3386412522086175e-06	18.70589828491211
amed	4092	 shamed	1	distilbert/distilgpt2	distilbert/distilgpt2	False	0.004994314629584551	7.645497798919678
ĠSarah	4092	 Sarah	2	distilbert/distilgpt2	distilbert/distilgpt2	False	0.00020993837097194046	12.21774673461914
Ġbecause	4092	 because	3	distilbert/distilgpt2	distilbert/distilgpt2	False	0.0010648396564647555	9.875147819519043
Ġshe	4092	 she	4	distilbert/distilgpt2	distilbert/distilgpt2	False	0.48765334486961365	1.0360721349716187
Sarah	4093	Sarah	0	distilbert/distilgpt2	distilbert/distilgpt2	False	1.0	0.0
Ġsh	4093	 shamed	1	distilbert/distilgpt2	distilbert/distilgpt2	False	2.3474585759686306e-06	18.700468063354492
amed	4093	 shamed	1	distilbert/distilgpt2	distilbert/distilgpt2	False	0.0038842083886265755	8.008163452148438
ĠMary	4093	 Mary	2	distilbert/distilgpt2	distilbert/distilgpt2	False	0.00012906819756608456	12.919578552246094
Ġbecause	4093	 because	3	distilbert/distilgpt2	distilbert/distilgpt2	False	0.002112847985699773	8.886595726013184
Ġshe	4093	 she	4	distilbert/distilgpt2	distilbert/distilgpt2	False	0.444351464509964	1.1702269315719604
John	4094	John	0	distilbert/distilgpt2	distilbert/distilgpt2	False	1.0	0.0
Ġsh	4094	 shamed	1	distilbert/distilgpt2	distilbert/distilgpt2	False	2.08978326554643e-06	18.868215560913086
amed	4094	 shamed	1	distilbert/distilgpt2	distilbert/distilgpt2	False	0.0030961157754063606	8.335325241088867
ĠMary	4094	 Mary	2	distilbert/distilgpt2	distilbert/distilgpt2	False	0.00013308617053553462	12.875351905822754
Ġbecause	4094	 because	3	distilbert/distilgpt2	distilbert/distilgpt2	False	0.003224456449970603	8.276728630065918
Ġshe	4094	 she	4	distilbert/distilgpt2	distilbert/distilgpt2	False	0.4489041864871979	1.1555205583572388
Sarah	4095	Sarah	0	distilbert/distilgpt2	distilbert/distilgpt2	False	1.0	0.0
Ġsh	4095	 shamed	1	distilbert/distilgpt2	distilbert/distilgpt2	False	2.3474585759686306e-06	18.700468063354492
amed	4095	 shamed	1	distilbert/distilgpt2	distilbert/distilgpt2	False	0.0038842083886265755	8.008163452148438
ĠMary	4095	 Mary	2	distilbert/distilgpt2	distilbert/distilgpt2	False	0.00012906819756608456	12.919578552246094
Ġbecause	4095	 because	3	distilbert/distilgpt2	distilbert/distilgpt2	False	0.002112847985699773	8.886595726013184
Ġshe	4095	 she	4	distilbert/distilgpt2	distilbert/distilgpt2	False	0.444351464509964	1.1702269315719604
David	4096	David	0	distilbert/distilgpt2	distilbert/distilgpt2	False	1.0	0.0
Ġsh	4096	 shamed	1	distilbert/distilgpt2	distilbert/distilgpt2	False	2.3386412522086175e-06	18.70589828491211
amed	4096	 shamed	1	distilbert/distilgpt2	distilbert/distilgpt2	False	0.004994314629584551	7.645497798919678
ĠMary	4096	 Mary	2	distilbert/distilgpt2	distilbert/distilgpt2	False	0.00013530257274396718	12.851523399353027
Ġbecause	4096	 because	3	distilbert/distilgpt2	distilbert/distilgpt2	False	0.0012453226372599602	9.649264335632324
Ġshe	4096	 she	4	distilbert/distilgpt2	distilbert/distilgpt2	False	0.46507787704467773	1.104455828666687
John	4097	John	0	distilbert/distilgpt2	distilbert/distilgpt2	False	1.0	0.0
Ġshocked	4097	 shocked	1	distilbert/distilgpt2	distilbert/distilgpt2	False	4.386169294434694e-08	24.442462921142578
ĠDavid	4097	 David	2	distilbert/distilgpt2	distilbert/distilgpt2	False	0.0001683743903413415	12.536039352416992
Ġbecause	4097	 because	3	distilbert/distilgpt2	distilbert/distilgpt2	False	0.0005086360033601522	10.941079139709473
Ġhe	4097	 he	4	distilbert/distilgpt2	distilbert/distilgpt2	False	0.4523777365684509	1.1444002389907837
Mary	4098	Mary	0	distilbert/distilgpt2	distilbert/distilgpt2	False	1.0	0.0
Ġshocked	4098	 shocked	1	distilbert/distilgpt2	distilbert/distilgpt2	False	5.540271885706716e-08	24.10546875
ĠDavid	4098	 David	2	distilbert/distilgpt2	distilbert/distilgpt2	False	0.00015599836478941143	12.646181106567383
Ġbecause	4098	 because	3	distilbert/distilgpt2	distilbert/distilgpt2	False	0.0009801967535167933	9.994641304016113
Ġhe	4098	 he	4	distilbert/distilgpt2	distilbert/distilgpt2	False	0.45388326048851013	1.1396068334579468
John	4099	John	0	distilbert/distilgpt2	distilbert/distilgpt2	False	1.0	0.0
Ġshocked	4099	 shocked	1	distilbert/distilgpt2	distilbert/distilgpt2	False	4.386169294434694e-08	24.442462921142578
ĠDavid	4099	 David	2	distilbert/distilgpt2	distilbert/distilgpt2	False	0.0001683743903413415	12.536039352416992
Ġbecause	4099	 because	3	distilbert/distilgpt2	distilbert/distilgpt2	False	0.0005086360033601522	10.941079139709473
Ġhe	4099	 he	4	distilbert/distilgpt2	distilbert/distilgpt2	False	0.4523777365684509	1.1444002389907837
Sarah	4100	Sarah	0	distilbert/distilgpt2	distilbert/distilgpt2	False	1.0	0.0
Ġshocked	4100	 shocked	1	distilbert/distilgpt2	distilbert/distilgpt2	False	4.395272412693885e-08	24.439472198486328
ĠDavid	4100	 David	2	distilbert/distilgpt2	distilbert/distilgpt2	False	0.00018814249779097736	12.375886917114258
Ġbecause	4100	 because	3	distilbert/distilgpt2	distilbert/distilgpt2	False	0.0005823313258588314	10.745872497558594
Ġhe	4100	 he	4	distilbert/distilgpt2	distilbert/distilgpt2	False	0.4589200019836426	1.1236854791641235
David	4101	David	0	distilbert/distilgpt2	distilbert/distilgpt2	False	1.0	0.0
Ġshocked	4101	 shocked	1	distilbert/distilgpt2	distilbert/distilgpt2	False	5.164485017417064e-08	24.20680046081543
ĠJohn	4101	 John	2	distilbert/distilgpt2	distilbert/distilgpt2	False	0.00020349185797385871	12.262741088867188
Ġbecause	4101	 because	3	distilbert/distilgpt2	distilbert/distilgpt2	False	0.0011514457874000072	9.762337684631348
Ġhe	4101	 he	4	distilbert/distilgpt2	distilbert/distilgpt2	False	0.45038455724716187	1.1507707834243774
Mary	4102	Mary	0	distilbert/distilgpt2	distilbert/distilgpt2	False	1.0	0.0
Ġshocked	4102	 shocked	1	distilbert/distilgpt2	distilbert/distilgpt2	False	5.540271885706716e-08	24.10546875
ĠJohn	4102	 John	2	distilbert/distilgpt2	distilbert/distilgpt2	False	0.00019034228171221912	12.359116554260254
Ġbecause	4102	 because	3	distilbert/distilgpt2	distilbert/distilgpt2	False	0.0026600181590765715	8.55434799194336
Ġhe	4102	 he	4	distilbert/distilgpt2	distilbert/distilgpt2	False	0.44828468561172485	1.157512903213501
David	4103	David	0	distilbert/distilgpt2	distilbert/distilgpt2	False	1.0	0.0
Ġshocked	4103	 shocked	1	distilbert/distilgpt2	distilbert/distilgpt2	False	5.164485017417064e-08	24.20680046081543
ĠJohn	4103	 John	2	distilbert/distilgpt2	distilbert/distilgpt2	False	0.00020349185797385871	12.262741088867188
Ġbecause	4103	 because	3	distilbert/distilgpt2	distilbert/distilgpt2	False	0.0011514457874000072	9.762337684631348
Ġhe	4103	 he	4	distilbert/distilgpt2	distilbert/distilgpt2	False	0.45038455724716187	1.1507707834243774
Sarah	4104	Sarah	0	distilbert/distilgpt2	distilbert/distilgpt2	False	1.0	0.0
Ġshocked	4104	 shocked	1	distilbert/distilgpt2	distilbert/distilgpt2	False	4.395272412693885e-08	24.439472198486328
ĠJohn	4104	 John	2	distilbert/distilgpt2	distilbert/distilgpt2	False	0.0001982259564101696	12.300566673278809
Ġbecause	4104	 because	3	distilbert/distilgpt2	distilbert/distilgpt2	False	0.0028514647856354713	8.454080581665039
Ġhe	4104	 he	4	distilbert/distilgpt2	distilbert/distilgpt2	False	0.4453062117099762	1.1671303510665894
Mary	4105	Mary	0	distilbert/distilgpt2	distilbert/distilgpt2	False	1.0	0.0
Ġshocked	4105	 shocked	1	distilbert/distilgpt2	distilbert/distilgpt2	False	5.540271885706716e-08	24.10546875
ĠSarah	4105	 Sarah	2	distilbert/distilgpt2	distilbert/distilgpt2	False	6.86291023157537e-05	13.830820083618164
Ġbecause	4105	 because	3	distilbert/distilgpt2	distilbert/distilgpt2	False	0.003843760583549738	8.023265838623047
Ġshe	4105	 she	4	distilbert/distilgpt2	distilbert/distilgpt2	False	0.5182352066040039	0.9483211040496826
John	4106	John	0	distilbert/distilgpt2	distilbert/distilgpt2	False	1.0	0.0
Ġshocked	4106	 shocked	1	distilbert/distilgpt2	distilbert/distilgpt2	False	4.386169294434694e-08	24.442462921142578
ĠSarah	4106	 Sarah	2	distilbert/distilgpt2	distilbert/distilgpt2	False	5.350556966732256e-05	14.189950942993164
Ġbecause	4106	 because	3	distilbert/distilgpt2	distilbert/distilgpt2	False	0.0021460079587996006	8.864129066467285
Ġshe	4106	 she	4	distilbert/distilgpt2	distilbert/distilgpt2	False	0.49536216259002686	1.013444423675537
Mary	4107	Mary	0	distilbert/distilgpt2	distilbert/distilgpt2	False	1.0	0.0
Ġshocked	4107	 shocked	1	distilbert/distilgpt2	distilbert/distilgpt2	False	5.540271885706716e-08	24.10546875
ĠSarah	4107	 Sarah	2	distilbert/distilgpt2	distilbert/distilgpt2	False	6.86291023157537e-05	13.830820083618164
Ġbecause	4107	 because	3	distilbert/distilgpt2	distilbert/distilgpt2	False	0.003843760583549738	8.023265838623047
Ġshe	4107	 she	4	distilbert/distilgpt2	distilbert/distilgpt2	False	0.5182352066040039	0.9483211040496826
David	4108	David	0	distilbert/distilgpt2	distilbert/distilgpt2	False	1.0	0.0
Ġshocked	4108	 shocked	1	distilbert/distilgpt2	distilbert/distilgpt2	False	5.164485017417064e-08	24.20680046081543
ĠSarah	4108	 Sarah	2	distilbert/distilgpt2	distilbert/distilgpt2	False	4.426209125085734e-05	14.463568687438965
Ġbecause	4108	 because	3	distilbert/distilgpt2	distilbert/distilgpt2	False	0.0009269693400710821	10.075190544128418
Ġshe	4108	 she	4	distilbert/distilgpt2	distilbert/distilgpt2	False	0.4867836534976959	1.0386474132537842
Sarah	4109	Sarah	0	distilbert/distilgpt2	distilbert/distilgpt2	False	1.0	0.0
Ġshocked	4109	 shocked	1	distilbert/distilgpt2	distilbert/distilgpt2	False	4.395272412693885e-08	24.439472198486328
ĠMary	4109	 Mary	2	distilbert/distilgpt2	distilbert/distilgpt2	False	0.00017519289394840598	12.478768348693848
Ġbecause	4109	 because	3	distilbert/distilgpt2	distilbert/distilgpt2	False	0.001971805701032281	8.98626708984375
Ġshe	4109	 she	4	distilbert/distilgpt2	distilbert/distilgpt2	False	0.4479912221431732	1.158457636833191
John	4110	John	0	distilbert/distilgpt2	distilbert/distilgpt2	False	1.0	0.0
Ġshocked	4110	 shocked	1	distilbert/distilgpt2	distilbert/distilgpt2	False	4.386169294434694e-08	24.442462921142578
ĠMary	4110	 Mary	2	distilbert/distilgpt2	distilbert/distilgpt2	False	0.00011248374357819557	13.117996215820312
Ġbecause	4110	 because	3	distilbert/distilgpt2	distilbert/distilgpt2	False	0.0023187773767858744	8.752420425415039
Ġshe	4110	 she	4	distilbert/distilgpt2	distilbert/distilgpt2	False	0.44983431696891785	1.1525343656539917
Sarah	4111	Sarah	0	distilbert/distilgpt2	distilbert/distilgpt2	False	1.0	0.0
Ġshocked	4111	 shocked	1	distilbert/distilgpt2	distilbert/distilgpt2	False	4.395272412693885e-08	24.439472198486328
ĠMary	4111	 Mary	2	distilbert/distilgpt2	distilbert/distilgpt2	False	0.00017519289394840598	12.478768348693848
Ġbecause	4111	 because	3	distilbert/distilgpt2	distilbert/distilgpt2	False	0.001971805701032281	8.98626708984375
Ġshe	4111	 she	4	distilbert/distilgpt2	distilbert/distilgpt2	False	0.4479912221431732	1.158457636833191
David	4112	David	0	distilbert/distilgpt2	distilbert/distilgpt2	False	1.0	0.0
Ġshocked	4112	 shocked	1	distilbert/distilgpt2	distilbert/distilgpt2	False	5.164485017417064e-08	24.20680046081543
ĠMary	4112	 Mary	2	distilbert/distilgpt2	distilbert/distilgpt2	False	9.889105422189459e-05	13.303800582885742
Ġbecause	4112	 because	3	distilbert/distilgpt2	distilbert/distilgpt2	False	0.0011714296415448189	9.737513542175293
Ġshe	4112	 she	4	distilbert/distilgpt2	distilbert/distilgpt2	False	0.4393215477466583	1.1866508722305298
John	4113	John	0	distilbert/distilgpt2	distilbert/distilgpt2	False	1.0	0.0
Ġshook	4113	 shook	1	distilbert/distilgpt2	distilbert/distilgpt2	False	1.538588776384131e-07	22.63188934326172
ĠDavid	4113	 David	2	distilbert/distilgpt2	distilbert/distilgpt2	False	0.0004351164971012622	11.16631031036377
Ġbecause	4113	 because	3	distilbert/distilgpt2	distilbert/distilgpt2	False	0.0003779442049562931	11.369539260864258
Ġhe	4113	 he	4	distilbert/distilgpt2	distilbert/distilgpt2	False	0.41789042949676514	1.258803367614746
Mary	4114	Mary	0	distilbert/distilgpt2	distilbert/distilgpt2	False	1.0	0.0
Ġshook	4114	 shook	1	distilbert/distilgpt2	distilbert/distilgpt2	False	1.4050553431843582e-07	22.762868881225586
ĠDavid	4114	 David	2	distilbert/distilgpt2	distilbert/distilgpt2	False	0.0003223357198294252	11.599148750305176
Ġbecause	4114	 because	3	distilbert/distilgpt2	distilbert/distilgpt2	False	0.0005485306610353291	10.83213996887207
Ġhe	4114	 he	4	distilbert/distilgpt2	distilbert/distilgpt2	False	0.4218374788761139	1.2452408075332642
John	4115	John	0	distilbert/distilgpt2	distilbert/distilgpt2	False	1.0	0.0
Ġshook	4115	 shook	1	distilbert/distilgpt2	distilbert/distilgpt2	False	1.538588776384131e-07	22.63188934326172
ĠDavid	4115	 David	2	distilbert/distilgpt2	distilbert/distilgpt2	False	0.0004351164971012622	11.16631031036377
Ġbecause	4115	 because	3	distilbert/distilgpt2	distilbert/distilgpt2	False	0.0003779442049562931	11.369539260864258
Ġhe	4115	 he	4	distilbert/distilgpt2	distilbert/distilgpt2	False	0.41789042949676514	1.258803367614746
Sarah	4116	Sarah	0	distilbert/distilgpt2	distilbert/distilgpt2	False	1.0	0.0
Ġshook	4116	 shook	1	distilbert/distilgpt2	distilbert/distilgpt2	False	1.5915897222384956e-07	22.58302879333496
ĠDavid	4116	 David	2	distilbert/distilgpt2	distilbert/distilgpt2	False	0.0003978497115895152	11.295489311218262
Ġbecause	4116	 because	3	distilbert/distilgpt2	distilbert/distilgpt2	False	0.0005777714541181922	10.757213592529297
Ġhe	4116	 he	4	distilbert/distilgpt2	distilbert/distilgpt2	False	0.4232465922832489	1.2404296398162842
David	4117	David	0	distilbert/distilgpt2	distilbert/distilgpt2	False	1.0	0.0
Ġshook	4117	 shook	1	distilbert/distilgpt2	distilbert/distilgpt2	False	1.7037626776073012e-07	22.484771728515625
ĠJohn	4117	 John	2	distilbert/distilgpt2	distilbert/distilgpt2	False	0.000397710275137797	11.295994758605957
Ġbecause	4117	 because	3	distilbert/distilgpt2	distilbert/distilgpt2	False	0.0010446117958053946	9.902817726135254
Ġhe	4117	 he	4	distilbert/distilgpt2	distilbert/distilgpt2	False	0.41189923882484436	1.2796366214752197
Mary	4118	Mary	0	distilbert/distilgpt2	distilbert/distilgpt2	False	1.0	0.0
Ġshook	4118	 shook	1	distilbert/distilgpt2	distilbert/distilgpt2	False	1.4050553431843582e-07	22.762868881225586
ĠJohn	4118	 John	2	distilbert/distilgpt2	distilbert/distilgpt2	False	0.00032398762414231896	11.591773986816406
Ġbecause	4118	 because	3	distilbert/distilgpt2	distilbert/distilgpt2	False	0.0016728921327739954	9.223440170288086
Ġhe	4118	 he	4	distilbert/distilgpt2	distilbert/distilgpt2	False	0.4335610270500183	1.205693006515503
David	4119	David	0	distilbert/distilgpt2	distilbert/distilgpt2	False	1.0	0.0
Ġshook	4119	 shook	1	distilbert/distilgpt2	distilbert/distilgpt2	False	1.7037626776073012e-07	22.484771728515625
ĠJohn	4119	 John	2	distilbert/distilgpt2	distilbert/distilgpt2	False	0.000397710275137797	11.295994758605957
Ġbecause	4119	 because	3	distilbert/distilgpt2	distilbert/distilgpt2	False	0.0010446117958053946	9.902817726135254
Ġhe	4119	 he	4	distilbert/distilgpt2	distilbert/distilgpt2	False	0.41189923882484436	1.2796366214752197
Sarah	4120	Sarah	0	distilbert/distilgpt2	distilbert/distilgpt2	False	1.0	0.0
Ġshook	4120	 shook	1	distilbert/distilgpt2	distilbert/distilgpt2	False	1.5915897222384956e-07	22.58302879333496
ĠJohn	4120	 John	2	distilbert/distilgpt2	distilbert/distilgpt2	False	0.0002763361553661525	11.821288108825684
Ġbecause	4120	 because	3	distilbert/distilgpt2	distilbert/distilgpt2	False	0.002564947120845318	8.606855392456055
Ġhe	4120	 he	4	distilbert/distilgpt2	distilbert/distilgpt2	False	0.42145559191703796	1.2465474605560303
Mary	4121	Mary	0	distilbert/distilgpt2	distilbert/distilgpt2	False	1.0	0.0
Ġshook	4121	 shook	1	distilbert/distilgpt2	distilbert/distilgpt2	False	1.4050553431843582e-07	22.762868881225586
ĠSarah	4121	 Sarah	2	distilbert/distilgpt2	distilbert/distilgpt2	False	4.288224954507314e-05	14.509260177612305
Ġbecause	4121	 because	3	distilbert/distilgpt2	distilbert/distilgpt2	False	0.002079954370856285	8.909232139587402
Ġshe	4121	 she	4	distilbert/distilgpt2	distilbert/distilgpt2	False	0.47194039821624756	1.0833234786987305
John	4122	John	0	distilbert/distilgpt2	distilbert/distilgpt2	False	1.0	0.0
Ġshook	4122	 shook	1	distilbert/distilgpt2	distilbert/distilgpt2	False	1.538588776384131e-07	22.63188934326172
ĠSarah	4122	 Sarah	2	distilbert/distilgpt2	distilbert/distilgpt2	False	3.993979044025764e-05	14.61181354522705
Ġbecause	4122	 because	3	distilbert/distilgpt2	distilbert/distilgpt2	False	0.001882305252365768	9.05328369140625
Ġshe	4122	 she	4	distilbert/distilgpt2	distilbert/distilgpt2	False	0.4404473304748535	1.1829586029052734
Mary	4123	Mary	0	distilbert/distilgpt2	distilbert/distilgpt2	False	1.0	0.0
Ġshook	4123	 shook	1	distilbert/distilgpt2	distilbert/distilgpt2	False	1.4050553431843582e-07	22.762868881225586
ĠSarah	4123	 Sarah	2	distilbert/distilgpt2	distilbert/distilgpt2	False	4.288224954507314e-05	14.509260177612305
Ġbecause	4123	 because	3	distilbert/distilgpt2	distilbert/distilgpt2	False	0.002079954370856285	8.909232139587402
Ġshe	4123	 she	4	distilbert/distilgpt2	distilbert/distilgpt2	False	0.47194039821624756	1.0833234786987305
David	4124	David	0	distilbert/distilgpt2	distilbert/distilgpt2	False	1.0	0.0
Ġshook	4124	 shook	1	distilbert/distilgpt2	distilbert/distilgpt2	False	1.7037626776073012e-07	22.484771728515625
ĠSarah	4124	 Sarah	2	distilbert/distilgpt2	distilbert/distilgpt2	False	3.3070948120439425e-05	14.884076118469238
Ġbecause	4124	 because	3	distilbert/distilgpt2	distilbert/distilgpt2	False	0.0012753744376823306	9.614863395690918
Ġshe	4124	 she	4	distilbert/distilgpt2	distilbert/distilgpt2	False	0.4310900568962097	1.21393883228302
Sarah	4125	Sarah	0	distilbert/distilgpt2	distilbert/distilgpt2	False	1.0	0.0
Ġshook	4125	 shook	1	distilbert/distilgpt2	distilbert/distilgpt2	False	1.5915897222384956e-07	22.58302879333496
ĠMary	4125	 Mary	2	distilbert/distilgpt2	distilbert/distilgpt2	False	8.9448039943818e-05	13.448590278625488
Ġbecause	4125	 because	3	distilbert/distilgpt2	distilbert/distilgpt2	False	0.000973929010797292	10.00389575958252
Ġshe	4125	 she	4	distilbert/distilgpt2	distilbert/distilgpt2	False	0.3846648931503296	1.3783259391784668
John	4126	John	0	distilbert/distilgpt2	distilbert/distilgpt2	False	1.0	0.0
Ġshook	4126	 shook	1	distilbert/distilgpt2	distilbert/distilgpt2	False	1.538588776384131e-07	22.63188934326172
ĠMary	4126	 Mary	2	distilbert/distilgpt2	distilbert/distilgpt2	False	9.918280557030812e-05	13.29955005645752
Ġbecause	4126	 because	3	distilbert/distilgpt2	distilbert/distilgpt2	False	0.0009951262036338449	9.972832679748535
Ġshe	4126	 she	4	distilbert/distilgpt2	distilbert/distilgpt2	False	0.3704043924808502	1.4328268766403198
Sarah	4127	Sarah	0	distilbert/distilgpt2	distilbert/distilgpt2	False	1.0	0.0
Ġshook	4127	 shook	1	distilbert/distilgpt2	distilbert/distilgpt2	False	1.5915897222384956e-07	22.58302879333496
ĠMary	4127	 Mary	2	distilbert/distilgpt2	distilbert/distilgpt2	False	8.9448039943818e-05	13.448590278625488
Ġbecause	4127	 because	3	distilbert/distilgpt2	distilbert/distilgpt2	False	0.000973929010797292	10.00389575958252
Ġshe	4127	 she	4	distilbert/distilgpt2	distilbert/distilgpt2	False	0.3846648931503296	1.3783259391784668
David	4128	David	0	distilbert/distilgpt2	distilbert/distilgpt2	False	1.0	0.0
Ġshook	4128	 shook	1	distilbert/distilgpt2	distilbert/distilgpt2	False	1.7037626776073012e-07	22.484771728515625
ĠMary	4128	 Mary	2	distilbert/distilgpt2	distilbert/distilgpt2	False	9.775571379577741e-05	13.320459365844727
Ġbecause	4128	 because	3	distilbert/distilgpt2	distilbert/distilgpt2	False	0.0006225199904292822	10.649592399597168
Ġshe	4128	 she	4	distilbert/distilgpt2	distilbert/distilgpt2	False	0.3693881332874298	1.4367905855178833
John	4129	John	0	distilbert/distilgpt2	distilbert/distilgpt2	False	1.0	0.0
Ġsick	4129	 sickened	1	distilbert/distilgpt2	distilbert/distilgpt2	False	7.609397130181605e-07	20.325714111328125
ened	4129	 sickened	1	distilbert/distilgpt2	distilbert/distilgpt2	False	0.03327338770031929	4.909487724304199
ĠDavid	4129	 David	2	distilbert/distilgpt2	distilbert/distilgpt2	False	0.00016522689838893712	12.563263893127441
Ġbecause	4129	 because	3	distilbert/distilgpt2	distilbert/distilgpt2	False	0.0006674646865576506	10.549020767211914
Ġhe	4129	 he	4	distilbert/distilgpt2	distilbert/distilgpt2	False	0.4632420539855957	1.1101619005203247
Mary	4130	Mary	0	distilbert/distilgpt2	distilbert/distilgpt2	False	1.0	0.0
Ġsick	4130	 sickened	1	distilbert/distilgpt2	distilbert/distilgpt2	False	8.143481409206288e-07	20.22784996032715
ened	4130	 sickened	1	distilbert/distilgpt2	distilbert/distilgpt2	False	0.04231869429349899	4.56256103515625
ĠDavid	4130	 David	2	distilbert/distilgpt2	distilbert/distilgpt2	False	8.916766091715544e-05	13.453120231628418
Ġbecause	4130	 because	3	distilbert/distilgpt2	distilbert/distilgpt2	False	0.000875225116033107	10.158058166503906
Ġhe	4130	 he	4	distilbert/distilgpt2	distilbert/distilgpt2	False	0.46745356917381287	1.0971050262451172
John	4131	John	0	distilbert/distilgpt2	distilbert/distilgpt2	False	1.0	0.0
Ġsick	4131	 sickened	1	distilbert/distilgpt2	distilbert/distilgpt2	False	7.609397130181605e-07	20.325714111328125
ened	4131	 sickened	1	distilbert/distilgpt2	distilbert/distilgpt2	False	0.03327338770031929	4.909487724304199
ĠDavid	4131	 David	2	distilbert/distilgpt2	distilbert/distilgpt2	False	0.00016522689838893712	12.563263893127441
Ġbecause	4131	 because	3	distilbert/distilgpt2	distilbert/distilgpt2	False	0.0006674646865576506	10.549020767211914
Ġhe	4131	 he	4	distilbert/distilgpt2	distilbert/distilgpt2	False	0.4632420539855957	1.1101619005203247
Sarah	4132	Sarah	0	distilbert/distilgpt2	distilbert/distilgpt2	False	1.0	0.0
Ġsick	4132	 sickened	1	distilbert/distilgpt2	distilbert/distilgpt2	False	7.527582965849433e-07	20.341310501098633
ened	4132	 sickened	1	distilbert/distilgpt2	distilbert/distilgpt2	False	0.042811330407857895	4.545863628387451
ĠDavid	4132	 David	2	distilbert/distilgpt2	distilbert/distilgpt2	False	0.00011810959404101595	13.047586441040039
Ġbecause	4132	 because	3	distilbert/distilgpt2	distilbert/distilgpt2	False	0.0004931800067424774	10.98559856414795
Ġhe	4132	 he	4	distilbert/distilgpt2	distilbert/distilgpt2	False	0.47794464230537415	1.0650845766067505
David	4133	David	0	distilbert/distilgpt2	distilbert/distilgpt2	False	1.0	0.0
Ġsick	4133	 sickened	1	distilbert/distilgpt2	distilbert/distilgpt2	False	6.49176968181564e-07	20.55488395690918
ened	4133	 sickened	1	distilbert/distilgpt2	distilbert/distilgpt2	False	0.05857919529080391	4.093467712402344
ĠJohn	4133	 John	2	distilbert/distilgpt2	distilbert/distilgpt2	False	0.00028883738559670746	11.757454872131348
Ġbecause	4133	 because	3	distilbert/distilgpt2	distilbert/distilgpt2	False	0.0009669836144894361	10.01422119140625
Ġhe	4133	 he	4	distilbert/distilgpt2	distilbert/distilgpt2	False	0.43943190574645996	1.1862884759902954
Mary	4134	Mary	0	distilbert/distilgpt2	distilbert/distilgpt2	False	1.0	0.0
Ġsick	4134	 sickened	1	distilbert/distilgpt2	distilbert/distilgpt2	False	8.143481409206288e-07	20.22784996032715
ened	4134	 sickened	1	distilbert/distilgpt2	distilbert/distilgpt2	False	0.04231869429349899	4.56256103515625
ĠJohn	4134	 John	2	distilbert/distilgpt2	distilbert/distilgpt2	False	0.00016417780716437846	12.572453498840332
Ġbecause	4134	 because	3	distilbert/distilgpt2	distilbert/distilgpt2	False	0.0011103081051260233	9.814824104309082
Ġhe	4134	 he	4	distilbert/distilgpt2	distilbert/distilgpt2	False	0.4583790600299835	1.1253869533538818
David	4135	David	0	distilbert/distilgpt2	distilbert/distilgpt2	False	1.0	0.0
Ġsick	4135	 sickened	1	distilbert/distilgpt2	distilbert/distilgpt2	False	6.49176968181564e-07	20.55488395690918
ened	4135	 sickened	1	distilbert/distilgpt2	distilbert/distilgpt2	False	0.05857919529080391	4.093467712402344
ĠJohn	4135	 John	2	distilbert/distilgpt2	distilbert/distilgpt2	False	0.00028883738559670746	11.757454872131348
Ġbecause	4135	 because	3	distilbert/distilgpt2	distilbert/distilgpt2	False	0.0009669836144894361	10.01422119140625
Ġhe	4135	 he	4	distilbert/distilgpt2	distilbert/distilgpt2	False	0.43943190574645996	1.1862884759902954
Sarah	4136	Sarah	0	distilbert/distilgpt2	distilbert/distilgpt2	False	1.0	0.0
Ġsick	4136	 sickened	1	distilbert/distilgpt2	distilbert/distilgpt2	False	7.527582965849433e-07	20.341310501098633
ened	4136	 sickened	1	distilbert/distilgpt2	distilbert/distilgpt2	False	0.042811330407857895	4.545863628387451
ĠJohn	4136	 John	2	distilbert/distilgpt2	distilbert/distilgpt2	False	0.0001807694643503055	12.433561325073242
Ġbecause	4136	 because	3	distilbert/distilgpt2	distilbert/distilgpt2	False	0.001475192722864449	9.40488052368164
Ġhe	4136	 he	4	distilbert/distilgpt2	distilbert/distilgpt2	False	0.4427608549594879	1.1754004955291748
Mary	4137	Mary	0	distilbert/distilgpt2	distilbert/distilgpt2	False	1.0	0.0
Ġsick	4137	 sickened	1	distilbert/distilgpt2	distilbert/distilgpt2	False	8.143481409206288e-07	20.22784996032715
ened	4137	 sickened	1	distilbert/distilgpt2	distilbert/distilgpt2	False	0.04231869429349899	4.56256103515625
ĠSarah	4137	 Sarah	2	distilbert/distilgpt2	distilbert/distilgpt2	False	3.351366103743203e-05	14.864891052246094
Ġbecause	4137	 because	3	distilbert/distilgpt2	distilbert/distilgpt2	False	0.002139890333637595	8.868247985839844
Ġshe	4137	 she	4	distilbert/distilgpt2	distilbert/distilgpt2	False	0.48353999853134155	1.048292875289917
John	4138	John	0	distilbert/distilgpt2	distilbert/distilgpt2	False	1.0	0.0
Ġsick	4138	 sickened	1	distilbert/distilgpt2	distilbert/distilgpt2	False	7.609397130181605e-07	20.325714111328125
ened	4138	 sickened	1	distilbert/distilgpt2	distilbert/distilgpt2	False	0.03327338770031929	4.909487724304199
ĠSarah	4138	 Sarah	2	distilbert/distilgpt2	distilbert/distilgpt2	False	4.642021667677909e-05	14.39488697052002
Ġbecause	4138	 because	3	distilbert/distilgpt2	distilbert/distilgpt2	False	0.0016874548746272922	9.210935592651367
Ġshe	4138	 she	4	distilbert/distilgpt2	distilbert/distilgpt2	False	0.4535132050514221	1.1407835483551025
Mary	4139	Mary	0	distilbert/distilgpt2	distilbert/distilgpt2	False	1.0	0.0
Ġsick	4139	 sickened	1	distilbert/distilgpt2	distilbert/distilgpt2	False	8.143481409206288e-07	20.22784996032715
ened	4139	 sickened	1	distilbert/distilgpt2	distilbert/distilgpt2	False	0.04231869429349899	4.56256103515625
ĠSarah	4139	 Sarah	2	distilbert/distilgpt2	distilbert/distilgpt2	False	3.351366103743203e-05	14.864891052246094
Ġbecause	4139	 because	3	distilbert/distilgpt2	distilbert/distilgpt2	False	0.002139890333637595	8.868247985839844
Ġshe	4139	 she	4	distilbert/distilgpt2	distilbert/distilgpt2	False	0.48353999853134155	1.048292875289917
David	4140	David	0	distilbert/distilgpt2	distilbert/distilgpt2	False	1.0	0.0
Ġsick	4140	 sickened	1	distilbert/distilgpt2	distilbert/distilgpt2	False	6.49176968181564e-07	20.55488395690918
ened	4140	 sickened	1	distilbert/distilgpt2	distilbert/distilgpt2	False	0.05857919529080391	4.093467712402344
ĠSarah	4140	 Sarah	2	distilbert/distilgpt2	distilbert/distilgpt2	False	4.709621862275526e-05	14.374029159545898
Ġbecause	4140	 because	3	distilbert/distilgpt2	distilbert/distilgpt2	False	0.0010964097455143929	9.83299732208252
Ġshe	4140	 she	4	distilbert/distilgpt2	distilbert/distilgpt2	False	0.4487879276275635	1.1558942794799805
Sarah	4141	Sarah	0	distilbert/distilgpt2	distilbert/distilgpt2	False	1.0	0.0
Ġsick	4141	 sickened	1	distilbert/distilgpt2	distilbert/distilgpt2	False	7.527582965849433e-07	20.341310501098633
ened	4141	 sickened	1	distilbert/distilgpt2	distilbert/distilgpt2	False	0.042811330407857895	4.545863628387451
ĠMary	4141	 Mary	2	distilbert/distilgpt2	distilbert/distilgpt2	False	0.00010727246262831613	13.186432838439941
Ġbecause	4141	 because	3	distilbert/distilgpt2	distilbert/distilgpt2	False	0.0006797538371756673	10.522700309753418
Ġshe	4141	 she	4	distilbert/distilgpt2	distilbert/distilgpt2	False	0.4173130393028259	1.2607980966567993
John	4142	John	0	distilbert/distilgpt2	distilbert/distilgpt2	False	1.0	0.0
Ġsick	4142	 sickened	1	distilbert/distilgpt2	distilbert/distilgpt2	False	7.609397130181605e-07	20.325714111328125
ened	4142	 sickened	1	distilbert/distilgpt2	distilbert/distilgpt2	False	0.03327338770031929	4.909487724304199
ĠMary	4142	 Mary	2	distilbert/distilgpt2	distilbert/distilgpt2	False	0.00011590537178562954	13.0747652053833
Ġbecause	4142	 because	3	distilbert/distilgpt2	distilbert/distilgpt2	False	0.0012452033115550876	9.649402618408203
Ġshe	4142	 she	4	distilbert/distilgpt2	distilbert/distilgpt2	False	0.4179127812385559	1.2587262392044067
Sarah	4143	Sarah	0	distilbert/distilgpt2	distilbert/distilgpt2	False	1.0	0.0
Ġsick	4143	 sickened	1	distilbert/distilgpt2	distilbert/distilgpt2	False	7.527582965849433e-07	20.341310501098633
ened	4143	 sickened	1	distilbert/distilgpt2	distilbert/distilgpt2	False	0.042811330407857895	4.545863628387451
ĠMary	4143	 Mary	2	distilbert/distilgpt2	distilbert/distilgpt2	False	0.00010727246262831613	13.186432838439941
Ġbecause	4143	 because	3	distilbert/distilgpt2	distilbert/distilgpt2	False	0.0006797538371756673	10.522700309753418
Ġshe	4143	 she	4	distilbert/distilgpt2	distilbert/distilgpt2	False	0.4173130393028259	1.2607980966567993
David	4144	David	0	distilbert/distilgpt2	distilbert/distilgpt2	False	1.0	0.0
Ġsick	4144	 sickened	1	distilbert/distilgpt2	distilbert/distilgpt2	False	6.49176968181564e-07	20.55488395690918
ened	4144	 sickened	1	distilbert/distilgpt2	distilbert/distilgpt2	False	0.05857919529080391	4.093467712402344
ĠMary	4144	 Mary	2	distilbert/distilgpt2	distilbert/distilgpt2	False	0.00011412017920520157	13.097158432006836
Ġbecause	4144	 because	3	distilbert/distilgpt2	distilbert/distilgpt2	False	0.000706703111063689	10.466608047485352
Ġshe	4144	 she	4	distilbert/distilgpt2	distilbert/distilgpt2	False	0.41169312596321106	1.2803587913513184
John	4145	John	0	distilbert/distilgpt2	distilbert/distilgpt2	False	1.0	0.0
Ġsl	4145	 slandered	1	distilbert/distilgpt2	distilbert/distilgpt2	False	1.6210684634643258e-06	19.234622955322266
and	4145	 slandered	1	distilbert/distilgpt2	distilbert/distilgpt2	False	0.004996763542294502	7.6447906494140625
ered	4145	 slandered	1	distilbert/distilgpt2	distilbert/distilgpt2	False	0.8698210716247559	0.20120933651924133
ĠDavid	4145	 David	2	distilbert/distilgpt2	distilbert/distilgpt2	False	0.00015837460523471236	12.624371528625488
Ġbecause	4145	 because	3	distilbert/distilgpt2	distilbert/distilgpt2	False	0.00039955120882950723	11.289332389831543
Ġhe	4145	 he	4	distilbert/distilgpt2	distilbert/distilgpt2	False	0.47185447812080383	1.0835860967636108
Mary	4146	Mary	0	distilbert/distilgpt2	distilbert/distilgpt2	False	1.0	0.0
Ġsl	4146	 slandered	1	distilbert/distilgpt2	distilbert/distilgpt2	False	1.9513747702148976e-06	18.967077255249023
and	4146	 slandered	1	distilbert/distilgpt2	distilbert/distilgpt2	False	0.004841458518058062	7.690342426300049
ered	4146	 slandered	1	distilbert/distilgpt2	distilbert/distilgpt2	False	0.6910871267318726	0.5330604910850525
ĠDavid	4146	 David	2	distilbert/distilgpt2	distilbert/distilgpt2	False	6.941708852536976e-05	13.814349174499512
Ġbecause	4146	 because	3	distilbert/distilgpt2	distilbert/distilgpt2	False	0.0006983698694966733	10.483720779418945
Ġhe	4146	 he	4	distilbert/distilgpt2	distilbert/distilgpt2	False	0.4665977358818054	1.0997488498687744
John	4147	John	0	distilbert/distilgpt2	distilbert/distilgpt2	False	1.0	0.0
Ġsl	4147	 slandered	1	distilbert/distilgpt2	distilbert/distilgpt2	False	1.6210684634643258e-06	19.234622955322266
and	4147	 slandered	1	distilbert/distilgpt2	distilbert/distilgpt2	False	0.004996763542294502	7.6447906494140625
ered	4147	 slandered	1	distilbert/distilgpt2	distilbert/distilgpt2	False	0.8698210716247559	0.20120933651924133
ĠDavid	4147	 David	2	distilbert/distilgpt2	distilbert/distilgpt2	False	0.00015837460523471236	12.624371528625488
Ġbecause	4147	 because	3	distilbert/distilgpt2	distilbert/distilgpt2	False	0.00039955120882950723	11.289332389831543
Ġhe	4147	 he	4	distilbert/distilgpt2	distilbert/distilgpt2	False	0.47185447812080383	1.0835860967636108
Sarah	4148	Sarah	0	distilbert/distilgpt2	distilbert/distilgpt2	False	1.0	0.0
Ġsl	4148	 slandered	1	distilbert/distilgpt2	distilbert/distilgpt2	False	1.8910629933088785e-06	19.012371063232422
and	4148	 slandered	1	distilbert/distilgpt2	distilbert/distilgpt2	False	0.004524420015513897	7.788051128387451
ered	4148	 slandered	1	distilbert/distilgpt2	distilbert/distilgpt2	False	0.8735769391059875	0.19499334692955017
ĠDavid	4148	 David	2	distilbert/distilgpt2	distilbert/distilgpt2	False	9.407882316736504e-05	13.375770568847656
Ġbecause	4148	 because	3	distilbert/distilgpt2	distilbert/distilgpt2	False	0.00039076898247003555	11.321396827697754
Ġhe	4148	 he	4	distilbert/distilgpt2	distilbert/distilgpt2	False	0.4713851809501648	1.085021734237671
David	4149	David	0	distilbert/distilgpt2	distilbert/distilgpt2	False	1.0	0.0
Ġsl	4149	 slandered	1	distilbert/distilgpt2	distilbert/distilgpt2	False	1.8631764078236301e-06	19.033803939819336
and	4149	 slandered	1	distilbert/distilgpt2	distilbert/distilgpt2	False	0.005096897017210722	7.6161651611328125
ered	4149	 slandered	1	distilbert/distilgpt2	distilbert/distilgpt2	False	0.8804855346679688	0.18362870812416077
ĠJohn	4149	 John	2	distilbert/distilgpt2	distilbert/distilgpt2	False	0.0002631266543176025	11.891955375671387
Ġbecause	4149	 because	3	distilbert/distilgpt2	distilbert/distilgpt2	False	0.0006011902005411685	10.699891090393066
Ġhe	4149	 he	4	distilbert/distilgpt2	distilbert/distilgpt2	False	0.4509226977825165	1.1490479707717896
Mary	4150	Mary	0	distilbert/distilgpt2	distilbert/distilgpt2	False	1.0	0.0
Ġsl	4150	 slandered	1	distilbert/distilgpt2	distilbert/distilgpt2	False	1.9513747702148976e-06	18.967077255249023
and	4150	 slandered	1	distilbert/distilgpt2	distilbert/distilgpt2	False	0.004841458518058062	7.690342426300049
ered	4150	 slandered	1	distilbert/distilgpt2	distilbert/distilgpt2	False	0.6910871267318726	0.5330604910850525
ĠJohn	4150	 John	2	distilbert/distilgpt2	distilbert/distilgpt2	False	0.00014101169654168189	12.791897773742676
Ġbecause	4150	 because	3	distilbert/distilgpt2	distilbert/distilgpt2	False	0.0011797951301559806	9.727248191833496
Ġhe	4150	 he	4	distilbert/distilgpt2	distilbert/distilgpt2	False	0.4745185971260071	1.0754635334014893
David	4151	David	0	distilbert/distilgpt2	distilbert/distilgpt2	False	1.0	0.0
Ġsl	4151	 slandered	1	distilbert/distilgpt2	distilbert/distilgpt2	False	1.8631764078236301e-06	19.033803939819336
and	4151	 slandered	1	distilbert/distilgpt2	distilbert/distilgpt2	False	0.005096897017210722	7.6161651611328125
ered	4151	 slandered	1	distilbert/distilgpt2	distilbert/distilgpt2	False	0.8804855346679688	0.18362870812416077
ĠJohn	4151	 John	2	distilbert/distilgpt2	distilbert/distilgpt2	False	0.0002631266543176025	11.891955375671387
Ġbecause	4151	 because	3	distilbert/distilgpt2	distilbert/distilgpt2	False	0.0006011902005411685	10.699891090393066
Ġhe	4151	 he	4	distilbert/distilgpt2	distilbert/distilgpt2	False	0.4509226977825165	1.1490479707717896
Sarah	4152	Sarah	0	distilbert/distilgpt2	distilbert/distilgpt2	False	1.0	0.0
Ġsl	4152	 slandered	1	distilbert/distilgpt2	distilbert/distilgpt2	False	1.8910629933088785e-06	19.012371063232422
and	4152	 slandered	1	distilbert/distilgpt2	distilbert/distilgpt2	False	0.004524420015513897	7.788051128387451
ered	4152	 slandered	1	distilbert/distilgpt2	distilbert/distilgpt2	False	0.8735769391059875	0.19499334692955017
ĠJohn	4152	 John	2	distilbert/distilgpt2	distilbert/distilgpt2	False	0.00015437780530191958	12.661247253417969
Ġbecause	4152	 because	3	distilbert/distilgpt2	distilbert/distilgpt2	False	0.0015959826996549964	9.291338920593262
Ġhe	4152	 he	4	distilbert/distilgpt2	distilbert/distilgpt2	False	0.4612713158130646	1.1163125038146973
Mary	4153	Mary	0	distilbert/distilgpt2	distilbert/distilgpt2	False	1.0	0.0
Ġsl	4153	 slandered	1	distilbert/distilgpt2	distilbert/distilgpt2	False	1.9513747702148976e-06	18.967077255249023
and	4153	 slandered	1	distilbert/distilgpt2	distilbert/distilgpt2	False	0.004841458518058062	7.690342426300049
ered	4153	 slandered	1	distilbert/distilgpt2	distilbert/distilgpt2	False	0.6910871267318726	0.5330604910850525
ĠSarah	4153	 Sarah	2	distilbert/distilgpt2	distilbert/distilgpt2	False	5.523530126083642e-05	14.144049644470215
Ġbecause	4153	 because	3	distilbert/distilgpt2	distilbert/distilgpt2	False	0.0024715999606996775	8.66033935546875
Ġshe	4153	 she	4	distilbert/distilgpt2	distilbert/distilgpt2	False	0.5360448956489563	0.8995742797851562
John	4154	John	0	distilbert/distilgpt2	distilbert/distilgpt2	False	1.0	0.0
Ġsl	4154	 slandered	1	distilbert/distilgpt2	distilbert/distilgpt2	False	1.6210684634643258e-06	19.234622955322266
and	4154	 slandered	1	distilbert/distilgpt2	distilbert/distilgpt2	False	0.004996763542294502	7.6447906494140625
ered	4154	 slandered	1	distilbert/distilgpt2	distilbert/distilgpt2	False	0.8698210716247559	0.20120933651924133
ĠSarah	4154	 Sarah	2	distilbert/distilgpt2	distilbert/distilgpt2	False	7.915117748780176e-05	13.625029563903809
Ġbecause	4154	 because	3	distilbert/distilgpt2	distilbert/distilgpt2	False	0.002007084898650646	8.96068286895752
Ġshe	4154	 she	4	distilbert/distilgpt2	distilbert/distilgpt2	False	0.5009636878967285	0.9972222447395325
Mary	4155	Mary	0	distilbert/distilgpt2	distilbert/distilgpt2	False	1.0	0.0
Ġsl	4155	 slandered	1	distilbert/distilgpt2	distilbert/distilgpt2	False	1.9513747702148976e-06	18.967077255249023
and	4155	 slandered	1	distilbert/distilgpt2	distilbert/distilgpt2	False	0.004841458518058062	7.690342426300049
ered	4155	 slandered	1	distilbert/distilgpt2	distilbert/distilgpt2	False	0.6910871267318726	0.5330604910850525
ĠSarah	4155	 Sarah	2	distilbert/distilgpt2	distilbert/distilgpt2	False	5.523530126083642e-05	14.144049644470215
Ġbecause	4155	 because	3	distilbert/distilgpt2	distilbert/distilgpt2	False	0.0024715999606996775	8.66033935546875
Ġshe	4155	 she	4	distilbert/distilgpt2	distilbert/distilgpt2	False	0.5360448956489563	0.8995742797851562
David	4156	David	0	distilbert/distilgpt2	distilbert/distilgpt2	False	1.0	0.0
Ġsl	4156	 slandered	1	distilbert/distilgpt2	distilbert/distilgpt2	False	1.8631764078236301e-06	19.033803939819336
and	4156	 slandered	1	distilbert/distilgpt2	distilbert/distilgpt2	False	0.005096897017210722	7.6161651611328125
ered	4156	 slandered	1	distilbert/distilgpt2	distilbert/distilgpt2	False	0.8804855346679688	0.18362870812416077
ĠSarah	4156	 Sarah	2	distilbert/distilgpt2	distilbert/distilgpt2	False	6.357628444675356e-05	13.94115161895752
Ġbecause	4156	 because	3	distilbert/distilgpt2	distilbert/distilgpt2	False	0.0010635309154167771	9.876922607421875
Ġshe	4156	 she	4	distilbert/distilgpt2	distilbert/distilgpt2	False	0.5062198042869568	0.9821640849113464
Sarah	4157	Sarah	0	distilbert/distilgpt2	distilbert/distilgpt2	False	1.0	0.0
Ġsl	4157	 slandered	1	distilbert/distilgpt2	distilbert/distilgpt2	False	1.8910629933088785e-06	19.012371063232422
and	4157	 slandered	1	distilbert/distilgpt2	distilbert/distilgpt2	False	0.004524420015513897	7.788051128387451
ered	4157	 slandered	1	distilbert/distilgpt2	distilbert/distilgpt2	False	0.8735769391059875	0.19499334692955017
ĠMary	4157	 Mary	2	distilbert/distilgpt2	distilbert/distilgpt2	False	0.00013453363499138504	12.859745025634766
Ġbecause	4157	 because	3	distilbert/distilgpt2	distilbert/distilgpt2	False	0.0014133865479379892	9.466628074645996
Ġshe	4157	 she	4	distilbert/distilgpt2	distilbert/distilgpt2	False	0.5009729862213135	0.9971954226493835
John	4158	John	0	distilbert/distilgpt2	distilbert/distilgpt2	False	1.0	0.0
Ġsl	4158	 slandered	1	distilbert/distilgpt2	distilbert/distilgpt2	False	1.6210684634643258e-06	19.234622955322266
and	4158	 slandered	1	distilbert/distilgpt2	distilbert/distilgpt2	False	0.004996763542294502	7.6447906494140625
ered	4158	 slandered	1	distilbert/distilgpt2	distilbert/distilgpt2	False	0.8698210716247559	0.20120933651924133
ĠMary	4158	 Mary	2	distilbert/distilgpt2	distilbert/distilgpt2	False	0.00015781255206093192	12.629500389099121
Ġbecause	4158	 because	3	distilbert/distilgpt2	distilbert/distilgpt2	False	0.002489434089511633	8.6499662399292
Ġshe	4158	 she	4	distilbert/distilgpt2	distilbert/distilgpt2	False	0.4881429672241211	1.0346243381500244
Sarah	4159	Sarah	0	distilbert/distilgpt2	distilbert/distilgpt2	False	1.0	0.0
Ġsl	4159	 slandered	1	distilbert/distilgpt2	distilbert/distilgpt2	False	1.8910629933088785e-06	19.012371063232422
and	4159	 slandered	1	distilbert/distilgpt2	distilbert/distilgpt2	False	0.004524420015513897	7.788051128387451
ered	4159	 slandered	1	distilbert/distilgpt2	distilbert/distilgpt2	False	0.8735769391059875	0.19499334692955017
ĠMary	4159	 Mary	2	distilbert/distilgpt2	distilbert/distilgpt2	False	0.00013453363499138504	12.859745025634766
Ġbecause	4159	 because	3	distilbert/distilgpt2	distilbert/distilgpt2	False	0.0014133865479379892	9.466628074645996
Ġshe	4159	 she	4	distilbert/distilgpt2	distilbert/distilgpt2	False	0.5009729862213135	0.9971954226493835
David	4160	David	0	distilbert/distilgpt2	distilbert/distilgpt2	False	1.0	0.0
Ġsl	4160	 slandered	1	distilbert/distilgpt2	distilbert/distilgpt2	False	1.8631764078236301e-06	19.033803939819336
and	4160	 slandered	1	distilbert/distilgpt2	distilbert/distilgpt2	False	0.005096897017210722	7.6161651611328125
ered	4160	 slandered	1	distilbert/distilgpt2	distilbert/distilgpt2	False	0.8804855346679688	0.18362870812416077
ĠMary	4160	 Mary	2	distilbert/distilgpt2	distilbert/distilgpt2	False	0.00012666344991885126	12.946712493896484
Ġbecause	4160	 because	3	distilbert/distilgpt2	distilbert/distilgpt2	False	0.0010113049065694213	9.949566841125488
Ġshe	4160	 she	4	distilbert/distilgpt2	distilbert/distilgpt2	False	0.4921652674674988	1.0227853059768677
John	4161	John	0	distilbert/distilgpt2	distilbert/distilgpt2	False	1.0	0.0
Ġsn	4161	 snubbed	1	distilbert/distilgpt2	distilbert/distilgpt2	False	1.6800979665276827e-06	19.18302345275879
ub	4161	 snubbed	1	distilbert/distilgpt2	distilbert/distilgpt2	False	0.03166515380144119	4.980960369110107
bed	4161	 snubbed	1	distilbert/distilgpt2	distilbert/distilgpt2	False	0.7606646418571472	0.39466753602027893
ĠDavid	4161	 David	2	distilbert/distilgpt2	distilbert/distilgpt2	False	0.0011595716932788491	9.752192497253418
Ġbecause	4161	 because	3	distilbert/distilgpt2	distilbert/distilgpt2	False	0.00018583906057756394	12.393658638000488
Ġhe	4161	 he	4	distilbert/distilgpt2	distilbert/distilgpt2	False	0.4638034701347351	1.1084145307540894
Mary	4162	Mary	0	distilbert/distilgpt2	distilbert/distilgpt2	False	1.0	0.0
Ġsn	4162	 snubbed	1	distilbert/distilgpt2	distilbert/distilgpt2	False	1.6015239907574141e-06	19.25212287902832
ub	4162	 snubbed	1	distilbert/distilgpt2	distilbert/distilgpt2	False	0.021128924563527107	5.564636707305908
bed	4162	 snubbed	1	distilbert/distilgpt2	distilbert/distilgpt2	False	0.7673982381820679	0.3819526433944702
ĠDavid	4162	 David	2	distilbert/distilgpt2	distilbert/distilgpt2	False	0.0007184895221143961	10.442745208740234
Ġbecause	4162	 because	3	distilbert/distilgpt2	distilbert/distilgpt2	False	0.0007288831402547657	10.422024726867676
Ġhe	4162	 he	4	distilbert/distilgpt2	distilbert/distilgpt2	False	0.46314430236816406	1.1104663610458374
John	4163	John	0	distilbert/distilgpt2	distilbert/distilgpt2	False	1.0	0.0
Ġsn	4163	 snubbed	1	distilbert/distilgpt2	distilbert/distilgpt2	False	1.6800979665276827e-06	19.18302345275879
ub	4163	 snubbed	1	distilbert/distilgpt2	distilbert/distilgpt2	False	0.03166515380144119	4.980960369110107
bed	4163	 snubbed	1	distilbert/distilgpt2	distilbert/distilgpt2	False	0.7606646418571472	0.39466753602027893
ĠDavid	4163	 David	2	distilbert/distilgpt2	distilbert/distilgpt2	False	0.0011595716932788491	9.752192497253418
Ġbecause	4163	 because	3	distilbert/distilgpt2	distilbert/distilgpt2	False	0.00018583906057756394	12.393658638000488
Ġhe	4163	 he	4	distilbert/distilgpt2	distilbert/distilgpt2	False	0.4638034701347351	1.1084145307540894
Sarah	4164	Sarah	0	distilbert/distilgpt2	distilbert/distilgpt2	False	1.0	0.0
Ġsn	4164	 snubbed	1	distilbert/distilgpt2	distilbert/distilgpt2	False	1.7733341337589081e-06	19.105104446411133
ub	4164	 snubbed	1	distilbert/distilgpt2	distilbert/distilgpt2	False	0.019414400681853294	5.6867289543151855
bed	4164	 snubbed	1	distilbert/distilgpt2	distilbert/distilgpt2	False	0.8631197810173035	0.2123672515153885
ĠDavid	4164	 David	2	distilbert/distilgpt2	distilbert/distilgpt2	False	0.0009051386150531471	10.109573364257812
Ġbecause	4164	 because	3	distilbert/distilgpt2	distilbert/distilgpt2	False	0.00029947099392302334	11.70529556274414
Ġhe	4164	 he	4	distilbert/distilgpt2	distilbert/distilgpt2	False	0.45193320512771606	1.1458185911178589
David	4165	David	0	distilbert/distilgpt2	distilbert/distilgpt2	False	1.0	0.0
Ġsn	4165	 snubbed	1	distilbert/distilgpt2	distilbert/distilgpt2	False	1.8050743619824061e-06	19.079509735107422
ub	4165	 snubbed	1	distilbert/distilgpt2	distilbert/distilgpt2	False	0.04355442523956299	4.5210371017456055
bed	4165	 snubbed	1	distilbert/distilgpt2	distilbert/distilgpt2	False	0.8599462509155273	0.21768160164356232
ĠJohn	4165	 John	2	distilbert/distilgpt2	distilbert/distilgpt2	False	0.0034770220518112183	8.167932510375977
Ġbecause	4165	 because	3	distilbert/distilgpt2	distilbert/distilgpt2	False	0.00015404792793560773	12.66433334350586
Ġhe	4165	 he	4	distilbert/distilgpt2	distilbert/distilgpt2	False	0.4598807692527771	1.1206682920455933
Mary	4166	Mary	0	distilbert/distilgpt2	distilbert/distilgpt2	False	1.0	0.0
Ġsn	4166	 snubbed	1	distilbert/distilgpt2	distilbert/distilgpt2	False	1.6015239907574141e-06	19.25212287902832
ub	4166	 snubbed	1	distilbert/distilgpt2	distilbert/distilgpt2	False	0.021128924563527107	5.564636707305908
bed	4166	 snubbed	1	distilbert/distilgpt2	distilbert/distilgpt2	False	0.7673982381820679	0.3819526433944702
ĠJohn	4166	 John	2	distilbert/distilgpt2	distilbert/distilgpt2	False	0.0016622046241536736	9.232686042785645
Ġbecause	4166	 because	3	distilbert/distilgpt2	distilbert/distilgpt2	False	0.000959186814725399	10.025900840759277
Ġhe	4166	 he	4	distilbert/distilgpt2	distilbert/distilgpt2	False	0.4666985869407654	1.0994369983673096
David	4167	David	0	distilbert/distilgpt2	distilbert/distilgpt2	False	1.0	0.0
Ġsn	4167	 snubbed	1	distilbert/distilgpt2	distilbert/distilgpt2	False	1.8050743619824061e-06	19.079509735107422
ub	4167	 snubbed	1	distilbert/distilgpt2	distilbert/distilgpt2	False	0.04355442523956299	4.5210371017456055
bed	4167	 snubbed	1	distilbert/distilgpt2	distilbert/distilgpt2	False	0.8599462509155273	0.21768160164356232
ĠJohn	4167	 John	2	distilbert/distilgpt2	distilbert/distilgpt2	False	0.0034770220518112183	8.167932510375977
Ġbecause	4167	 because	3	distilbert/distilgpt2	distilbert/distilgpt2	False	0.00015404792793560773	12.66433334350586
Ġhe	4167	 he	4	distilbert/distilgpt2	distilbert/distilgpt2	False	0.4598807692527771	1.1206682920455933
Sarah	4168	Sarah	0	distilbert/distilgpt2	distilbert/distilgpt2	False	1.0	0.0
Ġsn	4168	 snubbed	1	distilbert/distilgpt2	distilbert/distilgpt2	False	1.7733341337589081e-06	19.105104446411133
ub	4168	 snubbed	1	distilbert/distilgpt2	distilbert/distilgpt2	False	0.019414400681853294	5.6867289543151855
bed	4168	 snubbed	1	distilbert/distilgpt2	distilbert/distilgpt2	False	0.8631197810173035	0.2123672515153885
ĠJohn	4168	 John	2	distilbert/distilgpt2	distilbert/distilgpt2	False	0.0015097856521606445	9.371440887451172
Ġbecause	4168	 because	3	distilbert/distilgpt2	distilbert/distilgpt2	False	0.0006872797384858131	10.506814956665039
Ġhe	4168	 he	4	distilbert/distilgpt2	distilbert/distilgpt2	False	0.44898083806037903	1.1552742719650269
Mary	4169	Mary	0	distilbert/distilgpt2	distilbert/distilgpt2	False	1.0	0.0
Ġsn	4169	 snubbed	1	distilbert/distilgpt2	distilbert/distilgpt2	False	1.6015239907574141e-06	19.25212287902832
ub	4169	 snubbed	1	distilbert/distilgpt2	distilbert/distilgpt2	False	0.021128924563527107	5.564636707305908
bed	4169	 snubbed	1	distilbert/distilgpt2	distilbert/distilgpt2	False	0.7673982381820679	0.3819526433944702
ĠSarah	4169	 Sarah	2	distilbert/distilgpt2	distilbert/distilgpt2	False	0.0004057789919897914	11.26701831817627
Ġbecause	4169	 because	3	distilbert/distilgpt2	distilbert/distilgpt2	False	0.0030341907404363155	8.364472389221191
Ġshe	4169	 she	4	distilbert/distilgpt2	distilbert/distilgpt2	False	0.49917417764663696	1.0023847818374634
John	4170	John	0	distilbert/distilgpt2	distilbert/distilgpt2	False	1.0	0.0
Ġsn	4170	 snubbed	1	distilbert/distilgpt2	distilbert/distilgpt2	False	1.6800979665276827e-06	19.18302345275879
ub	4170	 snubbed	1	distilbert/distilgpt2	distilbert/distilgpt2	False	0.03166515380144119	4.980960369110107
bed	4170	 snubbed	1	distilbert/distilgpt2	distilbert/distilgpt2	False	0.7606646418571472	0.39466753602027893
ĠSarah	4170	 Sarah	2	distilbert/distilgpt2	distilbert/distilgpt2	False	0.0004000529879704118	11.287521362304688
Ġbecause	4170	 because	3	distilbert/distilgpt2	distilbert/distilgpt2	False	0.0006634259480051696	10.55777645111084
Ġshe	4170	 she	4	distilbert/distilgpt2	distilbert/distilgpt2	False	0.47312939167022705	1.07969331741333
Mary	4171	Mary	0	distilbert/distilgpt2	distilbert/distilgpt2	False	1.0	0.0
Ġsn	4171	 snubbed	1	distilbert/distilgpt2	distilbert/distilgpt2	False	1.6015239907574141e-06	19.25212287902832
ub	4171	 snubbed	1	distilbert/distilgpt2	distilbert/distilgpt2	False	0.021128924563527107	5.564636707305908
bed	4171	 snubbed	1	distilbert/distilgpt2	distilbert/distilgpt2	False	0.7673982381820679	0.3819526433944702
ĠSarah	4171	 Sarah	2	distilbert/distilgpt2	distilbert/distilgpt2	False	0.0004057789919897914	11.26701831817627
Ġbecause	4171	 because	3	distilbert/distilgpt2	distilbert/distilgpt2	False	0.0030341907404363155	8.364472389221191
Ġshe	4171	 she	4	distilbert/distilgpt2	distilbert/distilgpt2	False	0.49917417764663696	1.0023847818374634
David	4172	David	0	distilbert/distilgpt2	distilbert/distilgpt2	False	1.0	0.0
Ġsn	4172	 snubbed	1	distilbert/distilgpt2	distilbert/distilgpt2	False	1.8050743619824061e-06	19.079509735107422
ub	4172	 snubbed	1	distilbert/distilgpt2	distilbert/distilgpt2	False	0.04355442523956299	4.5210371017456055
bed	4172	 snubbed	1	distilbert/distilgpt2	distilbert/distilgpt2	False	0.8599462509155273	0.21768160164356232
ĠSarah	4172	 Sarah	2	distilbert/distilgpt2	distilbert/distilgpt2	False	0.0005290993140079081	10.884173393249512
Ġbecause	4172	 because	3	distilbert/distilgpt2	distilbert/distilgpt2	False	0.00023912802862469107	12.029929161071777
Ġshe	4172	 she	4	distilbert/distilgpt2	distilbert/distilgpt2	False	0.47689172625541687	1.0682663917541504
Sarah	4173	Sarah	0	distilbert/distilgpt2	distilbert/distilgpt2	False	1.0	0.0
Ġsn	4173	 snubbed	1	distilbert/distilgpt2	distilbert/distilgpt2	False	1.7733341337589081e-06	19.105104446411133
ub	4173	 snubbed	1	distilbert/distilgpt2	distilbert/distilgpt2	False	0.019414400681853294	5.6867289543151855
bed	4173	 snubbed	1	distilbert/distilgpt2	distilbert/distilgpt2	False	0.8631197810173035	0.2123672515153885
ĠMary	4173	 Mary	2	distilbert/distilgpt2	distilbert/distilgpt2	False	0.0003549851244315505	11.459954261779785
Ġbecause	4173	 because	3	distilbert/distilgpt2	distilbert/distilgpt2	False	0.0008717252057977021	10.163839340209961
Ġshe	4173	 she	4	distilbert/distilgpt2	distilbert/distilgpt2	False	0.4621542692184448	1.1135536432266235
John	4174	John	0	distilbert/distilgpt2	distilbert/distilgpt2	False	1.0	0.0
Ġsn	4174	 snubbed	1	distilbert/distilgpt2	distilbert/distilgpt2	False	1.6800979665276827e-06	19.18302345275879
ub	4174	 snubbed	1	distilbert/distilgpt2	distilbert/distilgpt2	False	0.03166515380144119	4.980960369110107
bed	4174	 snubbed	1	distilbert/distilgpt2	distilbert/distilgpt2	False	0.7606646418571472	0.39466753602027893
ĠMary	4174	 Mary	2	distilbert/distilgpt2	distilbert/distilgpt2	False	0.0003112930862698704	11.649438858032227
Ġbecause	4174	 because	3	distilbert/distilgpt2	distilbert/distilgpt2	False	0.0009851026115939021	9.987438201904297
Ġshe	4174	 she	4	distilbert/distilgpt2	distilbert/distilgpt2	False	0.45562246441841125	1.1340892314910889
Sarah	4175	Sarah	0	distilbert/distilgpt2	distilbert/distilgpt2	False	1.0	0.0
Ġsn	4175	 snubbed	1	distilbert/distilgpt2	distilbert/distilgpt2	False	1.7733341337589081e-06	19.105104446411133
ub	4175	 snubbed	1	distilbert/distilgpt2	distilbert/distilgpt2	False	0.019414400681853294	5.6867289543151855
bed	4175	 snubbed	1	distilbert/distilgpt2	distilbert/distilgpt2	False	0.8631197810173035	0.2123672515153885
ĠMary	4175	 Mary	2	distilbert/distilgpt2	distilbert/distilgpt2	False	0.0003549851244315505	11.459954261779785
Ġbecause	4175	 because	3	distilbert/distilgpt2	distilbert/distilgpt2	False	0.0008717252057977021	10.163839340209961
Ġshe	4175	 she	4	distilbert/distilgpt2	distilbert/distilgpt2	False	0.4621542692184448	1.1135536432266235
David	4176	David	0	distilbert/distilgpt2	distilbert/distilgpt2	False	1.0	0.0
Ġsn	4176	 snubbed	1	distilbert/distilgpt2	distilbert/distilgpt2	False	1.8050743619824061e-06	19.079509735107422
ub	4176	 snubbed	1	distilbert/distilgpt2	distilbert/distilgpt2	False	0.04355442523956299	4.5210371017456055
bed	4176	 snubbed	1	distilbert/distilgpt2	distilbert/distilgpt2	False	0.8599462509155273	0.21768160164356232
ĠMary	4176	 Mary	2	distilbert/distilgpt2	distilbert/distilgpt2	False	0.0003283961850684136	11.572275161743164
Ġbecause	4176	 because	3	distilbert/distilgpt2	distilbert/distilgpt2	False	0.0003552911221049726	11.458710670471191
Ġshe	4176	 she	4	distilbert/distilgpt2	distilbert/distilgpt2	False	0.46331986784935	1.109919548034668
John	4177	John	0	distilbert/distilgpt2	distilbert/distilgpt2	False	1.0	0.0
Ġsp	4177	 spanked	1	distilbert/distilgpt2	distilbert/distilgpt2	False	2.4968057914520614e-06	18.61148452758789
anked	4177	 spanked	1	distilbert/distilgpt2	distilbert/distilgpt2	False	0.0023089181631803513	8.758566856384277
ĠDavid	4177	 David	2	distilbert/distilgpt2	distilbert/distilgpt2	False	0.0006988772074691951	10.482673645019531
Ġbecause	4177	 because	3	distilbert/distilgpt2	distilbert/distilgpt2	False	0.0002963826118502766	11.72025203704834
Ġhe	4177	 he	4	distilbert/distilgpt2	distilbert/distilgpt2	False	0.4779980182647705	1.0649235248565674
Mary	4178	Mary	0	distilbert/distilgpt2	distilbert/distilgpt2	False	1.0	0.0
Ġsp	4178	 spanked	1	distilbert/distilgpt2	distilbert/distilgpt2	False	2.7971352665190352e-06	18.44761848449707
anked	4178	 spanked	1	distilbert/distilgpt2	distilbert/distilgpt2	False	0.0012057822896167636	9.695815086364746
ĠDavid	4178	 David	2	distilbert/distilgpt2	distilbert/distilgpt2	False	0.0003047061327379197	11.680294036865234
Ġbecause	4178	 because	3	distilbert/distilgpt2	distilbert/distilgpt2	False	0.0004228753678034991	11.207479476928711
Ġhe	4178	 he	4	distilbert/distilgpt2	distilbert/distilgpt2	False	0.4635457992553711	1.1092162132263184
John	4179	John	0	distilbert/distilgpt2	distilbert/distilgpt2	False	1.0	0.0
Ġsp	4179	 spanked	1	distilbert/distilgpt2	distilbert/distilgpt2	False	2.4968057914520614e-06	18.61148452758789
anked	4179	 spanked	1	distilbert/distilgpt2	distilbert/distilgpt2	False	0.0023089181631803513	8.758566856384277
ĠDavid	4179	 David	2	distilbert/distilgpt2	distilbert/distilgpt2	False	0.0006988772074691951	10.482673645019531
Ġbecause	4179	 because	3	distilbert/distilgpt2	distilbert/distilgpt2	False	0.0002963826118502766	11.72025203704834
Ġhe	4179	 he	4	distilbert/distilgpt2	distilbert/distilgpt2	False	0.4779980182647705	1.0649235248565674
Sarah	4180	Sarah	0	distilbert/distilgpt2	distilbert/distilgpt2	False	1.0	0.0
Ġsp	4180	 spanked	1	distilbert/distilgpt2	distilbert/distilgpt2	False	2.658365701790899e-06	18.521028518676758
anked	4180	 spanked	1	distilbert/distilgpt2	distilbert/distilgpt2	False	0.0039302208460867405	7.99117374420166
ĠDavid	4180	 David	2	distilbert/distilgpt2	distilbert/distilgpt2	False	0.000544393842574209	10.843061447143555
Ġbecause	4180	 because	3	distilbert/distilgpt2	distilbert/distilgpt2	False	0.00029310680110938847	11.736286163330078
Ġhe	4180	 he	4	distilbert/distilgpt2	distilbert/distilgpt2	False	0.47866034507751465	1.0629258155822754
David	4181	David	0	distilbert/distilgpt2	distilbert/distilgpt2	False	1.0	0.0
Ġsp	4181	 spanked	1	distilbert/distilgpt2	distilbert/distilgpt2	False	2.7110506835015258e-06	18.49271583557129
anked	4181	 spanked	1	distilbert/distilgpt2	distilbert/distilgpt2	False	0.002711361274123192	8.526766777038574
ĠJohn	4181	 John	2	distilbert/distilgpt2	distilbert/distilgpt2	False	0.002782546216621995	8.489378929138184
Ġbecause	4181	 because	3	distilbert/distilgpt2	distilbert/distilgpt2	False	0.0005765396053902805	10.760293006896973
Ġhe	4181	 he	4	distilbert/distilgpt2	distilbert/distilgpt2	False	0.4753241240978241	1.0730165243148804
Mary	4182	Mary	0	distilbert/distilgpt2	distilbert/distilgpt2	False	1.0	0.0
Ġsp	4182	 spanked	1	distilbert/distilgpt2	distilbert/distilgpt2	False	2.7971352665190352e-06	18.44761848449707
anked	4182	 spanked	1	distilbert/distilgpt2	distilbert/distilgpt2	False	0.0012057822896167636	9.695815086364746
ĠJohn	4182	 John	2	distilbert/distilgpt2	distilbert/distilgpt2	False	0.001188844908028841	9.71622371673584
Ġbecause	4182	 because	3	distilbert/distilgpt2	distilbert/distilgpt2	False	0.0008804465178400278	10.149477005004883
Ġhe	4182	 he	4	distilbert/distilgpt2	distilbert/distilgpt2	False	0.4598563015460968	1.120745062828064
David	4183	David	0	distilbert/distilgpt2	distilbert/distilgpt2	False	1.0	0.0
Ġsp	4183	 spanked	1	distilbert/distilgpt2	distilbert/distilgpt2	False	2.7110506835015258e-06	18.49271583557129
anked	4183	 spanked	1	distilbert/distilgpt2	distilbert/distilgpt2	False	0.002711361274123192	8.526766777038574
ĠJohn	4183	 John	2	distilbert/distilgpt2	distilbert/distilgpt2	False	0.002782546216621995	8.489378929138184
Ġbecause	4183	 because	3	distilbert/distilgpt2	distilbert/distilgpt2	False	0.0005765396053902805	10.760293006896973
Ġhe	4183	 he	4	distilbert/distilgpt2	distilbert/distilgpt2	False	0.4753241240978241	1.0730165243148804
Sarah	4184	Sarah	0	distilbert/distilgpt2	distilbert/distilgpt2	False	1.0	0.0
Ġsp	4184	 spanked	1	distilbert/distilgpt2	distilbert/distilgpt2	False	2.658365701790899e-06	18.521028518676758
anked	4184	 spanked	1	distilbert/distilgpt2	distilbert/distilgpt2	False	0.0039302208460867405	7.99117374420166
ĠJohn	4184	 John	2	distilbert/distilgpt2	distilbert/distilgpt2	False	0.0018484453903511167	9.079471588134766
Ġbecause	4184	 because	3	distilbert/distilgpt2	distilbert/distilgpt2	False	0.0010248635662719607	9.930352210998535
Ġhe	4184	 he	4	distilbert/distilgpt2	distilbert/distilgpt2	False	0.4614270031452179	1.1158256530761719
Mary	4185	Mary	0	distilbert/distilgpt2	distilbert/distilgpt2	False	1.0	0.0
Ġsp	4185	 spanked	1	distilbert/distilgpt2	distilbert/distilgpt2	False	2.7971352665190352e-06	18.44761848449707
anked	4185	 spanked	1	distilbert/distilgpt2	distilbert/distilgpt2	False	0.0012057822896167636	9.695815086364746
ĠSarah	4185	 Sarah	2	distilbert/distilgpt2	distilbert/distilgpt2	False	0.00021730475418735296	12.16799259185791
Ġbecause	4185	 because	3	distilbert/distilgpt2	distilbert/distilgpt2	False	0.0011682139011099935	9.741479873657227
Ġshe	4185	 she	4	distilbert/distilgpt2	distilbert/distilgpt2	False	0.5183666348457336	0.9479551911354065
John	4186	John	0	distilbert/distilgpt2	distilbert/distilgpt2	False	1.0	0.0
Ġsp	4186	 spanked	1	distilbert/distilgpt2	distilbert/distilgpt2	False	2.4968057914520614e-06	18.61148452758789
anked	4186	 spanked	1	distilbert/distilgpt2	distilbert/distilgpt2	False	0.0023089181631803513	8.758566856384277
ĠSarah	4186	 Sarah	2	distilbert/distilgpt2	distilbert/distilgpt2	False	0.0003499726881273091	11.480469703674316
Ġbecause	4186	 because	3	distilbert/distilgpt2	distilbert/distilgpt2	False	0.0006101104081608355	10.678642272949219
Ġshe	4186	 she	4	distilbert/distilgpt2	distilbert/distilgpt2	False	0.5015761256217957	0.9954595565795898
Mary	4187	Mary	0	distilbert/distilgpt2	distilbert/distilgpt2	False	1.0	0.0
Ġsp	4187	 spanked	1	distilbert/distilgpt2	distilbert/distilgpt2	False	2.7971352665190352e-06	18.44761848449707
anked	4187	 spanked	1	distilbert/distilgpt2	distilbert/distilgpt2	False	0.0012057822896167636	9.695815086364746
ĠSarah	4187	 Sarah	2	distilbert/distilgpt2	distilbert/distilgpt2	False	0.00021730475418735296	12.16799259185791
Ġbecause	4187	 because	3	distilbert/distilgpt2	distilbert/distilgpt2	False	0.0011682139011099935	9.741479873657227
Ġshe	4187	 she	4	distilbert/distilgpt2	distilbert/distilgpt2	False	0.5183666348457336	0.9479551911354065
David	4188	David	0	distilbert/distilgpt2	distilbert/distilgpt2	False	1.0	0.0
Ġsp	4188	 spanked	1	distilbert/distilgpt2	distilbert/distilgpt2	False	2.7110506835015258e-06	18.49271583557129
anked	4188	 spanked	1	distilbert/distilgpt2	distilbert/distilgpt2	False	0.002711361274123192	8.526766777038574
ĠSarah	4188	 Sarah	2	distilbert/distilgpt2	distilbert/distilgpt2	False	0.00042155926348641515	11.211977005004883
Ġbecause	4188	 because	3	distilbert/distilgpt2	distilbert/distilgpt2	False	0.00033112906385213137	11.560318946838379
Ġshe	4188	 she	4	distilbert/distilgpt2	distilbert/distilgpt2	False	0.5118580460548401	0.9661843180656433
Sarah	4189	Sarah	0	distilbert/distilgpt2	distilbert/distilgpt2	False	1.0	0.0
Ġsp	4189	 spanked	1	distilbert/distilgpt2	distilbert/distilgpt2	False	2.658365701790899e-06	18.521028518676758
anked	4189	 spanked	1	distilbert/distilgpt2	distilbert/distilgpt2	False	0.0039302208460867405	7.99117374420166
ĠMary	4189	 Mary	2	distilbert/distilgpt2	distilbert/distilgpt2	False	0.0005515026859939098	10.824344635009766
Ġbecause	4189	 because	3	distilbert/distilgpt2	distilbert/distilgpt2	False	0.0010016950545832515	9.963340759277344
Ġshe	4189	 she	4	distilbert/distilgpt2	distilbert/distilgpt2	False	0.4534279704093933	1.1410547494888306
John	4190	John	0	distilbert/distilgpt2	distilbert/distilgpt2	False	1.0	0.0
Ġsp	4190	 spanked	1	distilbert/distilgpt2	distilbert/distilgpt2	False	2.4968057914520614e-06	18.61148452758789
anked	4190	 spanked	1	distilbert/distilgpt2	distilbert/distilgpt2	False	0.0023089181631803513	8.758566856384277
ĠMary	4190	 Mary	2	distilbert/distilgpt2	distilbert/distilgpt2	False	0.00042584180482663214	11.197394371032715
Ġbecause	4190	 because	3	distilbert/distilgpt2	distilbert/distilgpt2	False	0.0013269829796627164	9.557634353637695
Ġshe	4190	 she	4	distilbert/distilgpt2	distilbert/distilgpt2	False	0.4494558274745941	1.1537487506866455
Sarah	4191	Sarah	0	distilbert/distilgpt2	distilbert/distilgpt2	False	1.0	0.0
Ġsp	4191	 spanked	1	distilbert/distilgpt2	distilbert/distilgpt2	False	2.658365701790899e-06	18.521028518676758
anked	4191	 spanked	1	distilbert/distilgpt2	distilbert/distilgpt2	False	0.0039302208460867405	7.99117374420166
ĠMary	4191	 Mary	2	distilbert/distilgpt2	distilbert/distilgpt2	False	0.0005515026859939098	10.824344635009766
Ġbecause	4191	 because	3	distilbert/distilgpt2	distilbert/distilgpt2	False	0.0010016950545832515	9.963340759277344
Ġshe	4191	 she	4	distilbert/distilgpt2	distilbert/distilgpt2	False	0.4534279704093933	1.1410547494888306
David	4192	David	0	distilbert/distilgpt2	distilbert/distilgpt2	False	1.0	0.0
Ġsp	4192	 spanked	1	distilbert/distilgpt2	distilbert/distilgpt2	False	2.7110506835015258e-06	18.49271583557129
anked	4192	 spanked	1	distilbert/distilgpt2	distilbert/distilgpt2	False	0.002711361274123192	8.526766777038574
ĠMary	4192	 Mary	2	distilbert/distilgpt2	distilbert/distilgpt2	False	0.00043219386134296656	11.176033973693848
Ġbecause	4192	 because	3	distilbert/distilgpt2	distilbert/distilgpt2	False	0.000665926665533334	10.552349090576172
Ġshe	4192	 she	4	distilbert/distilgpt2	distilbert/distilgpt2	False	0.4723856747150421	1.0819629430770874
John	4193	John	0	distilbert/distilgpt2	distilbert/distilgpt2	False	1.0	0.0
Ġsp	4193	 spooked	1	distilbert/distilgpt2	distilbert/distilgpt2	False	2.4968057914520614e-06	18.61148452758789
ooked	4193	 spooked	1	distilbert/distilgpt2	distilbert/distilgpt2	False	0.007046051323413849	7.1489691734313965
ĠDavid	4193	 David	2	distilbert/distilgpt2	distilbert/distilgpt2	False	0.00030113637330941856	11.697295188903809
Ġbecause	4193	 because	3	distilbert/distilgpt2	distilbert/distilgpt2	False	0.0011662014294415712	9.743967056274414
Ġhe	4193	 he	4	distilbert/distilgpt2	distilbert/distilgpt2	False	0.4001358449459076	1.3214383125305176
Mary	4194	Mary	0	distilbert/distilgpt2	distilbert/distilgpt2	False	1.0	0.0
Ġsp	4194	 spooked	1	distilbert/distilgpt2	distilbert/distilgpt2	False	2.7971352665190352e-06	18.44761848449707
ooked	4194	 spooked	1	distilbert/distilgpt2	distilbert/distilgpt2	False	0.004922052379697561	7.666524410247803
ĠDavid	4194	 David	2	distilbert/distilgpt2	distilbert/distilgpt2	False	0.00022582073870580643	12.112534523010254
Ġbecause	4194	 because	3	distilbert/distilgpt2	distilbert/distilgpt2	False	0.001873937202617526	9.059711456298828
Ġhe	4194	 he	4	distilbert/distilgpt2	distilbert/distilgpt2	False	0.4228551685810089	1.2417645454406738
John	4195	John	0	distilbert/distilgpt2	distilbert/distilgpt2	False	1.0	0.0
Ġsp	4195	 spooked	1	distilbert/distilgpt2	distilbert/distilgpt2	False	2.4968057914520614e-06	18.61148452758789
ooked	4195	 spooked	1	distilbert/distilgpt2	distilbert/distilgpt2	False	0.007046051323413849	7.1489691734313965
ĠDavid	4195	 David	2	distilbert/distilgpt2	distilbert/distilgpt2	False	0.00030113637330941856	11.697295188903809
Ġbecause	4195	 because	3	distilbert/distilgpt2	distilbert/distilgpt2	False	0.0011662014294415712	9.743967056274414
Ġhe	4195	 he	4	distilbert/distilgpt2	distilbert/distilgpt2	False	0.4001358449459076	1.3214383125305176
Sarah	4196	Sarah	0	distilbert/distilgpt2	distilbert/distilgpt2	False	1.0	0.0
Ġsp	4196	 spooked	1	distilbert/distilgpt2	distilbert/distilgpt2	False	2.658365701790899e-06	18.521028518676758
ooked	4196	 spooked	1	distilbert/distilgpt2	distilbert/distilgpt2	False	0.011379328556358814	6.4574408531188965
ĠDavid	4196	 David	2	distilbert/distilgpt2	distilbert/distilgpt2	False	0.00032599069527350366	11.582881927490234
Ġbecause	4196	 because	3	distilbert/distilgpt2	distilbert/distilgpt2	False	0.001654093968681991	9.23974323272705
Ġhe	4196	 he	4	distilbert/distilgpt2	distilbert/distilgpt2	False	0.40710538625717163	1.2965258359909058
David	4197	David	0	distilbert/distilgpt2	distilbert/distilgpt2	False	1.0	0.0
Ġsp	4197	 spooked	1	distilbert/distilgpt2	distilbert/distilgpt2	False	2.7110506835015258e-06	18.49271583557129
ooked	4197	 spooked	1	distilbert/distilgpt2	distilbert/distilgpt2	False	0.00960176158696413	6.702485084533691
ĠJohn	4197	 John	2	distilbert/distilgpt2	distilbert/distilgpt2	False	0.0006205340614542365	10.654202461242676
Ġbecause	4197	 because	3	distilbert/distilgpt2	distilbert/distilgpt2	False	0.0011190532241016626	9.803505897521973
Ġhe	4197	 he	4	distilbert/distilgpt2	distilbert/distilgpt2	False	0.35025152564048767	1.513536810874939
Mary	4198	Mary	0	distilbert/distilgpt2	distilbert/distilgpt2	False	1.0	0.0
Ġsp	4198	 spooked	1	distilbert/distilgpt2	distilbert/distilgpt2	False	2.7971352665190352e-06	18.44761848449707
ooked	4198	 spooked	1	distilbert/distilgpt2	distilbert/distilgpt2	False	0.004922052379697561	7.666524410247803
ĠJohn	4198	 John	2	distilbert/distilgpt2	distilbert/distilgpt2	False	0.0005554577219299972	10.814035415649414
Ġbecause	4198	 because	3	distilbert/distilgpt2	distilbert/distilgpt2	False	0.0029457940254360437	8.407127380371094
Ġhe	4198	 he	4	distilbert/distilgpt2	distilbert/distilgpt2	False	0.40622174739837646	1.2996606826782227
David	4199	David	0	distilbert/distilgpt2	distilbert/distilgpt2	False	1.0	0.0
Ġsp	4199	 spooked	1	distilbert/distilgpt2	distilbert/distilgpt2	False	2.7110506835015258e-06	18.49271583557129
ooked	4199	 spooked	1	distilbert/distilgpt2	distilbert/distilgpt2	False	0.00960176158696413	6.702485084533691
ĠJohn	4199	 John	2	distilbert/distilgpt2	distilbert/distilgpt2	False	0.0006205340614542365	10.654202461242676
Ġbecause	4199	 because	3	distilbert/distilgpt2	distilbert/distilgpt2	False	0.0011190532241016626	9.803505897521973
Ġhe	4199	 he	4	distilbert/distilgpt2	distilbert/distilgpt2	False	0.35025152564048767	1.513536810874939
Sarah	4200	Sarah	0	distilbert/distilgpt2	distilbert/distilgpt2	False	1.0	0.0
Ġsp	4200	 spooked	1	distilbert/distilgpt2	distilbert/distilgpt2	False	2.658365701790899e-06	18.521028518676758
ooked	4200	 spooked	1	distilbert/distilgpt2	distilbert/distilgpt2	False	0.011379328556358814	6.4574408531188965
ĠJohn	4200	 John	2	distilbert/distilgpt2	distilbert/distilgpt2	False	0.0007269124034792185	10.425930976867676
Ġbecause	4200	 because	3	distilbert/distilgpt2	distilbert/distilgpt2	False	0.0038814072031527758	8.009204864501953
Ġhe	4200	 he	4	distilbert/distilgpt2	distilbert/distilgpt2	False	0.38206666707992554	1.388103723526001
Mary	4201	Mary	0	distilbert/distilgpt2	distilbert/distilgpt2	False	1.0	0.0
Ġsp	4201	 spooked	1	distilbert/distilgpt2	distilbert/distilgpt2	False	2.7971352665190352e-06	18.44761848449707
ooked	4201	 spooked	1	distilbert/distilgpt2	distilbert/distilgpt2	False	0.004922052379697561	7.666524410247803
ĠSarah	4201	 Sarah	2	distilbert/distilgpt2	distilbert/distilgpt2	False	0.00018019457638729364	12.438157081604004
Ġbecause	4201	 because	3	distilbert/distilgpt2	distilbert/distilgpt2	False	0.005104210693389177	7.614096164703369
Ġshe	4201	 she	4	distilbert/distilgpt2	distilbert/distilgpt2	False	0.46593621373176575	1.1017956733703613
John	4202	John	0	distilbert/distilgpt2	distilbert/distilgpt2	False	1.0	0.0
Ġsp	4202	 spooked	1	distilbert/distilgpt2	distilbert/distilgpt2	False	2.4968057914520614e-06	18.61148452758789
ooked	4202	 spooked	1	distilbert/distilgpt2	distilbert/distilgpt2	False	0.007046051323413849	7.1489691734313965
ĠSarah	4202	 Sarah	2	distilbert/distilgpt2	distilbert/distilgpt2	False	0.00019029999384656549	12.359436988830566
Ġbecause	4202	 because	3	distilbert/distilgpt2	distilbert/distilgpt2	False	0.0022505559027194977	8.795502662658691
Ġshe	4202	 she	4	distilbert/distilgpt2	distilbert/distilgpt2	False	0.406647652387619	1.2981488704681396
Mary	4203	Mary	0	distilbert/distilgpt2	distilbert/distilgpt2	False	1.0	0.0
Ġsp	4203	 spooked	1	distilbert/distilgpt2	distilbert/distilgpt2	False	2.7971352665190352e-06	18.44761848449707
ooked	4203	 spooked	1	distilbert/distilgpt2	distilbert/distilgpt2	False	0.004922052379697561	7.666524410247803
ĠSarah	4203	 Sarah	2	distilbert/distilgpt2	distilbert/distilgpt2	False	0.00018019457638729364	12.438157081604004
Ġbecause	4203	 because	3	distilbert/distilgpt2	distilbert/distilgpt2	False	0.005104210693389177	7.614096164703369
Ġshe	4203	 she	4	distilbert/distilgpt2	distilbert/distilgpt2	False	0.46593621373176575	1.1017956733703613
David	4204	David	0	distilbert/distilgpt2	distilbert/distilgpt2	False	1.0	0.0
Ġsp	4204	 spooked	1	distilbert/distilgpt2	distilbert/distilgpt2	False	2.7110506835015258e-06	18.49271583557129
ooked	4204	 spooked	1	distilbert/distilgpt2	distilbert/distilgpt2	False	0.00960176158696413	6.702485084533691
ĠSarah	4204	 Sarah	2	distilbert/distilgpt2	distilbert/distilgpt2	False	0.00013289882917888463	12.877384185791016
Ġbecause	4204	 because	3	distilbert/distilgpt2	distilbert/distilgpt2	False	0.0007320992881432176	10.41567325592041
Ġshe	4204	 she	4	distilbert/distilgpt2	distilbert/distilgpt2	False	0.3777061104774475	1.4046640396118164
Sarah	4205	Sarah	0	distilbert/distilgpt2	distilbert/distilgpt2	False	1.0	0.0
Ġsp	4205	 spooked	1	distilbert/distilgpt2	distilbert/distilgpt2	False	2.658365701790899e-06	18.521028518676758
ooked	4205	 spooked	1	distilbert/distilgpt2	distilbert/distilgpt2	False	0.011379328556358814	6.4574408531188965
ĠMary	4205	 Mary	2	distilbert/distilgpt2	distilbert/distilgpt2	False	0.0002541017602197826	11.942305564880371
Ġbecause	4205	 because	3	distilbert/distilgpt2	distilbert/distilgpt2	False	0.0038088993169367313	8.036410331726074
Ġshe	4205	 she	4	distilbert/distilgpt2	distilbert/distilgpt2	False	0.3829241693019867	1.3848694562911987
John	4206	John	0	distilbert/distilgpt2	distilbert/distilgpt2	False	1.0	0.0
Ġsp	4206	 spooked	1	distilbert/distilgpt2	distilbert/distilgpt2	False	2.4968057914520614e-06	18.61148452758789
ooked	4206	 spooked	1	distilbert/distilgpt2	distilbert/distilgpt2	False	0.007046051323413849	7.1489691734313965
ĠMary	4206	 Mary	2	distilbert/distilgpt2	distilbert/distilgpt2	False	0.00016966811381280422	12.524996757507324
Ġbecause	4206	 because	3	distilbert/distilgpt2	distilbert/distilgpt2	False	0.003588978899642825	8.122210502624512
Ġshe	4206	 she	4	distilbert/distilgpt2	distilbert/distilgpt2	False	0.37142613530158997	1.4288527965545654
Sarah	4207	Sarah	0	distilbert/distilgpt2	distilbert/distilgpt2	False	1.0	0.0
Ġsp	4207	 spooked	1	distilbert/distilgpt2	distilbert/distilgpt2	False	2.658365701790899e-06	18.521028518676758
ooked	4207	 spooked	1	distilbert/distilgpt2	distilbert/distilgpt2	False	0.011379328556358814	6.4574408531188965
ĠMary	4207	 Mary	2	distilbert/distilgpt2	distilbert/distilgpt2	False	0.0002541017602197826	11.942305564880371
Ġbecause	4207	 because	3	distilbert/distilgpt2	distilbert/distilgpt2	False	0.0038088993169367313	8.036410331726074
Ġshe	4207	 she	4	distilbert/distilgpt2	distilbert/distilgpt2	False	0.3829241693019867	1.3848694562911987
David	4208	David	0	distilbert/distilgpt2	distilbert/distilgpt2	False	1.0	0.0
Ġsp	4208	 spooked	1	distilbert/distilgpt2	distilbert/distilgpt2	False	2.7110506835015258e-06	18.49271583557129
ooked	4208	 spooked	1	distilbert/distilgpt2	distilbert/distilgpt2	False	0.00960176158696413	6.702485084533691
ĠMary	4208	 Mary	2	distilbert/distilgpt2	distilbert/distilgpt2	False	0.00010677499085431919	13.193138122558594
Ġbecause	4208	 because	3	distilbert/distilgpt2	distilbert/distilgpt2	False	0.001301082200370729	9.586071968078613
Ġshe	4208	 she	4	distilbert/distilgpt2	distilbert/distilgpt2	False	0.35544055700302124	1.4923198223114014
John	4209	John	0	distilbert/distilgpt2	distilbert/distilgpt2	False	1.0	0.0
Ġstaggered	4209	 staggered	1	distilbert/distilgpt2	distilbert/distilgpt2	False	1.767541135677675e-08	25.753681182861328
ĠDavid	4209	 David	2	distilbert/distilgpt2	distilbert/distilgpt2	False	6.76797644700855e-05	13.850915908813477
Ġbecause	4209	 because	3	distilbert/distilgpt2	distilbert/distilgpt2	False	0.0001695996761554852	12.525579452514648
Ġhe	4209	 he	4	distilbert/distilgpt2	distilbert/distilgpt2	False	0.410905122756958	1.2831227779388428
Mary	4210	Mary	0	distilbert/distilgpt2	distilbert/distilgpt2	False	1.0	0.0
Ġstaggered	4210	 staggered	1	distilbert/distilgpt2	distilbert/distilgpt2	False	1.952489725454143e-08	25.610109329223633
ĠDavid	4210	 David	2	distilbert/distilgpt2	distilbert/distilgpt2	False	3.12832162308041e-05	14.964251518249512
Ġbecause	4210	 because	3	distilbert/distilgpt2	distilbert/distilgpt2	False	0.0002721617347560823	11.84324836730957
Ġhe	4210	 he	4	distilbert/distilgpt2	distilbert/distilgpt2	False	0.41324886679649353	1.2749172449111938
John	4211	John	0	distilbert/distilgpt2	distilbert/distilgpt2	False	1.0	0.0
Ġstaggered	4211	 staggered	1	distilbert/distilgpt2	distilbert/distilgpt2	False	1.767541135677675e-08	25.753681182861328
ĠDavid	4211	 David	2	distilbert/distilgpt2	distilbert/distilgpt2	False	6.76797644700855e-05	13.850915908813477
Ġbecause	4211	 because	3	distilbert/distilgpt2	distilbert/distilgpt2	False	0.0001695996761554852	12.525579452514648
Ġhe	4211	 he	4	distilbert/distilgpt2	distilbert/distilgpt2	False	0.410905122756958	1.2831227779388428
Sarah	4212	Sarah	0	distilbert/distilgpt2	distilbert/distilgpt2	False	1.0	0.0
Ġstaggered	4212	 staggered	1	distilbert/distilgpt2	distilbert/distilgpt2	False	1.3358881112424115e-08	26.157625198364258
ĠDavid	4212	 David	2	distilbert/distilgpt2	distilbert/distilgpt2	False	3.49353467754554e-05	14.804953575134277
Ġbecause	4212	 because	3	distilbert/distilgpt2	distilbert/distilgpt2	False	0.0001724318863125518	12.501686096191406
Ġhe	4212	 he	4	distilbert/distilgpt2	distilbert/distilgpt2	False	0.4157539904117584	1.2661980390548706
David	4213	David	0	distilbert/distilgpt2	distilbert/distilgpt2	False	1.0	0.0
Ġstaggered	4213	 staggered	1	distilbert/distilgpt2	distilbert/distilgpt2	False	1.7580997990762626e-08	25.76140785217285
ĠJohn	4213	 John	2	distilbert/distilgpt2	distilbert/distilgpt2	False	0.00015798088861629367	12.627962112426758
Ġbecause	4213	 because	3	distilbert/distilgpt2	distilbert/distilgpt2	False	0.0005703174974769354	10.775947570800781
Ġhe	4213	 he	4	distilbert/distilgpt2	distilbert/distilgpt2	False	0.3757847547531128	1.4120216369628906
Mary	4214	Mary	0	distilbert/distilgpt2	distilbert/distilgpt2	False	1.0	0.0
Ġstaggered	4214	 staggered	1	distilbert/distilgpt2	distilbert/distilgpt2	False	1.952489725454143e-08	25.610109329223633
ĠJohn	4214	 John	2	distilbert/distilgpt2	distilbert/distilgpt2	False	4.4140982936369255e-05	14.467521667480469
Ġbecause	4214	 because	3	distilbert/distilgpt2	distilbert/distilgpt2	False	0.0010102627566084266	9.951053619384766
Ġhe	4214	 he	4	distilbert/distilgpt2	distilbert/distilgpt2	False	0.40565216541290283	1.3016849756240845
David	4215	David	0	distilbert/distilgpt2	distilbert/distilgpt2	False	1.0	0.0
Ġstaggered	4215	 staggered	1	distilbert/distilgpt2	distilbert/distilgpt2	False	1.7580997990762626e-08	25.76140785217285
ĠJohn	4215	 John	2	distilbert/distilgpt2	distilbert/distilgpt2	False	0.00015798088861629367	12.627962112426758
Ġbecause	4215	 because	3	distilbert/distilgpt2	distilbert/distilgpt2	False	0.0005703174974769354	10.775947570800781
Ġhe	4215	 he	4	distilbert/distilgpt2	distilbert/distilgpt2	False	0.3757847547531128	1.4120216369628906
Sarah	4216	Sarah	0	distilbert/distilgpt2	distilbert/distilgpt2	False	1.0	0.0
Ġstaggered	4216	 staggered	1	distilbert/distilgpt2	distilbert/distilgpt2	False	1.3358881112424115e-08	26.157625198364258
ĠJohn	4216	 John	2	distilbert/distilgpt2	distilbert/distilgpt2	False	4.227950921631418e-05	14.529682159423828
Ġbecause	4216	 because	3	distilbert/distilgpt2	distilbert/distilgpt2	False	0.0010229130275547504	9.933100700378418
Ġhe	4216	 he	4	distilbert/distilgpt2	distilbert/distilgpt2	False	0.39351150393486023	1.3455222845077515
Mary	4217	Mary	0	distilbert/distilgpt2	distilbert/distilgpt2	False	1.0	0.0
Ġstaggered	4217	 staggered	1	distilbert/distilgpt2	distilbert/distilgpt2	False	1.952489725454143e-08	25.610109329223633
ĠSarah	4217	 Sarah	2	distilbert/distilgpt2	distilbert/distilgpt2	False	8.308221367769875e-06	16.877029418945312
Ġbecause	4217	 because	3	distilbert/distilgpt2	distilbert/distilgpt2	False	0.001227906672284007	9.669583320617676
Ġshe	4217	 she	4	distilbert/distilgpt2	distilbert/distilgpt2	False	0.4764786958694458	1.0695164203643799
John	4218	John	0	distilbert/distilgpt2	distilbert/distilgpt2	False	1.0	0.0
Ġstaggered	4218	 staggered	1	distilbert/distilgpt2	distilbert/distilgpt2	False	1.767541135677675e-08	25.753681182861328
ĠSarah	4218	 Sarah	2	distilbert/distilgpt2	distilbert/distilgpt2	False	1.396405878040241e-05	16.12792205810547
Ġbecause	4218	 because	3	distilbert/distilgpt2	distilbert/distilgpt2	False	0.0009240773506462574	10.07969856262207
Ġshe	4218	 she	4	distilbert/distilgpt2	distilbert/distilgpt2	False	0.42495623230934143	1.2346138954162598
Mary	4219	Mary	0	distilbert/distilgpt2	distilbert/distilgpt2	False	1.0	0.0
Ġstaggered	4219	 staggered	1	distilbert/distilgpt2	distilbert/distilgpt2	False	1.952489725454143e-08	25.610109329223633
ĠSarah	4219	 Sarah	2	distilbert/distilgpt2	distilbert/distilgpt2	False	8.308221367769875e-06	16.877029418945312
Ġbecause	4219	 because	3	distilbert/distilgpt2	distilbert/distilgpt2	False	0.001227906672284007	9.669583320617676
Ġshe	4219	 she	4	distilbert/distilgpt2	distilbert/distilgpt2	False	0.4764786958694458	1.0695164203643799
David	4220	David	0	distilbert/distilgpt2	distilbert/distilgpt2	False	1.0	0.0
Ġstaggered	4220	 staggered	1	distilbert/distilgpt2	distilbert/distilgpt2	False	1.7580997990762626e-08	25.76140785217285
ĠSarah	4220	 Sarah	2	distilbert/distilgpt2	distilbert/distilgpt2	False	1.1649530279100873e-05	16.389368057250977
Ġbecause	4220	 because	3	distilbert/distilgpt2	distilbert/distilgpt2	False	0.0004691851499956101	11.057555198669434
Ġshe	4220	 she	4	distilbert/distilgpt2	distilbert/distilgpt2	False	0.4205690920352936	1.2495852708816528
Sarah	4221	Sarah	0	distilbert/distilgpt2	distilbert/distilgpt2	False	1.0	0.0
Ġstaggered	4221	 staggered	1	distilbert/distilgpt2	distilbert/distilgpt2	False	1.3358881112424115e-08	26.157625198364258
ĠMary	4221	 Mary	2	distilbert/distilgpt2	distilbert/distilgpt2	False	3.442207525949925e-05	14.826306343078613
Ġbecause	4221	 because	3	distilbert/distilgpt2	distilbert/distilgpt2	False	0.0002871025644708425	11.766146659851074
Ġshe	4221	 she	4	distilbert/distilgpt2	distilbert/distilgpt2	False	0.38769617676734924	1.3670016527175903
John	4222	John	0	distilbert/distilgpt2	distilbert/distilgpt2	False	1.0	0.0
Ġstaggered	4222	 staggered	1	distilbert/distilgpt2	distilbert/distilgpt2	False	1.767541135677675e-08	25.753681182861328
ĠMary	4222	 Mary	2	distilbert/distilgpt2	distilbert/distilgpt2	False	6.07738402322866e-05	14.006190299987793
Ġbecause	4222	 because	3	distilbert/distilgpt2	distilbert/distilgpt2	False	0.0004313322133384645	11.178913116455078
Ġshe	4222	 she	4	distilbert/distilgpt2	distilbert/distilgpt2	False	0.3652990758419037	1.4528498649597168
Sarah	4223	Sarah	0	distilbert/distilgpt2	distilbert/distilgpt2	False	1.0	0.0
Ġstaggered	4223	 staggered	1	distilbert/distilgpt2	distilbert/distilgpt2	False	1.3358881112424115e-08	26.157625198364258
ĠMary	4223	 Mary	2	distilbert/distilgpt2	distilbert/distilgpt2	False	3.442207525949925e-05	14.826306343078613
Ġbecause	4223	 because	3	distilbert/distilgpt2	distilbert/distilgpt2	False	0.0002871025644708425	11.766146659851074
Ġshe	4223	 she	4	distilbert/distilgpt2	distilbert/distilgpt2	False	0.38769617676734924	1.3670016527175903
David	4224	David	0	distilbert/distilgpt2	distilbert/distilgpt2	False	1.0	0.0
Ġstaggered	4224	 staggered	1	distilbert/distilgpt2	distilbert/distilgpt2	False	1.7580997990762626e-08	25.76140785217285
ĠMary	4224	 Mary	2	distilbert/distilgpt2	distilbert/distilgpt2	False	5.820578371640295e-05	14.068477630615234
Ġbecause	4224	 because	3	distilbert/distilgpt2	distilbert/distilgpt2	False	0.00028177432250231504	11.793171882629395
Ġshe	4224	 she	4	distilbert/distilgpt2	distilbert/distilgpt2	False	0.36979830265045166	1.4351894855499268
John	4225	John	0	distilbert/distilgpt2	distilbert/distilgpt2	False	1.0	0.0
Ġstared	4225	 stared	1	distilbert/distilgpt2	distilbert/distilgpt2	False	7.36090726149996e-08	23.695541381835938
Ġat	4225	 at	2	distilbert/distilgpt2	distilbert/distilgpt2	False	0.38503310084342957	1.3769456148147583
ĠDavid	4225	 David	3	distilbert/distilgpt2	distilbert/distilgpt2	False	0.0006299259257502854	10.632530212402344
Ġbecause	4225	 because	4	distilbert/distilgpt2	distilbert/distilgpt2	False	0.0006092832772992551	10.680599212646484
Ġhe	4225	 he	5	distilbert/distilgpt2	distilbert/distilgpt2	False	0.4532880485057831	1.1414999961853027
Mary	4226	Mary	0	distilbert/distilgpt2	distilbert/distilgpt2	False	1.0	0.0
Ġstared	4226	 stared	1	distilbert/distilgpt2	distilbert/distilgpt2	False	7.132489798777897e-08	23.741018295288086
Ġat	4226	 at	2	distilbert/distilgpt2	distilbert/distilgpt2	False	0.4238908290863037	1.238235354423523
ĠDavid	4226	 David	3	distilbert/distilgpt2	distilbert/distilgpt2	False	0.0004787368234246969	11.02847957611084
Ġbecause	4226	 because	4	distilbert/distilgpt2	distilbert/distilgpt2	False	0.000873399490956217	10.161070823669434
Ġhe	4226	 he	5	distilbert/distilgpt2	distilbert/distilgpt2	False	0.44438526034355164	1.1701171398162842
John	4227	John	0	distilbert/distilgpt2	distilbert/distilgpt2	False	1.0	0.0
Ġstared	4227	 stared	1	distilbert/distilgpt2	distilbert/distilgpt2	False	7.36090726149996e-08	23.695541381835938
Ġat	4227	 at	2	distilbert/distilgpt2	distilbert/distilgpt2	False	0.38503310084342957	1.3769456148147583
ĠDavid	4227	 David	3	distilbert/distilgpt2	distilbert/distilgpt2	False	0.0006299259257502854	10.632530212402344
Ġbecause	4227	 because	4	distilbert/distilgpt2	distilbert/distilgpt2	False	0.0006092832772992551	10.680599212646484
Ġhe	4227	 he	5	distilbert/distilgpt2	distilbert/distilgpt2	False	0.4532880485057831	1.1414999961853027
Sarah	4228	Sarah	0	distilbert/distilgpt2	distilbert/distilgpt2	False	1.0	0.0
Ġstared	4228	 stared	1	distilbert/distilgpt2	distilbert/distilgpt2	False	8.871145240618716e-08	23.42630386352539
Ġat	4228	 at	2	distilbert/distilgpt2	distilbert/distilgpt2	False	0.45134538412094116	1.1476962566375732
ĠDavid	4228	 David	3	distilbert/distilgpt2	distilbert/distilgpt2	False	0.0006457571289502084	10.596720695495605
Ġbecause	4228	 because	4	distilbert/distilgpt2	distilbert/distilgpt2	False	0.0006121055921539664	10.673932075500488
Ġhe	4228	 he	5	distilbert/distilgpt2	distilbert/distilgpt2	False	0.4614247977733612	1.1158325672149658
David	4229	David	0	distilbert/distilgpt2	distilbert/distilgpt2	False	1.0	0.0
Ġstared	4229	 stared	1	distilbert/distilgpt2	distilbert/distilgpt2	False	7.111882638355382e-08	23.745193481445312
Ġat	4229	 at	2	distilbert/distilgpt2	distilbert/distilgpt2	False	0.43659842014312744	1.1956212520599365
ĠJohn	4229	 John	3	distilbert/distilgpt2	distilbert/distilgpt2	False	0.000608024827670306	10.683582305908203
Ġbecause	4229	 because	4	distilbert/distilgpt2	distilbert/distilgpt2	False	0.0006144028156995773	10.668527603149414
Ġhe	4229	 he	5	distilbert/distilgpt2	distilbert/distilgpt2	False	0.4400097727775574	1.1843925714492798
Mary	4230	Mary	0	distilbert/distilgpt2	distilbert/distilgpt2	False	1.0	0.0
Ġstared	4230	 stared	1	distilbert/distilgpt2	distilbert/distilgpt2	False	7.132489798777897e-08	23.741018295288086
Ġat	4230	 at	2	distilbert/distilgpt2	distilbert/distilgpt2	False	0.4238908290863037	1.238235354423523
ĠJohn	4230	 John	3	distilbert/distilgpt2	distilbert/distilgpt2	False	0.0005413181497715414	10.851235389709473
Ġbecause	4230	 because	4	distilbert/distilgpt2	distilbert/distilgpt2	False	0.0010553979082033038	9.8879976272583
Ġhe	4230	 he	5	distilbert/distilgpt2	distilbert/distilgpt2	False	0.4427410960197449	1.1754648685455322
David	4231	David	0	distilbert/distilgpt2	distilbert/distilgpt2	False	1.0	0.0
Ġstared	4231	 stared	1	distilbert/distilgpt2	distilbert/distilgpt2	False	7.111882638355382e-08	23.745193481445312
Ġat	4231	 at	2	distilbert/distilgpt2	distilbert/distilgpt2	False	0.43659842014312744	1.1956212520599365
ĠJohn	4231	 John	3	distilbert/distilgpt2	distilbert/distilgpt2	False	0.000608024827670306	10.683582305908203
Ġbecause	4231	 because	4	distilbert/distilgpt2	distilbert/distilgpt2	False	0.0006144028156995773	10.668527603149414
Ġhe	4231	 he	5	distilbert/distilgpt2	distilbert/distilgpt2	False	0.4400097727775574	1.1843925714492798
Sarah	4232	Sarah	0	distilbert/distilgpt2	distilbert/distilgpt2	False	1.0	0.0
Ġstared	4232	 stared	1	distilbert/distilgpt2	distilbert/distilgpt2	False	8.871145240618716e-08	23.42630386352539
Ġat	4232	 at	2	distilbert/distilgpt2	distilbert/distilgpt2	False	0.45134538412094116	1.1476962566375732
ĠJohn	4232	 John	3	distilbert/distilgpt2	distilbert/distilgpt2	False	0.0005967722972854972	10.710532188415527
Ġbecause	4232	 because	4	distilbert/distilgpt2	distilbert/distilgpt2	False	0.0012480119476094842	9.64615249633789
Ġhe	4232	 he	5	distilbert/distilgpt2	distilbert/distilgpt2	False	0.44760844111442566	1.1596908569335938
Mary	4233	Mary	0	distilbert/distilgpt2	distilbert/distilgpt2	False	1.0	0.0
Ġstared	4233	 stared	1	distilbert/distilgpt2	distilbert/distilgpt2	False	7.132489798777897e-08	23.741018295288086
Ġat	4233	 at	2	distilbert/distilgpt2	distilbert/distilgpt2	False	0.4238908290863037	1.238235354423523
ĠSarah	4233	 Sarah	3	distilbert/distilgpt2	distilbert/distilgpt2	False	0.00019166289712302387	12.349141120910645
Ġbecause	4233	 because	4	distilbert/distilgpt2	distilbert/distilgpt2	False	0.0019006937509402633	9.039258003234863
Ġshe	4233	 she	5	distilbert/distilgpt2	distilbert/distilgpt2	False	0.5271629095077515	0.9236793518066406
John	4234	John	0	distilbert/distilgpt2	distilbert/distilgpt2	False	1.0	0.0
Ġstared	4234	 stared	1	distilbert/distilgpt2	distilbert/distilgpt2	False	7.36090726149996e-08	23.695541381835938
Ġat	4234	 at	2	distilbert/distilgpt2	distilbert/distilgpt2	False	0.38503310084342957	1.3769456148147583
ĠSarah	4234	 Sarah	3	distilbert/distilgpt2	distilbert/distilgpt2	False	0.00022894177527632564	12.092731475830078
Ġbecause	4234	 because	4	distilbert/distilgpt2	distilbert/distilgpt2	False	0.0015011955983936787	9.379672050476074
Ġshe	4234	 she	5	distilbert/distilgpt2	distilbert/distilgpt2	False	0.49267932772636414	1.021279215812683
Mary	4235	Mary	0	distilbert/distilgpt2	distilbert/distilgpt2	False	1.0	0.0
Ġstared	4235	 stared	1	distilbert/distilgpt2	distilbert/distilgpt2	False	7.132489798777897e-08	23.741018295288086
Ġat	4235	 at	2	distilbert/distilgpt2	distilbert/distilgpt2	False	0.4238908290863037	1.238235354423523
ĠSarah	4235	 Sarah	3	distilbert/distilgpt2	distilbert/distilgpt2	False	0.00019166289712302387	12.349141120910645
Ġbecause	4235	 because	4	distilbert/distilgpt2	distilbert/distilgpt2	False	0.0019006937509402633	9.039258003234863
Ġshe	4235	 she	5	distilbert/distilgpt2	distilbert/distilgpt2	False	0.5271629095077515	0.9236793518066406
David	4236	David	0	distilbert/distilgpt2	distilbert/distilgpt2	False	1.0	0.0
Ġstared	4236	 stared	1	distilbert/distilgpt2	distilbert/distilgpt2	False	7.111882638355382e-08	23.745193481445312
Ġat	4236	 at	2	distilbert/distilgpt2	distilbert/distilgpt2	False	0.43659842014312744	1.1956212520599365
ĠSarah	4236	 Sarah	3	distilbert/distilgpt2	distilbert/distilgpt2	False	0.0002341732324566692	12.060135841369629
Ġbecause	4236	 because	4	distilbert/distilgpt2	distilbert/distilgpt2	False	0.0010104544926434755	9.950779914855957
Ġshe	4236	 she	5	distilbert/distilgpt2	distilbert/distilgpt2	False	0.5049830675125122	0.9856930375099182
Sarah	4237	Sarah	0	distilbert/distilgpt2	distilbert/distilgpt2	False	1.0	0.0
Ġstared	4237	 stared	1	distilbert/distilgpt2	distilbert/distilgpt2	False	8.871145240618716e-08	23.42630386352539
Ġat	4237	 at	2	distilbert/distilgpt2	distilbert/distilgpt2	False	0.45134538412094116	1.1476962566375732
ĠMary	4237	 Mary	3	distilbert/distilgpt2	distilbert/distilgpt2	False	0.00033414142671972513	11.547253608703613
Ġbecause	4237	 because	4	distilbert/distilgpt2	distilbert/distilgpt2	False	0.000895143486559391	10.125593185424805
Ġshe	4237	 she	5	distilbert/distilgpt2	distilbert/distilgpt2	False	0.4821515381336212	1.0524414777755737
John	4238	John	0	distilbert/distilgpt2	distilbert/distilgpt2	False	1.0	0.0
Ġstared	4238	 stared	1	distilbert/distilgpt2	distilbert/distilgpt2	False	7.36090726149996e-08	23.695541381835938
Ġat	4238	 at	2	distilbert/distilgpt2	distilbert/distilgpt2	False	0.38503310084342957	1.3769456148147583
ĠMary	4238	 Mary	3	distilbert/distilgpt2	distilbert/distilgpt2	False	0.0003142253844998777	11.635912895202637
Ġbecause	4238	 because	4	distilbert/distilgpt2	distilbert/distilgpt2	False	0.0011751888087019324	9.732892036437988
Ġshe	4238	 she	5	distilbert/distilgpt2	distilbert/distilgpt2	False	0.4380373954772949	1.1908740997314453
Sarah	4239	Sarah	0	distilbert/distilgpt2	distilbert/distilgpt2	False	1.0	0.0
Ġstared	4239	 stared	1	distilbert/distilgpt2	distilbert/distilgpt2	False	8.871145240618716e-08	23.42630386352539
Ġat	4239	 at	2	distilbert/distilgpt2	distilbert/distilgpt2	False	0.45134538412094116	1.1476962566375732
ĠMary	4239	 Mary	3	distilbert/distilgpt2	distilbert/distilgpt2	False	0.00033414142671972513	11.547253608703613
Ġbecause	4239	 because	4	distilbert/distilgpt2	distilbert/distilgpt2	False	0.000895143486559391	10.125593185424805
Ġshe	4239	 she	5	distilbert/distilgpt2	distilbert/distilgpt2	False	0.4821515381336212	1.0524414777755737
David	4240	David	0	distilbert/distilgpt2	distilbert/distilgpt2	False	1.0	0.0
Ġstared	4240	 stared	1	distilbert/distilgpt2	distilbert/distilgpt2	False	7.111882638355382e-08	23.745193481445312
Ġat	4240	 at	2	distilbert/distilgpt2	distilbert/distilgpt2	False	0.43659842014312744	1.1956212520599365
ĠMary	4240	 Mary	3	distilbert/distilgpt2	distilbert/distilgpt2	False	0.0003594850131776184	11.441781044006348
Ġbecause	4240	 because	4	distilbert/distilgpt2	distilbert/distilgpt2	False	0.0005594657850451767	10.803662300109863
Ġshe	4240	 she	5	distilbert/distilgpt2	distilbert/distilgpt2	False	0.4490925371646881	1.1549153327941895
John	4241	John	0	distilbert/distilgpt2	distilbert/distilgpt2	False	1.0	0.0
Ġstartled	4241	 startled	1	distilbert/distilgpt2	distilbert/distilgpt2	False	1.6786660950174337e-08	25.828109741210938
ĠDavid	4241	 David	2	distilbert/distilgpt2	distilbert/distilgpt2	False	0.0004789555387105793	11.027820587158203
Ġbecause	4241	 because	3	distilbert/distilgpt2	distilbert/distilgpt2	False	0.0012146906228736043	9.685194969177246
Ġhe	4241	 he	4	distilbert/distilgpt2	distilbert/distilgpt2	False	0.42168930172920227	1.245747685432434
Mary	4242	Mary	0	distilbert/distilgpt2	distilbert/distilgpt2	False	1.0	0.0
Ġstartled	4242	 startled	1	distilbert/distilgpt2	distilbert/distilgpt2	False	1.86094784027091e-08	25.67938804626465
ĠDavid	4242	 David	2	distilbert/distilgpt2	distilbert/distilgpt2	False	0.0002838272484950721	11.782699584960938
Ġbecause	4242	 because	3	distilbert/distilgpt2	distilbert/distilgpt2	False	0.0016194769414141774	9.270256042480469
Ġhe	4242	 he	4	distilbert/distilgpt2	distilbert/distilgpt2	False	0.4270177483558655	1.2276320457458496
John	4243	John	0	distilbert/distilgpt2	distilbert/distilgpt2	False	1.0	0.0
Ġstartled	4243	 startled	1	distilbert/distilgpt2	distilbert/distilgpt2	False	1.6786660950174337e-08	25.828109741210938
ĠDavid	4243	 David	2	distilbert/distilgpt2	distilbert/distilgpt2	False	0.0004789555387105793	11.027820587158203
Ġbecause	4243	 because	3	distilbert/distilgpt2	distilbert/distilgpt2	False	0.0012146906228736043	9.685194969177246
Ġhe	4243	 he	4	distilbert/distilgpt2	distilbert/distilgpt2	False	0.42168930172920227	1.245747685432434
Sarah	4244	Sarah	0	distilbert/distilgpt2	distilbert/distilgpt2	False	1.0	0.0
Ġstartled	4244	 startled	1	distilbert/distilgpt2	distilbert/distilgpt2	False	1.6607204500473927e-08	25.84361457824707
ĠDavid	4244	 David	2	distilbert/distilgpt2	distilbert/distilgpt2	False	0.00047863044892437756	11.028800010681152
Ġbecause	4244	 because	3	distilbert/distilgpt2	distilbert/distilgpt2	False	0.0013103085802868009	9.575878143310547
Ġhe	4244	 he	4	distilbert/distilgpt2	distilbert/distilgpt2	False	0.41614872217178345	1.2648289203643799
David	4245	David	0	distilbert/distilgpt2	distilbert/distilgpt2	False	1.0	0.0
Ġstartled	4245	 startled	1	distilbert/distilgpt2	distilbert/distilgpt2	False	1.6150286441529715e-08	25.883865356445312
ĠJohn	4245	 John	2	distilbert/distilgpt2	distilbert/distilgpt2	False	0.0005428380100056529	10.847190856933594
Ġbecause	4245	 because	3	distilbert/distilgpt2	distilbert/distilgpt2	False	0.0016482078935950994	9.24488639831543
Ġhe	4245	 he	4	distilbert/distilgpt2	distilbert/distilgpt2	False	0.41457849740982056	1.2702828645706177
Mary	4246	Mary	0	distilbert/distilgpt2	distilbert/distilgpt2	False	1.0	0.0
Ġstartled	4246	 startled	1	distilbert/distilgpt2	distilbert/distilgpt2	False	1.86094784027091e-08	25.67938804626465
ĠJohn	4246	 John	2	distilbert/distilgpt2	distilbert/distilgpt2	False	0.0004938390920870006	10.983671188354492
Ġbecause	4246	 because	3	distilbert/distilgpt2	distilbert/distilgpt2	False	0.0025387080386281013	8.621689796447754
Ġhe	4246	 he	4	distilbert/distilgpt2	distilbert/distilgpt2	False	0.43687307834625244	1.1947139501571655
David	4247	David	0	distilbert/distilgpt2	distilbert/distilgpt2	False	1.0	0.0
Ġstartled	4247	 startled	1	distilbert/distilgpt2	distilbert/distilgpt2	False	1.6150286441529715e-08	25.883865356445312
ĠJohn	4247	 John	2	distilbert/distilgpt2	distilbert/distilgpt2	False	0.0005428380100056529	10.847190856933594
Ġbecause	4247	 because	3	distilbert/distilgpt2	distilbert/distilgpt2	False	0.0016482078935950994	9.24488639831543
Ġhe	4247	 he	4	distilbert/distilgpt2	distilbert/distilgpt2	False	0.41457849740982056	1.2702828645706177
Sarah	4248	Sarah	0	distilbert/distilgpt2	distilbert/distilgpt2	False	1.0	0.0
Ġstartled	4248	 startled	1	distilbert/distilgpt2	distilbert/distilgpt2	False	1.6607204500473927e-08	25.84361457824707
ĠJohn	4248	 John	2	distilbert/distilgpt2	distilbert/distilgpt2	False	0.0007194034988060594	10.440911293029785
Ġbecause	4248	 because	3	distilbert/distilgpt2	distilbert/distilgpt2	False	0.0035560368560254574	8.135514259338379
Ġhe	4248	 he	4	distilbert/distilgpt2	distilbert/distilgpt2	False	0.4096340835094452	1.2875924110412598
Mary	4249	Mary	0	distilbert/distilgpt2	distilbert/distilgpt2	False	1.0	0.0
Ġstartled	4249	 startled	1	distilbert/distilgpt2	distilbert/distilgpt2	False	1.86094784027091e-08	25.67938804626465
ĠSarah	4249	 Sarah	2	distilbert/distilgpt2	distilbert/distilgpt2	False	0.0001695741229923442	12.525795936584473
Ġbecause	4249	 because	3	distilbert/distilgpt2	distilbert/distilgpt2	False	0.003667664946988225	8.090922355651855
Ġshe	4249	 she	4	distilbert/distilgpt2	distilbert/distilgpt2	False	0.528425931930542	0.9202268719673157
John	4250	John	0	distilbert/distilgpt2	distilbert/distilgpt2	False	1.0	0.0
Ġstartled	4250	 startled	1	distilbert/distilgpt2	distilbert/distilgpt2	False	1.6786660950174337e-08	25.828109741210938
ĠSarah	4250	 Sarah	2	distilbert/distilgpt2	distilbert/distilgpt2	False	0.00021589618700090796	12.177374839782715
Ġbecause	4250	 because	3	distilbert/distilgpt2	distilbert/distilgpt2	False	0.003521823091432452	8.14946174621582
Ġshe	4250	 she	4	distilbert/distilgpt2	distilbert/distilgpt2	False	0.5000094175338745	0.999972939491272
Mary	4251	Mary	0	distilbert/distilgpt2	distilbert/distilgpt2	False	1.0	0.0
Ġstartled	4251	 startled	1	distilbert/distilgpt2	distilbert/distilgpt2	False	1.86094784027091e-08	25.67938804626465
ĠSarah	4251	 Sarah	2	distilbert/distilgpt2	distilbert/distilgpt2	False	0.0001695741229923442	12.525795936584473
Ġbecause	4251	 because	3	distilbert/distilgpt2	distilbert/distilgpt2	False	0.003667664946988225	8.090922355651855
Ġshe	4251	 she	4	distilbert/distilgpt2	distilbert/distilgpt2	False	0.528425931930542	0.9202268719673157
David	4252	David	0	distilbert/distilgpt2	distilbert/distilgpt2	False	1.0	0.0
Ġstartled	4252	 startled	1	distilbert/distilgpt2	distilbert/distilgpt2	False	1.6150286441529715e-08	25.883865356445312
ĠSarah	4252	 Sarah	2	distilbert/distilgpt2	distilbert/distilgpt2	False	0.0001202685380121693	13.021452903747559
Ġbecause	4252	 because	3	distilbert/distilgpt2	distilbert/distilgpt2	False	0.0021492070518434048	8.861979484558105
Ġshe	4252	 she	4	distilbert/distilgpt2	distilbert/distilgpt2	False	0.4747527539730072	1.0747517347335815
Sarah	4253	Sarah	0	distilbert/distilgpt2	distilbert/distilgpt2	False	1.0	0.0
Ġstartled	4253	 startled	1	distilbert/distilgpt2	distilbert/distilgpt2	False	1.6607204500473927e-08	25.84361457824707
ĠMary	4253	 Mary	2	distilbert/distilgpt2	distilbert/distilgpt2	False	0.0005051277694292367	10.951064109802246
Ġbecause	4253	 because	3	distilbert/distilgpt2	distilbert/distilgpt2	False	0.0020657037384808064	8.919151306152344
Ġshe	4253	 she	4	distilbert/distilgpt2	distilbert/distilgpt2	False	0.4321720004081726	1.2103224992752075
John	4254	John	0	distilbert/distilgpt2	distilbert/distilgpt2	False	1.0	0.0
Ġstartled	4254	 startled	1	distilbert/distilgpt2	distilbert/distilgpt2	False	1.6786660950174337e-08	25.828109741210938
ĠMary	4254	 Mary	2	distilbert/distilgpt2	distilbert/distilgpt2	False	0.0004356899589765817	11.164410591125488
Ġbecause	4254	 because	3	distilbert/distilgpt2	distilbert/distilgpt2	False	0.0023408965207636356	8.738722801208496
Ġshe	4254	 she	4	distilbert/distilgpt2	distilbert/distilgpt2	False	0.43422460556030273	1.203486680984497
Sarah	4255	Sarah	0	distilbert/distilgpt2	distilbert/distilgpt2	False	1.0	0.0
Ġstartled	4255	 startled	1	distilbert/distilgpt2	distilbert/distilgpt2	False	1.6607204500473927e-08	25.84361457824707
ĠMary	4255	 Mary	2	distilbert/distilgpt2	distilbert/distilgpt2	False	0.0005051277694292367	10.951064109802246
Ġbecause	4255	 because	3	distilbert/distilgpt2	distilbert/distilgpt2	False	0.0020657037384808064	8.919151306152344
Ġshe	4255	 she	4	distilbert/distilgpt2	distilbert/distilgpt2	False	0.4321720004081726	1.2103224992752075
David	4256	David	0	distilbert/distilgpt2	distilbert/distilgpt2	False	1.0	0.0
Ġstartled	4256	 startled	1	distilbert/distilgpt2	distilbert/distilgpt2	False	1.6150286441529715e-08	25.883865356445312
ĠMary	4256	 Mary	2	distilbert/distilgpt2	distilbert/distilgpt2	False	0.0002487341989763081	11.97310733795166
Ġbecause	4256	 because	3	distilbert/distilgpt2	distilbert/distilgpt2	False	0.0016922904178500175	9.206807136535645
Ġshe	4256	 she	4	distilbert/distilgpt2	distilbert/distilgpt2	False	0.41231608390808105	1.2781773805618286
John	4257	John	0	distilbert/distilgpt2	distilbert/distilgpt2	False	1.0	0.0
Ġstimulated	4257	 stimulated	1	distilbert/distilgpt2	distilbert/distilgpt2	False	1.0066920630436016e-08	26.5658016204834
ĠDavid	4257	 David	2	distilbert/distilgpt2	distilbert/distilgpt2	False	4.272390651749447e-05	14.514596939086914
Ġbecause	4257	 because	3	distilbert/distilgpt2	distilbert/distilgpt2	False	0.00022132036974653602	12.141575813293457
Ġhe	4257	 he	4	distilbert/distilgpt2	distilbert/distilgpt2	False	0.3938226103782654	1.3443821668624878
Mary	4258	Mary	0	distilbert/distilgpt2	distilbert/distilgpt2	False	1.0	0.0
Ġstimulated	4258	 stimulated	1	distilbert/distilgpt2	distilbert/distilgpt2	False	1.3516248564826583e-08	26.140729904174805
ĠDavid	4258	 David	2	distilbert/distilgpt2	distilbert/distilgpt2	False	3.251940870541148e-05	14.908339500427246
Ġbecause	4258	 because	3	distilbert/distilgpt2	distilbert/distilgpt2	False	0.00026153353974223137	11.900716781616211
Ġhe	4258	 he	4	distilbert/distilgpt2	distilbert/distilgpt2	False	0.3863808214664459	1.3719046115875244
John	4259	John	0	distilbert/distilgpt2	distilbert/distilgpt2	False	1.0	0.0
Ġstimulated	4259	 stimulated	1	distilbert/distilgpt2	distilbert/distilgpt2	False	1.0066920630436016e-08	26.5658016204834
ĠDavid	4259	 David	2	distilbert/distilgpt2	distilbert/distilgpt2	False	4.272390651749447e-05	14.514596939086914
Ġbecause	4259	 because	3	distilbert/distilgpt2	distilbert/distilgpt2	False	0.00022132036974653602	12.141575813293457
Ġhe	4259	 he	4	distilbert/distilgpt2	distilbert/distilgpt2	False	0.3938226103782654	1.3443821668624878
Sarah	4260	Sarah	0	distilbert/distilgpt2	distilbert/distilgpt2	False	1.0	0.0
Ġstimulated	4260	 stimulated	1	distilbert/distilgpt2	distilbert/distilgpt2	False	9.860371186221073e-09	26.59571075439453
ĠDavid	4260	 David	2	distilbert/distilgpt2	distilbert/distilgpt2	False	4.039478881168179e-05	14.595471382141113
Ġbecause	4260	 because	3	distilbert/distilgpt2	distilbert/distilgpt2	False	0.00026654257089830935	11.873346328735352
Ġhe	4260	 he	4	distilbert/distilgpt2	distilbert/distilgpt2	False	0.38334476947784424	1.383285641670227
David	4261	David	0	distilbert/distilgpt2	distilbert/distilgpt2	False	1.0	0.0
Ġstimulated	4261	 stimulated	1	distilbert/distilgpt2	distilbert/distilgpt2	False	1.0925580440357407e-08	26.447715759277344
ĠJohn	4261	 John	2	distilbert/distilgpt2	distilbert/distilgpt2	False	8.68316346895881e-05	13.491419792175293
Ġbecause	4261	 because	3	distilbert/distilgpt2	distilbert/distilgpt2	False	0.000628086447250098	10.636749267578125
Ġhe	4261	 he	4	distilbert/distilgpt2	distilbert/distilgpt2	False	0.38279399275779724	1.3853600025177002
Mary	4262	Mary	0	distilbert/distilgpt2	distilbert/distilgpt2	False	1.0	0.0
Ġstimulated	4262	 stimulated	1	distilbert/distilgpt2	distilbert/distilgpt2	False	1.3516248564826583e-08	26.140729904174805
ĠJohn	4262	 John	2	distilbert/distilgpt2	distilbert/distilgpt2	False	5.959347981843166e-05	14.034485816955566
Ġbecause	4262	 because	3	distilbert/distilgpt2	distilbert/distilgpt2	False	0.0009050074149854481	10.109783172607422
Ġhe	4262	 he	4	distilbert/distilgpt2	distilbert/distilgpt2	False	0.40808409452438354	1.29306161403656
David	4263	David	0	distilbert/distilgpt2	distilbert/distilgpt2	False	1.0	0.0
Ġstimulated	4263	 stimulated	1	distilbert/distilgpt2	distilbert/distilgpt2	False	1.0925580440357407e-08	26.447715759277344
ĠJohn	4263	 John	2	distilbert/distilgpt2	distilbert/distilgpt2	False	8.68316346895881e-05	13.491419792175293
Ġbecause	4263	 because	3	distilbert/distilgpt2	distilbert/distilgpt2	False	0.000628086447250098	10.636749267578125
Ġhe	4263	 he	4	distilbert/distilgpt2	distilbert/distilgpt2	False	0.38279399275779724	1.3853600025177002
Sarah	4264	Sarah	0	distilbert/distilgpt2	distilbert/distilgpt2	False	1.0	0.0
Ġstimulated	4264	 stimulated	1	distilbert/distilgpt2	distilbert/distilgpt2	False	9.860371186221073e-09	26.59571075439453
ĠJohn	4264	 John	2	distilbert/distilgpt2	distilbert/distilgpt2	False	6.271616439335048e-05	13.960803031921387
Ġbecause	4264	 because	3	distilbert/distilgpt2	distilbert/distilgpt2	False	0.0013024999061599374	9.584501266479492
Ġhe	4264	 he	4	distilbert/distilgpt2	distilbert/distilgpt2	False	0.3793686032295227	1.3983278274536133
Mary	4265	Mary	0	distilbert/distilgpt2	distilbert/distilgpt2	False	1.0	0.0
Ġstimulated	4265	 stimulated	1	distilbert/distilgpt2	distilbert/distilgpt2	False	1.3516248564826583e-08	26.140729904174805
ĠSarah	4265	 Sarah	2	distilbert/distilgpt2	distilbert/distilgpt2	False	2.7719779609469697e-05	15.138724327087402
Ġbecause	4265	 because	3	distilbert/distilgpt2	distilbert/distilgpt2	False	0.0007381934556178749	10.40371322631836
Ġshe	4265	 she	4	distilbert/distilgpt2	distilbert/distilgpt2	False	0.4158565104007721	1.265842318534851
John	4266	John	0	distilbert/distilgpt2	distilbert/distilgpt2	False	1.0	0.0
Ġstimulated	4266	 stimulated	1	distilbert/distilgpt2	distilbert/distilgpt2	False	1.0066920630436016e-08	26.5658016204834
ĠSarah	4266	 Sarah	2	distilbert/distilgpt2	distilbert/distilgpt2	False	2.6224821340292692e-05	15.218708038330078
Ġbecause	4266	 because	3	distilbert/distilgpt2	distilbert/distilgpt2	False	0.0005700023612007499	10.776744842529297
Ġshe	4266	 she	4	distilbert/distilgpt2	distilbert/distilgpt2	False	0.3959237337112427	1.3367055654525757
Mary	4267	Mary	0	distilbert/distilgpt2	distilbert/distilgpt2	False	1.0	0.0
Ġstimulated	4267	 stimulated	1	distilbert/distilgpt2	distilbert/distilgpt2	False	1.3516248564826583e-08	26.140729904174805
ĠSarah	4267	 Sarah	2	distilbert/distilgpt2	distilbert/distilgpt2	False	2.7719779609469697e-05	15.138724327087402
Ġbecause	4267	 because	3	distilbert/distilgpt2	distilbert/distilgpt2	False	0.0007381934556178749	10.40371322631836
Ġshe	4267	 she	4	distilbert/distilgpt2	distilbert/distilgpt2	False	0.4158565104007721	1.265842318534851
David	4268	David	0	distilbert/distilgpt2	distilbert/distilgpt2	False	1.0	0.0
Ġstimulated	4268	 stimulated	1	distilbert/distilgpt2	distilbert/distilgpt2	False	1.0925580440357407e-08	26.447715759277344
ĠSarah	4268	 Sarah	2	distilbert/distilgpt2	distilbert/distilgpt2	False	2.788464553304948e-05	15.130169868469238
Ġbecause	4268	 because	3	distilbert/distilgpt2	distilbert/distilgpt2	False	0.00046124248183332384	11.082186698913574
Ġshe	4268	 she	4	distilbert/distilgpt2	distilbert/distilgpt2	False	0.3941139578819275	1.3433152437210083
Sarah	4269	Sarah	0	distilbert/distilgpt2	distilbert/distilgpt2	False	1.0	0.0
Ġstimulated	4269	 stimulated	1	distilbert/distilgpt2	distilbert/distilgpt2	False	9.860371186221073e-09	26.59571075439453
ĠMary	4269	 Mary	2	distilbert/distilgpt2	distilbert/distilgpt2	False	2.397240859863814e-05	15.348265647888184
Ġbecause	4269	 because	3	distilbert/distilgpt2	distilbert/distilgpt2	False	0.0004138341755606234	11.238659858703613
Ġshe	4269	 she	4	distilbert/distilgpt2	distilbert/distilgpt2	False	0.349639356136322	1.5160605907440186
John	4270	John	0	distilbert/distilgpt2	distilbert/distilgpt2	False	1.0	0.0
Ġstimulated	4270	 stimulated	1	distilbert/distilgpt2	distilbert/distilgpt2	False	1.0066920630436016e-08	26.5658016204834
ĠMary	4270	 Mary	2	distilbert/distilgpt2	distilbert/distilgpt2	False	1.621511546545662e-05	15.912301063537598
Ġbecause	4270	 because	3	distilbert/distilgpt2	distilbert/distilgpt2	False	0.00045791585580445826	11.092629432678223
Ġshe	4270	 she	4	distilbert/distilgpt2	distilbert/distilgpt2	False	0.36341559886932373	1.4603078365325928
Sarah	4271	Sarah	0	distilbert/distilgpt2	distilbert/distilgpt2	False	1.0	0.0
Ġstimulated	4271	 stimulated	1	distilbert/distilgpt2	distilbert/distilgpt2	False	9.860371186221073e-09	26.59571075439453
ĠMary	4271	 Mary	2	distilbert/distilgpt2	distilbert/distilgpt2	False	2.397240859863814e-05	15.348265647888184
Ġbecause	4271	 because	3	distilbert/distilgpt2	distilbert/distilgpt2	False	0.0004138341755606234	11.238659858703613
Ġshe	4271	 she	4	distilbert/distilgpt2	distilbert/distilgpt2	False	0.349639356136322	1.5160605907440186
David	4272	David	0	distilbert/distilgpt2	distilbert/distilgpt2	False	1.0	0.0
Ġstimulated	4272	 stimulated	1	distilbert/distilgpt2	distilbert/distilgpt2	False	1.0925580440357407e-08	26.447715759277344
ĠMary	4272	 Mary	2	distilbert/distilgpt2	distilbert/distilgpt2	False	1.9577804778236896e-05	15.640421867370605
Ġbecause	4272	 because	3	distilbert/distilgpt2	distilbert/distilgpt2	False	0.0003354853542987257	11.541462898254395
Ġshe	4272	 she	4	distilbert/distilgpt2	distilbert/distilgpt2	False	0.3567125201225281	1.4871662855148315
John	4273	John	0	distilbert/distilgpt2	distilbert/distilgpt2	False	1.0	0.0
Ġstruck	4273	 struck	1	distilbert/distilgpt2	distilbert/distilgpt2	False	3.0740520173822006e-07	21.63335418701172
ĠDavid	4273	 David	2	distilbert/distilgpt2	distilbert/distilgpt2	False	8.305840310640633e-05	13.555514335632324
Ġbecause	4273	 because	3	distilbert/distilgpt2	distilbert/distilgpt2	False	0.0002871795149985701	11.765759468078613
Ġhe	4273	 he	4	distilbert/distilgpt2	distilbert/distilgpt2	False	0.45255497097969055	1.1438350677490234
Mary	4274	Mary	0	distilbert/distilgpt2	distilbert/distilgpt2	False	1.0	0.0
Ġstruck	4274	 struck	1	distilbert/distilgpt2	distilbert/distilgpt2	False	3.032428708138468e-07	21.65302276611328
ĠDavid	4274	 David	2	distilbert/distilgpt2	distilbert/distilgpt2	False	5.031567707192153e-05	14.278632164001465
Ġbecause	4274	 because	3	distilbert/distilgpt2	distilbert/distilgpt2	False	0.0006453702226281166	10.597585678100586
Ġhe	4274	 he	4	distilbert/distilgpt2	distilbert/distilgpt2	False	0.434967577457428	1.2010202407836914
John	4275	John	0	distilbert/distilgpt2	distilbert/distilgpt2	False	1.0	0.0
Ġstruck	4275	 struck	1	distilbert/distilgpt2	distilbert/distilgpt2	False	3.0740520173822006e-07	21.63335418701172
ĠDavid	4275	 David	2	distilbert/distilgpt2	distilbert/distilgpt2	False	8.305840310640633e-05	13.555514335632324
Ġbecause	4275	 because	3	distilbert/distilgpt2	distilbert/distilgpt2	False	0.0002871795149985701	11.765759468078613
Ġhe	4275	 he	4	distilbert/distilgpt2	distilbert/distilgpt2	False	0.45255497097969055	1.1438350677490234
Sarah	4276	Sarah	0	distilbert/distilgpt2	distilbert/distilgpt2	False	1.0	0.0
Ġstruck	4276	 struck	1	distilbert/distilgpt2	distilbert/distilgpt2	False	3.21601987707254e-07	21.568220138549805
ĠDavid	4276	 David	2	distilbert/distilgpt2	distilbert/distilgpt2	False	6.362966814776883e-05	13.939940452575684
Ġbecause	4276	 because	3	distilbert/distilgpt2	distilbert/distilgpt2	False	0.0003350431506987661	11.543365478515625
Ġhe	4276	 he	4	distilbert/distilgpt2	distilbert/distilgpt2	False	0.4415438771247864	1.1793713569641113
David	4277	David	0	distilbert/distilgpt2	distilbert/distilgpt2	False	1.0	0.0
Ġstruck	4277	 struck	1	distilbert/distilgpt2	distilbert/distilgpt2	False	3.53021420096411e-07	21.433740615844727
ĠJohn	4277	 John	2	distilbert/distilgpt2	distilbert/distilgpt2	False	0.00012214548769406974	12.999112129211426
Ġbecause	4277	 because	3	distilbert/distilgpt2	distilbert/distilgpt2	False	0.0003362268616911024	11.538277626037598
Ġhe	4277	 he	4	distilbert/distilgpt2	distilbert/distilgpt2	False	0.4233042001724243	1.240233302116394
Mary	4278	Mary	0	distilbert/distilgpt2	distilbert/distilgpt2	False	1.0	0.0
Ġstruck	4278	 struck	1	distilbert/distilgpt2	distilbert/distilgpt2	False	3.032428708138468e-07	21.65302276611328
ĠJohn	4278	 John	2	distilbert/distilgpt2	distilbert/distilgpt2	False	0.00015727616846561432	12.63441276550293
Ġbecause	4278	 because	3	distilbert/distilgpt2	distilbert/distilgpt2	False	0.0009323566919192672	10.0668306350708
Ġhe	4278	 he	4	distilbert/distilgpt2	distilbert/distilgpt2	False	0.4341433048248291	1.2037568092346191
David	4279	David	0	distilbert/distilgpt2	distilbert/distilgpt2	False	1.0	0.0
Ġstruck	4279	 struck	1	distilbert/distilgpt2	distilbert/distilgpt2	False	3.53021420096411e-07	21.433740615844727
ĠJohn	4279	 John	2	distilbert/distilgpt2	distilbert/distilgpt2	False	0.00012214548769406974	12.999112129211426
Ġbecause	4279	 because	3	distilbert/distilgpt2	distilbert/distilgpt2	False	0.0003362268616911024	11.538277626037598
Ġhe	4279	 he	4	distilbert/distilgpt2	distilbert/distilgpt2	False	0.4233042001724243	1.240233302116394
Sarah	4280	Sarah	0	distilbert/distilgpt2	distilbert/distilgpt2	False	1.0	0.0
Ġstruck	4280	 struck	1	distilbert/distilgpt2	distilbert/distilgpt2	False	3.21601987707254e-07	21.568220138549805
ĠJohn	4280	 John	2	distilbert/distilgpt2	distilbert/distilgpt2	False	0.00016565588884986937	12.55952262878418
Ġbecause	4280	 because	3	distilbert/distilgpt2	distilbert/distilgpt2	False	0.0008505845325998962	10.199257850646973
Ġhe	4280	 he	4	distilbert/distilgpt2	distilbert/distilgpt2	False	0.42347726225852966	1.2396435737609863
Mary	4281	Mary	0	distilbert/distilgpt2	distilbert/distilgpt2	False	1.0	0.0
Ġstruck	4281	 struck	1	distilbert/distilgpt2	distilbert/distilgpt2	False	3.032428708138468e-07	21.65302276611328
ĠSarah	4281	 Sarah	2	distilbert/distilgpt2	distilbert/distilgpt2	False	2.082639912259765e-05	15.551227569580078
Ġbecause	4281	 because	3	distilbert/distilgpt2	distilbert/distilgpt2	False	0.0016205369029194117	9.269312858581543
Ġshe	4281	 she	4	distilbert/distilgpt2	distilbert/distilgpt2	False	0.4888920187950134	1.0324122905731201
John	4282	John	0	distilbert/distilgpt2	distilbert/distilgpt2	False	1.0	0.0
Ġstruck	4282	 struck	1	distilbert/distilgpt2	distilbert/distilgpt2	False	3.0740520173822006e-07	21.63335418701172
ĠSarah	4282	 Sarah	2	distilbert/distilgpt2	distilbert/distilgpt2	False	2.5159961296594702e-05	15.278511047363281
Ġbecause	4282	 because	3	distilbert/distilgpt2	distilbert/distilgpt2	False	0.0009023625170812011	10.114005088806152
Ġshe	4282	 she	4	distilbert/distilgpt2	distilbert/distilgpt2	False	0.4841936528682709	1.0463439226150513
Mary	4283	Mary	0	distilbert/distilgpt2	distilbert/distilgpt2	False	1.0	0.0
Ġstruck	4283	 struck	1	distilbert/distilgpt2	distilbert/distilgpt2	False	3.032428708138468e-07	21.65302276611328
ĠSarah	4283	 Sarah	2	distilbert/distilgpt2	distilbert/distilgpt2	False	2.082639912259765e-05	15.551227569580078
Ġbecause	4283	 because	3	distilbert/distilgpt2	distilbert/distilgpt2	False	0.0016205369029194117	9.269312858581543
Ġshe	4283	 she	4	distilbert/distilgpt2	distilbert/distilgpt2	False	0.4888920187950134	1.0324122905731201
David	4284	David	0	distilbert/distilgpt2	distilbert/distilgpt2	False	1.0	0.0
Ġstruck	4284	 struck	1	distilbert/distilgpt2	distilbert/distilgpt2	False	3.53021420096411e-07	21.433740615844727
ĠSarah	4284	 Sarah	2	distilbert/distilgpt2	distilbert/distilgpt2	False	9.517231774225365e-06	16.681026458740234
Ġbecause	4284	 because	3	distilbert/distilgpt2	distilbert/distilgpt2	False	0.00045363427489064634	11.106183052062988
Ġshe	4284	 she	4	distilbert/distilgpt2	distilbert/distilgpt2	False	0.476061075925827	1.0707814693450928
Sarah	4285	Sarah	0	distilbert/distilgpt2	distilbert/distilgpt2	False	1.0	0.0
Ġstruck	4285	 struck	1	distilbert/distilgpt2	distilbert/distilgpt2	False	3.21601987707254e-07	21.568220138549805
ĠMary	4285	 Mary	2	distilbert/distilgpt2	distilbert/distilgpt2	False	4.9799669795902446e-05	14.293503761291504
Ġbecause	4285	 because	3	distilbert/distilgpt2	distilbert/distilgpt2	False	0.0007552964962087572	10.3706693649292
Ġshe	4285	 she	4	distilbert/distilgpt2	distilbert/distilgpt2	False	0.4194756746292114	1.2533409595489502
John	4286	John	0	distilbert/distilgpt2	distilbert/distilgpt2	False	1.0	0.0
Ġstruck	4286	 struck	1	distilbert/distilgpt2	distilbert/distilgpt2	False	3.0740520173822006e-07	21.63335418701172
ĠMary	4286	 Mary	2	distilbert/distilgpt2	distilbert/distilgpt2	False	5.907814556849189e-05	14.047016143798828
Ġbecause	4286	 because	3	distilbert/distilgpt2	distilbert/distilgpt2	False	0.0008948669419623911	10.126039505004883
Ġshe	4286	 she	4	distilbert/distilgpt2	distilbert/distilgpt2	False	0.4217340052127838	1.2455947399139404
Sarah	4287	Sarah	0	distilbert/distilgpt2	distilbert/distilgpt2	False	1.0	0.0
Ġstruck	4287	 struck	1	distilbert/distilgpt2	distilbert/distilgpt2	False	3.21601987707254e-07	21.568220138549805
ĠMary	4287	 Mary	2	distilbert/distilgpt2	distilbert/distilgpt2	False	4.9799669795902446e-05	14.293503761291504
Ġbecause	4287	 because	3	distilbert/distilgpt2	distilbert/distilgpt2	False	0.0007552964962087572	10.3706693649292
Ġshe	4287	 she	4	distilbert/distilgpt2	distilbert/distilgpt2	False	0.4194756746292114	1.2533409595489502
David	4288	David	0	distilbert/distilgpt2	distilbert/distilgpt2	False	1.0	0.0
Ġstruck	4288	 struck	1	distilbert/distilgpt2	distilbert/distilgpt2	False	3.53021420096411e-07	21.433740615844727
ĠMary	4288	 Mary	2	distilbert/distilgpt2	distilbert/distilgpt2	False	2.655078424140811e-05	15.200885772705078
Ġbecause	4288	 because	3	distilbert/distilgpt2	distilbert/distilgpt2	False	0.00031961017521098256	11.611398696899414
Ġshe	4288	 she	4	distilbert/distilgpt2	distilbert/distilgpt2	False	0.42055919766426086	1.2496192455291748
John	4289	John	0	distilbert/distilgpt2	distilbert/distilgpt2	False	1.0	0.0
Ġsued	4289	 sued	1	distilbert/distilgpt2	distilbert/distilgpt2	False	6.289803877734812e-08	23.922409057617188
ĠDavid	4289	 David	2	distilbert/distilgpt2	distilbert/distilgpt2	False	0.0005650616949424148	10.78930377960205
Ġbecause	4289	 because	3	distilbert/distilgpt2	distilbert/distilgpt2	False	0.0001283902965951711	12.927176475524902
Ġhe	4289	 he	4	distilbert/distilgpt2	distilbert/distilgpt2	False	0.3900459408760071	1.3582841157913208
Mary	4290	Mary	0	distilbert/distilgpt2	distilbert/distilgpt2	False	1.0	0.0
Ġsued	4290	 sued	1	distilbert/distilgpt2	distilbert/distilgpt2	False	8.490778213854355e-08	23.48952865600586
ĠDavid	4290	 David	2	distilbert/distilgpt2	distilbert/distilgpt2	False	0.0005057080998085439	10.949407577514648
Ġbecause	4290	 because	3	distilbert/distilgpt2	distilbert/distilgpt2	False	8.918152161641046e-05	13.452896118164062
Ġhe	4290	 he	4	distilbert/distilgpt2	distilbert/distilgpt2	False	0.38944482803344727	1.3605091571807861
John	4291	John	0	distilbert/distilgpt2	distilbert/distilgpt2	False	1.0	0.0
Ġsued	4291	 sued	1	distilbert/distilgpt2	distilbert/distilgpt2	False	6.289803877734812e-08	23.922409057617188
ĠDavid	4291	 David	2	distilbert/distilgpt2	distilbert/distilgpt2	False	0.0005650616949424148	10.78930377960205
Ġbecause	4291	 because	3	distilbert/distilgpt2	distilbert/distilgpt2	False	0.0001283902965951711	12.927176475524902
Ġhe	4291	 he	4	distilbert/distilgpt2	distilbert/distilgpt2	False	0.3900459408760071	1.3582841157913208
Sarah	4292	Sarah	0	distilbert/distilgpt2	distilbert/distilgpt2	False	1.0	0.0
Ġsued	4292	 sued	1	distilbert/distilgpt2	distilbert/distilgpt2	False	7.680294800138654e-08	23.63426399230957
ĠDavid	4292	 David	2	distilbert/distilgpt2	distilbert/distilgpt2	False	0.0006605575326830149	10.564027786254883
Ġbecause	4292	 because	3	distilbert/distilgpt2	distilbert/distilgpt2	False	0.00013130868319422007	12.894749641418457
Ġhe	4292	 he	4	distilbert/distilgpt2	distilbert/distilgpt2	False	0.3763487935066223	1.4098577499389648
David	4293	David	0	distilbert/distilgpt2	distilbert/distilgpt2	False	1.0	0.0
Ġsued	4293	 sued	1	distilbert/distilgpt2	distilbert/distilgpt2	False	6.504880190050244e-08	23.8739013671875
ĠJohn	4293	 John	2	distilbert/distilgpt2	distilbert/distilgpt2	False	0.0007050215499475598	10.47004508972168
Ġbecause	4293	 because	3	distilbert/distilgpt2	distilbert/distilgpt2	False	0.0001906491379486397	12.356792449951172
Ġhe	4293	 he	4	distilbert/distilgpt2	distilbert/distilgpt2	False	0.39593493938446045	1.3366647958755493
Mary	4294	Mary	0	distilbert/distilgpt2	distilbert/distilgpt2	False	1.0	0.0
Ġsued	4294	 sued	1	distilbert/distilgpt2	distilbert/distilgpt2	False	8.490778213854355e-08	23.48952865600586
ĠJohn	4294	 John	2	distilbert/distilgpt2	distilbert/distilgpt2	False	0.0005694424617104232	10.778162002563477
Ġbecause	4294	 because	3	distilbert/distilgpt2	distilbert/distilgpt2	False	0.00013705944002140313	12.832910537719727
Ġhe	4294	 he	4	distilbert/distilgpt2	distilbert/distilgpt2	False	0.3847280740737915	1.3780890703201294
David	4295	David	0	distilbert/distilgpt2	distilbert/distilgpt2	False	1.0	0.0
Ġsued	4295	 sued	1	distilbert/distilgpt2	distilbert/distilgpt2	False	6.504880190050244e-08	23.8739013671875
ĠJohn	4295	 John	2	distilbert/distilgpt2	distilbert/distilgpt2	False	0.0007050215499475598	10.47004508972168
Ġbecause	4295	 because	3	distilbert/distilgpt2	distilbert/distilgpt2	False	0.0001906491379486397	12.356792449951172
Ġhe	4295	 he	4	distilbert/distilgpt2	distilbert/distilgpt2	False	0.39593493938446045	1.3366647958755493
Sarah	4296	Sarah	0	distilbert/distilgpt2	distilbert/distilgpt2	False	1.0	0.0
Ġsued	4296	 sued	1	distilbert/distilgpt2	distilbert/distilgpt2	False	7.680294800138654e-08	23.63426399230957
ĠJohn	4296	 John	2	distilbert/distilgpt2	distilbert/distilgpt2	False	0.0006688184221275151	10.546097755432129
Ġbecause	4296	 because	3	distilbert/distilgpt2	distilbert/distilgpt2	False	0.0002953986404463649	11.725049018859863
Ġhe	4296	 he	4	distilbert/distilgpt2	distilbert/distilgpt2	False	0.3695622384548187	1.4361107349395752
Mary	4297	Mary	0	distilbert/distilgpt2	distilbert/distilgpt2	False	1.0	0.0
Ġsued	4297	 sued	1	distilbert/distilgpt2	distilbert/distilgpt2	False	8.490778213854355e-08	23.48952865600586
ĠSarah	4297	 Sarah	2	distilbert/distilgpt2	distilbert/distilgpt2	False	3.500438106129877e-05	14.802104949951172
Ġbecause	4297	 because	3	distilbert/distilgpt2	distilbert/distilgpt2	False	0.0012359668035060167	9.660144805908203
Ġshe	4297	 she	4	distilbert/distilgpt2	distilbert/distilgpt2	False	0.3873506784439087	1.3682879209518433
John	4298	John	0	distilbert/distilgpt2	distilbert/distilgpt2	False	1.0	0.0
Ġsued	4298	 sued	1	distilbert/distilgpt2	distilbert/distilgpt2	False	6.289803877734812e-08	23.922409057617188
ĠSarah	4298	 Sarah	2	distilbert/distilgpt2	distilbert/distilgpt2	False	3.814757292275317e-05	14.678049087524414
Ġbecause	4298	 because	3	distilbert/distilgpt2	distilbert/distilgpt2	False	0.0010587347205728292	9.883442878723145
Ġshe	4298	 she	4	distilbert/distilgpt2	distilbert/distilgpt2	False	0.3712235689163208	1.4296398162841797
Mary	4299	Mary	0	distilbert/distilgpt2	distilbert/distilgpt2	False	1.0	0.0
Ġsued	4299	 sued	1	distilbert/distilgpt2	distilbert/distilgpt2	False	8.490778213854355e-08	23.48952865600586
ĠSarah	4299	 Sarah	2	distilbert/distilgpt2	distilbert/distilgpt2	False	3.500438106129877e-05	14.802104949951172
Ġbecause	4299	 because	3	distilbert/distilgpt2	distilbert/distilgpt2	False	0.0012359668035060167	9.660144805908203
Ġshe	4299	 she	4	distilbert/distilgpt2	distilbert/distilgpt2	False	0.3873506784439087	1.3682879209518433
David	4300	David	0	distilbert/distilgpt2	distilbert/distilgpt2	False	1.0	0.0
Ġsued	4300	 sued	1	distilbert/distilgpt2	distilbert/distilgpt2	False	6.504880190050244e-08	23.8739013671875
ĠSarah	4300	 Sarah	2	distilbert/distilgpt2	distilbert/distilgpt2	False	3.627131081884727e-05	14.750811576843262
Ġbecause	4300	 because	3	distilbert/distilgpt2	distilbert/distilgpt2	False	0.0007102411473169923	10.459403038024902
Ġshe	4300	 she	4	distilbert/distilgpt2	distilbert/distilgpt2	False	0.3777484595775604	1.404502272605896
Sarah	4301	Sarah	0	distilbert/distilgpt2	distilbert/distilgpt2	False	1.0	0.0
Ġsued	4301	 sued	1	distilbert/distilgpt2	distilbert/distilgpt2	False	7.680294800138654e-08	23.63426399230957
ĠMary	4301	 Mary	2	distilbert/distilgpt2	distilbert/distilgpt2	False	0.00012334661732893437	12.984993934631348
Ġbecause	4301	 because	3	distilbert/distilgpt2	distilbert/distilgpt2	False	0.00030833875644020736	11.663195610046387
Ġshe	4301	 she	4	distilbert/distilgpt2	distilbert/distilgpt2	False	0.33862394094467163	1.562244176864624
John	4302	John	0	distilbert/distilgpt2	distilbert/distilgpt2	False	1.0	0.0
Ġsued	4302	 sued	1	distilbert/distilgpt2	distilbert/distilgpt2	False	6.289803877734812e-08	23.922409057617188
ĠMary	4302	 Mary	2	distilbert/distilgpt2	distilbert/distilgpt2	False	0.00010604241833789274	13.203070640563965
Ġbecause	4302	 because	3	distilbert/distilgpt2	distilbert/distilgpt2	False	0.0003503886400721967	11.478755950927734
Ġshe	4302	 she	4	distilbert/distilgpt2	distilbert/distilgpt2	False	0.3581112325191498	1.481520414352417
Sarah	4303	Sarah	0	distilbert/distilgpt2	distilbert/distilgpt2	False	1.0	0.0
Ġsued	4303	 sued	1	distilbert/distilgpt2	distilbert/distilgpt2	False	7.680294800138654e-08	23.63426399230957
ĠMary	4303	 Mary	2	distilbert/distilgpt2	distilbert/distilgpt2	False	0.00012334661732893437	12.984993934631348
Ġbecause	4303	 because	3	distilbert/distilgpt2	distilbert/distilgpt2	False	0.00030833875644020736	11.663195610046387
Ġshe	4303	 she	4	distilbert/distilgpt2	distilbert/distilgpt2	False	0.33862394094467163	1.562244176864624
David	4304	David	0	distilbert/distilgpt2	distilbert/distilgpt2	False	1.0	0.0
Ġsued	4304	 sued	1	distilbert/distilgpt2	distilbert/distilgpt2	False	6.504880190050244e-08	23.8739013671875
ĠMary	4304	 Mary	2	distilbert/distilgpt2	distilbert/distilgpt2	False	0.00010739591380115598	13.184773445129395
Ġbecause	4304	 because	3	distilbert/distilgpt2	distilbert/distilgpt2	False	0.00024753823527134955	11.980060577392578
Ġshe	4304	 she	4	distilbert/distilgpt2	distilbert/distilgpt2	False	0.3672536015510559	1.445151448249817
John	4305	John	0	distilbert/distilgpt2	distilbert/distilgpt2	False	1.0	0.0
Ġsupported	4305	 supported	1	distilbert/distilgpt2	distilbert/distilgpt2	False	6.938644219189882e-07	20.458843231201172
ĠDavid	4305	 David	2	distilbert/distilgpt2	distilbert/distilgpt2	False	0.00017203735478688031	12.504990577697754
Ġbecause	4305	 because	3	distilbert/distilgpt2	distilbert/distilgpt2	False	0.00022097259352449328	12.143844604492188
Ġhe	4305	 he	4	distilbert/distilgpt2	distilbert/distilgpt2	False	0.3935510814189911	1.3453772068023682
Mary	4306	Mary	0	distilbert/distilgpt2	distilbert/distilgpt2	False	1.0	0.0
Ġsupported	4306	 supported	1	distilbert/distilgpt2	distilbert/distilgpt2	False	8.960564628068823e-07	20.089906692504883
ĠDavid	4306	 David	2	distilbert/distilgpt2	distilbert/distilgpt2	False	0.00012008332851110026	13.023676872253418
Ġbecause	4306	 because	3	distilbert/distilgpt2	distilbert/distilgpt2	False	0.0002810330770444125	11.796972274780273
Ġhe	4306	 he	4	distilbert/distilgpt2	distilbert/distilgpt2	False	0.39110007882118225	1.354390263557434
John	4307	John	0	distilbert/distilgpt2	distilbert/distilgpt2	False	1.0	0.0
Ġsupported	4307	 supported	1	distilbert/distilgpt2	distilbert/distilgpt2	False	6.938644219189882e-07	20.458843231201172
ĠDavid	4307	 David	2	distilbert/distilgpt2	distilbert/distilgpt2	False	0.00017203735478688031	12.504990577697754
Ġbecause	4307	 because	3	distilbert/distilgpt2	distilbert/distilgpt2	False	0.00022097259352449328	12.143844604492188
Ġhe	4307	 he	4	distilbert/distilgpt2	distilbert/distilgpt2	False	0.3935510814189911	1.3453772068023682
Sarah	4308	Sarah	0	distilbert/distilgpt2	distilbert/distilgpt2	False	1.0	0.0
Ġsupported	4308	 supported	1	distilbert/distilgpt2	distilbert/distilgpt2	False	7.572021445412247e-07	20.33281898498535
ĠDavid	4308	 David	2	distilbert/distilgpt2	distilbert/distilgpt2	False	0.00012892660743091255	12.921162605285645
Ġbecause	4308	 because	3	distilbert/distilgpt2	distilbert/distilgpt2	False	0.0002873943012673408	11.764680862426758
Ġhe	4308	 he	4	distilbert/distilgpt2	distilbert/distilgpt2	False	0.3981644809246063	1.3285635709762573
David	4309	David	0	distilbert/distilgpt2	distilbert/distilgpt2	False	1.0	0.0
Ġsupported	4309	 supported	1	distilbert/distilgpt2	distilbert/distilgpt2	False	7.788058837832068e-07	20.292232513427734
ĠJohn	4309	 John	2	distilbert/distilgpt2	distilbert/distilgpt2	False	0.0004484144737944007	11.122879981994629
Ġbecause	4309	 because	3	distilbert/distilgpt2	distilbert/distilgpt2	False	0.00028195951017551124	11.792223930358887
Ġhe	4309	 he	4	distilbert/distilgpt2	distilbert/distilgpt2	False	0.41528868675231934	1.2678135633468628
Mary	4310	Mary	0	distilbert/distilgpt2	distilbert/distilgpt2	False	1.0	0.0
Ġsupported	4310	 supported	1	distilbert/distilgpt2	distilbert/distilgpt2	False	8.960564628068823e-07	20.089906692504883
ĠJohn	4310	 John	2	distilbert/distilgpt2	distilbert/distilgpt2	False	0.00035076329368166625	11.477214813232422
Ġbecause	4310	 because	3	distilbert/distilgpt2	distilbert/distilgpt2	False	0.00043928759987466037	11.152546882629395
Ġhe	4310	 he	4	distilbert/distilgpt2	distilbert/distilgpt2	False	0.4415149688720703	1.1794657707214355
David	4311	David	0	distilbert/distilgpt2	distilbert/distilgpt2	False	1.0	0.0
Ġsupported	4311	 supported	1	distilbert/distilgpt2	distilbert/distilgpt2	False	7.788058837832068e-07	20.292232513427734
ĠJohn	4311	 John	2	distilbert/distilgpt2	distilbert/distilgpt2	False	0.0004484144737944007	11.122879981994629
Ġbecause	4311	 because	3	distilbert/distilgpt2	distilbert/distilgpt2	False	0.00028195951017551124	11.792223930358887
Ġhe	4311	 he	4	distilbert/distilgpt2	distilbert/distilgpt2	False	0.41528868675231934	1.2678135633468628
Sarah	4312	Sarah	0	distilbert/distilgpt2	distilbert/distilgpt2	False	1.0	0.0
Ġsupported	4312	 supported	1	distilbert/distilgpt2	distilbert/distilgpt2	False	7.572021445412247e-07	20.33281898498535
ĠJohn	4312	 John	2	distilbert/distilgpt2	distilbert/distilgpt2	False	0.0003087954828515649	11.661060333251953
Ġbecause	4312	 because	3	distilbert/distilgpt2	distilbert/distilgpt2	False	0.0005701761110685766	10.776305198669434
Ġhe	4312	 he	4	distilbert/distilgpt2	distilbert/distilgpt2	False	0.4195370674133301	1.2531298398971558
Mary	4313	Mary	0	distilbert/distilgpt2	distilbert/distilgpt2	False	1.0	0.0
Ġsupported	4313	 supported	1	distilbert/distilgpt2	distilbert/distilgpt2	False	8.960564628068823e-07	20.089906692504883
ĠSarah	4313	 Sarah	2	distilbert/distilgpt2	distilbert/distilgpt2	False	3.074726919294335e-05	14.989182472229004
Ġbecause	4313	 because	3	distilbert/distilgpt2	distilbert/distilgpt2	False	0.0006912163808010519	10.498575210571289
Ġshe	4313	 she	4	distilbert/distilgpt2	distilbert/distilgpt2	False	0.46045157313346863	1.118878722190857
John	4314	John	0	distilbert/distilgpt2	distilbert/distilgpt2	False	1.0	0.0
Ġsupported	4314	 supported	1	distilbert/distilgpt2	distilbert/distilgpt2	False	6.938644219189882e-07	20.458843231201172
ĠSarah	4314	 Sarah	2	distilbert/distilgpt2	distilbert/distilgpt2	False	3.401082722120918e-05	14.843646049499512
Ġbecause	4314	 because	3	distilbert/distilgpt2	distilbert/distilgpt2	False	0.00028267138986848295	11.788586616516113
Ġshe	4314	 she	4	distilbert/distilgpt2	distilbert/distilgpt2	False	0.44466957449913025	1.1691944599151611
Mary	4315	Mary	0	distilbert/distilgpt2	distilbert/distilgpt2	False	1.0	0.0
Ġsupported	4315	 supported	1	distilbert/distilgpt2	distilbert/distilgpt2	False	8.960564628068823e-07	20.089906692504883
ĠSarah	4315	 Sarah	2	distilbert/distilgpt2	distilbert/distilgpt2	False	3.074726919294335e-05	14.989182472229004
Ġbecause	4315	 because	3	distilbert/distilgpt2	distilbert/distilgpt2	False	0.0006912163808010519	10.498575210571289
Ġshe	4315	 she	4	distilbert/distilgpt2	distilbert/distilgpt2	False	0.46045157313346863	1.118878722190857
David	4316	David	0	distilbert/distilgpt2	distilbert/distilgpt2	False	1.0	0.0
Ġsupported	4316	 supported	1	distilbert/distilgpt2	distilbert/distilgpt2	False	7.788058837832068e-07	20.292232513427734
ĠSarah	4316	 Sarah	2	distilbert/distilgpt2	distilbert/distilgpt2	False	3.8666767068207264e-05	14.658546447753906
Ġbecause	4316	 because	3	distilbert/distilgpt2	distilbert/distilgpt2	False	0.00019572812016122043	12.31886100769043
Ġshe	4316	 she	4	distilbert/distilgpt2	distilbert/distilgpt2	False	0.4502755105495453	1.1511200666427612
Sarah	4317	Sarah	0	distilbert/distilgpt2	distilbert/distilgpt2	False	1.0	0.0
Ġsupported	4317	 supported	1	distilbert/distilgpt2	distilbert/distilgpt2	False	7.572021445412247e-07	20.33281898498535
ĠMary	4317	 Mary	2	distilbert/distilgpt2	distilbert/distilgpt2	False	8.044172136578709e-05	13.601696014404297
Ġbecause	4317	 because	3	distilbert/distilgpt2	distilbert/distilgpt2	False	0.00026707130018621683	11.870487213134766
Ġshe	4317	 she	4	distilbert/distilgpt2	distilbert/distilgpt2	False	0.40745416283607483	1.2952903509140015
John	4318	John	0	distilbert/distilgpt2	distilbert/distilgpt2	False	1.0	0.0
Ġsupported	4318	 supported	1	distilbert/distilgpt2	distilbert/distilgpt2	False	6.938644219189882e-07	20.458843231201172
ĠMary	4318	 Mary	2	distilbert/distilgpt2	distilbert/distilgpt2	False	8.098956459434703e-05	13.591904640197754
Ġbecause	4318	 because	3	distilbert/distilgpt2	distilbert/distilgpt2	False	0.0002856760402210057	11.773332595825195
Ġshe	4318	 she	4	distilbert/distilgpt2	distilbert/distilgpt2	False	0.41783615946769714	1.25899076461792
Sarah	4319	Sarah	0	distilbert/distilgpt2	distilbert/distilgpt2	False	1.0	0.0
Ġsupported	4319	 supported	1	distilbert/distilgpt2	distilbert/distilgpt2	False	7.572021445412247e-07	20.33281898498535
ĠMary	4319	 Mary	2	distilbert/distilgpt2	distilbert/distilgpt2	False	8.044172136578709e-05	13.601696014404297
Ġbecause	4319	 because	3	distilbert/distilgpt2	distilbert/distilgpt2	False	0.00026707130018621683	11.870487213134766
Ġshe	4319	 she	4	distilbert/distilgpt2	distilbert/distilgpt2	False	0.40745416283607483	1.2952903509140015
David	4320	David	0	distilbert/distilgpt2	distilbert/distilgpt2	False	1.0	0.0
Ġsupported	4320	 supported	1	distilbert/distilgpt2	distilbert/distilgpt2	False	7.788058837832068e-07	20.292232513427734
ĠMary	4320	 Mary	2	distilbert/distilgpt2	distilbert/distilgpt2	False	8.177359268302098e-05	13.57800579071045
Ġbecause	4320	 because	3	distilbert/distilgpt2	distilbert/distilgpt2	False	0.00015538277511950582	12.651885986328125
Ġshe	4320	 she	4	distilbert/distilgpt2	distilbert/distilgpt2	False	0.4154185950756073	1.267362356185913
John	4321	John	0	distilbert/distilgpt2	distilbert/distilgpt2	False	1.0	0.0
Ġsurprised	4321	 surprised	1	distilbert/distilgpt2	distilbert/distilgpt2	False	2.8303296062404115e-07	21.752527236938477
ĠDavid	4321	 David	2	distilbert/distilgpt2	distilbert/distilgpt2	False	0.0001577654475113377	12.629931449890137
Ġbecause	4321	 because	3	distilbert/distilgpt2	distilbert/distilgpt2	False	0.0009355502552352846	10.061897277832031
Ġhe	4321	 he	4	distilbert/distilgpt2	distilbert/distilgpt2	False	0.46114709973335266	1.1167011260986328
Mary	4322	Mary	0	distilbert/distilgpt2	distilbert/distilgpt2	False	1.0	0.0
Ġsurprised	4322	 surprised	1	distilbert/distilgpt2	distilbert/distilgpt2	False	3.5306652534927707e-07	21.433557510375977
ĠDavid	4322	 David	2	distilbert/distilgpt2	distilbert/distilgpt2	False	0.00011159902351209894	13.129387855529785
Ġbecause	4322	 because	3	distilbert/distilgpt2	distilbert/distilgpt2	False	0.0015292610041797161	9.352950096130371
Ġhe	4322	 he	4	distilbert/distilgpt2	distilbert/distilgpt2	False	0.4535387456417084	1.1407023668289185
John	4323	John	0	distilbert/distilgpt2	distilbert/distilgpt2	False	1.0	0.0
Ġsurprised	4323	 surprised	1	distilbert/distilgpt2	distilbert/distilgpt2	False	2.8303296062404115e-07	21.752527236938477
ĠDavid	4323	 David	2	distilbert/distilgpt2	distilbert/distilgpt2	False	0.0001577654475113377	12.629931449890137
Ġbecause	4323	 because	3	distilbert/distilgpt2	distilbert/distilgpt2	False	0.0009355502552352846	10.061897277832031
Ġhe	4323	 he	4	distilbert/distilgpt2	distilbert/distilgpt2	False	0.46114709973335266	1.1167011260986328
Sarah	4324	Sarah	0	distilbert/distilgpt2	distilbert/distilgpt2	False	1.0	0.0
Ġsurprised	4324	 surprised	1	distilbert/distilgpt2	distilbert/distilgpt2	False	3.112807291927311e-07	21.615280151367188
ĠDavid	4324	 David	2	distilbert/distilgpt2	distilbert/distilgpt2	False	0.00015875250392127782	12.620932579040527
Ġbecause	4324	 because	3	distilbert/distilgpt2	distilbert/distilgpt2	False	0.000921163591556251	10.08425521850586
Ġhe	4324	 he	4	distilbert/distilgpt2	distilbert/distilgpt2	False	0.4547708332538605	1.1367883682250977
David	4325	David	0	distilbert/distilgpt2	distilbert/distilgpt2	False	1.0	0.0
Ġsurprised	4325	 surprised	1	distilbert/distilgpt2	distilbert/distilgpt2	False	3.619477126903803e-07	21.397714614868164
ĠJohn	4325	 John	2	distilbert/distilgpt2	distilbert/distilgpt2	False	0.00032885625842027366	11.570255279541016
Ġbecause	4325	 because	3	distilbert/distilgpt2	distilbert/distilgpt2	False	0.0017438404029235244	9.1635160446167
Ġhe	4325	 he	4	distilbert/distilgpt2	distilbert/distilgpt2	False	0.45991867780685425	1.1205493211746216
Mary	4326	Mary	0	distilbert/distilgpt2	distilbert/distilgpt2	False	1.0	0.0
Ġsurprised	4326	 surprised	1	distilbert/distilgpt2	distilbert/distilgpt2	False	3.5306652534927707e-07	21.433557510375977
ĠJohn	4326	 John	2	distilbert/distilgpt2	distilbert/distilgpt2	False	0.00020694687555078417	12.238451957702637
Ġbecause	4326	 because	3	distilbert/distilgpt2	distilbert/distilgpt2	False	0.003158718580380082	8.306445121765137
Ġhe	4326	 he	4	distilbert/distilgpt2	distilbert/distilgpt2	False	0.4578690230846405	1.126993179321289
David	4327	David	0	distilbert/distilgpt2	distilbert/distilgpt2	False	1.0	0.0
Ġsurprised	4327	 surprised	1	distilbert/distilgpt2	distilbert/distilgpt2	False	3.619477126903803e-07	21.397714614868164
ĠJohn	4327	 John	2	distilbert/distilgpt2	distilbert/distilgpt2	False	0.00032885625842027366	11.570255279541016
Ġbecause	4327	 because	3	distilbert/distilgpt2	distilbert/distilgpt2	False	0.0017438404029235244	9.1635160446167
Ġhe	4327	 he	4	distilbert/distilgpt2	distilbert/distilgpt2	False	0.45991867780685425	1.1205493211746216
Sarah	4328	Sarah	0	distilbert/distilgpt2	distilbert/distilgpt2	False	1.0	0.0
Ġsurprised	4328	 surprised	1	distilbert/distilgpt2	distilbert/distilgpt2	False	3.112807291927311e-07	21.615280151367188
ĠJohn	4328	 John	2	distilbert/distilgpt2	distilbert/distilgpt2	False	0.0002666506334207952	11.872761726379395
Ġbecause	4328	 because	3	distilbert/distilgpt2	distilbert/distilgpt2	False	0.003571761306375265	8.129148483276367
Ġhe	4328	 he	4	distilbert/distilgpt2	distilbert/distilgpt2	False	0.4503477215766907	1.1508888006210327
Mary	4329	Mary	0	distilbert/distilgpt2	distilbert/distilgpt2	False	1.0	0.0
Ġsurprised	4329	 surprised	1	distilbert/distilgpt2	distilbert/distilgpt2	False	3.5306652534927707e-07	21.433557510375977
ĠSarah	4329	 Sarah	2	distilbert/distilgpt2	distilbert/distilgpt2	False	5.611829328699969e-05	14.121169090270996
Ġbecause	4329	 because	3	distilbert/distilgpt2	distilbert/distilgpt2	False	0.00507584773004055	7.622135639190674
Ġshe	4329	 she	4	distilbert/distilgpt2	distilbert/distilgpt2	False	0.5298090577125549	0.9164556264877319
John	4330	John	0	distilbert/distilgpt2	distilbert/distilgpt2	False	1.0	0.0
Ġsurprised	4330	 surprised	1	distilbert/distilgpt2	distilbert/distilgpt2	False	2.8303296062404115e-07	21.752527236938477
ĠSarah	4330	 Sarah	2	distilbert/distilgpt2	distilbert/distilgpt2	False	5.297458483255468e-05	14.204339981079102
Ġbecause	4330	 because	3	distilbert/distilgpt2	distilbert/distilgpt2	False	0.003383893519639969	8.207099914550781
Ġshe	4330	 she	4	distilbert/distilgpt2	distilbert/distilgpt2	False	0.5052506327629089	0.9849287867546082
Mary	4331	Mary	0	distilbert/distilgpt2	distilbert/distilgpt2	False	1.0	0.0
Ġsurprised	4331	 surprised	1	distilbert/distilgpt2	distilbert/distilgpt2	False	3.5306652534927707e-07	21.433557510375977
ĠSarah	4331	 Sarah	2	distilbert/distilgpt2	distilbert/distilgpt2	False	5.611829328699969e-05	14.121169090270996
Ġbecause	4331	 because	3	distilbert/distilgpt2	distilbert/distilgpt2	False	0.00507584773004055	7.622135639190674
Ġshe	4331	 she	4	distilbert/distilgpt2	distilbert/distilgpt2	False	0.5298090577125549	0.9164556264877319
David	4332	David	0	distilbert/distilgpt2	distilbert/distilgpt2	False	1.0	0.0
Ġsurprised	4332	 surprised	1	distilbert/distilgpt2	distilbert/distilgpt2	False	3.619477126903803e-07	21.397714614868164
ĠSarah	4332	 Sarah	2	distilbert/distilgpt2	distilbert/distilgpt2	False	5.356198380468413e-05	14.188430786132812
Ġbecause	4332	 because	3	distilbert/distilgpt2	distilbert/distilgpt2	False	0.0014345076633617282	9.445228576660156
Ġshe	4332	 she	4	distilbert/distilgpt2	distilbert/distilgpt2	False	0.4908483922481537	1.0266506671905518
Sarah	4333	Sarah	0	distilbert/distilgpt2	distilbert/distilgpt2	False	1.0	0.0
Ġsurprised	4333	 surprised	1	distilbert/distilgpt2	distilbert/distilgpt2	False	3.112807291927311e-07	21.615280151367188
ĠMary	4333	 Mary	2	distilbert/distilgpt2	distilbert/distilgpt2	False	0.0001980528759304434	12.301826477050781
Ġbecause	4333	 because	3	distilbert/distilgpt2	distilbert/distilgpt2	False	0.002128012478351593	8.876277923583984
Ġshe	4333	 she	4	distilbert/distilgpt2	distilbert/distilgpt2	False	0.4587939977645874	1.1240816116333008
John	4334	John	0	distilbert/distilgpt2	distilbert/distilgpt2	False	1.0	0.0
Ġsurprised	4334	 surprised	1	distilbert/distilgpt2	distilbert/distilgpt2	False	2.8303296062404115e-07	21.752527236938477
ĠMary	4334	 Mary	2	distilbert/distilgpt2	distilbert/distilgpt2	False	0.00012042703747283667	13.019553184509277
Ġbecause	4334	 because	3	distilbert/distilgpt2	distilbert/distilgpt2	False	0.0030315660405904055	8.365720748901367
Ġshe	4334	 she	4	distilbert/distilgpt2	distilbert/distilgpt2	False	0.47073209285736084	1.0870219469070435
Sarah	4335	Sarah	0	distilbert/distilgpt2	distilbert/distilgpt2	False	1.0	0.0
Ġsurprised	4335	 surprised	1	distilbert/distilgpt2	distilbert/distilgpt2	False	3.112807291927311e-07	21.615280151367188
ĠMary	4335	 Mary	2	distilbert/distilgpt2	distilbert/distilgpt2	False	0.0001980528759304434	12.301826477050781
Ġbecause	4335	 because	3	distilbert/distilgpt2	distilbert/distilgpt2	False	0.002128012478351593	8.876277923583984
Ġshe	4335	 she	4	distilbert/distilgpt2	distilbert/distilgpt2	False	0.4587939977645874	1.1240816116333008
David	4336	David	0	distilbert/distilgpt2	distilbert/distilgpt2	False	1.0	0.0
Ġsurprised	4336	 surprised	1	distilbert/distilgpt2	distilbert/distilgpt2	False	3.619477126903803e-07	21.397714614868164
ĠMary	4336	 Mary	2	distilbert/distilgpt2	distilbert/distilgpt2	False	0.00011773150617955253	13.05221176147461
Ġbecause	4336	 because	3	distilbert/distilgpt2	distilbert/distilgpt2	False	0.0013436895096674562	9.539584159851074
Ġshe	4336	 she	4	distilbert/distilgpt2	distilbert/distilgpt2	False	0.4524483382701874	1.1441750526428223
John	4337	John	0	distilbert/distilgpt2	distilbert/distilgpt2	False	1.0	0.0
Ġt	4337	 tailed	1	distilbert/distilgpt2	distilbert/distilgpt2	False	2.7584153940551914e-05	15.145800590515137
ailed	4337	 tailed	1	distilbert/distilgpt2	distilbert/distilgpt2	False	0.0004959495272487402	10.977519035339355
ĠDavid	4337	 David	2	distilbert/distilgpt2	distilbert/distilgpt2	False	6.920979649294168e-05	13.81866455078125
Ġbecause	4337	 because	3	distilbert/distilgpt2	distilbert/distilgpt2	False	0.0005729915574193001	10.769198417663574
Ġhe	4337	 he	4	distilbert/distilgpt2	distilbert/distilgpt2	False	0.49647796154022217	1.0101984739303589
Mary	4338	Mary	0	distilbert/distilgpt2	distilbert/distilgpt2	False	1.0	0.0
Ġt	4338	 tailed	1	distilbert/distilgpt2	distilbert/distilgpt2	False	2.7444271836429834e-05	15.153135299682617
ailed	4338	 tailed	1	distilbert/distilgpt2	distilbert/distilgpt2	False	0.0009588109096512198	10.026466369628906
ĠDavid	4338	 David	2	distilbert/distilgpt2	distilbert/distilgpt2	False	4.220659320708364e-05	14.532172203063965
Ġbecause	4338	 because	3	distilbert/distilgpt2	distilbert/distilgpt2	False	0.0007708146004006267	10.341328620910645
Ġhe	4338	 he	4	distilbert/distilgpt2	distilbert/distilgpt2	False	0.5019424557685852	0.9944061636924744
John	4339	John	0	distilbert/distilgpt2	distilbert/distilgpt2	False	1.0	0.0
Ġt	4339	 tailed	1	distilbert/distilgpt2	distilbert/distilgpt2	False	2.7584153940551914e-05	15.145800590515137
ailed	4339	 tailed	1	distilbert/distilgpt2	distilbert/distilgpt2	False	0.0004959495272487402	10.977519035339355
ĠDavid	4339	 David	2	distilbert/distilgpt2	distilbert/distilgpt2	False	6.920979649294168e-05	13.81866455078125
Ġbecause	4339	 because	3	distilbert/distilgpt2	distilbert/distilgpt2	False	0.0005729915574193001	10.769198417663574
Ġhe	4339	 he	4	distilbert/distilgpt2	distilbert/distilgpt2	False	0.49647796154022217	1.0101984739303589
Sarah	4340	Sarah	0	distilbert/distilgpt2	distilbert/distilgpt2	False	1.0	0.0
Ġt	4340	 tailed	1	distilbert/distilgpt2	distilbert/distilgpt2	False	3.4851320378948e-05	14.808426856994629
ailed	4340	 tailed	1	distilbert/distilgpt2	distilbert/distilgpt2	False	0.0007731716614216566	10.336923599243164
ĠDavid	4340	 David	2	distilbert/distilgpt2	distilbert/distilgpt2	False	8.556569082429633e-05	13.51260757446289
Ġbecause	4340	 because	3	distilbert/distilgpt2	distilbert/distilgpt2	False	0.0005262038903310895	10.892090797424316
Ġhe	4340	 he	4	distilbert/distilgpt2	distilbert/distilgpt2	False	0.52055424451828	0.9418796896934509
David	4341	David	0	distilbert/distilgpt2	distilbert/distilgpt2	False	1.0	0.0
Ġt	4341	 tailed	1	distilbert/distilgpt2	distilbert/distilgpt2	False	2.9563774660346098e-05	15.045809745788574
ailed	4341	 tailed	1	distilbert/distilgpt2	distilbert/distilgpt2	False	0.0006024462054483593	10.696880340576172
ĠJohn	4341	 John	2	distilbert/distilgpt2	distilbert/distilgpt2	False	0.00027170273824594915	11.845683097839355
Ġbecause	4341	 because	3	distilbert/distilgpt2	distilbert/distilgpt2	False	0.001268693245947361	9.622441291809082
Ġhe	4341	 he	4	distilbert/distilgpt2	distilbert/distilgpt2	False	0.5071213841438293	0.9795970916748047
Mary	4342	Mary	0	distilbert/distilgpt2	distilbert/distilgpt2	False	1.0	0.0
Ġt	4342	 tailed	1	distilbert/distilgpt2	distilbert/distilgpt2	False	2.7444271836429834e-05	15.153135299682617
ailed	4342	 tailed	1	distilbert/distilgpt2	distilbert/distilgpt2	False	0.0009588109096512198	10.026466369628906
ĠJohn	4342	 John	2	distilbert/distilgpt2	distilbert/distilgpt2	False	0.00016228272579610348	12.589202880859375
Ġbecause	4342	 because	3	distilbert/distilgpt2	distilbert/distilgpt2	False	0.0015553259290754795	9.328567504882812
Ġhe	4342	 he	4	distilbert/distilgpt2	distilbert/distilgpt2	False	0.507027804851532	0.9798632264137268
David	4343	David	0	distilbert/distilgpt2	distilbert/distilgpt2	False	1.0	0.0
Ġt	4343	 tailed	1	distilbert/distilgpt2	distilbert/distilgpt2	False	2.9563774660346098e-05	15.045809745788574
ailed	4343	 tailed	1	distilbert/distilgpt2	distilbert/distilgpt2	False	0.0006024462054483593	10.696880340576172
ĠJohn	4343	 John	2	distilbert/distilgpt2	distilbert/distilgpt2	False	0.00027170273824594915	11.845683097839355
Ġbecause	4343	 because	3	distilbert/distilgpt2	distilbert/distilgpt2	False	0.001268693245947361	9.622441291809082
Ġhe	4343	 he	4	distilbert/distilgpt2	distilbert/distilgpt2	False	0.5071213841438293	0.9795970916748047
Sarah	4344	Sarah	0	distilbert/distilgpt2	distilbert/distilgpt2	False	1.0	0.0
Ġt	4344	 tailed	1	distilbert/distilgpt2	distilbert/distilgpt2	False	3.4851320378948e-05	14.808426856994629
ailed	4344	 tailed	1	distilbert/distilgpt2	distilbert/distilgpt2	False	0.0007731716614216566	10.336923599243164
ĠJohn	4344	 John	2	distilbert/distilgpt2	distilbert/distilgpt2	False	0.00022613839246332645	12.110506057739258
Ġbecause	4344	 because	3	distilbert/distilgpt2	distilbert/distilgpt2	False	0.0020326629746705294	8.942413330078125
Ġhe	4344	 he	4	distilbert/distilgpt2	distilbert/distilgpt2	False	0.5009296536445618	0.9973200559616089
Mary	4345	Mary	0	distilbert/distilgpt2	distilbert/distilgpt2	False	1.0	0.0
Ġt	4345	 tailed	1	distilbert/distilgpt2	distilbert/distilgpt2	False	2.7444271836429834e-05	15.153135299682617
ailed	4345	 tailed	1	distilbert/distilgpt2	distilbert/distilgpt2	False	0.0009588109096512198	10.026466369628906
ĠSarah	4345	 Sarah	2	distilbert/distilgpt2	distilbert/distilgpt2	False	1.1112783795397263e-05	16.457420349121094
Ġbecause	4345	 because	3	distilbert/distilgpt2	distilbert/distilgpt2	False	0.002265977906063199	8.785650253295898
Ġshe	4345	 she	4	distilbert/distilgpt2	distilbert/distilgpt2	False	0.5526953339576721	0.8554436564445496
John	4346	John	0	distilbert/distilgpt2	distilbert/distilgpt2	False	1.0	0.0
Ġt	4346	 tailed	1	distilbert/distilgpt2	distilbert/distilgpt2	False	2.7584153940551914e-05	15.145800590515137
ailed	4346	 tailed	1	distilbert/distilgpt2	distilbert/distilgpt2	False	0.0004959495272487402	10.977519035339355
ĠSarah	4346	 Sarah	2	distilbert/distilgpt2	distilbert/distilgpt2	False	1.0369224582973402e-05	16.55733299255371
Ġbecause	4346	 because	3	distilbert/distilgpt2	distilbert/distilgpt2	False	0.0016556744230911136	9.238365173339844
Ġshe	4346	 she	4	distilbert/distilgpt2	distilbert/distilgpt2	False	0.5268745422363281	0.9244686365127563
Mary	4347	Mary	0	distilbert/distilgpt2	distilbert/distilgpt2	False	1.0	0.0
Ġt	4347	 tailed	1	distilbert/distilgpt2	distilbert/distilgpt2	False	2.7444271836429834e-05	15.153135299682617
ailed	4347	 tailed	1	distilbert/distilgpt2	distilbert/distilgpt2	False	0.0009588109096512198	10.026466369628906
ĠSarah	4347	 Sarah	2	distilbert/distilgpt2	distilbert/distilgpt2	False	1.1112783795397263e-05	16.457420349121094
Ġbecause	4347	 because	3	distilbert/distilgpt2	distilbert/distilgpt2	False	0.002265977906063199	8.785650253295898
Ġshe	4347	 she	4	distilbert/distilgpt2	distilbert/distilgpt2	False	0.5526953339576721	0.8554436564445496
David	4348	David	0	distilbert/distilgpt2	distilbert/distilgpt2	False	1.0	0.0
Ġt	4348	 tailed	1	distilbert/distilgpt2	distilbert/distilgpt2	False	2.9563774660346098e-05	15.045809745788574
ailed	4348	 tailed	1	distilbert/distilgpt2	distilbert/distilgpt2	False	0.0006024462054483593	10.696880340576172
ĠSarah	4348	 Sarah	2	distilbert/distilgpt2	distilbert/distilgpt2	False	1.0249875231238548e-05	16.574033737182617
Ġbecause	4348	 because	3	distilbert/distilgpt2	distilbert/distilgpt2	False	0.0009381488198414445	10.05789566040039
Ġshe	4348	 she	4	distilbert/distilgpt2	distilbert/distilgpt2	False	0.5515260100364685	0.8584992289543152
Sarah	4349	Sarah	0	distilbert/distilgpt2	distilbert/distilgpt2	False	1.0	0.0
Ġt	4349	 tailed	1	distilbert/distilgpt2	distilbert/distilgpt2	False	3.4851320378948e-05	14.808426856994629
ailed	4349	 tailed	1	distilbert/distilgpt2	distilbert/distilgpt2	False	0.0007731716614216566	10.336923599243164
ĠMary	4349	 Mary	2	distilbert/distilgpt2	distilbert/distilgpt2	False	6.977490556892008e-05	13.80693244934082
Ġbecause	4349	 because	3	distilbert/distilgpt2	distilbert/distilgpt2	False	0.0016691813943907619	9.226643562316895
Ġshe	4349	 she	4	distilbert/distilgpt2	distilbert/distilgpt2	False	0.49530062079429626	1.0136237144470215
John	4350	John	0	distilbert/distilgpt2	distilbert/distilgpt2	False	1.0	0.0
Ġt	4350	 tailed	1	distilbert/distilgpt2	distilbert/distilgpt2	False	2.7584153940551914e-05	15.145800590515137
ailed	4350	 tailed	1	distilbert/distilgpt2	distilbert/distilgpt2	False	0.0004959495272487402	10.977519035339355
ĠMary	4350	 Mary	2	distilbert/distilgpt2	distilbert/distilgpt2	False	4.487378828343935e-05	14.443767547607422
Ġbecause	4350	 because	3	distilbert/distilgpt2	distilbert/distilgpt2	False	0.002388824475929141	8.70948314666748
Ġshe	4350	 she	4	distilbert/distilgpt2	distilbert/distilgpt2	False	0.47308439016342163	1.079830527305603
Sarah	4351	Sarah	0	distilbert/distilgpt2	distilbert/distilgpt2	False	1.0	0.0
Ġt	4351	 tailed	1	distilbert/distilgpt2	distilbert/distilgpt2	False	3.4851320378948e-05	14.808426856994629
ailed	4351	 tailed	1	distilbert/distilgpt2	distilbert/distilgpt2	False	0.0007731716614216566	10.336923599243164
ĠMary	4351	 Mary	2	distilbert/distilgpt2	distilbert/distilgpt2	False	6.977490556892008e-05	13.80693244934082
Ġbecause	4351	 because	3	distilbert/distilgpt2	distilbert/distilgpt2	False	0.0016691813943907619	9.226643562316895
Ġshe	4351	 she	4	distilbert/distilgpt2	distilbert/distilgpt2	False	0.49530062079429626	1.0136237144470215
David	4352	David	0	distilbert/distilgpt2	distilbert/distilgpt2	False	1.0	0.0
Ġt	4352	 tailed	1	distilbert/distilgpt2	distilbert/distilgpt2	False	2.9563774660346098e-05	15.045809745788574
ailed	4352	 tailed	1	distilbert/distilgpt2	distilbert/distilgpt2	False	0.0006024462054483593	10.696880340576172
ĠMary	4352	 Mary	2	distilbert/distilgpt2	distilbert/distilgpt2	False	3.7192490708548576e-05	14.714629173278809
Ġbecause	4352	 because	3	distilbert/distilgpt2	distilbert/distilgpt2	False	0.001486494904384017	9.393869400024414
Ġshe	4352	 she	4	distilbert/distilgpt2	distilbert/distilgpt2	False	0.5064661502838135	0.9814621806144714
John	4353	John	0	distilbert/distilgpt2	distilbert/distilgpt2	False	1.0	0.0
Ġtantal	4353	 tantalized	1	distilbert/distilgpt2	distilbert/distilgpt2	False	5.404388492280532e-09	27.463220596313477
ized	4353	 tantalized	1	distilbert/distilgpt2	distilbert/distilgpt2	False	0.06113917753100395	4.031758785247803
ĠDavid	4353	 David	2	distilbert/distilgpt2	distilbert/distilgpt2	False	0.0003664897521957755	11.413939476013184
Ġbecause	4353	 because	3	distilbert/distilgpt2	distilbert/distilgpt2	False	0.000276887760264799	11.818410873413086
Ġhe	4353	 he	4	distilbert/distilgpt2	distilbert/distilgpt2	False	0.3570828437805176	1.4856693744659424
Mary	4354	Mary	0	distilbert/distilgpt2	distilbert/distilgpt2	False	1.0	0.0
Ġtantal	4354	 tantalized	1	distilbert/distilgpt2	distilbert/distilgpt2	False	5.573570938111061e-09	27.418750762939453
ized	4354	 tantalized	1	distilbert/distilgpt2	distilbert/distilgpt2	False	0.08042039722204208	3.6362948417663574
ĠDavid	4354	 David	2	distilbert/distilgpt2	distilbert/distilgpt2	False	0.00021226360695436597	12.201855659484863
Ġbecause	4354	 because	3	distilbert/distilgpt2	distilbert/distilgpt2	False	0.0006469129584729671	10.594141006469727
Ġhe	4354	 he	4	distilbert/distilgpt2	distilbert/distilgpt2	False	0.35837072134017944	1.4804753065109253
John	4355	John	0	distilbert/distilgpt2	distilbert/distilgpt2	False	1.0	0.0
Ġtantal	4355	 tantalized	1	distilbert/distilgpt2	distilbert/distilgpt2	False	5.404388492280532e-09	27.463220596313477
ized	4355	 tantalized	1	distilbert/distilgpt2	distilbert/distilgpt2	False	0.06113917753100395	4.031758785247803
ĠDavid	4355	 David	2	distilbert/distilgpt2	distilbert/distilgpt2	False	0.0003664897521957755	11.413939476013184
Ġbecause	4355	 because	3	distilbert/distilgpt2	distilbert/distilgpt2	False	0.000276887760264799	11.818410873413086
Ġhe	4355	 he	4	distilbert/distilgpt2	distilbert/distilgpt2	False	0.3570828437805176	1.4856693744659424
Sarah	4356	Sarah	0	distilbert/distilgpt2	distilbert/distilgpt2	False	1.0	0.0
Ġtantal	4356	 tantalized	1	distilbert/distilgpt2	distilbert/distilgpt2	False	5.089217491871523e-09	27.549909591674805
ized	4356	 tantalized	1	distilbert/distilgpt2	distilbert/distilgpt2	False	0.07410982996225357	3.7541913986206055
ĠDavid	4356	 David	2	distilbert/distilgpt2	distilbert/distilgpt2	False	0.00020216067787259817	12.272210121154785
Ġbecause	4356	 because	3	distilbert/distilgpt2	distilbert/distilgpt2	False	0.00032113047200255096	11.604552268981934
Ġhe	4356	 he	4	distilbert/distilgpt2	distilbert/distilgpt2	False	0.358001172542572	1.481963872909546
David	4357	David	0	distilbert/distilgpt2	distilbert/distilgpt2	False	1.0	0.0
Ġtantal	4357	 tantalized	1	distilbert/distilgpt2	distilbert/distilgpt2	False	5.76920378136947e-09	27.368980407714844
ized	4357	 tantalized	1	distilbert/distilgpt2	distilbert/distilgpt2	False	0.09099560976028442	3.458059310913086
ĠJohn	4357	 John	2	distilbert/distilgpt2	distilbert/distilgpt2	False	0.0007848823443055153	10.31523609161377
Ġbecause	4357	 because	3	distilbert/distilgpt2	distilbert/distilgpt2	False	0.00042965944157913327	11.184518814086914
Ġhe	4357	 he	4	distilbert/distilgpt2	distilbert/distilgpt2	False	0.355243057012558	1.4931217432022095
Mary	4358	Mary	0	distilbert/distilgpt2	distilbert/distilgpt2	False	1.0	0.0
Ġtantal	4358	 tantalized	1	distilbert/distilgpt2	distilbert/distilgpt2	False	5.573570938111061e-09	27.418750762939453
ized	4358	 tantalized	1	distilbert/distilgpt2	distilbert/distilgpt2	False	0.08042039722204208	3.6362948417663574
ĠJohn	4358	 John	2	distilbert/distilgpt2	distilbert/distilgpt2	False	0.0003261222445871681	11.58229923248291
Ġbecause	4358	 because	3	distilbert/distilgpt2	distilbert/distilgpt2	False	0.0008551768260076642	10.191489219665527
Ġhe	4358	 he	4	distilbert/distilgpt2	distilbert/distilgpt2	False	0.3821784257888794	1.3876818418502808
David	4359	David	0	distilbert/distilgpt2	distilbert/distilgpt2	False	1.0	0.0
Ġtantal	4359	 tantalized	1	distilbert/distilgpt2	distilbert/distilgpt2	False	5.76920378136947e-09	27.368980407714844
ized	4359	 tantalized	1	distilbert/distilgpt2	distilbert/distilgpt2	False	0.09099560976028442	3.458059310913086
ĠJohn	4359	 John	2	distilbert/distilgpt2	distilbert/distilgpt2	False	0.0007848823443055153	10.31523609161377
Ġbecause	4359	 because	3	distilbert/distilgpt2	distilbert/distilgpt2	False	0.00042965944157913327	11.184518814086914
Ġhe	4359	 he	4	distilbert/distilgpt2	distilbert/distilgpt2	False	0.355243057012558	1.4931217432022095
Sarah	4360	Sarah	0	distilbert/distilgpt2	distilbert/distilgpt2	False	1.0	0.0
Ġtantal	4360	 tantalized	1	distilbert/distilgpt2	distilbert/distilgpt2	False	5.089217491871523e-09	27.549909591674805
ized	4360	 tantalized	1	distilbert/distilgpt2	distilbert/distilgpt2	False	0.07410982996225357	3.7541913986206055
ĠJohn	4360	 John	2	distilbert/distilgpt2	distilbert/distilgpt2	False	0.00024964846670627594	11.967814445495605
Ġbecause	4360	 because	3	distilbert/distilgpt2	distilbert/distilgpt2	False	0.0009761294932104647	10.000639915466309
Ġhe	4360	 he	4	distilbert/distilgpt2	distilbert/distilgpt2	False	0.3574643135070801	1.4841289520263672
Mary	4361	Mary	0	distilbert/distilgpt2	distilbert/distilgpt2	False	1.0	0.0
Ġtantal	4361	 tantalized	1	distilbert/distilgpt2	distilbert/distilgpt2	False	5.573570938111061e-09	27.418750762939453
ized	4361	 tantalized	1	distilbert/distilgpt2	distilbert/distilgpt2	False	0.08042039722204208	3.6362948417663574
ĠSarah	4361	 Sarah	2	distilbert/distilgpt2	distilbert/distilgpt2	False	6.420552381314337e-05	13.926942825317383
Ġbecause	4361	 because	3	distilbert/distilgpt2	distilbert/distilgpt2	False	0.001838449272327125	9.087294578552246
Ġshe	4361	 she	4	distilbert/distilgpt2	distilbert/distilgpt2	False	0.45750489830970764	1.128140926361084
John	4362	John	0	distilbert/distilgpt2	distilbert/distilgpt2	False	1.0	0.0
Ġtantal	4362	 tantalized	1	distilbert/distilgpt2	distilbert/distilgpt2	False	5.404388492280532e-09	27.463220596313477
ized	4362	 tantalized	1	distilbert/distilgpt2	distilbert/distilgpt2	False	0.06113917753100395	4.031758785247803
ĠSarah	4362	 Sarah	2	distilbert/distilgpt2	distilbert/distilgpt2	False	7.194566569523886e-05	13.76273250579834
Ġbecause	4362	 because	3	distilbert/distilgpt2	distilbert/distilgpt2	False	0.0010693310759961605	9.869075775146484
Ġshe	4362	 she	4	distilbert/distilgpt2	distilbert/distilgpt2	False	0.4129056930541992	1.2761157751083374
Mary	4363	Mary	0	distilbert/distilgpt2	distilbert/distilgpt2	False	1.0	0.0
Ġtantal	4363	 tantalized	1	distilbert/distilgpt2	distilbert/distilgpt2	False	5.573570938111061e-09	27.418750762939453
ized	4363	 tantalized	1	distilbert/distilgpt2	distilbert/distilgpt2	False	0.08042039722204208	3.6362948417663574
ĠSarah	4363	 Sarah	2	distilbert/distilgpt2	distilbert/distilgpt2	False	6.420552381314337e-05	13.926942825317383
Ġbecause	4363	 because	3	distilbert/distilgpt2	distilbert/distilgpt2	False	0.001838449272327125	9.087294578552246
Ġshe	4363	 she	4	distilbert/distilgpt2	distilbert/distilgpt2	False	0.45750489830970764	1.128140926361084
David	4364	David	0	distilbert/distilgpt2	distilbert/distilgpt2	False	1.0	0.0
Ġtantal	4364	 tantalized	1	distilbert/distilgpt2	distilbert/distilgpt2	False	5.76920378136947e-09	27.368980407714844
ized	4364	 tantalized	1	distilbert/distilgpt2	distilbert/distilgpt2	False	0.09099560976028442	3.458059310913086
ĠSarah	4364	 Sarah	2	distilbert/distilgpt2	distilbert/distilgpt2	False	8.495828660670668e-05	13.5228853225708
Ġbecause	4364	 because	3	distilbert/distilgpt2	distilbert/distilgpt2	False	0.0007456701714545488	10.389174461364746
Ġshe	4364	 she	4	distilbert/distilgpt2	distilbert/distilgpt2	False	0.3984679579734802	1.3274644613265991
Sarah	4365	Sarah	0	distilbert/distilgpt2	distilbert/distilgpt2	False	1.0	0.0
Ġtantal	4365	 tantalized	1	distilbert/distilgpt2	distilbert/distilgpt2	False	5.089217491871523e-09	27.549909591674805
ized	4365	 tantalized	1	distilbert/distilgpt2	distilbert/distilgpt2	False	0.07410982996225357	3.7541913986206055
ĠMary	4365	 Mary	2	distilbert/distilgpt2	distilbert/distilgpt2	False	0.00019840033201035112	12.299298286437988
Ġbecause	4365	 because	3	distilbert/distilgpt2	distilbert/distilgpt2	False	0.0005446784198284149	10.842308044433594
Ġshe	4365	 she	4	distilbert/distilgpt2	distilbert/distilgpt2	False	0.36802801489830017	1.4421125650405884
John	4366	John	0	distilbert/distilgpt2	distilbert/distilgpt2	False	1.0	0.0
Ġtantal	4366	 tantalized	1	distilbert/distilgpt2	distilbert/distilgpt2	False	5.404388492280532e-09	27.463220596313477
ized	4366	 tantalized	1	distilbert/distilgpt2	distilbert/distilgpt2	False	0.06113917753100395	4.031758785247803
ĠMary	4366	 Mary	2	distilbert/distilgpt2	distilbert/distilgpt2	False	0.00023594395315740258	12.049267768859863
Ġbecause	4366	 because	3	distilbert/distilgpt2	distilbert/distilgpt2	False	0.0009650117135606706	10.017166137695312
Ġshe	4366	 she	4	distilbert/distilgpt2	distilbert/distilgpt2	False	0.36155936121940613	1.4676955938339233
Sarah	4367	Sarah	0	distilbert/distilgpt2	distilbert/distilgpt2	False	1.0	0.0
Ġtantal	4367	 tantalized	1	distilbert/distilgpt2	distilbert/distilgpt2	False	5.089217491871523e-09	27.549909591674805
ized	4367	 tantalized	1	distilbert/distilgpt2	distilbert/distilgpt2	False	0.07410982996225357	3.7541913986206055
ĠMary	4367	 Mary	2	distilbert/distilgpt2	distilbert/distilgpt2	False	0.00019840033201035112	12.299298286437988
Ġbecause	4367	 because	3	distilbert/distilgpt2	distilbert/distilgpt2	False	0.0005446784198284149	10.842308044433594
Ġshe	4367	 she	4	distilbert/distilgpt2	distilbert/distilgpt2	False	0.36802801489830017	1.4421125650405884
David	4368	David	0	distilbert/distilgpt2	distilbert/distilgpt2	False	1.0	0.0
Ġtantal	4368	 tantalized	1	distilbert/distilgpt2	distilbert/distilgpt2	False	5.76920378136947e-09	27.368980407714844
ized	4368	 tantalized	1	distilbert/distilgpt2	distilbert/distilgpt2	False	0.09099560976028442	3.458059310913086
ĠMary	4368	 Mary	2	distilbert/distilgpt2	distilbert/distilgpt2	False	0.0002783550589811057	11.810786247253418
Ġbecause	4368	 because	3	distilbert/distilgpt2	distilbert/distilgpt2	False	0.000541565241292119	10.850577354431152
Ġshe	4368	 she	4	distilbert/distilgpt2	distilbert/distilgpt2	False	0.3509569466114044	1.5106340646743774
John	4369	John	0	distilbert/distilgpt2	distilbert/distilgpt2	False	1.0	0.0
Ġtele	4369	 telephoned	1	distilbert/distilgpt2	distilbert/distilgpt2	False	3.51649475760496e-07	21.43935775756836
ph	4369	 telephoned	1	distilbert/distilgpt2	distilbert/distilgpt2	False	0.08612584322690964	3.537410020828247
oned	4369	 telephoned	1	distilbert/distilgpt2	distilbert/distilgpt2	False	0.6474447846412659	0.6271709203720093
ĠDavid	4369	 David	2	distilbert/distilgpt2	distilbert/distilgpt2	False	0.001650627120397985	9.242770195007324
Ġbecause	4369	 because	3	distilbert/distilgpt2	distilbert/distilgpt2	False	0.00044220342533662915	11.1430025100708
Ġhe	4369	 he	4	distilbert/distilgpt2	distilbert/distilgpt2	False	0.44522222876548767	1.1674025058746338
Mary	4370	Mary	0	distilbert/distilgpt2	distilbert/distilgpt2	False	1.0	0.0
Ġtele	4370	 telephoned	1	distilbert/distilgpt2	distilbert/distilgpt2	False	3.154935370730527e-07	21.59588623046875
ph	4370	 telephoned	1	distilbert/distilgpt2	distilbert/distilgpt2	False	0.07457630336284637	3.7451388835906982
oned	4370	 telephoned	1	distilbert/distilgpt2	distilbert/distilgpt2	False	0.5379054546356201	0.8945754766464233
ĠDavid	4370	 David	2	distilbert/distilgpt2	distilbert/distilgpt2	False	0.0011836246121674776	9.722572326660156
Ġbecause	4370	 because	3	distilbert/distilgpt2	distilbert/distilgpt2	False	0.00041884390520863235	11.22130012512207
Ġhe	4370	 he	4	distilbert/distilgpt2	distilbert/distilgpt2	False	0.45700427889823914	1.1297204494476318
John	4371	John	0	distilbert/distilgpt2	distilbert/distilgpt2	False	1.0	0.0
Ġtele	4371	 telephoned	1	distilbert/distilgpt2	distilbert/distilgpt2	False	3.51649475760496e-07	21.43935775756836
ph	4371	 telephoned	1	distilbert/distilgpt2	distilbert/distilgpt2	False	0.08612584322690964	3.537410020828247
oned	4371	 telephoned	1	distilbert/distilgpt2	distilbert/distilgpt2	False	0.6474447846412659	0.6271709203720093
ĠDavid	4371	 David	2	distilbert/distilgpt2	distilbert/distilgpt2	False	0.001650627120397985	9.242770195007324
Ġbecause	4371	 because	3	distilbert/distilgpt2	distilbert/distilgpt2	False	0.00044220342533662915	11.1430025100708
Ġhe	4371	 he	4	distilbert/distilgpt2	distilbert/distilgpt2	False	0.44522222876548767	1.1674025058746338
Sarah	4372	Sarah	0	distilbert/distilgpt2	distilbert/distilgpt2	False	1.0	0.0
Ġtele	4372	 telephoned	1	distilbert/distilgpt2	distilbert/distilgpt2	False	3.402759602977312e-07	21.486791610717773
ph	4372	 telephoned	1	distilbert/distilgpt2	distilbert/distilgpt2	False	0.13083185255527496	2.9342141151428223
oned	4372	 telephoned	1	distilbert/distilgpt2	distilbert/distilgpt2	False	0.6134096384048462	0.7050772309303284
ĠDavid	4372	 David	2	distilbert/distilgpt2	distilbert/distilgpt2	False	0.0017220403533428907	9.181665420532227
Ġbecause	4372	 because	3	distilbert/distilgpt2	distilbert/distilgpt2	False	0.0003612616565078497	11.43466854095459
Ġhe	4372	 he	4	distilbert/distilgpt2	distilbert/distilgpt2	False	0.46438342332839966	1.1066116094589233
David	4373	David	0	distilbert/distilgpt2	distilbert/distilgpt2	False	1.0	0.0
Ġtele	4373	 telephoned	1	distilbert/distilgpt2	distilbert/distilgpt2	False	3.27430626612113e-07	21.542306900024414
ph	4373	 telephoned	1	distilbert/distilgpt2	distilbert/distilgpt2	False	0.09795497357845306	3.3517374992370605
oned	4373	 telephoned	1	distilbert/distilgpt2	distilbert/distilgpt2	False	0.6780766248703003	0.5604798793792725
ĠJohn	4373	 John	2	distilbert/distilgpt2	distilbert/distilgpt2	False	0.004781667143106461	7.70827054977417
Ġbecause	4373	 because	3	distilbert/distilgpt2	distilbert/distilgpt2	False	0.0005664053605869412	10.785877227783203
Ġhe	4373	 he	4	distilbert/distilgpt2	distilbert/distilgpt2	False	0.4347269833087921	1.2018184661865234
Mary	4374	Mary	0	distilbert/distilgpt2	distilbert/distilgpt2	False	1.0	0.0
Ġtele	4374	 telephoned	1	distilbert/distilgpt2	distilbert/distilgpt2	False	3.154935370730527e-07	21.59588623046875
ph	4374	 telephoned	1	distilbert/distilgpt2	distilbert/distilgpt2	False	0.07457630336284637	3.7451388835906982
oned	4374	 telephoned	1	distilbert/distilgpt2	distilbert/distilgpt2	False	0.5379054546356201	0.8945754766464233
ĠJohn	4374	 John	2	distilbert/distilgpt2	distilbert/distilgpt2	False	0.0028983529191464186	8.430550575256348
Ġbecause	4374	 because	3	distilbert/distilgpt2	distilbert/distilgpt2	False	0.0005602955352514982	10.80152416229248
Ġhe	4374	 he	4	distilbert/distilgpt2	distilbert/distilgpt2	False	0.45002952218055725	1.15190851688385
David	4375	David	0	distilbert/distilgpt2	distilbert/distilgpt2	False	1.0	0.0
Ġtele	4375	 telephoned	1	distilbert/distilgpt2	distilbert/distilgpt2	False	3.27430626612113e-07	21.542306900024414
ph	4375	 telephoned	1	distilbert/distilgpt2	distilbert/distilgpt2	False	0.09795497357845306	3.3517374992370605
oned	4375	 telephoned	1	distilbert/distilgpt2	distilbert/distilgpt2	False	0.6780766248703003	0.5604798793792725
ĠJohn	4375	 John	2	distilbert/distilgpt2	distilbert/distilgpt2	False	0.004781667143106461	7.70827054977417
Ġbecause	4375	 because	3	distilbert/distilgpt2	distilbert/distilgpt2	False	0.0005664053605869412	10.785877227783203
Ġhe	4375	 he	4	distilbert/distilgpt2	distilbert/distilgpt2	False	0.4347269833087921	1.2018184661865234
Sarah	4376	Sarah	0	distilbert/distilgpt2	distilbert/distilgpt2	False	1.0	0.0
Ġtele	4376	 telephoned	1	distilbert/distilgpt2	distilbert/distilgpt2	False	3.402759602977312e-07	21.486791610717773
ph	4376	 telephoned	1	distilbert/distilgpt2	distilbert/distilgpt2	False	0.13083185255527496	2.9342141151428223
oned	4376	 telephoned	1	distilbert/distilgpt2	distilbert/distilgpt2	False	0.6134096384048462	0.7050772309303284
ĠJohn	4376	 John	2	distilbert/distilgpt2	distilbert/distilgpt2	False	0.0036310700234025717	8.105389595031738
Ġbecause	4376	 because	3	distilbert/distilgpt2	distilbert/distilgpt2	False	0.0009152545826509595	10.093539237976074
Ġhe	4376	 he	4	distilbert/distilgpt2	distilbert/distilgpt2	False	0.4472310245037079	1.1609078645706177
Mary	4377	Mary	0	distilbert/distilgpt2	distilbert/distilgpt2	False	1.0	0.0
Ġtele	4377	 telephoned	1	distilbert/distilgpt2	distilbert/distilgpt2	False	3.154935370730527e-07	21.59588623046875
ph	4377	 telephoned	1	distilbert/distilgpt2	distilbert/distilgpt2	False	0.07457630336284637	3.7451388835906982
oned	4377	 telephoned	1	distilbert/distilgpt2	distilbert/distilgpt2	False	0.5379054546356201	0.8945754766464233
ĠSarah	4377	 Sarah	2	distilbert/distilgpt2	distilbert/distilgpt2	False	0.00035270629450678825	11.469244956970215
Ġbecause	4377	 because	3	distilbert/distilgpt2	distilbert/distilgpt2	False	0.0017299867467954755	9.175023078918457
Ġshe	4377	 she	4	distilbert/distilgpt2	distilbert/distilgpt2	False	0.47883322834968567	1.0624048709869385
John	4378	John	0	distilbert/distilgpt2	distilbert/distilgpt2	False	1.0	0.0
Ġtele	4378	 telephoned	1	distilbert/distilgpt2	distilbert/distilgpt2	False	3.51649475760496e-07	21.43935775756836
ph	4378	 telephoned	1	distilbert/distilgpt2	distilbert/distilgpt2	False	0.08612584322690964	3.537410020828247
oned	4378	 telephoned	1	distilbert/distilgpt2	distilbert/distilgpt2	False	0.6474447846412659	0.6271709203720093
ĠSarah	4378	 Sarah	2	distilbert/distilgpt2	distilbert/distilgpt2	False	0.00043445598566904664	11.168502807617188
Ġbecause	4378	 because	3	distilbert/distilgpt2	distilbert/distilgpt2	False	0.00155452371109277	9.32931137084961
Ġshe	4378	 she	4	distilbert/distilgpt2	distilbert/distilgpt2	False	0.4615519344806671	1.1154351234436035
Mary	4379	Mary	0	distilbert/distilgpt2	distilbert/distilgpt2	False	1.0	0.0
Ġtele	4379	 telephoned	1	distilbert/distilgpt2	distilbert/distilgpt2	False	3.154935370730527e-07	21.59588623046875
ph	4379	 telephoned	1	distilbert/distilgpt2	distilbert/distilgpt2	False	0.07457630336284637	3.7451388835906982
oned	4379	 telephoned	1	distilbert/distilgpt2	distilbert/distilgpt2	False	0.5379054546356201	0.8945754766464233
ĠSarah	4379	 Sarah	2	distilbert/distilgpt2	distilbert/distilgpt2	False	0.00035270629450678825	11.469244956970215
Ġbecause	4379	 because	3	distilbert/distilgpt2	distilbert/distilgpt2	False	0.0017299867467954755	9.175023078918457
Ġshe	4379	 she	4	distilbert/distilgpt2	distilbert/distilgpt2	False	0.47883322834968567	1.0624048709869385
David	4380	David	0	distilbert/distilgpt2	distilbert/distilgpt2	False	1.0	0.0
Ġtele	4380	 telephoned	1	distilbert/distilgpt2	distilbert/distilgpt2	False	3.27430626612113e-07	21.542306900024414
ph	4380	 telephoned	1	distilbert/distilgpt2	distilbert/distilgpt2	False	0.09795497357845306	3.3517374992370605
oned	4380	 telephoned	1	distilbert/distilgpt2	distilbert/distilgpt2	False	0.6780766248703003	0.5604798793792725
ĠSarah	4380	 Sarah	2	distilbert/distilgpt2	distilbert/distilgpt2	False	0.0004789788508787751	11.027750015258789
Ġbecause	4380	 because	3	distilbert/distilgpt2	distilbert/distilgpt2	False	0.0011713007697835565	9.737672805786133
Ġshe	4380	 she	4	distilbert/distilgpt2	distilbert/distilgpt2	False	0.4680686593055725	1.095207929611206
Sarah	4381	Sarah	0	distilbert/distilgpt2	distilbert/distilgpt2	False	1.0	0.0
Ġtele	4381	 telephoned	1	distilbert/distilgpt2	distilbert/distilgpt2	False	3.402759602977312e-07	21.486791610717773
ph	4381	 telephoned	1	distilbert/distilgpt2	distilbert/distilgpt2	False	0.13083185255527496	2.9342141151428223
oned	4381	 telephoned	1	distilbert/distilgpt2	distilbert/distilgpt2	False	0.6134096384048462	0.7050772309303284
ĠMary	4381	 Mary	2	distilbert/distilgpt2	distilbert/distilgpt2	False	0.0005854389746673405	10.73819351196289
Ġbecause	4381	 because	3	distilbert/distilgpt2	distilbert/distilgpt2	False	0.000671608664561063	10.540091514587402
Ġshe	4381	 she	4	distilbert/distilgpt2	distilbert/distilgpt2	False	0.41641268134117126	1.2639141082763672
John	4382	John	0	distilbert/distilgpt2	distilbert/distilgpt2	False	1.0	0.0
Ġtele	4382	 telephoned	1	distilbert/distilgpt2	distilbert/distilgpt2	False	3.51649475760496e-07	21.43935775756836
ph	4382	 telephoned	1	distilbert/distilgpt2	distilbert/distilgpt2	False	0.08612584322690964	3.537410020828247
oned	4382	 telephoned	1	distilbert/distilgpt2	distilbert/distilgpt2	False	0.6474447846412659	0.6271709203720093
ĠMary	4382	 Mary	2	distilbert/distilgpt2	distilbert/distilgpt2	False	0.00048438968951813877	11.011544227600098
Ġbecause	4382	 because	3	distilbert/distilgpt2	distilbert/distilgpt2	False	0.0007688429905101657	10.345023155212402
Ġshe	4382	 she	4	distilbert/distilgpt2	distilbert/distilgpt2	False	0.4061276614665985	1.2999948263168335
Sarah	4383	Sarah	0	distilbert/distilgpt2	distilbert/distilgpt2	False	1.0	0.0
Ġtele	4383	 telephoned	1	distilbert/distilgpt2	distilbert/distilgpt2	False	3.402759602977312e-07	21.486791610717773
ph	4383	 telephoned	1	distilbert/distilgpt2	distilbert/distilgpt2	False	0.13083185255527496	2.9342141151428223
oned	4383	 telephoned	1	distilbert/distilgpt2	distilbert/distilgpt2	False	0.6134096384048462	0.7050772309303284
ĠMary	4383	 Mary	2	distilbert/distilgpt2	distilbert/distilgpt2	False	0.0005854389746673405	10.73819351196289
Ġbecause	4383	 because	3	distilbert/distilgpt2	distilbert/distilgpt2	False	0.000671608664561063	10.540091514587402
Ġshe	4383	 she	4	distilbert/distilgpt2	distilbert/distilgpt2	False	0.41641268134117126	1.2639141082763672
David	4384	David	0	distilbert/distilgpt2	distilbert/distilgpt2	False	1.0	0.0
Ġtele	4384	 telephoned	1	distilbert/distilgpt2	distilbert/distilgpt2	False	3.27430626612113e-07	21.542306900024414
ph	4384	 telephoned	1	distilbert/distilgpt2	distilbert/distilgpt2	False	0.09795497357845306	3.3517374992370605
oned	4384	 telephoned	1	distilbert/distilgpt2	distilbert/distilgpt2	False	0.6780766248703003	0.5604798793792725
ĠMary	4384	 Mary	2	distilbert/distilgpt2	distilbert/distilgpt2	False	0.0005049384781159461	10.951604843139648
Ġbecause	4384	 because	3	distilbert/distilgpt2	distilbert/distilgpt2	False	0.0003719163651112467	11.39273452758789
Ġshe	4384	 she	4	distilbert/distilgpt2	distilbert/distilgpt2	False	0.41770946979522705	1.2594282627105713
John	4385	John	0	distilbert/distilgpt2	distilbert/distilgpt2	False	1.0	0.0
Ġthanked	4385	 thanked	1	distilbert/distilgpt2	distilbert/distilgpt2	False	6.125075913132605e-08	23.960697174072266
ĠDavid	4385	 David	2	distilbert/distilgpt2	distilbert/distilgpt2	False	0.0016494311857968569	9.243815422058105
Ġbecause	4385	 because	3	distilbert/distilgpt2	distilbert/distilgpt2	False	0.001158876926638186	9.753056526184082
Ġhe	4385	 he	4	distilbert/distilgpt2	distilbert/distilgpt2	False	0.5131760835647583	0.9624742269515991
Mary	4386	Mary	0	distilbert/distilgpt2	distilbert/distilgpt2	False	1.0	0.0
Ġthanked	4386	 thanked	1	distilbert/distilgpt2	distilbert/distilgpt2	False	6.692690845966354e-08	23.83283805847168
ĠDavid	4386	 David	2	distilbert/distilgpt2	distilbert/distilgpt2	False	0.0012691519223153591	9.621919631958008
Ġbecause	4386	 because	3	distilbert/distilgpt2	distilbert/distilgpt2	False	0.0010196565417572856	9.937701225280762
Ġhe	4386	 he	4	distilbert/distilgpt2	distilbert/distilgpt2	False	0.5123758912086487	0.9647256135940552
John	4387	John	0	distilbert/distilgpt2	distilbert/distilgpt2	False	1.0	0.0
Ġthanked	4387	 thanked	1	distilbert/distilgpt2	distilbert/distilgpt2	False	6.125075913132605e-08	23.960697174072266
ĠDavid	4387	 David	2	distilbert/distilgpt2	distilbert/distilgpt2	False	0.0016494311857968569	9.243815422058105
Ġbecause	4387	 because	3	distilbert/distilgpt2	distilbert/distilgpt2	False	0.001158876926638186	9.753056526184082
Ġhe	4387	 he	4	distilbert/distilgpt2	distilbert/distilgpt2	False	0.5131760835647583	0.9624742269515991
Sarah	4388	Sarah	0	distilbert/distilgpt2	distilbert/distilgpt2	False	1.0	0.0
Ġthanked	4388	 thanked	1	distilbert/distilgpt2	distilbert/distilgpt2	False	7.045898797741756e-08	23.75864028930664
ĠDavid	4388	 David	2	distilbert/distilgpt2	distilbert/distilgpt2	False	0.001640666974708438	9.25150203704834
Ġbecause	4388	 because	3	distilbert/distilgpt2	distilbert/distilgpt2	False	0.001194778480567038	9.709041595458984
Ġhe	4388	 he	4	distilbert/distilgpt2	distilbert/distilgpt2	False	0.5042266249656677	0.987855851650238
David	4389	David	0	distilbert/distilgpt2	distilbert/distilgpt2	False	1.0	0.0
Ġthanked	4389	 thanked	1	distilbert/distilgpt2	distilbert/distilgpt2	False	7.046101302421448e-08	23.75860023498535
ĠJohn	4389	 John	2	distilbert/distilgpt2	distilbert/distilgpt2	False	0.0022144264075905085	8.818851470947266
Ġbecause	4389	 because	3	distilbert/distilgpt2	distilbert/distilgpt2	False	0.001146154128946364	9.768982887268066
Ġhe	4389	 he	4	distilbert/distilgpt2	distilbert/distilgpt2	False	0.5383912324905396	0.8932732343673706
Mary	4390	Mary	0	distilbert/distilgpt2	distilbert/distilgpt2	False	1.0	0.0
Ġthanked	4390	 thanked	1	distilbert/distilgpt2	distilbert/distilgpt2	False	6.692690845966354e-08	23.83283805847168
ĠJohn	4390	 John	2	distilbert/distilgpt2	distilbert/distilgpt2	False	0.0018258296186104417	9.0972318649292
Ġbecause	4390	 because	3	distilbert/distilgpt2	distilbert/distilgpt2	False	0.0016080576460808516	9.280465126037598
Ġhe	4390	 he	4	distilbert/distilgpt2	distilbert/distilgpt2	False	0.54787278175354	0.8680873513221741
David	4391	David	0	distilbert/distilgpt2	distilbert/distilgpt2	False	1.0	0.0
Ġthanked	4391	 thanked	1	distilbert/distilgpt2	distilbert/distilgpt2	False	7.046101302421448e-08	23.75860023498535
ĠJohn	4391	 John	2	distilbert/distilgpt2	distilbert/distilgpt2	False	0.0022144264075905085	8.818851470947266
Ġbecause	4391	 because	3	distilbert/distilgpt2	distilbert/distilgpt2	False	0.001146154128946364	9.768982887268066
Ġhe	4391	 he	4	distilbert/distilgpt2	distilbert/distilgpt2	False	0.5383912324905396	0.8932732343673706
Sarah	4392	Sarah	0	distilbert/distilgpt2	distilbert/distilgpt2	False	1.0	0.0
Ġthanked	4392	 thanked	1	distilbert/distilgpt2	distilbert/distilgpt2	False	7.045898797741756e-08	23.75864028930664
ĠJohn	4392	 John	2	distilbert/distilgpt2	distilbert/distilgpt2	False	0.0019909252878278494	8.972345352172852
Ġbecause	4392	 because	3	distilbert/distilgpt2	distilbert/distilgpt2	False	0.0025278222747147083	8.627889633178711
Ġhe	4392	 he	4	distilbert/distilgpt2	distilbert/distilgpt2	False	0.5237132906913757	0.9331510066986084
Mary	4393	Mary	0	distilbert/distilgpt2	distilbert/distilgpt2	False	1.0	0.0
Ġthanked	4393	 thanked	1	distilbert/distilgpt2	distilbert/distilgpt2	False	6.692690845966354e-08	23.83283805847168
ĠSarah	4393	 Sarah	2	distilbert/distilgpt2	distilbert/distilgpt2	False	0.00048481649719178677	11.010273933410645
Ġbecause	4393	 because	3	distilbert/distilgpt2	distilbert/distilgpt2	False	0.002366309054195881	8.723145484924316
Ġshe	4393	 she	4	distilbert/distilgpt2	distilbert/distilgpt2	False	0.5447666049003601	0.8762898445129395
John	4394	John	0	distilbert/distilgpt2	distilbert/distilgpt2	False	1.0	0.0
Ġthanked	4394	 thanked	1	distilbert/distilgpt2	distilbert/distilgpt2	False	6.125075913132605e-08	23.960697174072266
ĠSarah	4394	 Sarah	2	distilbert/distilgpt2	distilbert/distilgpt2	False	0.00046341901179403067	11.075395584106445
Ġbecause	4394	 because	3	distilbert/distilgpt2	distilbert/distilgpt2	False	0.0021183995995670557	8.88280963897705
Ġshe	4394	 she	4	distilbert/distilgpt2	distilbert/distilgpt2	False	0.5147642493247986	0.9580162167549133
Mary	4395	Mary	0	distilbert/distilgpt2	distilbert/distilgpt2	False	1.0	0.0
Ġthanked	4395	 thanked	1	distilbert/distilgpt2	distilbert/distilgpt2	False	6.692690845966354e-08	23.83283805847168
ĠSarah	4395	 Sarah	2	distilbert/distilgpt2	distilbert/distilgpt2	False	0.00048481649719178677	11.010273933410645
Ġbecause	4395	 because	3	distilbert/distilgpt2	distilbert/distilgpt2	False	0.002366309054195881	8.723145484924316
Ġshe	4395	 she	4	distilbert/distilgpt2	distilbert/distilgpt2	False	0.5447666049003601	0.8762898445129395
David	4396	David	0	distilbert/distilgpt2	distilbert/distilgpt2	False	1.0	0.0
Ġthanked	4396	 thanked	1	distilbert/distilgpt2	distilbert/distilgpt2	False	7.046101302421448e-08	23.75860023498535
ĠSarah	4396	 Sarah	2	distilbert/distilgpt2	distilbert/distilgpt2	False	0.0005111880600452423	10.933857917785645
Ġbecause	4396	 because	3	distilbert/distilgpt2	distilbert/distilgpt2	False	0.001829261425882578	9.094523429870605
Ġshe	4396	 she	4	distilbert/distilgpt2	distilbert/distilgpt2	False	0.5160599946975708	0.9543892741203308
Sarah	4397	Sarah	0	distilbert/distilgpt2	distilbert/distilgpt2	False	1.0	0.0
Ġthanked	4397	 thanked	1	distilbert/distilgpt2	distilbert/distilgpt2	False	7.045898797741756e-08	23.75864028930664
ĠMary	4397	 Mary	2	distilbert/distilgpt2	distilbert/distilgpt2	False	0.000794180145021528	10.298246383666992
Ġbecause	4397	 because	3	distilbert/distilgpt2	distilbert/distilgpt2	False	0.0011287592351436615	9.791046142578125
Ġshe	4397	 she	4	distilbert/distilgpt2	distilbert/distilgpt2	False	0.4714573621749878	1.0848008394241333
John	4398	John	0	distilbert/distilgpt2	distilbert/distilgpt2	False	1.0	0.0
Ġthanked	4398	 thanked	1	distilbert/distilgpt2	distilbert/distilgpt2	False	6.125075913132605e-08	23.960697174072266
ĠMary	4398	 Mary	2	distilbert/distilgpt2	distilbert/distilgpt2	False	0.0005946719320490956	10.715618133544922
Ġbecause	4398	 because	3	distilbert/distilgpt2	distilbert/distilgpt2	False	0.0010713990777730942	9.866288185119629
Ġshe	4398	 she	4	distilbert/distilgpt2	distilbert/distilgpt2	False	0.4897223114967346	1.0299642086029053
Sarah	4399	Sarah	0	distilbert/distilgpt2	distilbert/distilgpt2	False	1.0	0.0
Ġthanked	4399	 thanked	1	distilbert/distilgpt2	distilbert/distilgpt2	False	7.045898797741756e-08	23.75864028930664
ĠMary	4399	 Mary	2	distilbert/distilgpt2	distilbert/distilgpt2	False	0.000794180145021528	10.298246383666992
Ġbecause	4399	 because	3	distilbert/distilgpt2	distilbert/distilgpt2	False	0.0011287592351436615	9.791046142578125
Ġshe	4399	 she	4	distilbert/distilgpt2	distilbert/distilgpt2	False	0.4714573621749878	1.0848008394241333
David	4400	David	0	distilbert/distilgpt2	distilbert/distilgpt2	False	1.0	0.0
Ġthanked	4400	 thanked	1	distilbert/distilgpt2	distilbert/distilgpt2	False	7.046101302421448e-08	23.75860023498535
ĠMary	4400	 Mary	2	distilbert/distilgpt2	distilbert/distilgpt2	False	0.0006769610336050391	10.528639793395996
Ġbecause	4400	 because	3	distilbert/distilgpt2	distilbert/distilgpt2	False	0.0006230865838006139	10.648279190063477
Ġshe	4400	 she	4	distilbert/distilgpt2	distilbert/distilgpt2	False	0.4802926778793335	1.0580142736434937
John	4401	John	0	distilbert/distilgpt2	distilbert/distilgpt2	False	1.0	0.0
Ġto	4401	 toasted	1	distilbert/distilgpt2	distilbert/distilgpt2	False	0.004316577222198248	7.855896472930908
asted	4401	 toasted	1	distilbert/distilgpt2	distilbert/distilgpt2	False	0.00021728630235884339	12.16811466217041
ĠDavid	4401	 David	2	distilbert/distilgpt2	distilbert/distilgpt2	False	1.625943332328461e-05	15.908363342285156
Ġbecause	4401	 because	3	distilbert/distilgpt2	distilbert/distilgpt2	False	8.553974475944415e-05	13.513045310974121
Ġhe	4401	 he	4	distilbert/distilgpt2	distilbert/distilgpt2	False	0.3247513771057129	1.6225924491882324
Mary	4402	Mary	0	distilbert/distilgpt2	distilbert/distilgpt2	False	1.0	0.0
Ġto	4402	 toasted	1	distilbert/distilgpt2	distilbert/distilgpt2	False	0.0046611567959189415	7.745096206665039
asted	4402	 toasted	1	distilbert/distilgpt2	distilbert/distilgpt2	False	0.00021613082208205014	12.17580795288086
ĠDavid	4402	 David	2	distilbert/distilgpt2	distilbert/distilgpt2	False	1.1222545253986027e-05	16.443241119384766
Ġbecause	4402	 because	3	distilbert/distilgpt2	distilbert/distilgpt2	False	0.0001227288448717445	12.99223804473877
Ġhe	4402	 he	4	distilbert/distilgpt2	distilbert/distilgpt2	False	0.3436402678489685	1.5410290956497192
John	4403	John	0	distilbert/distilgpt2	distilbert/distilgpt2	False	1.0	0.0
Ġto	4403	 toasted	1	distilbert/distilgpt2	distilbert/distilgpt2	False	0.004316577222198248	7.855896472930908
asted	4403	 toasted	1	distilbert/distilgpt2	distilbert/distilgpt2	False	0.00021728630235884339	12.16811466217041
ĠDavid	4403	 David	2	distilbert/distilgpt2	distilbert/distilgpt2	False	1.625943332328461e-05	15.908363342285156
Ġbecause	4403	 because	3	distilbert/distilgpt2	distilbert/distilgpt2	False	8.553974475944415e-05	13.513045310974121
Ġhe	4403	 he	4	distilbert/distilgpt2	distilbert/distilgpt2	False	0.3247513771057129	1.6225924491882324
Sarah	4404	Sarah	0	distilbert/distilgpt2	distilbert/distilgpt2	False	1.0	0.0
Ġto	4404	 toasted	1	distilbert/distilgpt2	distilbert/distilgpt2	False	0.004710765555500984	7.729822635650635
asted	4404	 toasted	1	distilbert/distilgpt2	distilbert/distilgpt2	False	0.000276088307145983	11.822582244873047
ĠDavid	4404	 David	2	distilbert/distilgpt2	distilbert/distilgpt2	False	1.4511851986753754e-05	16.07240867614746
Ġbecause	4404	 because	3	distilbert/distilgpt2	distilbert/distilgpt2	False	9.211956785293296e-05	13.406132698059082
Ġhe	4404	 he	4	distilbert/distilgpt2	distilbert/distilgpt2	False	0.3472420573234558	1.5259864330291748
David	4405	David	0	distilbert/distilgpt2	distilbert/distilgpt2	False	1.0	0.0
Ġto	4405	 toasted	1	distilbert/distilgpt2	distilbert/distilgpt2	False	0.004174989648163319	7.9040117263793945
asted	4405	 toasted	1	distilbert/distilgpt2	distilbert/distilgpt2	False	0.0001655091909924522	12.560800552368164
ĠJohn	4405	 John	2	distilbert/distilgpt2	distilbert/distilgpt2	False	0.00020484098058659583	12.25320816040039
Ġbecause	4405	 because	3	distilbert/distilgpt2	distilbert/distilgpt2	False	9.297372889705002e-05	13.392817497253418
Ġhe	4405	 he	4	distilbert/distilgpt2	distilbert/distilgpt2	False	0.3425948917865753	1.5454243421554565
Mary	4406	Mary	0	distilbert/distilgpt2	distilbert/distilgpt2	False	1.0	0.0
Ġto	4406	 toasted	1	distilbert/distilgpt2	distilbert/distilgpt2	False	0.0046611567959189415	7.745096206665039
asted	4406	 toasted	1	distilbert/distilgpt2	distilbert/distilgpt2	False	0.00021613082208205014	12.17580795288086
ĠJohn	4406	 John	2	distilbert/distilgpt2	distilbert/distilgpt2	False	0.0001243896986125037	12.972845077514648
Ġbecause	4406	 because	3	distilbert/distilgpt2	distilbert/distilgpt2	False	8.630318188806996e-05	13.500226974487305
Ġhe	4406	 he	4	distilbert/distilgpt2	distilbert/distilgpt2	False	0.379041463136673	1.399572491645813
David	4407	David	0	distilbert/distilgpt2	distilbert/distilgpt2	False	1.0	0.0
Ġto	4407	 toasted	1	distilbert/distilgpt2	distilbert/distilgpt2	False	0.004174989648163319	7.9040117263793945
asted	4407	 toasted	1	distilbert/distilgpt2	distilbert/distilgpt2	False	0.0001655091909924522	12.560800552368164
ĠJohn	4407	 John	2	distilbert/distilgpt2	distilbert/distilgpt2	False	0.00020484098058659583	12.25320816040039
Ġbecause	4407	 because	3	distilbert/distilgpt2	distilbert/distilgpt2	False	9.297372889705002e-05	13.392817497253418
Ġhe	4407	 he	4	distilbert/distilgpt2	distilbert/distilgpt2	False	0.3425948917865753	1.5454243421554565
Sarah	4408	Sarah	0	distilbert/distilgpt2	distilbert/distilgpt2	False	1.0	0.0
Ġto	4408	 toasted	1	distilbert/distilgpt2	distilbert/distilgpt2	False	0.004710765555500984	7.729822635650635
asted	4408	 toasted	1	distilbert/distilgpt2	distilbert/distilgpt2	False	0.000276088307145983	11.822582244873047
ĠJohn	4408	 John	2	distilbert/distilgpt2	distilbert/distilgpt2	False	0.0001328526996076107	12.877884864807129
Ġbecause	4408	 because	3	distilbert/distilgpt2	distilbert/distilgpt2	False	0.00011336542229400948	13.106731414794922
Ġhe	4408	 he	4	distilbert/distilgpt2	distilbert/distilgpt2	False	0.3476133942604065	1.5244444608688354
Mary	4409	Mary	0	distilbert/distilgpt2	distilbert/distilgpt2	False	1.0	0.0
Ġto	4409	 toasted	1	distilbert/distilgpt2	distilbert/distilgpt2	False	0.0046611567959189415	7.745096206665039
asted	4409	 toasted	1	distilbert/distilgpt2	distilbert/distilgpt2	False	0.00021613082208205014	12.17580795288086
ĠSarah	4409	 Sarah	2	distilbert/distilgpt2	distilbert/distilgpt2	False	7.263475708896294e-06	17.070907592773438
Ġbecause	4409	 because	3	distilbert/distilgpt2	distilbert/distilgpt2	False	0.00017742613272275776	12.460494041442871
Ġshe	4409	 she	4	distilbert/distilgpt2	distilbert/distilgpt2	False	0.38206174969673157	1.388122320175171
John	4410	John	0	distilbert/distilgpt2	distilbert/distilgpt2	False	1.0	0.0
Ġto	4410	 toasted	1	distilbert/distilgpt2	distilbert/distilgpt2	False	0.004316577222198248	7.855896472930908
asted	4410	 toasted	1	distilbert/distilgpt2	distilbert/distilgpt2	False	0.00021728630235884339	12.16811466217041
ĠSarah	4410	 Sarah	2	distilbert/distilgpt2	distilbert/distilgpt2	False	9.048839274328202e-06	16.753835678100586
Ġbecause	4410	 because	3	distilbert/distilgpt2	distilbert/distilgpt2	False	0.00011452215403551236	13.092085838317871
Ġshe	4410	 she	4	distilbert/distilgpt2	distilbert/distilgpt2	False	0.3544483780860901	1.4963525533676147
Mary	4411	Mary	0	distilbert/distilgpt2	distilbert/distilgpt2	False	1.0	0.0
Ġto	4411	 toasted	1	distilbert/distilgpt2	distilbert/distilgpt2	False	0.0046611567959189415	7.745096206665039
asted	4411	 toasted	1	distilbert/distilgpt2	distilbert/distilgpt2	False	0.00021613082208205014	12.17580795288086
ĠSarah	4411	 Sarah	2	distilbert/distilgpt2	distilbert/distilgpt2	False	7.263475708896294e-06	17.070907592773438
Ġbecause	4411	 because	3	distilbert/distilgpt2	distilbert/distilgpt2	False	0.00017742613272275776	12.460494041442871
Ġshe	4411	 she	4	distilbert/distilgpt2	distilbert/distilgpt2	False	0.38206174969673157	1.388122320175171
David	4412	David	0	distilbert/distilgpt2	distilbert/distilgpt2	False	1.0	0.0
Ġto	4412	 toasted	1	distilbert/distilgpt2	distilbert/distilgpt2	False	0.004174989648163319	7.9040117263793945
asted	4412	 toasted	1	distilbert/distilgpt2	distilbert/distilgpt2	False	0.0001655091909924522	12.560800552368164
ĠSarah	4412	 Sarah	2	distilbert/distilgpt2	distilbert/distilgpt2	False	1.1298285244265571e-05	16.433536529541016
Ġbecause	4412	 because	3	distilbert/distilgpt2	distilbert/distilgpt2	False	0.0001205149237648584	13.018500328063965
Ġshe	4412	 she	4	distilbert/distilgpt2	distilbert/distilgpt2	False	0.3540658950805664	1.4979102611541748
Sarah	4413	Sarah	0	distilbert/distilgpt2	distilbert/distilgpt2	False	1.0	0.0
Ġto	4413	 toasted	1	distilbert/distilgpt2	distilbert/distilgpt2	False	0.004710765555500984	7.729822635650635
asted	4413	 toasted	1	distilbert/distilgpt2	distilbert/distilgpt2	False	0.000276088307145983	11.822582244873047
ĠMary	4413	 Mary	2	distilbert/distilgpt2	distilbert/distilgpt2	False	5.183648318052292e-05	14.235672950744629
Ġbecause	4413	 because	3	distilbert/distilgpt2	distilbert/distilgpt2	False	8.679478924022987e-05	13.492032051086426
Ġshe	4413	 she	4	distilbert/distilgpt2	distilbert/distilgpt2	False	0.3127472996711731	1.6769307851791382
John	4414	John	0	distilbert/distilgpt2	distilbert/distilgpt2	False	1.0	0.0
Ġto	4414	 toasted	1	distilbert/distilgpt2	distilbert/distilgpt2	False	0.004316577222198248	7.855896472930908
asted	4414	 toasted	1	distilbert/distilgpt2	distilbert/distilgpt2	False	0.00021728630235884339	12.16811466217041
ĠMary	4414	 Mary	2	distilbert/distilgpt2	distilbert/distilgpt2	False	4.986639760318212e-05	14.291572570800781
Ġbecause	4414	 because	3	distilbert/distilgpt2	distilbert/distilgpt2	False	0.00011894651834154502	13.037399291992188
Ġshe	4414	 she	4	distilbert/distilgpt2	distilbert/distilgpt2	False	0.3016159236431122	1.7292155027389526
Sarah	4415	Sarah	0	distilbert/distilgpt2	distilbert/distilgpt2	False	1.0	0.0
Ġto	4415	 toasted	1	distilbert/distilgpt2	distilbert/distilgpt2	False	0.004710765555500984	7.729822635650635
asted	4415	 toasted	1	distilbert/distilgpt2	distilbert/distilgpt2	False	0.000276088307145983	11.822582244873047
ĠMary	4415	 Mary	2	distilbert/distilgpt2	distilbert/distilgpt2	False	5.183648318052292e-05	14.235672950744629
Ġbecause	4415	 because	3	distilbert/distilgpt2	distilbert/distilgpt2	False	8.679478924022987e-05	13.492032051086426
Ġshe	4415	 she	4	distilbert/distilgpt2	distilbert/distilgpt2	False	0.3127472996711731	1.6769307851791382
David	4416	David	0	distilbert/distilgpt2	distilbert/distilgpt2	False	1.0	0.0
Ġto	4416	 toasted	1	distilbert/distilgpt2	distilbert/distilgpt2	False	0.004174989648163319	7.9040117263793945
asted	4416	 toasted	1	distilbert/distilgpt2	distilbert/distilgpt2	False	0.0001655091909924522	12.560800552368164
ĠMary	4416	 Mary	2	distilbert/distilgpt2	distilbert/distilgpt2	False	4.638206883100793e-05	14.396073341369629
Ġbecause	4416	 because	3	distilbert/distilgpt2	distilbert/distilgpt2	False	8.99453807505779e-05	13.440591812133789
Ġshe	4416	 she	4	distilbert/distilgpt2	distilbert/distilgpt2	False	0.30434533953666687	1.7162188291549683
John	4417	John	0	distilbert/distilgpt2	distilbert/distilgpt2	False	1.0	0.0
Ġtolerated	4417	 tolerated	1	distilbert/distilgpt2	distilbert/distilgpt2	False	5.2622661783630065e-09	27.50166893005371
ĠDavid	4417	 David	2	distilbert/distilgpt2	distilbert/distilgpt2	False	4.0795675886329263e-05	14.58122444152832
Ġbecause	4417	 because	3	distilbert/distilgpt2	distilbert/distilgpt2	False	0.0006285349372774363	10.635719299316406
Ġhe	4417	 he	4	distilbert/distilgpt2	distilbert/distilgpt2	False	0.39464327692985535	1.341378927230835
Mary	4418	Mary	0	distilbert/distilgpt2	distilbert/distilgpt2	False	1.0	0.0
Ġtolerated	4418	 tolerated	1	distilbert/distilgpt2	distilbert/distilgpt2	False	6.869326441005796e-09	27.117183685302734
ĠDavid	4418	 David	2	distilbert/distilgpt2	distilbert/distilgpt2	False	3.0516224796883762e-05	15.0000638961792
Ġbecause	4418	 because	3	distilbert/distilgpt2	distilbert/distilgpt2	False	0.0005540816928260028	10.81761360168457
Ġhe	4418	 he	4	distilbert/distilgpt2	distilbert/distilgpt2	False	0.39367008209228516	1.3449410200119019
John	4419	John	0	distilbert/distilgpt2	distilbert/distilgpt2	False	1.0	0.0
Ġtolerated	4419	 tolerated	1	distilbert/distilgpt2	distilbert/distilgpt2	False	5.2622661783630065e-09	27.50166893005371
ĠDavid	4419	 David	2	distilbert/distilgpt2	distilbert/distilgpt2	False	4.0795675886329263e-05	14.58122444152832
Ġbecause	4419	 because	3	distilbert/distilgpt2	distilbert/distilgpt2	False	0.0006285349372774363	10.635719299316406
Ġhe	4419	 he	4	distilbert/distilgpt2	distilbert/distilgpt2	False	0.39464327692985535	1.341378927230835
Sarah	4420	Sarah	0	distilbert/distilgpt2	distilbert/distilgpt2	False	1.0	0.0
Ġtolerated	4420	 tolerated	1	distilbert/distilgpt2	distilbert/distilgpt2	False	5.337402519955958e-09	27.48121452331543
ĠDavid	4420	 David	2	distilbert/distilgpt2	distilbert/distilgpt2	False	4.221138442517258e-05	14.532008171081543
Ġbecause	4420	 because	3	distilbert/distilgpt2	distilbert/distilgpt2	False	0.0008986833854578435	10.11989974975586
Ġhe	4420	 he	4	distilbert/distilgpt2	distilbert/distilgpt2	False	0.4100496768951416	1.2861294746398926
David	4421	David	0	distilbert/distilgpt2	distilbert/distilgpt2	False	1.0	0.0
Ġtolerated	4421	 tolerated	1	distilbert/distilgpt2	distilbert/distilgpt2	False	5.136249647819113e-09	27.536638259887695
ĠJohn	4421	 John	2	distilbert/distilgpt2	distilbert/distilgpt2	False	8.327549585374072e-05	13.551748275756836
Ġbecause	4421	 because	3	distilbert/distilgpt2	distilbert/distilgpt2	False	0.0005401387461461127	10.854382514953613
Ġhe	4421	 he	4	distilbert/distilgpt2	distilbert/distilgpt2	False	0.417644202709198	1.2596536874771118
Mary	4422	Mary	0	distilbert/distilgpt2	distilbert/distilgpt2	False	1.0	0.0
Ġtolerated	4422	 tolerated	1	distilbert/distilgpt2	distilbert/distilgpt2	False	6.869326441005796e-09	27.117183685302734
ĠJohn	4422	 John	2	distilbert/distilgpt2	distilbert/distilgpt2	False	7.264158921316266e-05	13.748845100402832
Ġbecause	4422	 because	3	distilbert/distilgpt2	distilbert/distilgpt2	False	0.0008397658821195364	10.217724800109863
Ġhe	4422	 he	4	distilbert/distilgpt2	distilbert/distilgpt2	False	0.4354541301727295	1.1994073390960693
David	4423	David	0	distilbert/distilgpt2	distilbert/distilgpt2	False	1.0	0.0
Ġtolerated	4423	 tolerated	1	distilbert/distilgpt2	distilbert/distilgpt2	False	5.136249647819113e-09	27.536638259887695
ĠJohn	4423	 John	2	distilbert/distilgpt2	distilbert/distilgpt2	False	8.327549585374072e-05	13.551748275756836
Ġbecause	4423	 because	3	distilbert/distilgpt2	distilbert/distilgpt2	False	0.0005401387461461127	10.854382514953613
Ġhe	4423	 he	4	distilbert/distilgpt2	distilbert/distilgpt2	False	0.417644202709198	1.2596536874771118
Sarah	4424	Sarah	0	distilbert/distilgpt2	distilbert/distilgpt2	False	1.0	0.0
Ġtolerated	4424	 tolerated	1	distilbert/distilgpt2	distilbert/distilgpt2	False	5.337402519955958e-09	27.48121452331543
ĠJohn	4424	 John	2	distilbert/distilgpt2	distilbert/distilgpt2	False	9.554376447340474e-05	13.35347843170166
Ġbecause	4424	 because	3	distilbert/distilgpt2	distilbert/distilgpt2	False	0.0013874961296096444	9.493300437927246
Ġhe	4424	 he	4	distilbert/distilgpt2	distilbert/distilgpt2	False	0.4205476939678192	1.2496587038040161
Mary	4425	Mary	0	distilbert/distilgpt2	distilbert/distilgpt2	False	1.0	0.0
Ġtolerated	4425	 tolerated	1	distilbert/distilgpt2	distilbert/distilgpt2	False	6.869326441005796e-09	27.117183685302734
ĠSarah	4425	 Sarah	2	distilbert/distilgpt2	distilbert/distilgpt2	False	1.3558446880779229e-05	16.170448303222656
Ġbecause	4425	 because	3	distilbert/distilgpt2	distilbert/distilgpt2	False	0.0017201200826093554	9.18327522277832
Ġshe	4425	 she	4	distilbert/distilgpt2	distilbert/distilgpt2	False	0.4508436620235443	1.1493009328842163
John	4426	John	0	distilbert/distilgpt2	distilbert/distilgpt2	False	1.0	0.0
Ġtolerated	4426	 tolerated	1	distilbert/distilgpt2	distilbert/distilgpt2	False	5.2622661783630065e-09	27.50166893005371
ĠSarah	4426	 Sarah	2	distilbert/distilgpt2	distilbert/distilgpt2	False	1.4220679986465257e-05	16.10165023803711
Ġbecause	4426	 because	3	distilbert/distilgpt2	distilbert/distilgpt2	False	0.001127008581534028	9.793285369873047
Ġshe	4426	 she	4	distilbert/distilgpt2	distilbert/distilgpt2	False	0.41553905606269836	1.2669440507888794
Mary	4427	Mary	0	distilbert/distilgpt2	distilbert/distilgpt2	False	1.0	0.0
Ġtolerated	4427	 tolerated	1	distilbert/distilgpt2	distilbert/distilgpt2	False	6.869326441005796e-09	27.117183685302734
ĠSarah	4427	 Sarah	2	distilbert/distilgpt2	distilbert/distilgpt2	False	1.3558446880779229e-05	16.170448303222656
Ġbecause	4427	 because	3	distilbert/distilgpt2	distilbert/distilgpt2	False	0.0017201200826093554	9.18327522277832
Ġshe	4427	 she	4	distilbert/distilgpt2	distilbert/distilgpt2	False	0.4508436620235443	1.1493009328842163
David	4428	David	0	distilbert/distilgpt2	distilbert/distilgpt2	False	1.0	0.0
Ġtolerated	4428	 tolerated	1	distilbert/distilgpt2	distilbert/distilgpt2	False	5.136249647819113e-09	27.536638259887695
ĠSarah	4428	 Sarah	2	distilbert/distilgpt2	distilbert/distilgpt2	False	1.2806811355403624e-05	16.252729415893555
Ġbecause	4428	 because	3	distilbert/distilgpt2	distilbert/distilgpt2	False	0.0005893890047445893	10.728492736816406
Ġshe	4428	 she	4	distilbert/distilgpt2	distilbert/distilgpt2	False	0.4123488962650299	1.2780625820159912
Sarah	4429	Sarah	0	distilbert/distilgpt2	distilbert/distilgpt2	False	1.0	0.0
Ġtolerated	4429	 tolerated	1	distilbert/distilgpt2	distilbert/distilgpt2	False	5.337402519955958e-09	27.48121452331543
ĠMary	4429	 Mary	2	distilbert/distilgpt2	distilbert/distilgpt2	False	3.134993676212616e-05	14.961177825927734
Ġbecause	4429	 because	3	distilbert/distilgpt2	distilbert/distilgpt2	False	0.0013530857395380735	9.529531478881836
Ġshe	4429	 she	4	distilbert/distilgpt2	distilbert/distilgpt2	False	0.37851089239120483	1.4015933275222778
John	4430	John	0	distilbert/distilgpt2	distilbert/distilgpt2	False	1.0	0.0
Ġtolerated	4430	 tolerated	1	distilbert/distilgpt2	distilbert/distilgpt2	False	5.2622661783630065e-09	27.50166893005371
ĠMary	4430	 Mary	2	distilbert/distilgpt2	distilbert/distilgpt2	False	2.329171729797963e-05	15.389823913574219
Ġbecause	4430	 because	3	distilbert/distilgpt2	distilbert/distilgpt2	False	0.002125294879078865	8.878121376037598
Ġshe	4430	 she	4	distilbert/distilgpt2	distilbert/distilgpt2	False	0.3800145983695984	1.3958733081817627
Sarah	4431	Sarah	0	distilbert/distilgpt2	distilbert/distilgpt2	False	1.0	0.0
Ġtolerated	4431	 tolerated	1	distilbert/distilgpt2	distilbert/distilgpt2	False	5.337402519955958e-09	27.48121452331543
ĠMary	4431	 Mary	2	distilbert/distilgpt2	distilbert/distilgpt2	False	3.134993676212616e-05	14.961177825927734
Ġbecause	4431	 because	3	distilbert/distilgpt2	distilbert/distilgpt2	False	0.0013530857395380735	9.529531478881836
Ġshe	4431	 she	4	distilbert/distilgpt2	distilbert/distilgpt2	False	0.37851089239120483	1.4015933275222778
David	4432	David	0	distilbert/distilgpt2	distilbert/distilgpt2	False	1.0	0.0
Ġtolerated	4432	 tolerated	1	distilbert/distilgpt2	distilbert/distilgpt2	False	5.136249647819113e-09	27.536638259887695
ĠMary	4432	 Mary	2	distilbert/distilgpt2	distilbert/distilgpt2	False	2.111937283189036e-05	15.531073570251465
Ġbecause	4432	 because	3	distilbert/distilgpt2	distilbert/distilgpt2	False	0.0010741075966507196	9.862646102905273
Ġshe	4432	 she	4	distilbert/distilgpt2	distilbert/distilgpt2	False	0.3721729516983032	1.4259549379348755
John	4433	John	0	distilbert/distilgpt2	distilbert/distilgpt2	False	1.0	0.0
Ġtook	4433	 took	1	distilbert/distilgpt2	distilbert/distilgpt2	False	8.281223017547745e-06	16.881725311279297
Ġaway	4433	 away	2	distilbert/distilgpt2	distilbert/distilgpt2	False	0.00446364376693964	7.807562351226807
ĠDavid	4433	 David	3	distilbert/distilgpt2	distilbert/distilgpt2	False	0.00010696038225432858	13.190635681152344
Ġbecause	4433	 because	4	distilbert/distilgpt2	distilbert/distilgpt2	False	0.00030760979279875755	11.666610717773438
Ġhe	4433	 he	5	distilbert/distilgpt2	distilbert/distilgpt2	False	0.44054871797561646	1.1826266050338745
Mary	4434	Mary	0	distilbert/distilgpt2	distilbert/distilgpt2	False	1.0	0.0
Ġtook	4434	 took	1	distilbert/distilgpt2	distilbert/distilgpt2	False	7.758809260849375e-06	16.975732803344727
Ġaway	4434	 away	2	distilbert/distilgpt2	distilbert/distilgpt2	False	0.0043514082208275795	7.844302177429199
ĠDavid	4434	 David	3	distilbert/distilgpt2	distilbert/distilgpt2	False	5.360833529266529e-05	14.187183380126953
Ġbecause	4434	 because	4	distilbert/distilgpt2	distilbert/distilgpt2	False	0.0005956723471172154	10.713193893432617
Ġhe	4434	 he	5	distilbert/distilgpt2	distilbert/distilgpt2	False	0.43112486600875854	1.213822364807129
John	4435	John	0	distilbert/distilgpt2	distilbert/distilgpt2	False	1.0	0.0
Ġtook	4435	 took	1	distilbert/distilgpt2	distilbert/distilgpt2	False	8.281223017547745e-06	16.881725311279297
Ġaway	4435	 away	2	distilbert/distilgpt2	distilbert/distilgpt2	False	0.00446364376693964	7.807562351226807
ĠDavid	4435	 David	3	distilbert/distilgpt2	distilbert/distilgpt2	False	0.00010696038225432858	13.190635681152344
Ġbecause	4435	 because	4	distilbert/distilgpt2	distilbert/distilgpt2	False	0.00030760979279875755	11.666610717773438
Ġhe	4435	 he	5	distilbert/distilgpt2	distilbert/distilgpt2	False	0.44054871797561646	1.1826266050338745
Sarah	4436	Sarah	0	distilbert/distilgpt2	distilbert/distilgpt2	False	1.0	0.0
Ġtook	4436	 took	1	distilbert/distilgpt2	distilbert/distilgpt2	False	9.258207683160435e-06	16.720836639404297
Ġaway	4436	 away	2	distilbert/distilgpt2	distilbert/distilgpt2	False	0.003578732255846262	8.126336097717285
ĠDavid	4436	 David	3	distilbert/distilgpt2	distilbert/distilgpt2	False	6.0921116528334096e-05	14.002697944641113
Ġbecause	4436	 because	4	distilbert/distilgpt2	distilbert/distilgpt2	False	0.00037149435956962407	11.39437198638916
Ġhe	4436	 he	5	distilbert/distilgpt2	distilbert/distilgpt2	False	0.45009028911590576	1.1517137289047241
David	4437	David	0	distilbert/distilgpt2	distilbert/distilgpt2	False	1.0	0.0
Ġtook	4437	 took	1	distilbert/distilgpt2	distilbert/distilgpt2	False	9.300135388912167e-06	16.714317321777344
Ġaway	4437	 away	2	distilbert/distilgpt2	distilbert/distilgpt2	False	0.0033241333439946175	8.232806205749512
ĠJohn	4437	 John	3	distilbert/distilgpt2	distilbert/distilgpt2	False	0.00014521203411277384	12.749551773071289
Ġbecause	4437	 because	4	distilbert/distilgpt2	distilbert/distilgpt2	False	0.00036229740362614393	11.430538177490234
Ġhe	4437	 he	5	distilbert/distilgpt2	distilbert/distilgpt2	False	0.41216403245925903	1.2787095308303833
Mary	4438	Mary	0	distilbert/distilgpt2	distilbert/distilgpt2	False	1.0	0.0
Ġtook	4438	 took	1	distilbert/distilgpt2	distilbert/distilgpt2	False	7.758809260849375e-06	16.975732803344727
Ġaway	4438	 away	2	distilbert/distilgpt2	distilbert/distilgpt2	False	0.0043514082208275795	7.844302177429199
ĠJohn	4438	 John	3	distilbert/distilgpt2	distilbert/distilgpt2	False	9.634171874495223e-05	13.341480255126953
Ġbecause	4438	 because	4	distilbert/distilgpt2	distilbert/distilgpt2	False	0.000753436703234911	10.374225616455078
Ġhe	4438	 he	5	distilbert/distilgpt2	distilbert/distilgpt2	False	0.42720329761505127	1.2270053625106812
David	4439	David	0	distilbert/distilgpt2	distilbert/distilgpt2	False	1.0	0.0
Ġtook	4439	 took	1	distilbert/distilgpt2	distilbert/distilgpt2	False	9.300135388912167e-06	16.714317321777344
Ġaway	4439	 away	2	distilbert/distilgpt2	distilbert/distilgpt2	False	0.0033241333439946175	8.232806205749512
ĠJohn	4439	 John	3	distilbert/distilgpt2	distilbert/distilgpt2	False	0.00014521203411277384	12.749551773071289
Ġbecause	4439	 because	4	distilbert/distilgpt2	distilbert/distilgpt2	False	0.00036229740362614393	11.430538177490234
Ġhe	4439	 he	5	distilbert/distilgpt2	distilbert/distilgpt2	False	0.41216403245925903	1.2787095308303833
Sarah	4440	Sarah	0	distilbert/distilgpt2	distilbert/distilgpt2	False	1.0	0.0
Ġtook	4440	 took	1	distilbert/distilgpt2	distilbert/distilgpt2	False	9.258207683160435e-06	16.720836639404297
Ġaway	4440	 away	2	distilbert/distilgpt2	distilbert/distilgpt2	False	0.003578732255846262	8.126336097717285
ĠJohn	4440	 John	3	distilbert/distilgpt2	distilbert/distilgpt2	False	8.02254508016631e-05	13.60558032989502
Ġbecause	4440	 because	4	distilbert/distilgpt2	distilbert/distilgpt2	False	0.0008741944329813123	10.159758567810059
Ġhe	4440	 he	5	distilbert/distilgpt2	distilbert/distilgpt2	False	0.42781272530555725	1.224948763847351
Mary	4441	Mary	0	distilbert/distilgpt2	distilbert/distilgpt2	False	1.0	0.0
Ġtook	4441	 took	1	distilbert/distilgpt2	distilbert/distilgpt2	False	7.758809260849375e-06	16.975732803344727
Ġaway	4441	 away	2	distilbert/distilgpt2	distilbert/distilgpt2	False	0.0043514082208275795	7.844302177429199
ĠSarah	4441	 Sarah	3	distilbert/distilgpt2	distilbert/distilgpt2	False	6.523135380120948e-05	13.904074668884277
Ġbecause	4441	 because	4	distilbert/distilgpt2	distilbert/distilgpt2	False	0.0027412923518568277	8.5109281539917
Ġshe	4441	 she	5	distilbert/distilgpt2	distilbert/distilgpt2	False	0.4959019720554352	1.0118731260299683
John	4442	John	0	distilbert/distilgpt2	distilbert/distilgpt2	False	1.0	0.0
Ġtook	4442	 took	1	distilbert/distilgpt2	distilbert/distilgpt2	False	8.281223017547745e-06	16.881725311279297
Ġaway	4442	 away	2	distilbert/distilgpt2	distilbert/distilgpt2	False	0.00446364376693964	7.807562351226807
ĠSarah	4442	 Sarah	3	distilbert/distilgpt2	distilbert/distilgpt2	False	7.442240894306451e-05	13.713903427124023
Ġbecause	4442	 because	4	distilbert/distilgpt2	distilbert/distilgpt2	False	0.001986716641113162	8.975398063659668
Ġshe	4442	 she	5	distilbert/distilgpt2	distilbert/distilgpt2	False	0.47931796312332153	1.0609451532363892
Mary	4443	Mary	0	distilbert/distilgpt2	distilbert/distilgpt2	False	1.0	0.0
Ġtook	4443	 took	1	distilbert/distilgpt2	distilbert/distilgpt2	False	7.758809260849375e-06	16.975732803344727
Ġaway	4443	 away	2	distilbert/distilgpt2	distilbert/distilgpt2	False	0.0043514082208275795	7.844302177429199
ĠSarah	4443	 Sarah	3	distilbert/distilgpt2	distilbert/distilgpt2	False	6.523135380120948e-05	13.904074668884277
Ġbecause	4443	 because	4	distilbert/distilgpt2	distilbert/distilgpt2	False	0.0027412923518568277	8.5109281539917
Ġshe	4443	 she	5	distilbert/distilgpt2	distilbert/distilgpt2	False	0.4959019720554352	1.0118731260299683
David	4444	David	0	distilbert/distilgpt2	distilbert/distilgpt2	False	1.0	0.0
Ġtook	4444	 took	1	distilbert/distilgpt2	distilbert/distilgpt2	False	9.300135388912167e-06	16.714317321777344
Ġaway	4444	 away	2	distilbert/distilgpt2	distilbert/distilgpt2	False	0.0033241333439946175	8.232806205749512
ĠSarah	4444	 Sarah	3	distilbert/distilgpt2	distilbert/distilgpt2	False	6.263887917157263e-05	13.962581634521484
Ġbecause	4444	 because	4	distilbert/distilgpt2	distilbert/distilgpt2	False	0.0012326036812737584	9.664074897766113
Ġshe	4444	 she	5	distilbert/distilgpt2	distilbert/distilgpt2	False	0.47271159291267395	1.080967903137207
Sarah	4445	Sarah	0	distilbert/distilgpt2	distilbert/distilgpt2	False	1.0	0.0
Ġtook	4445	 took	1	distilbert/distilgpt2	distilbert/distilgpt2	False	9.258207683160435e-06	16.720836639404297
Ġaway	4445	 away	2	distilbert/distilgpt2	distilbert/distilgpt2	False	0.003578732255846262	8.126336097717285
ĠMary	4445	 Mary	3	distilbert/distilgpt2	distilbert/distilgpt2	False	3.444929825491272e-05	14.825165748596191
Ġbecause	4445	 because	4	distilbert/distilgpt2	distilbert/distilgpt2	False	0.0009855706011876464	9.986753463745117
Ġshe	4445	 she	5	distilbert/distilgpt2	distilbert/distilgpt2	False	0.4448752701282501	1.1685272455215454
John	4446	John	0	distilbert/distilgpt2	distilbert/distilgpt2	False	1.0	0.0
Ġtook	4446	 took	1	distilbert/distilgpt2	distilbert/distilgpt2	False	8.281223017547745e-06	16.881725311279297
Ġaway	4446	 away	2	distilbert/distilgpt2	distilbert/distilgpt2	False	0.00446364376693964	7.807562351226807
ĠMary	4446	 Mary	3	distilbert/distilgpt2	distilbert/distilgpt2	False	4.1640305425971746e-05	14.55165958404541
Ġbecause	4446	 because	4	distilbert/distilgpt2	distilbert/distilgpt2	False	0.0014281676849350333	9.451619148254395
Ġshe	4446	 she	5	distilbert/distilgpt2	distilbert/distilgpt2	False	0.4270058274269104	1.2276723384857178
Sarah	4447	Sarah	0	distilbert/distilgpt2	distilbert/distilgpt2	False	1.0	0.0
Ġtook	4447	 took	1	distilbert/distilgpt2	distilbert/distilgpt2	False	9.258207683160435e-06	16.720836639404297
Ġaway	4447	 away	2	distilbert/distilgpt2	distilbert/distilgpt2	False	0.003578732255846262	8.126336097717285
ĠMary	4447	 Mary	3	distilbert/distilgpt2	distilbert/distilgpt2	False	3.444929825491272e-05	14.825165748596191
Ġbecause	4447	 because	4	distilbert/distilgpt2	distilbert/distilgpt2	False	0.0009855706011876464	9.986753463745117
Ġshe	4447	 she	5	distilbert/distilgpt2	distilbert/distilgpt2	False	0.4448752701282501	1.1685272455215454
David	4448	David	0	distilbert/distilgpt2	distilbert/distilgpt2	False	1.0	0.0
Ġtook	4448	 took	1	distilbert/distilgpt2	distilbert/distilgpt2	False	9.300135388912167e-06	16.714317321777344
Ġaway	4448	 away	2	distilbert/distilgpt2	distilbert/distilgpt2	False	0.0033241333439946175	8.232806205749512
ĠMary	4448	 Mary	3	distilbert/distilgpt2	distilbert/distilgpt2	False	3.779263352043927e-05	14.691534996032715
Ġbecause	4448	 because	4	distilbert/distilgpt2	distilbert/distilgpt2	False	0.0006061515887267888	10.688034057617188
Ġshe	4448	 she	5	distilbert/distilgpt2	distilbert/distilgpt2	False	0.4273616075515747	1.2264708280563354
John	4449	John	0	distilbert/distilgpt2	distilbert/distilgpt2	False	1.0	0.0
Ġtor	4449	 tormented	1	distilbert/distilgpt2	distilbert/distilgpt2	False	2.787363939660281e-07	21.774595260620117
mented	4449	 tormented	1	distilbert/distilgpt2	distilbert/distilgpt2	False	0.04048608988523483	4.626430034637451
ĠDavid	4449	 David	2	distilbert/distilgpt2	distilbert/distilgpt2	False	0.0002488120226189494	11.97265625
Ġbecause	4449	 because	3	distilbert/distilgpt2	distilbert/distilgpt2	False	0.0014746307861059904	9.405430793762207
Ġhe	4449	 he	4	distilbert/distilgpt2	distilbert/distilgpt2	False	0.5061460733413696	0.9823742508888245
Mary	4450	Mary	0	distilbert/distilgpt2	distilbert/distilgpt2	False	1.0	0.0
Ġtor	4450	 tormented	1	distilbert/distilgpt2	distilbert/distilgpt2	False	2.9899740638938965e-07	21.673362731933594
mented	4450	 tormented	1	distilbert/distilgpt2	distilbert/distilgpt2	False	0.05928749218583107	4.0761284828186035
ĠDavid	4450	 David	2	distilbert/distilgpt2	distilbert/distilgpt2	False	0.0001742868626024574	12.486248970031738
Ġbecause	4450	 because	3	distilbert/distilgpt2	distilbert/distilgpt2	False	0.0024997710715979338	8.643988609313965
Ġhe	4450	 he	4	distilbert/distilgpt2	distilbert/distilgpt2	False	0.4740749001502991	1.0768131017684937
John	4451	John	0	distilbert/distilgpt2	distilbert/distilgpt2	False	1.0	0.0
Ġtor	4451	 tormented	1	distilbert/distilgpt2	distilbert/distilgpt2	False	2.787363939660281e-07	21.774595260620117
mented	4451	 tormented	1	distilbert/distilgpt2	distilbert/distilgpt2	False	0.04048608988523483	4.626430034637451
ĠDavid	4451	 David	2	distilbert/distilgpt2	distilbert/distilgpt2	False	0.0002488120226189494	11.97265625
Ġbecause	4451	 because	3	distilbert/distilgpt2	distilbert/distilgpt2	False	0.0014746307861059904	9.405430793762207
Ġhe	4451	 he	4	distilbert/distilgpt2	distilbert/distilgpt2	False	0.5061460733413696	0.9823742508888245
Sarah	4452	Sarah	0	distilbert/distilgpt2	distilbert/distilgpt2	False	1.0	0.0
Ġtor	4452	 tormented	1	distilbert/distilgpt2	distilbert/distilgpt2	False	2.648444876740541e-07	21.848350524902344
mented	4452	 tormented	1	distilbert/distilgpt2	distilbert/distilgpt2	False	0.04198364168405533	4.574028968811035
ĠDavid	4452	 David	2	distilbert/distilgpt2	distilbert/distilgpt2	False	0.0002512549399398267	11.9585599899292
Ġbecause	4452	 because	3	distilbert/distilgpt2	distilbert/distilgpt2	False	0.001159552950412035	9.752215385437012
Ġhe	4452	 he	4	distilbert/distilgpt2	distilbert/distilgpt2	False	0.5181936621665955	0.9484367370605469
David	4453	David	0	distilbert/distilgpt2	distilbert/distilgpt2	False	1.0	0.0
Ġtor	4453	 tormented	1	distilbert/distilgpt2	distilbert/distilgpt2	False	3.0100412118372333e-07	21.663713455200195
mented	4453	 tormented	1	distilbert/distilgpt2	distilbert/distilgpt2	False	0.09175174683332443	3.446120500564575
ĠJohn	4453	 John	2	distilbert/distilgpt2	distilbert/distilgpt2	False	0.0011333785951137543	9.785154342651367
Ġbecause	4453	 because	3	distilbert/distilgpt2	distilbert/distilgpt2	False	0.0009583812206983566	10.02711296081543
Ġhe	4453	 he	4	distilbert/distilgpt2	distilbert/distilgpt2	False	0.4756939113140106	1.0718945264816284
Mary	4454	Mary	0	distilbert/distilgpt2	distilbert/distilgpt2	False	1.0	0.0
Ġtor	4454	 tormented	1	distilbert/distilgpt2	distilbert/distilgpt2	False	2.9899740638938965e-07	21.673362731933594
mented	4454	 tormented	1	distilbert/distilgpt2	distilbert/distilgpt2	False	0.05928749218583107	4.0761284828186035
ĠJohn	4454	 John	2	distilbert/distilgpt2	distilbert/distilgpt2	False	0.0006337999948300421	10.623684883117676
Ġbecause	4454	 because	3	distilbert/distilgpt2	distilbert/distilgpt2	False	0.002490526530891657	8.649333953857422
Ġhe	4454	 he	4	distilbert/distilgpt2	distilbert/distilgpt2	False	0.4700191020965576	1.089208722114563
David	4455	David	0	distilbert/distilgpt2	distilbert/distilgpt2	False	1.0	0.0
Ġtor	4455	 tormented	1	distilbert/distilgpt2	distilbert/distilgpt2	False	3.0100412118372333e-07	21.663713455200195
mented	4455	 tormented	1	distilbert/distilgpt2	distilbert/distilgpt2	False	0.09175174683332443	3.446120500564575
ĠJohn	4455	 John	2	distilbert/distilgpt2	distilbert/distilgpt2	False	0.0011333785951137543	9.785154342651367
Ġbecause	4455	 because	3	distilbert/distilgpt2	distilbert/distilgpt2	False	0.0009583812206983566	10.02711296081543
Ġhe	4455	 he	4	distilbert/distilgpt2	distilbert/distilgpt2	False	0.4756939113140106	1.0718945264816284
Sarah	4456	Sarah	0	distilbert/distilgpt2	distilbert/distilgpt2	False	1.0	0.0
Ġtor	4456	 tormented	1	distilbert/distilgpt2	distilbert/distilgpt2	False	2.648444876740541e-07	21.848350524902344
mented	4456	 tormented	1	distilbert/distilgpt2	distilbert/distilgpt2	False	0.04198364168405533	4.574028968811035
ĠJohn	4456	 John	2	distilbert/distilgpt2	distilbert/distilgpt2	False	0.0008416408090852201	10.214508056640625
Ġbecause	4456	 because	3	distilbert/distilgpt2	distilbert/distilgpt2	False	0.0021971799433231354	8.830131530761719
Ġhe	4456	 he	4	distilbert/distilgpt2	distilbert/distilgpt2	False	0.4849960207939148	1.0439552068710327
Mary	4457	Mary	0	distilbert/distilgpt2	distilbert/distilgpt2	False	1.0	0.0
Ġtor	4457	 tormented	1	distilbert/distilgpt2	distilbert/distilgpt2	False	2.9899740638938965e-07	21.673362731933594
mented	4457	 tormented	1	distilbert/distilgpt2	distilbert/distilgpt2	False	0.05928749218583107	4.0761284828186035
ĠSarah	4457	 Sarah	2	distilbert/distilgpt2	distilbert/distilgpt2	False	0.00011197481217095628	13.12453842163086
Ġbecause	4457	 because	3	distilbert/distilgpt2	distilbert/distilgpt2	False	0.004451553337275982	7.8114752769470215
Ġshe	4457	 she	4	distilbert/distilgpt2	distilbert/distilgpt2	False	0.5109534859657288	0.9687361121177673
John	4458	John	0	distilbert/distilgpt2	distilbert/distilgpt2	False	1.0	0.0
Ġtor	4458	 tormented	1	distilbert/distilgpt2	distilbert/distilgpt2	False	2.787363939660281e-07	21.774595260620117
mented	4458	 tormented	1	distilbert/distilgpt2	distilbert/distilgpt2	False	0.04048608988523483	4.626430034637451
ĠSarah	4458	 Sarah	2	distilbert/distilgpt2	distilbert/distilgpt2	False	0.00013433568528853357	12.861869812011719
Ġbecause	4458	 because	3	distilbert/distilgpt2	distilbert/distilgpt2	False	0.0033654861617833376	8.214969635009766
Ġshe	4458	 she	4	distilbert/distilgpt2	distilbert/distilgpt2	False	0.5066186785697937	0.9810278415679932
Mary	4459	Mary	0	distilbert/distilgpt2	distilbert/distilgpt2	False	1.0	0.0
Ġtor	4459	 tormented	1	distilbert/distilgpt2	distilbert/distilgpt2	False	2.9899740638938965e-07	21.673362731933594
mented	4459	 tormented	1	distilbert/distilgpt2	distilbert/distilgpt2	False	0.05928749218583107	4.0761284828186035
ĠSarah	4459	 Sarah	2	distilbert/distilgpt2	distilbert/distilgpt2	False	0.00011197481217095628	13.12453842163086
Ġbecause	4459	 because	3	distilbert/distilgpt2	distilbert/distilgpt2	False	0.004451553337275982	7.8114752769470215
Ġshe	4459	 she	4	distilbert/distilgpt2	distilbert/distilgpt2	False	0.5109534859657288	0.9687361121177673
David	4460	David	0	distilbert/distilgpt2	distilbert/distilgpt2	False	1.0	0.0
Ġtor	4460	 tormented	1	distilbert/distilgpt2	distilbert/distilgpt2	False	3.0100412118372333e-07	21.663713455200195
mented	4460	 tormented	1	distilbert/distilgpt2	distilbert/distilgpt2	False	0.09175174683332443	3.446120500564575
ĠSarah	4460	 Sarah	2	distilbert/distilgpt2	distilbert/distilgpt2	False	0.00014978427498135716	12.704826354980469
Ġbecause	4460	 because	3	distilbert/distilgpt2	distilbert/distilgpt2	False	0.0022100284695625305	8.8217191696167
Ġshe	4460	 she	4	distilbert/distilgpt2	distilbert/distilgpt2	False	0.5002058148384094	0.9994063377380371
Sarah	4461	Sarah	0	distilbert/distilgpt2	distilbert/distilgpt2	False	1.0	0.0
Ġtor	4461	 tormented	1	distilbert/distilgpt2	distilbert/distilgpt2	False	2.648444876740541e-07	21.848350524902344
mented	4461	 tormented	1	distilbert/distilgpt2	distilbert/distilgpt2	False	0.04198364168405533	4.574028968811035
ĠMary	4461	 Mary	2	distilbert/distilgpt2	distilbert/distilgpt2	False	0.0003104525967501104	11.653339385986328
Ġbecause	4461	 because	3	distilbert/distilgpt2	distilbert/distilgpt2	False	0.0024658669717609882	8.663689613342285
Ġshe	4461	 she	4	distilbert/distilgpt2	distilbert/distilgpt2	False	0.46390315890312195	1.1081044673919678
John	4462	John	0	distilbert/distilgpt2	distilbert/distilgpt2	False	1.0	0.0
Ġtor	4462	 tormented	1	distilbert/distilgpt2	distilbert/distilgpt2	False	2.787363939660281e-07	21.774595260620117
mented	4462	 tormented	1	distilbert/distilgpt2	distilbert/distilgpt2	False	0.04048608988523483	4.626430034637451
ĠMary	4462	 Mary	2	distilbert/distilgpt2	distilbert/distilgpt2	False	0.0002470509789418429	11.982903480529785
Ġbecause	4462	 because	3	distilbert/distilgpt2	distilbert/distilgpt2	False	0.0033313024323433638	8.229698181152344
Ġshe	4462	 she	4	distilbert/distilgpt2	distilbert/distilgpt2	False	0.46316805481910706	1.1103923320770264
Sarah	4463	Sarah	0	distilbert/distilgpt2	distilbert/distilgpt2	False	1.0	0.0
Ġtor	4463	 tormented	1	distilbert/distilgpt2	distilbert/distilgpt2	False	2.648444876740541e-07	21.848350524902344
mented	4463	 tormented	1	distilbert/distilgpt2	distilbert/distilgpt2	False	0.04198364168405533	4.574028968811035
ĠMary	4463	 Mary	2	distilbert/distilgpt2	distilbert/distilgpt2	False	0.0003104525967501104	11.653339385986328
Ġbecause	4463	 because	3	distilbert/distilgpt2	distilbert/distilgpt2	False	0.0024658669717609882	8.663689613342285
Ġshe	4463	 she	4	distilbert/distilgpt2	distilbert/distilgpt2	False	0.46390315890312195	1.1081044673919678
David	4464	David	0	distilbert/distilgpt2	distilbert/distilgpt2	False	1.0	0.0
Ġtor	4464	 tormented	1	distilbert/distilgpt2	distilbert/distilgpt2	False	3.0100412118372333e-07	21.663713455200195
mented	4464	 tormented	1	distilbert/distilgpt2	distilbert/distilgpt2	False	0.09175174683332443	3.446120500564575
ĠMary	4464	 Mary	2	distilbert/distilgpt2	distilbert/distilgpt2	False	0.00024274206953123212	12.008288383483887
Ġbecause	4464	 because	3	distilbert/distilgpt2	distilbert/distilgpt2	False	0.0015755140921100974	9.309961318969727
Ġshe	4464	 she	4	distilbert/distilgpt2	distilbert/distilgpt2	False	0.4545496702194214	1.137490153312683
John	4465	John	0	distilbert/distilgpt2	distilbert/distilgpt2	False	1.0	0.0
Ġtracked	4465	 tracked	1	distilbert/distilgpt2	distilbert/distilgpt2	False	7.345647645706777e-08	23.698535919189453
ĠDavid	4465	 David	2	distilbert/distilgpt2	distilbert/distilgpt2	False	7.417328015435487e-05	13.718741416931152
Ġbecause	4465	 because	3	distilbert/distilgpt2	distilbert/distilgpt2	False	0.00018153825658373535	12.427438735961914
Ġhe	4465	 he	4	distilbert/distilgpt2	distilbert/distilgpt2	False	0.4668642282485962	1.0989251136779785
Mary	4466	Mary	0	distilbert/distilgpt2	distilbert/distilgpt2	False	1.0	0.0
Ġtracked	4466	 tracked	1	distilbert/distilgpt2	distilbert/distilgpt2	False	8.445778831855932e-08	23.497194290161133
ĠDavid	4466	 David	2	distilbert/distilgpt2	distilbert/distilgpt2	False	4.12640038121026e-05	14.564756393432617
Ġbecause	4466	 because	3	distilbert/distilgpt2	distilbert/distilgpt2	False	0.00024963056785054505	11.967917442321777
Ġhe	4466	 he	4	distilbert/distilgpt2	distilbert/distilgpt2	False	0.4804593324661255	1.0575138330459595
John	4467	John	0	distilbert/distilgpt2	distilbert/distilgpt2	False	1.0	0.0
Ġtracked	4467	 tracked	1	distilbert/distilgpt2	distilbert/distilgpt2	False	7.345647645706777e-08	23.698535919189453
ĠDavid	4467	 David	2	distilbert/distilgpt2	distilbert/distilgpt2	False	7.417328015435487e-05	13.718741416931152
Ġbecause	4467	 because	3	distilbert/distilgpt2	distilbert/distilgpt2	False	0.00018153825658373535	12.427438735961914
Ġhe	4467	 he	4	distilbert/distilgpt2	distilbert/distilgpt2	False	0.4668642282485962	1.0989251136779785
Sarah	4468	Sarah	0	distilbert/distilgpt2	distilbert/distilgpt2	False	1.0	0.0
Ġtracked	4468	 tracked	1	distilbert/distilgpt2	distilbert/distilgpt2	False	7.32629601429835e-08	23.702341079711914
ĠDavid	4468	 David	2	distilbert/distilgpt2	distilbert/distilgpt2	False	8.8649001554586e-05	13.461536407470703
Ġbecause	4468	 because	3	distilbert/distilgpt2	distilbert/distilgpt2	False	0.00020409647549968213	12.258460998535156
Ġhe	4468	 he	4	distilbert/distilgpt2	distilbert/distilgpt2	False	0.48303818702697754	1.049790859222412
David	4469	David	0	distilbert/distilgpt2	distilbert/distilgpt2	False	1.0	0.0
Ġtracked	4469	 tracked	1	distilbert/distilgpt2	distilbert/distilgpt2	False	8.903980130980926e-08	23.420974731445312
ĠJohn	4469	 John	2	distilbert/distilgpt2	distilbert/distilgpt2	False	0.00017762675997801125	12.458863258361816
Ġbecause	4469	 because	3	distilbert/distilgpt2	distilbert/distilgpt2	False	0.0003252463648095727	11.586179733276367
Ġhe	4469	 he	4	distilbert/distilgpt2	distilbert/distilgpt2	False	0.45325204730033875	1.141614556312561
Mary	4470	Mary	0	distilbert/distilgpt2	distilbert/distilgpt2	False	1.0	0.0
Ġtracked	4470	 tracked	1	distilbert/distilgpt2	distilbert/distilgpt2	False	8.445778831855932e-08	23.497194290161133
ĠJohn	4470	 John	2	distilbert/distilgpt2	distilbert/distilgpt2	False	0.00010093800665345043	13.274242401123047
Ġbecause	4470	 because	3	distilbert/distilgpt2	distilbert/distilgpt2	False	0.0007098494097590446	10.460199356079102
Ġhe	4470	 he	4	distilbert/distilgpt2	distilbert/distilgpt2	False	0.48947352170944214	1.030697226524353
David	4471	David	0	distilbert/distilgpt2	distilbert/distilgpt2	False	1.0	0.0
Ġtracked	4471	 tracked	1	distilbert/distilgpt2	distilbert/distilgpt2	False	8.903980130980926e-08	23.420974731445312
ĠJohn	4471	 John	2	distilbert/distilgpt2	distilbert/distilgpt2	False	0.00017762675997801125	12.458863258361816
Ġbecause	4471	 because	3	distilbert/distilgpt2	distilbert/distilgpt2	False	0.0003252463648095727	11.586179733276367
Ġhe	4471	 he	4	distilbert/distilgpt2	distilbert/distilgpt2	False	0.45325204730033875	1.141614556312561
Sarah	4472	Sarah	0	distilbert/distilgpt2	distilbert/distilgpt2	False	1.0	0.0
Ġtracked	4472	 tracked	1	distilbert/distilgpt2	distilbert/distilgpt2	False	7.32629601429835e-08	23.702341079711914
ĠJohn	4472	 John	2	distilbert/distilgpt2	distilbert/distilgpt2	False	0.00015712266031187028	12.635821342468262
Ġbecause	4472	 because	3	distilbert/distilgpt2	distilbert/distilgpt2	False	0.0007869551191106439	10.311430931091309
Ġhe	4472	 he	4	distilbert/distilgpt2	distilbert/distilgpt2	False	0.4741305708885193	1.076643705368042
Mary	4473	Mary	0	distilbert/distilgpt2	distilbert/distilgpt2	False	1.0	0.0
Ġtracked	4473	 tracked	1	distilbert/distilgpt2	distilbert/distilgpt2	False	8.445778831855932e-08	23.497194290161133
ĠSarah	4473	 Sarah	2	distilbert/distilgpt2	distilbert/distilgpt2	False	1.4382834706339054e-05	16.08529281616211
Ġbecause	4473	 because	3	distilbert/distilgpt2	distilbert/distilgpt2	False	0.0007748701609671116	10.333757400512695
Ġshe	4473	 she	4	distilbert/distilgpt2	distilbert/distilgpt2	False	0.48627912998199463	1.0401434898376465
John	4474	John	0	distilbert/distilgpt2	distilbert/distilgpt2	False	1.0	0.0
Ġtracked	4474	 tracked	1	distilbert/distilgpt2	distilbert/distilgpt2	False	7.345647645706777e-08	23.698535919189453
ĠSarah	4474	 Sarah	2	distilbert/distilgpt2	distilbert/distilgpt2	False	1.8290178559254855e-05	15.738571166992188
Ġbecause	4474	 because	3	distilbert/distilgpt2	distilbert/distilgpt2	False	0.0005835401825606823	10.742880821228027
Ġshe	4474	 she	4	distilbert/distilgpt2	distilbert/distilgpt2	False	0.45156529545783997	1.1469935178756714
Mary	4475	Mary	0	distilbert/distilgpt2	distilbert/distilgpt2	False	1.0	0.0
Ġtracked	4475	 tracked	1	distilbert/distilgpt2	distilbert/distilgpt2	False	8.445778831855932e-08	23.497194290161133
ĠSarah	4475	 Sarah	2	distilbert/distilgpt2	distilbert/distilgpt2	False	1.4382834706339054e-05	16.08529281616211
Ġbecause	4475	 because	3	distilbert/distilgpt2	distilbert/distilgpt2	False	0.0007748701609671116	10.333757400512695
Ġshe	4475	 she	4	distilbert/distilgpt2	distilbert/distilgpt2	False	0.48627912998199463	1.0401434898376465
David	4476	David	0	distilbert/distilgpt2	distilbert/distilgpt2	False	1.0	0.0
Ġtracked	4476	 tracked	1	distilbert/distilgpt2	distilbert/distilgpt2	False	8.903980130980926e-08	23.420974731445312
ĠSarah	4476	 Sarah	2	distilbert/distilgpt2	distilbert/distilgpt2	False	1.8820108380168676e-05	15.697365760803223
Ġbecause	4476	 because	3	distilbert/distilgpt2	distilbert/distilgpt2	False	0.00033349546720273793	11.550045013427734
Ġshe	4476	 she	4	distilbert/distilgpt2	distilbert/distilgpt2	False	0.4438163638114929	1.17196524143219
Sarah	4477	Sarah	0	distilbert/distilgpt2	distilbert/distilgpt2	False	1.0	0.0
Ġtracked	4477	 tracked	1	distilbert/distilgpt2	distilbert/distilgpt2	False	7.32629601429835e-08	23.702341079711914
ĠMary	4477	 Mary	2	distilbert/distilgpt2	distilbert/distilgpt2	False	3.062505857087672e-05	14.994928359985352
Ġbecause	4477	 because	3	distilbert/distilgpt2	distilbert/distilgpt2	False	0.00034461356699466705	11.50273323059082
Ġshe	4477	 she	4	distilbert/distilgpt2	distilbert/distilgpt2	False	0.44401049613952637	1.1713343858718872
John	4478	John	0	distilbert/distilgpt2	distilbert/distilgpt2	False	1.0	0.0
Ġtracked	4478	 tracked	1	distilbert/distilgpt2	distilbert/distilgpt2	False	7.345647645706777e-08	23.698535919189453
ĠMary	4478	 Mary	2	distilbert/distilgpt2	distilbert/distilgpt2	False	1.8956774511025287e-05	15.68692684173584
Ġbecause	4478	 because	3	distilbert/distilgpt2	distilbert/distilgpt2	False	0.00036663500941358507	11.413368225097656
Ġshe	4478	 she	4	distilbert/distilgpt2	distilbert/distilgpt2	False	0.43674236536026	1.195145606994629
Sarah	4479	Sarah	0	distilbert/distilgpt2	distilbert/distilgpt2	False	1.0	0.0
Ġtracked	4479	 tracked	1	distilbert/distilgpt2	distilbert/distilgpt2	False	7.32629601429835e-08	23.702341079711914
ĠMary	4479	 Mary	2	distilbert/distilgpt2	distilbert/distilgpt2	False	3.062505857087672e-05	14.994928359985352
Ġbecause	4479	 because	3	distilbert/distilgpt2	distilbert/distilgpt2	False	0.00034461356699466705	11.50273323059082
Ġshe	4479	 she	4	distilbert/distilgpt2	distilbert/distilgpt2	False	0.44401049613952637	1.1713343858718872
David	4480	David	0	distilbert/distilgpt2	distilbert/distilgpt2	False	1.0	0.0
Ġtracked	4480	 tracked	1	distilbert/distilgpt2	distilbert/distilgpt2	False	8.903980130980926e-08	23.420974731445312
ĠMary	4480	 Mary	2	distilbert/distilgpt2	distilbert/distilgpt2	False	1.6298385162372142e-05	15.904911041259766
Ġbecause	4480	 because	3	distilbert/distilgpt2	distilbert/distilgpt2	False	0.00016874217544682324	12.532891273498535
Ġshe	4480	 she	4	distilbert/distilgpt2	distilbert/distilgpt2	False	0.43003013730049133	1.217490315437317
John	4481	John	0	distilbert/distilgpt2	distilbert/distilgpt2	False	1.0	0.0
Ġtrailed	4481	 trailed	1	distilbert/distilgpt2	distilbert/distilgpt2	False	6.0488423159199556e-09	27.30069351196289
ĠDavid	4481	 David	2	distilbert/distilgpt2	distilbert/distilgpt2	False	0.00015387509483844042	12.665952682495117
Ġbecause	4481	 because	3	distilbert/distilgpt2	distilbert/distilgpt2	False	0.00021187550737522542	12.204495429992676
Ġhe	4481	 he	4	distilbert/distilgpt2	distilbert/distilgpt2	False	0.38939911127090454	1.3606785535812378
Mary	4482	Mary	0	distilbert/distilgpt2	distilbert/distilgpt2	False	1.0	0.0
Ġtrailed	4482	 trailed	1	distilbert/distilgpt2	distilbert/distilgpt2	False	7.633964571596152e-09	26.964920043945312
ĠDavid	4482	 David	2	distilbert/distilgpt2	distilbert/distilgpt2	False	5.1462280680425465e-05	14.246125221252441
Ġbecause	4482	 because	3	distilbert/distilgpt2	distilbert/distilgpt2	False	0.0004505459510255605	11.11603832244873
Ġhe	4482	 he	4	distilbert/distilgpt2	distilbert/distilgpt2	False	0.4066271483898163	1.2982215881347656
John	4483	John	0	distilbert/distilgpt2	distilbert/distilgpt2	False	1.0	0.0
Ġtrailed	4483	 trailed	1	distilbert/distilgpt2	distilbert/distilgpt2	False	6.0488423159199556e-09	27.30069351196289
ĠDavid	4483	 David	2	distilbert/distilgpt2	distilbert/distilgpt2	False	0.00015387509483844042	12.665952682495117
Ġbecause	4483	 because	3	distilbert/distilgpt2	distilbert/distilgpt2	False	0.00021187550737522542	12.204495429992676
Ġhe	4483	 he	4	distilbert/distilgpt2	distilbert/distilgpt2	False	0.38939911127090454	1.3606785535812378
Sarah	4484	Sarah	0	distilbert/distilgpt2	distilbert/distilgpt2	False	1.0	0.0
Ġtrailed	4484	 trailed	1	distilbert/distilgpt2	distilbert/distilgpt2	False	7.762320564097536e-09	26.94086456298828
ĠDavid	4484	 David	2	distilbert/distilgpt2	distilbert/distilgpt2	False	6.621929787797853e-05	13.882389068603516
Ġbecause	4484	 because	3	distilbert/distilgpt2	distilbert/distilgpt2	False	0.00018244842067360878	12.4202241897583
Ġhe	4484	 he	4	distilbert/distilgpt2	distilbert/distilgpt2	False	0.3992483913898468	1.3246415853500366
David	4485	David	0	distilbert/distilgpt2	distilbert/distilgpt2	False	1.0	0.0
Ġtrailed	4485	 trailed	1	distilbert/distilgpt2	distilbert/distilgpt2	False	7.101062404757386e-09	27.069318771362305
ĠJohn	4485	 John	2	distilbert/distilgpt2	distilbert/distilgpt2	False	0.00043307492160238326	11.173095703125
Ġbecause	4485	 because	3	distilbert/distilgpt2	distilbert/distilgpt2	False	0.0003181462234351784	11.618021965026855
Ġhe	4485	 he	4	distilbert/distilgpt2	distilbert/distilgpt2	False	0.33220213651657104	1.5898667573928833
Mary	4486	Mary	0	distilbert/distilgpt2	distilbert/distilgpt2	False	1.0	0.0
Ġtrailed	4486	 trailed	1	distilbert/distilgpt2	distilbert/distilgpt2	False	7.633964571596152e-09	26.964920043945312
ĠJohn	4486	 John	2	distilbert/distilgpt2	distilbert/distilgpt2	False	0.00013648591993842274	12.838960647583008
Ġbecause	4486	 because	3	distilbert/distilgpt2	distilbert/distilgpt2	False	0.0017112224595621228	9.190756797790527
Ġhe	4486	 he	4	distilbert/distilgpt2	distilbert/distilgpt2	False	0.37782275676727295	1.4042185544967651
David	4487	David	0	distilbert/distilgpt2	distilbert/distilgpt2	False	1.0	0.0
Ġtrailed	4487	 trailed	1	distilbert/distilgpt2	distilbert/distilgpt2	False	7.101062404757386e-09	27.069318771362305
ĠJohn	4487	 John	2	distilbert/distilgpt2	distilbert/distilgpt2	False	0.00043307492160238326	11.173095703125
Ġbecause	4487	 because	3	distilbert/distilgpt2	distilbert/distilgpt2	False	0.0003181462234351784	11.618021965026855
Ġhe	4487	 he	4	distilbert/distilgpt2	distilbert/distilgpt2	False	0.33220213651657104	1.5898667573928833
Sarah	4488	Sarah	0	distilbert/distilgpt2	distilbert/distilgpt2	False	1.0	0.0
Ġtrailed	4488	 trailed	1	distilbert/distilgpt2	distilbert/distilgpt2	False	7.762320564097536e-09	26.94086456298828
ĠJohn	4488	 John	2	distilbert/distilgpt2	distilbert/distilgpt2	False	0.00012872069783043116	12.923468589782715
Ġbecause	4488	 because	3	distilbert/distilgpt2	distilbert/distilgpt2	False	0.0012520788004621863	9.641458511352539
Ġhe	4488	 he	4	distilbert/distilgpt2	distilbert/distilgpt2	False	0.35452964901924133	1.4960218667984009
Mary	4489	Mary	0	distilbert/distilgpt2	distilbert/distilgpt2	False	1.0	0.0
Ġtrailed	4489	 trailed	1	distilbert/distilgpt2	distilbert/distilgpt2	False	7.633964571596152e-09	26.964920043945312
ĠSarah	4489	 Sarah	2	distilbert/distilgpt2	distilbert/distilgpt2	False	1.6941223293542862e-05	15.849102020263672
Ġbecause	4489	 because	3	distilbert/distilgpt2	distilbert/distilgpt2	False	0.0019701854325830936	8.987452507019043
Ġshe	4489	 she	4	distilbert/distilgpt2	distilbert/distilgpt2	False	0.46032145619392395	1.1192864179611206
John	4490	John	0	distilbert/distilgpt2	distilbert/distilgpt2	False	1.0	0.0
Ġtrailed	4490	 trailed	1	distilbert/distilgpt2	distilbert/distilgpt2	False	6.0488423159199556e-09	27.30069351196289
ĠSarah	4490	 Sarah	2	distilbert/distilgpt2	distilbert/distilgpt2	False	3.2388856197940186e-05	14.914142608642578
Ġbecause	4490	 because	3	distilbert/distilgpt2	distilbert/distilgpt2	False	0.0008900449611246586	10.133833885192871
Ġshe	4490	 she	4	distilbert/distilgpt2	distilbert/distilgpt2	False	0.4061935544013977	1.2997608184814453
Mary	4491	Mary	0	distilbert/distilgpt2	distilbert/distilgpt2	False	1.0	0.0
Ġtrailed	4491	 trailed	1	distilbert/distilgpt2	distilbert/distilgpt2	False	7.633964571596152e-09	26.964920043945312
ĠSarah	4491	 Sarah	2	distilbert/distilgpt2	distilbert/distilgpt2	False	1.6941223293542862e-05	15.849102020263672
Ġbecause	4491	 because	3	distilbert/distilgpt2	distilbert/distilgpt2	False	0.0019701854325830936	8.987452507019043
Ġshe	4491	 she	4	distilbert/distilgpt2	distilbert/distilgpt2	False	0.46032145619392395	1.1192864179611206
David	4492	David	0	distilbert/distilgpt2	distilbert/distilgpt2	False	1.0	0.0
Ġtrailed	4492	 trailed	1	distilbert/distilgpt2	distilbert/distilgpt2	False	7.101062404757386e-09	27.069318771362305
ĠSarah	4492	 Sarah	2	distilbert/distilgpt2	distilbert/distilgpt2	False	3.336356166983023e-05	14.871367454528809
Ġbecause	4492	 because	3	distilbert/distilgpt2	distilbert/distilgpt2	False	0.0002453663037158549	11.992774963378906
Ġshe	4492	 she	4	distilbert/distilgpt2	distilbert/distilgpt2	False	0.39747050404548645	1.3310803174972534
Sarah	4493	Sarah	0	distilbert/distilgpt2	distilbert/distilgpt2	False	1.0	0.0
Ġtrailed	4493	 trailed	1	distilbert/distilgpt2	distilbert/distilgpt2	False	7.762320564097536e-09	26.94086456298828
ĠMary	4493	 Mary	2	distilbert/distilgpt2	distilbert/distilgpt2	False	3.378463225089945e-05	14.853273391723633
Ġbecause	4493	 because	3	distilbert/distilgpt2	distilbert/distilgpt2	False	0.0008482313714921474	10.203254699707031
Ġshe	4493	 she	4	distilbert/distilgpt2	distilbert/distilgpt2	False	0.37708020210266113	1.4070566892623901
John	4494	John	0	distilbert/distilgpt2	distilbert/distilgpt2	False	1.0	0.0
Ġtrailed	4494	 trailed	1	distilbert/distilgpt2	distilbert/distilgpt2	False	6.0488423159199556e-09	27.30069351196289
ĠMary	4494	 Mary	2	distilbert/distilgpt2	distilbert/distilgpt2	False	5.519291153177619e-05	14.145157814025879
Ġbecause	4494	 because	3	distilbert/distilgpt2	distilbert/distilgpt2	False	0.00133342738263309	9.550644874572754
Ġshe	4494	 she	4	distilbert/distilgpt2	distilbert/distilgpt2	False	0.3341217637062073	1.5815541744232178
Sarah	4495	Sarah	0	distilbert/distilgpt2	distilbert/distilgpt2	False	1.0	0.0
Ġtrailed	4495	 trailed	1	distilbert/distilgpt2	distilbert/distilgpt2	False	7.762320564097536e-09	26.94086456298828
ĠMary	4495	 Mary	2	distilbert/distilgpt2	distilbert/distilgpt2	False	3.378463225089945e-05	14.853273391723633
Ġbecause	4495	 because	3	distilbert/distilgpt2	distilbert/distilgpt2	False	0.0008482313714921474	10.203254699707031
Ġshe	4495	 she	4	distilbert/distilgpt2	distilbert/distilgpt2	False	0.37708020210266113	1.4070566892623901
David	4496	David	0	distilbert/distilgpt2	distilbert/distilgpt2	False	1.0	0.0
Ġtrailed	4496	 trailed	1	distilbert/distilgpt2	distilbert/distilgpt2	False	7.101062404757386e-09	27.069318771362305
ĠMary	4496	 Mary	2	distilbert/distilgpt2	distilbert/distilgpt2	False	4.239486588630825e-05	14.525751113891602
Ġbecause	4496	 because	3	distilbert/distilgpt2	distilbert/distilgpt2	False	0.00040849632932804525	11.257389068603516
Ġshe	4496	 she	4	distilbert/distilgpt2	distilbert/distilgpt2	False	0.3426094949245453	1.545362949371338
John	4497	John	0	distilbert/distilgpt2	distilbert/distilgpt2	False	1.0	0.0
Ġtre	4497	 treasured	1	distilbert/distilgpt2	distilbert/distilgpt2	False	3.7400633345896495e-07	21.350433349609375
asured	4497	 treasured	1	distilbert/distilgpt2	distilbert/distilgpt2	False	0.04142466187477112	4.5933661460876465
ĠDavid	4497	 David	2	distilbert/distilgpt2	distilbert/distilgpt2	False	0.00011141674622194842	13.131746292114258
Ġbecause	4497	 because	3	distilbert/distilgpt2	distilbert/distilgpt2	False	8.252379484474659e-05	13.56482982635498
Ġhe	4497	 he	4	distilbert/distilgpt2	distilbert/distilgpt2	False	0.3538484573364258	1.4987964630126953
Mary	4498	Mary	0	distilbert/distilgpt2	distilbert/distilgpt2	False	1.0	0.0
Ġtre	4498	 treasured	1	distilbert/distilgpt2	distilbert/distilgpt2	False	3.6947739090464893e-07	21.368011474609375
asured	4498	 treasured	1	distilbert/distilgpt2	distilbert/distilgpt2	False	0.05197838693857193	4.265944480895996
ĠDavid	4498	 David	2	distilbert/distilgpt2	distilbert/distilgpt2	False	4.553052713163197e-05	14.422806739807129
Ġbecause	4498	 because	3	distilbert/distilgpt2	distilbert/distilgpt2	False	6.181902426760644e-05	13.981589317321777
Ġhe	4498	 he	4	distilbert/distilgpt2	distilbert/distilgpt2	False	0.3410334289073944	1.552014946937561
John	4499	John	0	distilbert/distilgpt2	distilbert/distilgpt2	False	1.0	0.0
Ġtre	4499	 treasured	1	distilbert/distilgpt2	distilbert/distilgpt2	False	3.7400633345896495e-07	21.350433349609375
asured	4499	 treasured	1	distilbert/distilgpt2	distilbert/distilgpt2	False	0.04142466187477112	4.5933661460876465
ĠDavid	4499	 David	2	distilbert/distilgpt2	distilbert/distilgpt2	False	0.00011141674622194842	13.131746292114258
Ġbecause	4499	 because	3	distilbert/distilgpt2	distilbert/distilgpt2	False	8.252379484474659e-05	13.56482982635498
Ġhe	4499	 he	4	distilbert/distilgpt2	distilbert/distilgpt2	False	0.3538484573364258	1.4987964630126953
Sarah	4500	Sarah	0	distilbert/distilgpt2	distilbert/distilgpt2	False	1.0	0.0
Ġtre	4500	 treasured	1	distilbert/distilgpt2	distilbert/distilgpt2	False	3.313857064313197e-07	21.52498435974121
asured	4500	 treasured	1	distilbert/distilgpt2	distilbert/distilgpt2	False	0.04941608011722565	4.338875770568848
ĠDavid	4500	 David	2	distilbert/distilgpt2	distilbert/distilgpt2	False	0.00014171110524330288	12.784759521484375
Ġbecause	4500	 because	3	distilbert/distilgpt2	distilbert/distilgpt2	False	0.00015402366989292204	12.664560317993164
Ġhe	4500	 he	4	distilbert/distilgpt2	distilbert/distilgpt2	False	0.4056987166404724	1.3015193939208984
David	4501	David	0	distilbert/distilgpt2	distilbert/distilgpt2	False	1.0	0.0
Ġtre	4501	 treasured	1	distilbert/distilgpt2	distilbert/distilgpt2	False	3.5374799267628987e-07	21.430774688720703
asured	4501	 treasured	1	distilbert/distilgpt2	distilbert/distilgpt2	False	0.06794534623622894	3.879481554031372
ĠJohn	4501	 John	2	distilbert/distilgpt2	distilbert/distilgpt2	False	0.0004968460998497903	10.974913597106934
Ġbecause	4501	 because	3	distilbert/distilgpt2	distilbert/distilgpt2	False	5.849988883710466e-05	14.061206817626953
Ġhe	4501	 he	4	distilbert/distilgpt2	distilbert/distilgpt2	False	0.41451776027679443	1.2704942226409912
Mary	4502	Mary	0	distilbert/distilgpt2	distilbert/distilgpt2	False	1.0	0.0
Ġtre	4502	 treasured	1	distilbert/distilgpt2	distilbert/distilgpt2	False	3.6947739090464893e-07	21.368011474609375
asured	4502	 treasured	1	distilbert/distilgpt2	distilbert/distilgpt2	False	0.05197838693857193	4.265944480895996
ĠJohn	4502	 John	2	distilbert/distilgpt2	distilbert/distilgpt2	False	0.00018657423788681626	12.387962341308594
Ġbecause	4502	 because	3	distilbert/distilgpt2	distilbert/distilgpt2	False	6.333446799544618e-05	13.946649551391602
Ġhe	4502	 he	4	distilbert/distilgpt2	distilbert/distilgpt2	False	0.40135353803634644	1.3170545101165771
David	4503	David	0	distilbert/distilgpt2	distilbert/distilgpt2	False	1.0	0.0
Ġtre	4503	 treasured	1	distilbert/distilgpt2	distilbert/distilgpt2	False	3.5374799267628987e-07	21.430774688720703
asured	4503	 treasured	1	distilbert/distilgpt2	distilbert/distilgpt2	False	0.06794534623622894	3.879481554031372
ĠJohn	4503	 John	2	distilbert/distilgpt2	distilbert/distilgpt2	False	0.0004968460998497903	10.974913597106934
Ġbecause	4503	 because	3	distilbert/distilgpt2	distilbert/distilgpt2	False	5.849988883710466e-05	14.061206817626953
Ġhe	4503	 he	4	distilbert/distilgpt2	distilbert/distilgpt2	False	0.41451776027679443	1.2704942226409912
Sarah	4504	Sarah	0	distilbert/distilgpt2	distilbert/distilgpt2	False	1.0	0.0
Ġtre	4504	 treasured	1	distilbert/distilgpt2	distilbert/distilgpt2	False	3.313857064313197e-07	21.52498435974121
asured	4504	 treasured	1	distilbert/distilgpt2	distilbert/distilgpt2	False	0.04941608011722565	4.338875770568848
ĠJohn	4504	 John	2	distilbert/distilgpt2	distilbert/distilgpt2	False	0.0004184771969448775	11.222563743591309
Ġbecause	4504	 because	3	distilbert/distilgpt2	distilbert/distilgpt2	False	0.00016911255079321563	12.529728889465332
Ġhe	4504	 he	4	distilbert/distilgpt2	distilbert/distilgpt2	False	0.4397931694984436	1.185102939605713
Mary	4505	Mary	0	distilbert/distilgpt2	distilbert/distilgpt2	False	1.0	0.0
Ġtre	4505	 treasured	1	distilbert/distilgpt2	distilbert/distilgpt2	False	3.6947739090464893e-07	21.368011474609375
asured	4505	 treasured	1	distilbert/distilgpt2	distilbert/distilgpt2	False	0.05197838693857193	4.265944480895996
ĠSarah	4505	 Sarah	2	distilbert/distilgpt2	distilbert/distilgpt2	False	1.2533691005955916e-05	16.283828735351562
Ġbecause	4505	 because	3	distilbert/distilgpt2	distilbert/distilgpt2	False	0.00027338569634594023	11.836774826049805
Ġshe	4505	 she	4	distilbert/distilgpt2	distilbert/distilgpt2	False	0.435738205909729	1.1984665393829346
John	4506	John	0	distilbert/distilgpt2	distilbert/distilgpt2	False	1.0	0.0
Ġtre	4506	 treasured	1	distilbert/distilgpt2	distilbert/distilgpt2	False	3.7400633345896495e-07	21.350433349609375
asured	4506	 treasured	1	distilbert/distilgpt2	distilbert/distilgpt2	False	0.04142466187477112	4.5933661460876465
ĠSarah	4506	 Sarah	2	distilbert/distilgpt2	distilbert/distilgpt2	False	2.1543166440096684e-05	15.502409934997559
Ġbecause	4506	 because	3	distilbert/distilgpt2	distilbert/distilgpt2	False	0.0003121251647826284	11.645587921142578
Ġshe	4506	 she	4	distilbert/distilgpt2	distilbert/distilgpt2	False	0.42261868715286255	1.2425715923309326
Mary	4507	Mary	0	distilbert/distilgpt2	distilbert/distilgpt2	False	1.0	0.0
Ġtre	4507	 treasured	1	distilbert/distilgpt2	distilbert/distilgpt2	False	3.6947739090464893e-07	21.368011474609375
asured	4507	 treasured	1	distilbert/distilgpt2	distilbert/distilgpt2	False	0.05197838693857193	4.265944480895996
ĠSarah	4507	 Sarah	2	distilbert/distilgpt2	distilbert/distilgpt2	False	1.2533691005955916e-05	16.283828735351562
Ġbecause	4507	 because	3	distilbert/distilgpt2	distilbert/distilgpt2	False	0.00027338569634594023	11.836774826049805
Ġshe	4507	 she	4	distilbert/distilgpt2	distilbert/distilgpt2	False	0.435738205909729	1.1984665393829346
David	4508	David	0	distilbert/distilgpt2	distilbert/distilgpt2	False	1.0	0.0
Ġtre	4508	 treasured	1	distilbert/distilgpt2	distilbert/distilgpt2	False	3.5374799267628987e-07	21.430774688720703
asured	4508	 treasured	1	distilbert/distilgpt2	distilbert/distilgpt2	False	0.06794534623622894	3.879481554031372
ĠSarah	4508	 Sarah	2	distilbert/distilgpt2	distilbert/distilgpt2	False	2.6603274818626232e-05	15.198036193847656
Ġbecause	4508	 because	3	distilbert/distilgpt2	distilbert/distilgpt2	False	0.00028411325183697045	11.781246185302734
Ġshe	4508	 she	4	distilbert/distilgpt2	distilbert/distilgpt2	False	0.4342701733112335	1.2033352851867676
Sarah	4509	Sarah	0	distilbert/distilgpt2	distilbert/distilgpt2	False	1.0	0.0
Ġtre	4509	 treasured	1	distilbert/distilgpt2	distilbert/distilgpt2	False	3.313857064313197e-07	21.52498435974121
asured	4509	 treasured	1	distilbert/distilgpt2	distilbert/distilgpt2	False	0.04941608011722565	4.338875770568848
ĠMary	4509	 Mary	2	distilbert/distilgpt2	distilbert/distilgpt2	False	8.500391413690522e-05	13.522110939025879
Ġbecause	4509	 because	3	distilbert/distilgpt2	distilbert/distilgpt2	False	0.0002384325780440122	12.034131050109863
Ġshe	4509	 she	4	distilbert/distilgpt2	distilbert/distilgpt2	False	0.4273000657558441	1.2266786098480225
John	4510	John	0	distilbert/distilgpt2	distilbert/distilgpt2	False	1.0	0.0
Ġtre	4510	 treasured	1	distilbert/distilgpt2	distilbert/distilgpt2	False	3.7400633345896495e-07	21.350433349609375
asured	4510	 treasured	1	distilbert/distilgpt2	distilbert/distilgpt2	False	0.04142466187477112	4.5933661460876465
ĠMary	4510	 Mary	2	distilbert/distilgpt2	distilbert/distilgpt2	False	5.412192331277765e-05	14.17342758178711
Ġbecause	4510	 because	3	distilbert/distilgpt2	distilbert/distilgpt2	False	0.00023801001952961087	12.036689758300781
Ġshe	4510	 she	4	distilbert/distilgpt2	distilbert/distilgpt2	False	0.3884536027908325	1.3641858100891113
Sarah	4511	Sarah	0	distilbert/distilgpt2	distilbert/distilgpt2	False	1.0	0.0
Ġtre	4511	 treasured	1	distilbert/distilgpt2	distilbert/distilgpt2	False	3.313857064313197e-07	21.52498435974121
asured	4511	 treasured	1	distilbert/distilgpt2	distilbert/distilgpt2	False	0.04941608011722565	4.338875770568848
ĠMary	4511	 Mary	2	distilbert/distilgpt2	distilbert/distilgpt2	False	8.500391413690522e-05	13.522110939025879
Ġbecause	4511	 because	3	distilbert/distilgpt2	distilbert/distilgpt2	False	0.0002384325780440122	12.034131050109863
Ġshe	4511	 she	4	distilbert/distilgpt2	distilbert/distilgpt2	False	0.4273000657558441	1.2266786098480225
David	4512	David	0	distilbert/distilgpt2	distilbert/distilgpt2	False	1.0	0.0
Ġtre	4512	 treasured	1	distilbert/distilgpt2	distilbert/distilgpt2	False	3.5374799267628987e-07	21.430774688720703
asured	4512	 treasured	1	distilbert/distilgpt2	distilbert/distilgpt2	False	0.06794534623622894	3.879481554031372
ĠMary	4512	 Mary	2	distilbert/distilgpt2	distilbert/distilgpt2	False	5.816499833599664e-05	14.069489479064941
Ġbecause	4512	 because	3	distilbert/distilgpt2	distilbert/distilgpt2	False	0.00015363507554866374	12.668205261230469
Ġshe	4512	 she	4	distilbert/distilgpt2	distilbert/distilgpt2	False	0.4079304039478302	1.293605089187622
John	4513	John	0	distilbert/distilgpt2	distilbert/distilgpt2	False	1.0	0.0
Ġtroubled	4513	 troubled	1	distilbert/distilgpt2	distilbert/distilgpt2	False	6.237262795139031e-08	23.934511184692383
ĠDavid	4513	 David	2	distilbert/distilgpt2	distilbert/distilgpt2	False	0.0001003640063572675	13.282470703125
Ġbecause	4513	 because	3	distilbert/distilgpt2	distilbert/distilgpt2	False	0.00011678546434268355	13.063851356506348
Ġhe	4513	 he	4	distilbert/distilgpt2	distilbert/distilgpt2	False	0.4203111529350281	1.2504703998565674
Mary	4514	Mary	0	distilbert/distilgpt2	distilbert/distilgpt2	False	1.0	0.0
Ġtroubled	4514	 troubled	1	distilbert/distilgpt2	distilbert/distilgpt2	False	8.374077253847645e-08	23.50949478149414
ĠDavid	4514	 David	2	distilbert/distilgpt2	distilbert/distilgpt2	False	5.223327752901241e-05	14.224671363830566
Ġbecause	4514	 because	3	distilbert/distilgpt2	distilbert/distilgpt2	False	0.0002561311121098697	11.930830001831055
Ġhe	4514	 he	4	distilbert/distilgpt2	distilbert/distilgpt2	False	0.4368867576122284	1.1946687698364258
John	4515	John	0	distilbert/distilgpt2	distilbert/distilgpt2	False	1.0	0.0
Ġtroubled	4515	 troubled	1	distilbert/distilgpt2	distilbert/distilgpt2	False	6.237262795139031e-08	23.934511184692383
ĠDavid	4515	 David	2	distilbert/distilgpt2	distilbert/distilgpt2	False	0.0001003640063572675	13.282470703125
Ġbecause	4515	 because	3	distilbert/distilgpt2	distilbert/distilgpt2	False	0.00011678546434268355	13.063851356506348
Ġhe	4515	 he	4	distilbert/distilgpt2	distilbert/distilgpt2	False	0.4203111529350281	1.2504703998565674
Sarah	4516	Sarah	0	distilbert/distilgpt2	distilbert/distilgpt2	False	1.0	0.0
Ġtroubled	4516	 troubled	1	distilbert/distilgpt2	distilbert/distilgpt2	False	6.481312198047817e-08	23.879138946533203
ĠDavid	4516	 David	2	distilbert/distilgpt2	distilbert/distilgpt2	False	9.241072984877974e-05	13.401579856872559
Ġbecause	4516	 because	3	distilbert/distilgpt2	distilbert/distilgpt2	False	0.00020134296210017055	12.278057098388672
Ġhe	4516	 he	4	distilbert/distilgpt2	distilbert/distilgpt2	False	0.44323235750198364	1.1738649606704712
David	4517	David	0	distilbert/distilgpt2	distilbert/distilgpt2	False	1.0	0.0
Ġtroubled	4517	 troubled	1	distilbert/distilgpt2	distilbert/distilgpt2	False	6.931385598818451e-08	23.78228187561035
ĠJohn	4517	 John	2	distilbert/distilgpt2	distilbert/distilgpt2	False	0.000307777663692832	11.665823936462402
Ġbecause	4517	 because	3	distilbert/distilgpt2	distilbert/distilgpt2	False	0.00015367566084023565	12.667823791503906
Ġhe	4517	 he	4	distilbert/distilgpt2	distilbert/distilgpt2	False	0.3874833285808563	1.3677939176559448
Mary	4518	Mary	0	distilbert/distilgpt2	distilbert/distilgpt2	False	1.0	0.0
Ġtroubled	4518	 troubled	1	distilbert/distilgpt2	distilbert/distilgpt2	False	8.374077253847645e-08	23.50949478149414
ĠJohn	4518	 John	2	distilbert/distilgpt2	distilbert/distilgpt2	False	0.00014175043907016516	12.784358978271484
Ġbecause	4518	 because	3	distilbert/distilgpt2	distilbert/distilgpt2	False	0.00046752759953960776	11.062661170959473
Ġhe	4518	 he	4	distilbert/distilgpt2	distilbert/distilgpt2	False	0.4278346300125122	1.2248748540878296
David	4519	David	0	distilbert/distilgpt2	distilbert/distilgpt2	False	1.0	0.0
Ġtroubled	4519	 troubled	1	distilbert/distilgpt2	distilbert/distilgpt2	False	6.931385598818451e-08	23.78228187561035
ĠJohn	4519	 John	2	distilbert/distilgpt2	distilbert/distilgpt2	False	0.000307777663692832	11.665823936462402
Ġbecause	4519	 because	3	distilbert/distilgpt2	distilbert/distilgpt2	False	0.00015367566084023565	12.667823791503906
Ġhe	4519	 he	4	distilbert/distilgpt2	distilbert/distilgpt2	False	0.3874833285808563	1.3677939176559448
Sarah	4520	Sarah	0	distilbert/distilgpt2	distilbert/distilgpt2	False	1.0	0.0
Ġtroubled	4520	 troubled	1	distilbert/distilgpt2	distilbert/distilgpt2	False	6.481312198047817e-08	23.879138946533203
ĠJohn	4520	 John	2	distilbert/distilgpt2	distilbert/distilgpt2	False	0.00024052135995589197	12.021547317504883
Ġbecause	4520	 because	3	distilbert/distilgpt2	distilbert/distilgpt2	False	0.0007372981635853648	10.405464172363281
Ġhe	4520	 he	4	distilbert/distilgpt2	distilbert/distilgpt2	False	0.4247947633266449	1.2351621389389038
Mary	4521	Mary	0	distilbert/distilgpt2	distilbert/distilgpt2	False	1.0	0.0
Ġtroubled	4521	 troubled	1	distilbert/distilgpt2	distilbert/distilgpt2	False	8.374077253847645e-08	23.50949478149414
ĠSarah	4521	 Sarah	2	distilbert/distilgpt2	distilbert/distilgpt2	False	1.9830129531328566e-05	15.621946334838867
Ġbecause	4521	 because	3	distilbert/distilgpt2	distilbert/distilgpt2	False	0.0008355356403626502	10.225010871887207
Ġshe	4521	 she	4	distilbert/distilgpt2	distilbert/distilgpt2	False	0.4966017007827759	1.0098389387130737
John	4522	John	0	distilbert/distilgpt2	distilbert/distilgpt2	False	1.0	0.0
Ġtroubled	4522	 troubled	1	distilbert/distilgpt2	distilbert/distilgpt2	False	6.237262795139031e-08	23.934511184692383
ĠSarah	4522	 Sarah	2	distilbert/distilgpt2	distilbert/distilgpt2	False	2.2391843231162056e-05	15.446666717529297
Ġbecause	4522	 because	3	distilbert/distilgpt2	distilbert/distilgpt2	False	0.00042776891496032476	11.19088077545166
Ġshe	4522	 she	4	distilbert/distilgpt2	distilbert/distilgpt2	False	0.467412531375885	1.0972317457199097
Mary	4523	Mary	0	distilbert/distilgpt2	distilbert/distilgpt2	False	1.0	0.0
Ġtroubled	4523	 troubled	1	distilbert/distilgpt2	distilbert/distilgpt2	False	8.374077253847645e-08	23.50949478149414
ĠSarah	4523	 Sarah	2	distilbert/distilgpt2	distilbert/distilgpt2	False	1.9830129531328566e-05	15.621946334838867
Ġbecause	4523	 because	3	distilbert/distilgpt2	distilbert/distilgpt2	False	0.0008355356403626502	10.225010871887207
Ġshe	4523	 she	4	distilbert/distilgpt2	distilbert/distilgpt2	False	0.4966017007827759	1.0098389387130737
David	4524	David	0	distilbert/distilgpt2	distilbert/distilgpt2	False	1.0	0.0
Ġtroubled	4524	 troubled	1	distilbert/distilgpt2	distilbert/distilgpt2	False	6.931385598818451e-08	23.78228187561035
ĠSarah	4524	 Sarah	2	distilbert/distilgpt2	distilbert/distilgpt2	False	1.9819597582682036e-05	15.622713088989258
Ġbecause	4524	 because	3	distilbert/distilgpt2	distilbert/distilgpt2	False	0.00018679286586120725	12.386273384094238
Ġshe	4524	 she	4	distilbert/distilgpt2	distilbert/distilgpt2	False	0.4458409547805786	1.1653989553451538
Sarah	4525	Sarah	0	distilbert/distilgpt2	distilbert/distilgpt2	False	1.0	0.0
Ġtroubled	4525	 troubled	1	distilbert/distilgpt2	distilbert/distilgpt2	False	6.481312198047817e-08	23.879138946533203
ĠMary	4525	 Mary	2	distilbert/distilgpt2	distilbert/distilgpt2	False	0.0001052207953762263	13.214292526245117
Ġbecause	4525	 because	3	distilbert/distilgpt2	distilbert/distilgpt2	False	0.0005326427635736763	10.874544143676758
Ġshe	4525	 she	4	distilbert/distilgpt2	distilbert/distilgpt2	False	0.4328000843524933	1.2082273960113525
John	4526	John	0	distilbert/distilgpt2	distilbert/distilgpt2	False	1.0	0.0
Ġtroubled	4526	 troubled	1	distilbert/distilgpt2	distilbert/distilgpt2	False	6.237262795139031e-08	23.934511184692383
ĠMary	4526	 Mary	2	distilbert/distilgpt2	distilbert/distilgpt2	False	6.37227640254423e-05	13.93783187866211
Ġbecause	4526	 because	3	distilbert/distilgpt2	distilbert/distilgpt2	False	0.000533577986061573	10.872013092041016
Ġshe	4526	 she	4	distilbert/distilgpt2	distilbert/distilgpt2	False	0.42148491740226746	1.2464470863342285
Sarah	4527	Sarah	0	distilbert/distilgpt2	distilbert/distilgpt2	False	1.0	0.0
Ġtroubled	4527	 troubled	1	distilbert/distilgpt2	distilbert/distilgpt2	False	6.481312198047817e-08	23.879138946533203
ĠMary	4527	 Mary	2	distilbert/distilgpt2	distilbert/distilgpt2	False	0.0001052207953762263	13.214292526245117
Ġbecause	4527	 because	3	distilbert/distilgpt2	distilbert/distilgpt2	False	0.0005326427635736763	10.874544143676758
Ġshe	4527	 she	4	distilbert/distilgpt2	distilbert/distilgpt2	False	0.4328000843524933	1.2082273960113525
David	4528	David	0	distilbert/distilgpt2	distilbert/distilgpt2	False	1.0	0.0
Ġtroubled	4528	 troubled	1	distilbert/distilgpt2	distilbert/distilgpt2	False	6.931385598818451e-08	23.78228187561035
ĠMary	4528	 Mary	2	distilbert/distilgpt2	distilbert/distilgpt2	False	5.48854804947041e-05	14.153216361999512
Ġbecause	4528	 because	3	distilbert/distilgpt2	distilbert/distilgpt2	False	0.0002622143074404448	11.896965980529785
Ġshe	4528	 she	4	distilbert/distilgpt2	distilbert/distilgpt2	False	0.40526315569877625	1.3030691146850586
John	4529	John	0	distilbert/distilgpt2	distilbert/distilgpt2	False	1.0	0.0
Ġtrusted	4529	 trusted	1	distilbert/distilgpt2	distilbert/distilgpt2	False	1.1867768279216762e-07	23.00644874572754
ĠDavid	4529	 David	2	distilbert/distilgpt2	distilbert/distilgpt2	False	0.00014385902613867074	12.763056755065918
Ġbecause	4529	 because	3	distilbert/distilgpt2	distilbert/distilgpt2	False	0.0006545103969983757	10.577296257019043
Ġhe	4529	 he	4	distilbert/distilgpt2	distilbert/distilgpt2	False	0.4357776939868927	1.1983357667922974
Mary	4530	Mary	0	distilbert/distilgpt2	distilbert/distilgpt2	False	1.0	0.0
Ġtrusted	4530	 trusted	1	distilbert/distilgpt2	distilbert/distilgpt2	False	1.1652184639387997e-07	23.032896041870117
ĠDavid	4530	 David	2	distilbert/distilgpt2	distilbert/distilgpt2	False	0.00012971034448128194	12.912419319152832
Ġbecause	4530	 because	3	distilbert/distilgpt2	distilbert/distilgpt2	False	0.0007855698349885643	10.313972473144531
Ġhe	4530	 he	4	distilbert/distilgpt2	distilbert/distilgpt2	False	0.4309038519859314	1.214562177658081
John	4531	John	0	distilbert/distilgpt2	distilbert/distilgpt2	False	1.0	0.0
Ġtrusted	4531	 trusted	1	distilbert/distilgpt2	distilbert/distilgpt2	False	1.1867768279216762e-07	23.00644874572754
ĠDavid	4531	 David	2	distilbert/distilgpt2	distilbert/distilgpt2	False	0.00014385902613867074	12.763056755065918
Ġbecause	4531	 because	3	distilbert/distilgpt2	distilbert/distilgpt2	False	0.0006545103969983757	10.577296257019043
Ġhe	4531	 he	4	distilbert/distilgpt2	distilbert/distilgpt2	False	0.4357776939868927	1.1983357667922974
Sarah	4532	Sarah	0	distilbert/distilgpt2	distilbert/distilgpt2	False	1.0	0.0
Ġtrusted	4532	 trusted	1	distilbert/distilgpt2	distilbert/distilgpt2	False	1.0332679778457532e-07	23.206281661987305
ĠDavid	4532	 David	2	distilbert/distilgpt2	distilbert/distilgpt2	False	0.0002075483207590878	12.234265327453613
Ġbecause	4532	 because	3	distilbert/distilgpt2	distilbert/distilgpt2	False	0.000968653301242739	10.01173210144043
Ġhe	4532	 he	4	distilbert/distilgpt2	distilbert/distilgpt2	False	0.44603824615478516	1.164760708808899
David	4533	David	0	distilbert/distilgpt2	distilbert/distilgpt2	False	1.0	0.0
Ġtrusted	4533	 trusted	1	distilbert/distilgpt2	distilbert/distilgpt2	False	1.151579525071611e-07	23.049882888793945
ĠJohn	4533	 John	2	distilbert/distilgpt2	distilbert/distilgpt2	False	0.0006371306953951716	10.61612319946289
Ġbecause	4533	 because	3	distilbert/distilgpt2	distilbert/distilgpt2	False	0.0006547507946379483	10.576766967773438
Ġhe	4533	 he	4	distilbert/distilgpt2	distilbert/distilgpt2	False	0.42953798174858093	1.2191424369812012
Mary	4534	Mary	0	distilbert/distilgpt2	distilbert/distilgpt2	False	1.0	0.0
Ġtrusted	4534	 trusted	1	distilbert/distilgpt2	distilbert/distilgpt2	False	1.1652184639387997e-07	23.032896041870117
ĠJohn	4534	 John	2	distilbert/distilgpt2	distilbert/distilgpt2	False	0.000440009607700631	11.150177001953125
Ġbecause	4534	 because	3	distilbert/distilgpt2	distilbert/distilgpt2	False	0.0007976645138114691	10.291930198669434
Ġhe	4534	 he	4	distilbert/distilgpt2	distilbert/distilgpt2	False	0.45117947459220886	1.1482267379760742
David	4535	David	0	distilbert/distilgpt2	distilbert/distilgpt2	False	1.0	0.0
Ġtrusted	4535	 trusted	1	distilbert/distilgpt2	distilbert/distilgpt2	False	1.151579525071611e-07	23.049882888793945
ĠJohn	4535	 John	2	distilbert/distilgpt2	distilbert/distilgpt2	False	0.0006371306953951716	10.61612319946289
Ġbecause	4535	 because	3	distilbert/distilgpt2	distilbert/distilgpt2	False	0.0006547507946379483	10.576766967773438
Ġhe	4535	 he	4	distilbert/distilgpt2	distilbert/distilgpt2	False	0.42953798174858093	1.2191424369812012
Sarah	4536	Sarah	0	distilbert/distilgpt2	distilbert/distilgpt2	False	1.0	0.0
Ġtrusted	4536	 trusted	1	distilbert/distilgpt2	distilbert/distilgpt2	False	1.0332679778457532e-07	23.206281661987305
ĠJohn	4536	 John	2	distilbert/distilgpt2	distilbert/distilgpt2	False	0.000607846537604928	10.684005737304688
Ġbecause	4536	 because	3	distilbert/distilgpt2	distilbert/distilgpt2	False	0.0012166284723207355	9.68289566040039
Ġhe	4536	 he	4	distilbert/distilgpt2	distilbert/distilgpt2	False	0.43772533535957336	1.1919022798538208
Mary	4537	Mary	0	distilbert/distilgpt2	distilbert/distilgpt2	False	1.0	0.0
Ġtrusted	4537	 trusted	1	distilbert/distilgpt2	distilbert/distilgpt2	False	1.1652184639387997e-07	23.032896041870117
ĠSarah	4537	 Sarah	2	distilbert/distilgpt2	distilbert/distilgpt2	False	6.467737694038078e-05	13.91637897491455
Ġbecause	4537	 because	3	distilbert/distilgpt2	distilbert/distilgpt2	False	0.0017748799873515964	9.138062477111816
Ġshe	4537	 she	4	distilbert/distilgpt2	distilbert/distilgpt2	False	0.5010544657707214	0.9969606995582581
John	4538	John	0	distilbert/distilgpt2	distilbert/distilgpt2	False	1.0	0.0
Ġtrusted	4538	 trusted	1	distilbert/distilgpt2	distilbert/distilgpt2	False	1.1867768279216762e-07	23.00644874572754
ĠSarah	4538	 Sarah	2	distilbert/distilgpt2	distilbert/distilgpt2	False	5.406755371950567e-05	14.174877166748047
Ġbecause	4538	 because	3	distilbert/distilgpt2	distilbert/distilgpt2	False	0.00129317760001868	9.594863891601562
Ġshe	4538	 she	4	distilbert/distilgpt2	distilbert/distilgpt2	False	0.4622777998447418	1.1131680011749268
Mary	4539	Mary	0	distilbert/distilgpt2	distilbert/distilgpt2	False	1.0	0.0
Ġtrusted	4539	 trusted	1	distilbert/distilgpt2	distilbert/distilgpt2	False	1.1652184639387997e-07	23.032896041870117
ĠSarah	4539	 Sarah	2	distilbert/distilgpt2	distilbert/distilgpt2	False	6.467737694038078e-05	13.91637897491455
Ġbecause	4539	 because	3	distilbert/distilgpt2	distilbert/distilgpt2	False	0.0017748799873515964	9.138062477111816
Ġshe	4539	 she	4	distilbert/distilgpt2	distilbert/distilgpt2	False	0.5010544657707214	0.9969606995582581
David	4540	David	0	distilbert/distilgpt2	distilbert/distilgpt2	False	1.0	0.0
Ġtrusted	4540	 trusted	1	distilbert/distilgpt2	distilbert/distilgpt2	False	1.151579525071611e-07	23.049882888793945
ĠSarah	4540	 Sarah	2	distilbert/distilgpt2	distilbert/distilgpt2	False	7.051072316244245e-05	13.791797637939453
Ġbecause	4540	 because	3	distilbert/distilgpt2	distilbert/distilgpt2	False	0.0009271403541788459	10.07492446899414
Ġshe	4540	 she	4	distilbert/distilgpt2	distilbert/distilgpt2	False	0.4560195505619049	1.132832407951355
Sarah	4541	Sarah	0	distilbert/distilgpt2	distilbert/distilgpt2	False	1.0	0.0
Ġtrusted	4541	 trusted	1	distilbert/distilgpt2	distilbert/distilgpt2	False	1.0332679778457532e-07	23.206281661987305
ĠMary	4541	 Mary	2	distilbert/distilgpt2	distilbert/distilgpt2	False	0.00015430213534273207	12.661953926086426
Ġbecause	4541	 because	3	distilbert/distilgpt2	distilbert/distilgpt2	False	0.0007636394002474844	10.35482120513916
Ġshe	4541	 she	4	distilbert/distilgpt2	distilbert/distilgpt2	False	0.4447738230228424	1.1688562631607056
John	4542	John	0	distilbert/distilgpt2	distilbert/distilgpt2	False	1.0	0.0
Ġtrusted	4542	 trusted	1	distilbert/distilgpt2	distilbert/distilgpt2	False	1.1867768279216762e-07	23.00644874572754
ĠMary	4542	 Mary	2	distilbert/distilgpt2	distilbert/distilgpt2	False	8.223147597163916e-05	13.569950103759766
Ġbecause	4542	 because	3	distilbert/distilgpt2	distilbert/distilgpt2	False	0.0007774868863634765	10.328893661499023
Ġshe	4542	 she	4	distilbert/distilgpt2	distilbert/distilgpt2	False	0.44004830718040466	1.184266209602356
Sarah	4543	Sarah	0	distilbert/distilgpt2	distilbert/distilgpt2	False	1.0	0.0
Ġtrusted	4543	 trusted	1	distilbert/distilgpt2	distilbert/distilgpt2	False	1.0332679778457532e-07	23.206281661987305
ĠMary	4543	 Mary	2	distilbert/distilgpt2	distilbert/distilgpt2	False	0.00015430213534273207	12.661953926086426
Ġbecause	4543	 because	3	distilbert/distilgpt2	distilbert/distilgpt2	False	0.0007636394002474844	10.35482120513916
Ġshe	4543	 she	4	distilbert/distilgpt2	distilbert/distilgpt2	False	0.4447738230228424	1.1688562631607056
David	4544	David	0	distilbert/distilgpt2	distilbert/distilgpt2	False	1.0	0.0
Ġtrusted	4544	 trusted	1	distilbert/distilgpt2	distilbert/distilgpt2	False	1.151579525071611e-07	23.049882888793945
ĠMary	4544	 Mary	2	distilbert/distilgpt2	distilbert/distilgpt2	False	0.00010769251821329817	13.180794715881348
Ġbecause	4544	 because	3	distilbert/distilgpt2	distilbert/distilgpt2	False	0.0004583195550367236	11.091358184814453
Ġshe	4544	 she	4	distilbert/distilgpt2	distilbert/distilgpt2	False	0.42684870958328247	1.228203296661377
John	4545	John	0	distilbert/distilgpt2	distilbert/distilgpt2	False	1.0	0.0
Ġunn	4545	 unnerved	1	distilbert/distilgpt2	distilbert/distilgpt2	False	1.3186207681314954e-08	26.176395416259766
erved	4545	 unnerved	1	distilbert/distilgpt2	distilbert/distilgpt2	False	0.2709563076496124	1.8838679790496826
ĠDavid	4545	 David	2	distilbert/distilgpt2	distilbert/distilgpt2	False	0.00026523967972025275	11.880415916442871
Ġbecause	4545	 because	3	distilbert/distilgpt2	distilbert/distilgpt2	False	0.00028458971064537764	11.778828620910645
Ġhe	4545	 he	4	distilbert/distilgpt2	distilbert/distilgpt2	False	0.3746795952320099	1.4162707328796387
Mary	4546	Mary	0	distilbert/distilgpt2	distilbert/distilgpt2	False	1.0	0.0
Ġunn	4546	 unnerved	1	distilbert/distilgpt2	distilbert/distilgpt2	False	1.3870916859559657e-08	26.103361129760742
erved	4546	 unnerved	1	distilbert/distilgpt2	distilbert/distilgpt2	False	0.28128084540367126	1.8299169540405273
ĠDavid	4546	 David	2	distilbert/distilgpt2	distilbert/distilgpt2	False	0.00017411756562069058	12.487650871276855
Ġbecause	4546	 because	3	distilbert/distilgpt2	distilbert/distilgpt2	False	0.0006200681673362851	10.655285835266113
Ġhe	4546	 he	4	distilbert/distilgpt2	distilbert/distilgpt2	False	0.376128613948822	1.410702109336853
John	4547	John	0	distilbert/distilgpt2	distilbert/distilgpt2	False	1.0	0.0
Ġunn	4547	 unnerved	1	distilbert/distilgpt2	distilbert/distilgpt2	False	1.3186207681314954e-08	26.176395416259766
erved	4547	 unnerved	1	distilbert/distilgpt2	distilbert/distilgpt2	False	0.2709563076496124	1.8838679790496826
ĠDavid	4547	 David	2	distilbert/distilgpt2	distilbert/distilgpt2	False	0.00026523967972025275	11.880415916442871
Ġbecause	4547	 because	3	distilbert/distilgpt2	distilbert/distilgpt2	False	0.00028458971064537764	11.778828620910645
Ġhe	4547	 he	4	distilbert/distilgpt2	distilbert/distilgpt2	False	0.3746795952320099	1.4162707328796387
Sarah	4548	Sarah	0	distilbert/distilgpt2	distilbert/distilgpt2	False	1.0	0.0
Ġunn	4548	 unnerved	1	distilbert/distilgpt2	distilbert/distilgpt2	False	1.2913835334416035e-08	26.206506729125977
erved	4548	 unnerved	1	distilbert/distilgpt2	distilbert/distilgpt2	False	0.35114428400993347	1.5098642110824585
ĠDavid	4548	 David	2	distilbert/distilgpt2	distilbert/distilgpt2	False	0.00022793549578636885	12.09908676147461
Ġbecause	4548	 because	3	distilbert/distilgpt2	distilbert/distilgpt2	False	0.0002626625937409699	11.894501686096191
Ġhe	4548	 he	4	distilbert/distilgpt2	distilbert/distilgpt2	False	0.375418096780777	1.4134299755096436
David	4549	David	0	distilbert/distilgpt2	distilbert/distilgpt2	False	1.0	0.0
Ġunn	4549	 unnerved	1	distilbert/distilgpt2	distilbert/distilgpt2	False	1.4650412438754756e-08	26.02448272705078
erved	4549	 unnerved	1	distilbert/distilgpt2	distilbert/distilgpt2	False	0.5332326292991638	0.907163143157959
ĠJohn	4549	 John	2	distilbert/distilgpt2	distilbert/distilgpt2	False	0.0007478030165657401	10.385053634643555
Ġbecause	4549	 because	3	distilbert/distilgpt2	distilbert/distilgpt2	False	0.0002814520266838372	11.79482364654541
Ġhe	4549	 he	4	distilbert/distilgpt2	distilbert/distilgpt2	False	0.3718423843383789	1.4272369146347046
Mary	4550	Mary	0	distilbert/distilgpt2	distilbert/distilgpt2	False	1.0	0.0
Ġunn	4550	 unnerved	1	distilbert/distilgpt2	distilbert/distilgpt2	False	1.3870916859559657e-08	26.103361129760742
erved	4550	 unnerved	1	distilbert/distilgpt2	distilbert/distilgpt2	False	0.28128084540367126	1.8299169540405273
ĠJohn	4550	 John	2	distilbert/distilgpt2	distilbert/distilgpt2	False	0.0004470363783184439	11.127320289611816
Ġbecause	4550	 because	3	distilbert/distilgpt2	distilbert/distilgpt2	False	0.000723844044841826	10.43203353881836
Ġhe	4550	 he	4	distilbert/distilgpt2	distilbert/distilgpt2	False	0.3851515054702759	1.3765020370483398
David	4551	David	0	distilbert/distilgpt2	distilbert/distilgpt2	False	1.0	0.0
Ġunn	4551	 unnerved	1	distilbert/distilgpt2	distilbert/distilgpt2	False	1.4650412438754756e-08	26.02448272705078
erved	4551	 unnerved	1	distilbert/distilgpt2	distilbert/distilgpt2	False	0.5332326292991638	0.907163143157959
ĠJohn	4551	 John	2	distilbert/distilgpt2	distilbert/distilgpt2	False	0.0007478030165657401	10.385053634643555
Ġbecause	4551	 because	3	distilbert/distilgpt2	distilbert/distilgpt2	False	0.0002814520266838372	11.79482364654541
Ġhe	4551	 he	4	distilbert/distilgpt2	distilbert/distilgpt2	False	0.3718423843383789	1.4272369146347046
Sarah	4552	Sarah	0	distilbert/distilgpt2	distilbert/distilgpt2	False	1.0	0.0
Ġunn	4552	 unnerved	1	distilbert/distilgpt2	distilbert/distilgpt2	False	1.2913835334416035e-08	26.206506729125977
erved	4552	 unnerved	1	distilbert/distilgpt2	distilbert/distilgpt2	False	0.35114428400993347	1.5098642110824585
ĠJohn	4552	 John	2	distilbert/distilgpt2	distilbert/distilgpt2	False	0.0005110767087899148	10.934172630310059
Ġbecause	4552	 because	3	distilbert/distilgpt2	distilbert/distilgpt2	False	0.0005816536140628159	10.747551918029785
Ġhe	4552	 he	4	distilbert/distilgpt2	distilbert/distilgpt2	False	0.37520766258239746	1.4142388105392456
Mary	4553	Mary	0	distilbert/distilgpt2	distilbert/distilgpt2	False	1.0	0.0
Ġunn	4553	 unnerved	1	distilbert/distilgpt2	distilbert/distilgpt2	False	1.3870916859559657e-08	26.103361129760742
erved	4553	 unnerved	1	distilbert/distilgpt2	distilbert/distilgpt2	False	0.28128084540367126	1.8299169540405273
ĠSarah	4553	 Sarah	2	distilbert/distilgpt2	distilbert/distilgpt2	False	5.731240162276663e-05	14.090792655944824
Ġbecause	4553	 because	3	distilbert/distilgpt2	distilbert/distilgpt2	False	0.0016196747310459614	9.27008056640625
Ġshe	4553	 she	4	distilbert/distilgpt2	distilbert/distilgpt2	False	0.4452515244483948	1.1673076152801514
John	4554	John	0	distilbert/distilgpt2	distilbert/distilgpt2	False	1.0	0.0
Ġunn	4554	 unnerved	1	distilbert/distilgpt2	distilbert/distilgpt2	False	1.3186207681314954e-08	26.176395416259766
erved	4554	 unnerved	1	distilbert/distilgpt2	distilbert/distilgpt2	False	0.2709563076496124	1.8838679790496826
ĠSarah	4554	 Sarah	2	distilbert/distilgpt2	distilbert/distilgpt2	False	7.009463297436014e-05	13.800336837768555
Ġbecause	4554	 because	3	distilbert/distilgpt2	distilbert/distilgpt2	False	0.0006887235795147717	10.50378704071045
Ġshe	4554	 she	4	distilbert/distilgpt2	distilbert/distilgpt2	False	0.4204016327857971	1.2501598596572876
Mary	4555	Mary	0	distilbert/distilgpt2	distilbert/distilgpt2	False	1.0	0.0
Ġunn	4555	 unnerved	1	distilbert/distilgpt2	distilbert/distilgpt2	False	1.3870916859559657e-08	26.103361129760742
erved	4555	 unnerved	1	distilbert/distilgpt2	distilbert/distilgpt2	False	0.28128084540367126	1.8299169540405273
ĠSarah	4555	 Sarah	2	distilbert/distilgpt2	distilbert/distilgpt2	False	5.731240162276663e-05	14.090792655944824
Ġbecause	4555	 because	3	distilbert/distilgpt2	distilbert/distilgpt2	False	0.0016196747310459614	9.27008056640625
Ġshe	4555	 she	4	distilbert/distilgpt2	distilbert/distilgpt2	False	0.4452515244483948	1.1673076152801514
David	4556	David	0	distilbert/distilgpt2	distilbert/distilgpt2	False	1.0	0.0
Ġunn	4556	 unnerved	1	distilbert/distilgpt2	distilbert/distilgpt2	False	1.4650412438754756e-08	26.02448272705078
erved	4556	 unnerved	1	distilbert/distilgpt2	distilbert/distilgpt2	False	0.5332326292991638	0.907163143157959
ĠSarah	4556	 Sarah	2	distilbert/distilgpt2	distilbert/distilgpt2	False	7.27718070265837e-05	13.746260643005371
Ġbecause	4556	 because	3	distilbert/distilgpt2	distilbert/distilgpt2	False	0.00039040824049152434	11.322729110717773
Ġshe	4556	 she	4	distilbert/distilgpt2	distilbert/distilgpt2	False	0.39621472358703613	1.3356456756591797
Sarah	4557	Sarah	0	distilbert/distilgpt2	distilbert/distilgpt2	False	1.0	0.0
Ġunn	4557	 unnerved	1	distilbert/distilgpt2	distilbert/distilgpt2	False	1.2913835334416035e-08	26.206506729125977
erved	4557	 unnerved	1	distilbert/distilgpt2	distilbert/distilgpt2	False	0.35114428400993347	1.5098642110824585
ĠMary	4557	 Mary	2	distilbert/distilgpt2	distilbert/distilgpt2	False	0.00013807698269374669	12.822239875793457
Ġbecause	4557	 because	3	distilbert/distilgpt2	distilbert/distilgpt2	False	0.0007895075832493603	10.306758880615234
Ġshe	4557	 she	4	distilbert/distilgpt2	distilbert/distilgpt2	False	0.3828885555267334	1.3850035667419434
John	4558	John	0	distilbert/distilgpt2	distilbert/distilgpt2	False	1.0	0.0
Ġunn	4558	 unnerved	1	distilbert/distilgpt2	distilbert/distilgpt2	False	1.3186207681314954e-08	26.176395416259766
erved	4558	 unnerved	1	distilbert/distilgpt2	distilbert/distilgpt2	False	0.2709563076496124	1.8838679790496826
ĠMary	4558	 Mary	2	distilbert/distilgpt2	distilbert/distilgpt2	False	0.0001403672795277089	12.798505783081055
Ġbecause	4558	 because	3	distilbert/distilgpt2	distilbert/distilgpt2	False	0.0012954920530319214	9.592284202575684
Ġshe	4558	 she	4	distilbert/distilgpt2	distilbert/distilgpt2	False	0.37982818484306335	1.3965811729431152
Sarah	4559	Sarah	0	distilbert/distilgpt2	distilbert/distilgpt2	False	1.0	0.0
Ġunn	4559	 unnerved	1	distilbert/distilgpt2	distilbert/distilgpt2	False	1.2913835334416035e-08	26.206506729125977
erved	4559	 unnerved	1	distilbert/distilgpt2	distilbert/distilgpt2	False	0.35114428400993347	1.5098642110824585
ĠMary	4559	 Mary	2	distilbert/distilgpt2	distilbert/distilgpt2	False	0.00013807698269374669	12.822239875793457
Ġbecause	4559	 because	3	distilbert/distilgpt2	distilbert/distilgpt2	False	0.0007895075832493603	10.306758880615234
Ġshe	4559	 she	4	distilbert/distilgpt2	distilbert/distilgpt2	False	0.3828885555267334	1.3850035667419434
David	4560	David	0	distilbert/distilgpt2	distilbert/distilgpt2	False	1.0	0.0
Ġunn	4560	 unnerved	1	distilbert/distilgpt2	distilbert/distilgpt2	False	1.4650412438754756e-08	26.02448272705078
erved	4560	 unnerved	1	distilbert/distilgpt2	distilbert/distilgpt2	False	0.5332326292991638	0.907163143157959
ĠMary	4560	 Mary	2	distilbert/distilgpt2	distilbert/distilgpt2	False	0.0001311448577325791	12.896551132202148
Ġbecause	4560	 because	3	distilbert/distilgpt2	distilbert/distilgpt2	False	0.0006554326973855495	10.575264930725098
Ġshe	4560	 she	4	distilbert/distilgpt2	distilbert/distilgpt2	False	0.3593805134296417	1.476415991783142
John	4561	John	0	distilbert/distilgpt2	distilbert/distilgpt2	False	1.0	0.0
Ġunsett	4561	 unsettled	1	distilbert/distilgpt2	distilbert/distilgpt2	False	1.9641246851165306e-08	25.601537704467773
led	4561	 unsettled	1	distilbert/distilgpt2	distilbert/distilgpt2	False	0.9667413830757141	0.04879798740148544
ĠDavid	4561	 David	2	distilbert/distilgpt2	distilbert/distilgpt2	False	0.000615460507106036	10.666046142578125
Ġbecause	4561	 because	3	distilbert/distilgpt2	distilbert/distilgpt2	False	7.194415957201272e-05	13.762763023376465
Ġhe	4561	 he	4	distilbert/distilgpt2	distilbert/distilgpt2	False	0.3667526841163635	1.4471206665039062
Mary	4562	Mary	0	distilbert/distilgpt2	distilbert/distilgpt2	False	1.0	0.0
Ġunsett	4562	 unsettled	1	distilbert/distilgpt2	distilbert/distilgpt2	False	2.486682504354576e-08	25.261201858520508
led	4562	 unsettled	1	distilbert/distilgpt2	distilbert/distilgpt2	False	0.971626341342926	0.04152647778391838
ĠDavid	4562	 David	2	distilbert/distilgpt2	distilbert/distilgpt2	False	0.0003028017526958138	11.689338684082031
Ġbecause	4562	 because	3	distilbert/distilgpt2	distilbert/distilgpt2	False	0.0005768847768194973	10.759428977966309
Ġhe	4562	 he	4	distilbert/distilgpt2	distilbert/distilgpt2	False	0.37571510672569275	1.412289023399353
John	4563	John	0	distilbert/distilgpt2	distilbert/distilgpt2	False	1.0	0.0
Ġunsett	4563	 unsettled	1	distilbert/distilgpt2	distilbert/distilgpt2	False	1.9641246851165306e-08	25.601537704467773
led	4563	 unsettled	1	distilbert/distilgpt2	distilbert/distilgpt2	False	0.9667413830757141	0.04879798740148544
ĠDavid	4563	 David	2	distilbert/distilgpt2	distilbert/distilgpt2	False	0.000615460507106036	10.666046142578125
Ġbecause	4563	 because	3	distilbert/distilgpt2	distilbert/distilgpt2	False	7.194415957201272e-05	13.762763023376465
Ġhe	4563	 he	4	distilbert/distilgpt2	distilbert/distilgpt2	False	0.3667526841163635	1.4471206665039062
Sarah	4564	Sarah	0	distilbert/distilgpt2	distilbert/distilgpt2	False	1.0	0.0
Ġunsett	4564	 unsettled	1	distilbert/distilgpt2	distilbert/distilgpt2	False	1.979359609549647e-08	25.590391159057617
led	4564	 unsettled	1	distilbert/distilgpt2	distilbert/distilgpt2	False	0.9521686434745789	0.0707109123468399
ĠDavid	4564	 David	2	distilbert/distilgpt2	distilbert/distilgpt2	False	0.00041647435864433646	11.229484558105469
Ġbecause	4564	 because	3	distilbert/distilgpt2	distilbert/distilgpt2	False	0.0002658363082446158	11.877174377441406
Ġhe	4564	 he	4	distilbert/distilgpt2	distilbert/distilgpt2	False	0.38090401887893677	1.392500638961792
David	4565	David	0	distilbert/distilgpt2	distilbert/distilgpt2	False	1.0	0.0
Ġunsett	4565	 unsettled	1	distilbert/distilgpt2	distilbert/distilgpt2	False	2.1617738710233425e-08	25.46320915222168
led	4565	 unsettled	1	distilbert/distilgpt2	distilbert/distilgpt2	False	0.9591734409332275	0.060136325657367706
ĠJohn	4565	 John	2	distilbert/distilgpt2	distilbert/distilgpt2	False	0.0013109453720971942	9.575176239013672
Ġbecause	4565	 because	3	distilbert/distilgpt2	distilbert/distilgpt2	False	9.052858513314277e-05	13.431266784667969
Ġhe	4565	 he	4	distilbert/distilgpt2	distilbert/distilgpt2	False	0.33776241540908813	1.565919280052185
Mary	4566	Mary	0	distilbert/distilgpt2	distilbert/distilgpt2	False	1.0	0.0
Ġunsett	4566	 unsettled	1	distilbert/distilgpt2	distilbert/distilgpt2	False	2.486682504354576e-08	25.261201858520508
led	4566	 unsettled	1	distilbert/distilgpt2	distilbert/distilgpt2	False	0.971626341342926	0.04152647778391838
ĠJohn	4566	 John	2	distilbert/distilgpt2	distilbert/distilgpt2	False	0.0005479455576278269	10.833680152893066
Ġbecause	4566	 because	3	distilbert/distilgpt2	distilbert/distilgpt2	False	0.0009547932422719896	10.032524108886719
Ġhe	4566	 he	4	distilbert/distilgpt2	distilbert/distilgpt2	False	0.3829583525657654	1.3847405910491943
David	4567	David	0	distilbert/distilgpt2	distilbert/distilgpt2	False	1.0	0.0
Ġunsett	4567	 unsettled	1	distilbert/distilgpt2	distilbert/distilgpt2	False	2.1617738710233425e-08	25.46320915222168
led	4567	 unsettled	1	distilbert/distilgpt2	distilbert/distilgpt2	False	0.9591734409332275	0.060136325657367706
ĠJohn	4567	 John	2	distilbert/distilgpt2	distilbert/distilgpt2	False	0.0013109453720971942	9.575176239013672
Ġbecause	4567	 because	3	distilbert/distilgpt2	distilbert/distilgpt2	False	9.052858513314277e-05	13.431266784667969
Ġhe	4567	 he	4	distilbert/distilgpt2	distilbert/distilgpt2	False	0.33776241540908813	1.565919280052185
Sarah	4568	Sarah	0	distilbert/distilgpt2	distilbert/distilgpt2	False	1.0	0.0
Ġunsett	4568	 unsettled	1	distilbert/distilgpt2	distilbert/distilgpt2	False	1.979359609549647e-08	25.590391159057617
led	4568	 unsettled	1	distilbert/distilgpt2	distilbert/distilgpt2	False	0.9521686434745789	0.0707109123468399
ĠJohn	4568	 John	2	distilbert/distilgpt2	distilbert/distilgpt2	False	0.0005892034969292581	10.728946685791016
Ġbecause	4568	 because	3	distilbert/distilgpt2	distilbert/distilgpt2	False	0.0012281836243346334	9.669258117675781
Ġhe	4568	 he	4	distilbert/distilgpt2	distilbert/distilgpt2	False	0.37229299545288086	1.4254896640777588
Mary	4569	Mary	0	distilbert/distilgpt2	distilbert/distilgpt2	False	1.0	0.0
Ġunsett	4569	 unsettled	1	distilbert/distilgpt2	distilbert/distilgpt2	False	2.486682504354576e-08	25.261201858520508
led	4569	 unsettled	1	distilbert/distilgpt2	distilbert/distilgpt2	False	0.971626341342926	0.04152647778391838
ĠSarah	4569	 Sarah	2	distilbert/distilgpt2	distilbert/distilgpt2	False	7.538884528912604e-05	13.695289611816406
Ġbecause	4569	 because	3	distilbert/distilgpt2	distilbert/distilgpt2	False	0.001702063251286745	9.19849967956543
Ġshe	4569	 she	4	distilbert/distilgpt2	distilbert/distilgpt2	False	0.4435252845287323	1.1729117631912231
John	4570	John	0	distilbert/distilgpt2	distilbert/distilgpt2	False	1.0	0.0
Ġunsett	4570	 unsettled	1	distilbert/distilgpt2	distilbert/distilgpt2	False	1.9641246851165306e-08	25.601537704467773
led	4570	 unsettled	1	distilbert/distilgpt2	distilbert/distilgpt2	False	0.9667413830757141	0.04879798740148544
ĠSarah	4570	 Sarah	2	distilbert/distilgpt2	distilbert/distilgpt2	False	9.070928354049101e-05	13.428390502929688
Ġbecause	4570	 because	3	distilbert/distilgpt2	distilbert/distilgpt2	False	0.0004346685600467026	11.16779613494873
Ġshe	4570	 she	4	distilbert/distilgpt2	distilbert/distilgpt2	False	0.40208354592323303	1.3144328594207764
Mary	4571	Mary	0	distilbert/distilgpt2	distilbert/distilgpt2	False	1.0	0.0
Ġunsett	4571	 unsettled	1	distilbert/distilgpt2	distilbert/distilgpt2	False	2.486682504354576e-08	25.261201858520508
led	4571	 unsettled	1	distilbert/distilgpt2	distilbert/distilgpt2	False	0.971626341342926	0.04152647778391838
ĠSarah	4571	 Sarah	2	distilbert/distilgpt2	distilbert/distilgpt2	False	7.538884528912604e-05	13.695289611816406
Ġbecause	4571	 because	3	distilbert/distilgpt2	distilbert/distilgpt2	False	0.001702063251286745	9.19849967956543
Ġshe	4571	 she	4	distilbert/distilgpt2	distilbert/distilgpt2	False	0.4435252845287323	1.1729117631912231
David	4572	David	0	distilbert/distilgpt2	distilbert/distilgpt2	False	1.0	0.0
Ġunsett	4572	 unsettled	1	distilbert/distilgpt2	distilbert/distilgpt2	False	2.1617738710233425e-08	25.46320915222168
led	4572	 unsettled	1	distilbert/distilgpt2	distilbert/distilgpt2	False	0.9591734409332275	0.060136325657367706
ĠSarah	4572	 Sarah	2	distilbert/distilgpt2	distilbert/distilgpt2	False	8.462125697406009e-05	13.528620719909668
Ġbecause	4572	 because	3	distilbert/distilgpt2	distilbert/distilgpt2	False	0.00016884713841136545	12.531994819641113
Ġshe	4572	 she	4	distilbert/distilgpt2	distilbert/distilgpt2	False	0.37194857001304626	1.426824927330017
Sarah	4573	Sarah	0	distilbert/distilgpt2	distilbert/distilgpt2	False	1.0	0.0
Ġunsett	4573	 unsettled	1	distilbert/distilgpt2	distilbert/distilgpt2	False	1.979359609549647e-08	25.590391159057617
led	4573	 unsettled	1	distilbert/distilgpt2	distilbert/distilgpt2	False	0.9521686434745789	0.0707109123468399
ĠMary	4573	 Mary	2	distilbert/distilgpt2	distilbert/distilgpt2	False	0.00024246997782029212	12.009905815124512
Ġbecause	4573	 because	3	distilbert/distilgpt2	distilbert/distilgpt2	False	0.0009628123953007162	10.02045726776123
Ġshe	4573	 she	4	distilbert/distilgpt2	distilbert/distilgpt2	False	0.3806789219379425	1.3933534622192383
John	4574	John	0	distilbert/distilgpt2	distilbert/distilgpt2	False	1.0	0.0
Ġunsett	4574	 unsettled	1	distilbert/distilgpt2	distilbert/distilgpt2	False	1.9641246851165306e-08	25.601537704467773
led	4574	 unsettled	1	distilbert/distilgpt2	distilbert/distilgpt2	False	0.9667413830757141	0.04879798740148544
ĠMary	4574	 Mary	2	distilbert/distilgpt2	distilbert/distilgpt2	False	0.0002153475652448833	12.181045532226562
Ġbecause	4574	 because	3	distilbert/distilgpt2	distilbert/distilgpt2	False	0.0010770355584099889	9.858717918395996
Ġshe	4574	 she	4	distilbert/distilgpt2	distilbert/distilgpt2	False	0.3765917420387268	1.4089267253875732
Sarah	4575	Sarah	0	distilbert/distilgpt2	distilbert/distilgpt2	False	1.0	0.0
Ġunsett	4575	 unsettled	1	distilbert/distilgpt2	distilbert/distilgpt2	False	1.979359609549647e-08	25.590391159057617
led	4575	 unsettled	1	distilbert/distilgpt2	distilbert/distilgpt2	False	0.9521686434745789	0.0707109123468399
ĠMary	4575	 Mary	2	distilbert/distilgpt2	distilbert/distilgpt2	False	0.00024246997782029212	12.009905815124512
Ġbecause	4575	 because	3	distilbert/distilgpt2	distilbert/distilgpt2	False	0.0009628123953007162	10.02045726776123
Ġshe	4575	 she	4	distilbert/distilgpt2	distilbert/distilgpt2	False	0.3806789219379425	1.3933534622192383
David	4576	David	0	distilbert/distilgpt2	distilbert/distilgpt2	False	1.0	0.0
Ġunsett	4576	 unsettled	1	distilbert/distilgpt2	distilbert/distilgpt2	False	2.1617738710233425e-08	25.46320915222168
led	4576	 unsettled	1	distilbert/distilgpt2	distilbert/distilgpt2	False	0.9591734409332275	0.060136325657367706
ĠMary	4576	 Mary	2	distilbert/distilgpt2	distilbert/distilgpt2	False	0.0001804656203603372	12.435988426208496
Ġbecause	4576	 because	3	distilbert/distilgpt2	distilbert/distilgpt2	False	0.00037993001751601696	11.361978530883789
Ġshe	4576	 she	4	distilbert/distilgpt2	distilbert/distilgpt2	False	0.3511311411857605	1.509918212890625
John	4577	John	0	distilbert/distilgpt2	distilbert/distilgpt2	False	1.0	0.0
Ġupl	4577	 uplifted	1	distilbert/distilgpt2	distilbert/distilgpt2	False	1.6736722230348278e-08	25.832406997680664
ifted	4577	 uplifted	1	distilbert/distilgpt2	distilbert/distilgpt2	False	0.11230356991291046	3.154524326324463
ĠDavid	4577	 David	2	distilbert/distilgpt2	distilbert/distilgpt2	False	0.00020179605053272098	12.27481460571289
Ġbecause	4577	 because	3	distilbert/distilgpt2	distilbert/distilgpt2	False	0.00017911776376422495	12.44680404663086
Ġhe	4577	 he	4	distilbert/distilgpt2	distilbert/distilgpt2	False	0.3878077268600464	1.3665865659713745
Mary	4578	Mary	0	distilbert/distilgpt2	distilbert/distilgpt2	False	1.0	0.0
Ġupl	4578	 uplifted	1	distilbert/distilgpt2	distilbert/distilgpt2	False	2.2319150971839008e-08	25.417142868041992
ifted	4578	 uplifted	1	distilbert/distilgpt2	distilbert/distilgpt2	False	0.12213238328695297	3.033482313156128
ĠDavid	4578	 David	2	distilbert/distilgpt2	distilbert/distilgpt2	False	0.00010892809223150834	13.164336204528809
Ġbecause	4578	 because	3	distilbert/distilgpt2	distilbert/distilgpt2	False	0.00015837869432289153	12.624334335327148
Ġhe	4578	 he	4	distilbert/distilgpt2	distilbert/distilgpt2	False	0.3870939016342163	1.3692445755004883
John	4579	John	0	distilbert/distilgpt2	distilbert/distilgpt2	False	1.0	0.0
Ġupl	4579	 uplifted	1	distilbert/distilgpt2	distilbert/distilgpt2	False	1.6736722230348278e-08	25.832406997680664
ifted	4579	 uplifted	1	distilbert/distilgpt2	distilbert/distilgpt2	False	0.11230356991291046	3.154524326324463
ĠDavid	4579	 David	2	distilbert/distilgpt2	distilbert/distilgpt2	False	0.00020179605053272098	12.27481460571289
Ġbecause	4579	 because	3	distilbert/distilgpt2	distilbert/distilgpt2	False	0.00017911776376422495	12.44680404663086
Ġhe	4579	 he	4	distilbert/distilgpt2	distilbert/distilgpt2	False	0.3878077268600464	1.3665865659713745
Sarah	4580	Sarah	0	distilbert/distilgpt2	distilbert/distilgpt2	False	1.0	0.0
Ġupl	4580	 uplifted	1	distilbert/distilgpt2	distilbert/distilgpt2	False	1.4588926511294176e-08	26.03055191040039
ifted	4580	 uplifted	1	distilbert/distilgpt2	distilbert/distilgpt2	False	0.13554365932941437	2.8831703662872314
ĠDavid	4580	 David	2	distilbert/distilgpt2	distilbert/distilgpt2	False	0.00023979967227205634	12.025882720947266
Ġbecause	4580	 because	3	distilbert/distilgpt2	distilbert/distilgpt2	False	0.00025539350463077426	11.934990882873535
Ġhe	4580	 he	4	distilbert/distilgpt2	distilbert/distilgpt2	False	0.4005592167377472	1.3199125528335571
David	4581	David	0	distilbert/distilgpt2	distilbert/distilgpt2	False	1.0	0.0
Ġupl	4581	 uplifted	1	distilbert/distilgpt2	distilbert/distilgpt2	False	1.769794621964138e-08	25.751842498779297
ifted	4581	 uplifted	1	distilbert/distilgpt2	distilbert/distilgpt2	False	0.1349189728498459	2.8898348808288574
ĠJohn	4581	 John	2	distilbert/distilgpt2	distilbert/distilgpt2	False	0.0003662434173747897	11.414909362792969
Ġbecause	4581	 because	3	distilbert/distilgpt2	distilbert/distilgpt2	False	0.0004152081091888249	11.233878135681152
Ġhe	4581	 he	4	distilbert/distilgpt2	distilbert/distilgpt2	False	0.39691653847694397	1.333092451095581
Mary	4582	Mary	0	distilbert/distilgpt2	distilbert/distilgpt2	False	1.0	0.0
Ġupl	4582	 uplifted	1	distilbert/distilgpt2	distilbert/distilgpt2	False	2.2319150971839008e-08	25.417142868041992
ifted	4582	 uplifted	1	distilbert/distilgpt2	distilbert/distilgpt2	False	0.12213238328695297	3.033482313156128
ĠJohn	4582	 John	2	distilbert/distilgpt2	distilbert/distilgpt2	False	0.00018232282309327275	12.42121696472168
Ġbecause	4582	 because	3	distilbert/distilgpt2	distilbert/distilgpt2	False	0.00027842886629514396	11.810403823852539
Ġhe	4582	 he	4	distilbert/distilgpt2	distilbert/distilgpt2	False	0.4107127785682678	1.283798336982727
David	4583	David	0	distilbert/distilgpt2	distilbert/distilgpt2	False	1.0	0.0
Ġupl	4583	 uplifted	1	distilbert/distilgpt2	distilbert/distilgpt2	False	1.769794621964138e-08	25.751842498779297
ifted	4583	 uplifted	1	distilbert/distilgpt2	distilbert/distilgpt2	False	0.1349189728498459	2.8898348808288574
ĠJohn	4583	 John	2	distilbert/distilgpt2	distilbert/distilgpt2	False	0.0003662434173747897	11.414909362792969
Ġbecause	4583	 because	3	distilbert/distilgpt2	distilbert/distilgpt2	False	0.0004152081091888249	11.233878135681152
Ġhe	4583	 he	4	distilbert/distilgpt2	distilbert/distilgpt2	False	0.39691653847694397	1.333092451095581
Sarah	4584	Sarah	0	distilbert/distilgpt2	distilbert/distilgpt2	False	1.0	0.0
Ġupl	4584	 uplifted	1	distilbert/distilgpt2	distilbert/distilgpt2	False	1.4588926511294176e-08	26.03055191040039
ifted	4584	 uplifted	1	distilbert/distilgpt2	distilbert/distilgpt2	False	0.13554365932941437	2.8831703662872314
ĠJohn	4584	 John	2	distilbert/distilgpt2	distilbert/distilgpt2	False	0.00029921295936219394	11.70654010772705
Ġbecause	4584	 because	3	distilbert/distilgpt2	distilbert/distilgpt2	False	0.0007630017353221774	10.356025695800781
Ġhe	4584	 he	4	distilbert/distilgpt2	distilbert/distilgpt2	False	0.4123940169811249	1.277904748916626
Mary	4585	Mary	0	distilbert/distilgpt2	distilbert/distilgpt2	False	1.0	0.0
Ġupl	4585	 uplifted	1	distilbert/distilgpt2	distilbert/distilgpt2	False	2.2319150971839008e-08	25.417142868041992
ifted	4585	 uplifted	1	distilbert/distilgpt2	distilbert/distilgpt2	False	0.12213238328695297	3.033482313156128
ĠSarah	4585	 Sarah	2	distilbert/distilgpt2	distilbert/distilgpt2	False	2.899262290156912e-05	15.073954582214355
Ġbecause	4585	 because	3	distilbert/distilgpt2	distilbert/distilgpt2	False	0.0007568279397673905	10.36774730682373
Ġshe	4585	 she	4	distilbert/distilgpt2	distilbert/distilgpt2	False	0.4489631652832031	1.155331015586853
John	4586	John	0	distilbert/distilgpt2	distilbert/distilgpt2	False	1.0	0.0
Ġupl	4586	 uplifted	1	distilbert/distilgpt2	distilbert/distilgpt2	False	1.6736722230348278e-08	25.832406997680664
ifted	4586	 uplifted	1	distilbert/distilgpt2	distilbert/distilgpt2	False	0.11230356991291046	3.154524326324463
ĠSarah	4586	 Sarah	2	distilbert/distilgpt2	distilbert/distilgpt2	False	4.311262091505341e-05	14.501530647277832
Ġbecause	4586	 because	3	distilbert/distilgpt2	distilbert/distilgpt2	False	0.0007807259680703282	10.322896003723145
Ġshe	4586	 she	4	distilbert/distilgpt2	distilbert/distilgpt2	False	0.43425554037094116	1.2033839225769043
Mary	4587	Mary	0	distilbert/distilgpt2	distilbert/distilgpt2	False	1.0	0.0
Ġupl	4587	 uplifted	1	distilbert/distilgpt2	distilbert/distilgpt2	False	2.2319150971839008e-08	25.417142868041992
ifted	4587	 uplifted	1	distilbert/distilgpt2	distilbert/distilgpt2	False	0.12213238328695297	3.033482313156128
ĠSarah	4587	 Sarah	2	distilbert/distilgpt2	distilbert/distilgpt2	False	2.899262290156912e-05	15.073954582214355
Ġbecause	4587	 because	3	distilbert/distilgpt2	distilbert/distilgpt2	False	0.0007568279397673905	10.36774730682373
Ġshe	4587	 she	4	distilbert/distilgpt2	distilbert/distilgpt2	False	0.4489631652832031	1.155331015586853
David	4588	David	0	distilbert/distilgpt2	distilbert/distilgpt2	False	1.0	0.0
Ġupl	4588	 uplifted	1	distilbert/distilgpt2	distilbert/distilgpt2	False	1.769794621964138e-08	25.751842498779297
ifted	4588	 uplifted	1	distilbert/distilgpt2	distilbert/distilgpt2	False	0.1349189728498459	2.8898348808288574
ĠSarah	4588	 Sarah	2	distilbert/distilgpt2	distilbert/distilgpt2	False	5.210511517361738e-05	14.228215217590332
Ġbecause	4588	 because	3	distilbert/distilgpt2	distilbert/distilgpt2	False	0.0006912428070791066	10.498519897460938
Ġshe	4588	 she	4	distilbert/distilgpt2	distilbert/distilgpt2	False	0.42599350214004517	1.2310967445373535
Sarah	4589	Sarah	0	distilbert/distilgpt2	distilbert/distilgpt2	False	1.0	0.0
Ġupl	4589	 uplifted	1	distilbert/distilgpt2	distilbert/distilgpt2	False	1.4588926511294176e-08	26.03055191040039
ifted	4589	 uplifted	1	distilbert/distilgpt2	distilbert/distilgpt2	False	0.13554365932941437	2.8831703662872314
ĠMary	4589	 Mary	2	distilbert/distilgpt2	distilbert/distilgpt2	False	9.138578025158495e-05	13.417671203613281
Ġbecause	4589	 because	3	distilbert/distilgpt2	distilbert/distilgpt2	False	0.0004959249054081738	10.977590560913086
Ġshe	4589	 she	4	distilbert/distilgpt2	distilbert/distilgpt2	False	0.40947505831718445	1.2881525754928589
John	4590	John	0	distilbert/distilgpt2	distilbert/distilgpt2	False	1.0	0.0
Ġupl	4590	 uplifted	1	distilbert/distilgpt2	distilbert/distilgpt2	False	1.6736722230348278e-08	25.832406997680664
ifted	4590	 uplifted	1	distilbert/distilgpt2	distilbert/distilgpt2	False	0.11230356991291046	3.154524326324463
ĠMary	4590	 Mary	2	distilbert/distilgpt2	distilbert/distilgpt2	False	6.7187036620453e-05	13.861457824707031
Ġbecause	4590	 because	3	distilbert/distilgpt2	distilbert/distilgpt2	False	0.0004635617951862514	11.074951171875
Ġshe	4590	 she	4	distilbert/distilgpt2	distilbert/distilgpt2	False	0.40077441930770874	1.319137692451477
Sarah	4591	Sarah	0	distilbert/distilgpt2	distilbert/distilgpt2	False	1.0	0.0
Ġupl	4591	 uplifted	1	distilbert/distilgpt2	distilbert/distilgpt2	False	1.4588926511294176e-08	26.03055191040039
ifted	4591	 uplifted	1	distilbert/distilgpt2	distilbert/distilgpt2	False	0.13554365932941437	2.8831703662872314
ĠMary	4591	 Mary	2	distilbert/distilgpt2	distilbert/distilgpt2	False	9.138578025158495e-05	13.417671203613281
Ġbecause	4591	 because	3	distilbert/distilgpt2	distilbert/distilgpt2	False	0.0004959249054081738	10.977590560913086
Ġshe	4591	 she	4	distilbert/distilgpt2	distilbert/distilgpt2	False	0.40947505831718445	1.2881525754928589
David	4592	David	0	distilbert/distilgpt2	distilbert/distilgpt2	False	1.0	0.0
Ġupl	4592	 uplifted	1	distilbert/distilgpt2	distilbert/distilgpt2	False	1.769794621964138e-08	25.751842498779297
ifted	4592	 uplifted	1	distilbert/distilgpt2	distilbert/distilgpt2	False	0.1349189728498459	2.8898348808288574
ĠMary	4592	 Mary	2	distilbert/distilgpt2	distilbert/distilgpt2	False	6.925541674718261e-05	13.817713737487793
Ġbecause	4592	 because	3	distilbert/distilgpt2	distilbert/distilgpt2	False	0.00033369113225489855	11.549199104309082
Ġshe	4592	 she	4	distilbert/distilgpt2	distilbert/distilgpt2	False	0.39228713512420654	1.3500181436538696
John	4593	John	0	distilbert/distilgpt2	distilbert/distilgpt2	False	1.0	0.0
Ġupset	4593	 upset	1	distilbert/distilgpt2	distilbert/distilgpt2	False	8.515965532751579e-08	23.485254287719727
ĠDavid	4593	 David	2	distilbert/distilgpt2	distilbert/distilgpt2	False	0.00010918498446699232	13.160938262939453
Ġbecause	4593	 because	3	distilbert/distilgpt2	distilbert/distilgpt2	False	0.0003854598617181182	11.341132164001465
Ġhe	4593	 he	4	distilbert/distilgpt2	distilbert/distilgpt2	False	0.36842265725135803	1.4405663013458252
Mary	4594	Mary	0	distilbert/distilgpt2	distilbert/distilgpt2	False	1.0	0.0
Ġupset	4594	 upset	1	distilbert/distilgpt2	distilbert/distilgpt2	False	9.387541410887934e-08	23.344676971435547
ĠDavid	4594	 David	2	distilbert/distilgpt2	distilbert/distilgpt2	False	6.605575617868453e-05	13.885955810546875
Ġbecause	4594	 because	3	distilbert/distilgpt2	distilbert/distilgpt2	False	0.0009637388284318149	10.01906967163086
Ġhe	4594	 he	4	distilbert/distilgpt2	distilbert/distilgpt2	False	0.3920285701751709	1.3509693145751953
John	4595	John	0	distilbert/distilgpt2	distilbert/distilgpt2	False	1.0	0.0
Ġupset	4595	 upset	1	distilbert/distilgpt2	distilbert/distilgpt2	False	8.515965532751579e-08	23.485254287719727
ĠDavid	4595	 David	2	distilbert/distilgpt2	distilbert/distilgpt2	False	0.00010918498446699232	13.160938262939453
Ġbecause	4595	 because	3	distilbert/distilgpt2	distilbert/distilgpt2	False	0.0003854598617181182	11.341132164001465
Ġhe	4595	 he	4	distilbert/distilgpt2	distilbert/distilgpt2	False	0.36842265725135803	1.4405663013458252
Sarah	4596	Sarah	0	distilbert/distilgpt2	distilbert/distilgpt2	False	1.0	0.0
Ġupset	4596	 upset	1	distilbert/distilgpt2	distilbert/distilgpt2	False	8.239785387331722e-08	23.532817840576172
ĠDavid	4596	 David	2	distilbert/distilgpt2	distilbert/distilgpt2	False	8.299260662170127e-05	13.556657791137695
Ġbecause	4596	 because	3	distilbert/distilgpt2	distilbert/distilgpt2	False	0.0010272942017763853	9.926935195922852
Ġhe	4596	 he	4	distilbert/distilgpt2	distilbert/distilgpt2	False	0.4026441276073456	1.3124228715896606
David	4597	David	0	distilbert/distilgpt2	distilbert/distilgpt2	False	1.0	0.0
Ġupset	4597	 upset	1	distilbert/distilgpt2	distilbert/distilgpt2	False	9.188129723725069e-08	23.375654220581055
ĠJohn	4597	 John	2	distilbert/distilgpt2	distilbert/distilgpt2	False	0.00033482786966487765	11.544292449951172
Ġbecause	4597	 because	3	distilbert/distilgpt2	distilbert/distilgpt2	False	0.0010535113979130983	9.890578269958496
Ġhe	4597	 he	4	distilbert/distilgpt2	distilbert/distilgpt2	False	0.358794242143631	1.478771448135376
Mary	4598	Mary	0	distilbert/distilgpt2	distilbert/distilgpt2	False	1.0	0.0
Ġupset	4598	 upset	1	distilbert/distilgpt2	distilbert/distilgpt2	False	9.387541410887934e-08	23.344676971435547
ĠJohn	4598	 John	2	distilbert/distilgpt2	distilbert/distilgpt2	False	0.00020504776330199093	12.251751899719238
Ġbecause	4598	 because	3	distilbert/distilgpt2	distilbert/distilgpt2	False	0.002755118999630213	8.503669738769531
Ġhe	4598	 he	4	distilbert/distilgpt2	distilbert/distilgpt2	False	0.3795616924762726	1.3975937366485596
David	4599	David	0	distilbert/distilgpt2	distilbert/distilgpt2	False	1.0	0.0
Ġupset	4599	 upset	1	distilbert/distilgpt2	distilbert/distilgpt2	False	9.188129723725069e-08	23.375654220581055
ĠJohn	4599	 John	2	distilbert/distilgpt2	distilbert/distilgpt2	False	0.00033482786966487765	11.544292449951172
Ġbecause	4599	 because	3	distilbert/distilgpt2	distilbert/distilgpt2	False	0.0010535113979130983	9.890578269958496
Ġhe	4599	 he	4	distilbert/distilgpt2	distilbert/distilgpt2	False	0.358794242143631	1.478771448135376
Sarah	4600	Sarah	0	distilbert/distilgpt2	distilbert/distilgpt2	False	1.0	0.0
Ġupset	4600	 upset	1	distilbert/distilgpt2	distilbert/distilgpt2	False	8.239785387331722e-08	23.532817840576172
ĠJohn	4600	 John	2	distilbert/distilgpt2	distilbert/distilgpt2	False	0.00025024841306731105	11.964351654052734
Ġbecause	4600	 because	3	distilbert/distilgpt2	distilbert/distilgpt2	False	0.00494477478787303	7.659879684448242
Ġhe	4600	 he	4	distilbert/distilgpt2	distilbert/distilgpt2	False	0.3843943178653717	1.3793411254882812
Mary	4601	Mary	0	distilbert/distilgpt2	distilbert/distilgpt2	False	1.0	0.0
Ġupset	4601	 upset	1	distilbert/distilgpt2	distilbert/distilgpt2	False	9.387541410887934e-08	23.344676971435547
ĠSarah	4601	 Sarah	2	distilbert/distilgpt2	distilbert/distilgpt2	False	3.6020086554344743e-05	14.760838508605957
Ġbecause	4601	 because	3	distilbert/distilgpt2	distilbert/distilgpt2	False	0.0030482776928693056	8.357789993286133
Ġshe	4601	 she	4	distilbert/distilgpt2	distilbert/distilgpt2	False	0.44855865836143494	1.1566314697265625
John	4602	John	0	distilbert/distilgpt2	distilbert/distilgpt2	False	1.0	0.0
Ġupset	4602	 upset	1	distilbert/distilgpt2	distilbert/distilgpt2	False	8.515965532751579e-08	23.485254287719727
ĠSarah	4602	 Sarah	2	distilbert/distilgpt2	distilbert/distilgpt2	False	3.623494194471277e-05	14.752259254455566
Ġbecause	4602	 because	3	distilbert/distilgpt2	distilbert/distilgpt2	False	0.0010894332081079483	9.842206954956055
Ġshe	4602	 she	4	distilbert/distilgpt2	distilbert/distilgpt2	False	0.4066023528575897	1.298309564590454
Mary	4603	Mary	0	distilbert/distilgpt2	distilbert/distilgpt2	False	1.0	0.0
Ġupset	4603	 upset	1	distilbert/distilgpt2	distilbert/distilgpt2	False	9.387541410887934e-08	23.344676971435547
ĠSarah	4603	 Sarah	2	distilbert/distilgpt2	distilbert/distilgpt2	False	3.6020086554344743e-05	14.760838508605957
Ġbecause	4603	 because	3	distilbert/distilgpt2	distilbert/distilgpt2	False	0.0030482776928693056	8.357789993286133
Ġshe	4603	 she	4	distilbert/distilgpt2	distilbert/distilgpt2	False	0.44855865836143494	1.1566314697265625
David	4604	David	0	distilbert/distilgpt2	distilbert/distilgpt2	False	1.0	0.0
Ġupset	4604	 upset	1	distilbert/distilgpt2	distilbert/distilgpt2	False	9.188129723725069e-08	23.375654220581055
ĠSarah	4604	 Sarah	2	distilbert/distilgpt2	distilbert/distilgpt2	False	4.30250474892091e-05	14.504463195800781
Ġbecause	4604	 because	3	distilbert/distilgpt2	distilbert/distilgpt2	False	0.0005057100206613541	10.94940185546875
Ġshe	4604	 she	4	distilbert/distilgpt2	distilbert/distilgpt2	False	0.4104097783565521	1.284862995147705
Sarah	4605	Sarah	0	distilbert/distilgpt2	distilbert/distilgpt2	False	1.0	0.0
Ġupset	4605	 upset	1	distilbert/distilgpt2	distilbert/distilgpt2	False	8.239785387331722e-08	23.532817840576172
ĠMary	4605	 Mary	2	distilbert/distilgpt2	distilbert/distilgpt2	False	0.0001196174489450641	13.029284477233887
Ġbecause	4605	 because	3	distilbert/distilgpt2	distilbert/distilgpt2	False	0.001878138049505651	9.05648136138916
Ġshe	4605	 she	4	distilbert/distilgpt2	distilbert/distilgpt2	False	0.4136347770690918	1.2735706567764282
John	4606	John	0	distilbert/distilgpt2	distilbert/distilgpt2	False	1.0	0.0
Ġupset	4606	 upset	1	distilbert/distilgpt2	distilbert/distilgpt2	False	8.515965532751579e-08	23.485254287719727
ĠMary	4606	 Mary	2	distilbert/distilgpt2	distilbert/distilgpt2	False	9.719341323943809e-05	13.328782081604004
Ġbecause	4606	 because	3	distilbert/distilgpt2	distilbert/distilgpt2	False	0.0011426539858803153	9.773395538330078
Ġshe	4606	 she	4	distilbert/distilgpt2	distilbert/distilgpt2	False	0.38379207253456116	1.3816032409667969
Sarah	4607	Sarah	0	distilbert/distilgpt2	distilbert/distilgpt2	False	1.0	0.0
Ġupset	4607	 upset	1	distilbert/distilgpt2	distilbert/distilgpt2	False	8.239785387331722e-08	23.532817840576172
ĠMary	4607	 Mary	2	distilbert/distilgpt2	distilbert/distilgpt2	False	0.0001196174489450641	13.029284477233887
Ġbecause	4607	 because	3	distilbert/distilgpt2	distilbert/distilgpt2	False	0.001878138049505651	9.05648136138916
Ġshe	4607	 she	4	distilbert/distilgpt2	distilbert/distilgpt2	False	0.4136347770690918	1.2735706567764282
David	4608	David	0	distilbert/distilgpt2	distilbert/distilgpt2	False	1.0	0.0
Ġupset	4608	 upset	1	distilbert/distilgpt2	distilbert/distilgpt2	False	9.188129723725069e-08	23.375654220581055
ĠMary	4608	 Mary	2	distilbert/distilgpt2	distilbert/distilgpt2	False	0.00010008890967583284	13.286430358886719
Ġbecause	4608	 because	3	distilbert/distilgpt2	distilbert/distilgpt2	False	0.0006423642043955624	10.604320526123047
Ġshe	4608	 she	4	distilbert/distilgpt2	distilbert/distilgpt2	False	0.3885670304298401	1.3637646436691284
John	4609	John	0	distilbert/distilgpt2	distilbert/distilgpt2	False	1.0	0.0
Ġvalued	4609	 valued	1	distilbert/distilgpt2	distilbert/distilgpt2	False	1.2897388046440028e-07	22.886417388916016
ĠDavid	4609	 David	2	distilbert/distilgpt2	distilbert/distilgpt2	False	8.262683877546806e-06	16.884958267211914
Ġbecause	4609	 because	3	distilbert/distilgpt2	distilbert/distilgpt2	False	0.0004354066331870854	11.165349006652832
Ġhe	4609	 he	4	distilbert/distilgpt2	distilbert/distilgpt2	False	0.4690387547016144	1.0922210216522217
Mary	4610	Mary	0	distilbert/distilgpt2	distilbert/distilgpt2	False	1.0	0.0
Ġvalued	4610	 valued	1	distilbert/distilgpt2	distilbert/distilgpt2	False	1.7664265783423616e-07	22.432662963867188
ĠDavid	4610	 David	2	distilbert/distilgpt2	distilbert/distilgpt2	False	6.252491402847227e-06	17.287137985229492
Ġbecause	4610	 because	3	distilbert/distilgpt2	distilbert/distilgpt2	False	0.00047557285870425403	11.038045883178711
Ġhe	4610	 he	4	distilbert/distilgpt2	distilbert/distilgpt2	False	0.4579867422580719	1.1266223192214966
John	4611	John	0	distilbert/distilgpt2	distilbert/distilgpt2	False	1.0	0.0
Ġvalued	4611	 valued	1	distilbert/distilgpt2	distilbert/distilgpt2	False	1.2897388046440028e-07	22.886417388916016
ĠDavid	4611	 David	2	distilbert/distilgpt2	distilbert/distilgpt2	False	8.262683877546806e-06	16.884958267211914
Ġbecause	4611	 because	3	distilbert/distilgpt2	distilbert/distilgpt2	False	0.0004354066331870854	11.165349006652832
Ġhe	4611	 he	4	distilbert/distilgpt2	distilbert/distilgpt2	False	0.4690387547016144	1.0922210216522217
Sarah	4612	Sarah	0	distilbert/distilgpt2	distilbert/distilgpt2	False	1.0	0.0
Ġvalued	4612	 valued	1	distilbert/distilgpt2	distilbert/distilgpt2	False	1.2063134136042208e-07	22.982891082763672
ĠDavid	4612	 David	2	distilbert/distilgpt2	distilbert/distilgpt2	False	2.2222611733013764e-05	15.457612037658691
Ġbecause	4612	 because	3	distilbert/distilgpt2	distilbert/distilgpt2	False	0.000776264350861311	10.331164360046387
Ġhe	4612	 he	4	distilbert/distilgpt2	distilbert/distilgpt2	False	0.4976402819156647	1.0068248510360718
David	4613	David	0	distilbert/distilgpt2	distilbert/distilgpt2	False	1.0	0.0
Ġvalued	4613	 valued	1	distilbert/distilgpt2	distilbert/distilgpt2	False	1.5041044321151276e-07	22.664592742919922
ĠJohn	4613	 John	2	distilbert/distilgpt2	distilbert/distilgpt2	False	0.00010546894918661565	13.210893630981445
Ġbecause	4613	 because	3	distilbert/distilgpt2	distilbert/distilgpt2	False	0.0005855682538822293	10.737874984741211
Ġhe	4613	 he	4	distilbert/distilgpt2	distilbert/distilgpt2	False	0.48994725942611694	1.029301643371582
Mary	4614	Mary	0	distilbert/distilgpt2	distilbert/distilgpt2	False	1.0	0.0
Ġvalued	4614	 valued	1	distilbert/distilgpt2	distilbert/distilgpt2	False	1.7664265783423616e-07	22.432662963867188
ĠJohn	4614	 John	2	distilbert/distilgpt2	distilbert/distilgpt2	False	4.5660366595257074e-05	14.41869831085205
Ġbecause	4614	 because	3	distilbert/distilgpt2	distilbert/distilgpt2	False	0.0008001337992027402	10.287470817565918
Ġhe	4614	 he	4	distilbert/distilgpt2	distilbert/distilgpt2	False	0.504880428314209	0.9859865307807922
David	4615	David	0	distilbert/distilgpt2	distilbert/distilgpt2	False	1.0	0.0
Ġvalued	4615	 valued	1	distilbert/distilgpt2	distilbert/distilgpt2	False	1.5041044321151276e-07	22.664592742919922
ĠJohn	4615	 John	2	distilbert/distilgpt2	distilbert/distilgpt2	False	0.00010546894918661565	13.210893630981445
Ġbecause	4615	 because	3	distilbert/distilgpt2	distilbert/distilgpt2	False	0.0005855682538822293	10.737874984741211
Ġhe	4615	 he	4	distilbert/distilgpt2	distilbert/distilgpt2	False	0.48994725942611694	1.029301643371582
Sarah	4616	Sarah	0	distilbert/distilgpt2	distilbert/distilgpt2	False	1.0	0.0
Ġvalued	4616	 valued	1	distilbert/distilgpt2	distilbert/distilgpt2	False	1.2063134136042208e-07	22.982891082763672
ĠJohn	4616	 John	2	distilbert/distilgpt2	distilbert/distilgpt2	False	0.00012799553223885596	12.931618690490723
Ġbecause	4616	 because	3	distilbert/distilgpt2	distilbert/distilgpt2	False	0.0016108750132843852	9.277939796447754
Ġhe	4616	 he	4	distilbert/distilgpt2	distilbert/distilgpt2	False	0.5158136487007141	0.9550782442092896
Mary	4617	Mary	0	distilbert/distilgpt2	distilbert/distilgpt2	False	1.0	0.0
Ġvalued	4617	 valued	1	distilbert/distilgpt2	distilbert/distilgpt2	False	1.7664265783423616e-07	22.432662963867188
ĠSarah	4617	 Sarah	2	distilbert/distilgpt2	distilbert/distilgpt2	False	4.114272087463178e-06	17.890932083129883
Ġbecause	4617	 because	3	distilbert/distilgpt2	distilbert/distilgpt2	False	0.0012413592776283622	9.653863906860352
Ġshe	4617	 she	4	distilbert/distilgpt2	distilbert/distilgpt2	False	0.5205148458480835	0.9419887661933899
John	4618	John	0	distilbert/distilgpt2	distilbert/distilgpt2	False	1.0	0.0
Ġvalued	4618	 valued	1	distilbert/distilgpt2	distilbert/distilgpt2	False	1.2897388046440028e-07	22.886417388916016
ĠSarah	4618	 Sarah	2	distilbert/distilgpt2	distilbert/distilgpt2	False	3.639176611613948e-06	18.067956924438477
Ġbecause	4618	 because	3	distilbert/distilgpt2	distilbert/distilgpt2	False	0.0009567383676767349	10.029587745666504
Ġshe	4618	 she	4	distilbert/distilgpt2	distilbert/distilgpt2	False	0.5104668736457825	0.9701107740402222
Mary	4619	Mary	0	distilbert/distilgpt2	distilbert/distilgpt2	False	1.0	0.0
Ġvalued	4619	 valued	1	distilbert/distilgpt2	distilbert/distilgpt2	False	1.7664265783423616e-07	22.432662963867188
ĠSarah	4619	 Sarah	2	distilbert/distilgpt2	distilbert/distilgpt2	False	4.114272087463178e-06	17.890932083129883
Ġbecause	4619	 because	3	distilbert/distilgpt2	distilbert/distilgpt2	False	0.0012413592776283622	9.653863906860352
Ġshe	4619	 she	4	distilbert/distilgpt2	distilbert/distilgpt2	False	0.5205148458480835	0.9419887661933899
David	4620	David	0	distilbert/distilgpt2	distilbert/distilgpt2	False	1.0	0.0
Ġvalued	4620	 valued	1	distilbert/distilgpt2	distilbert/distilgpt2	False	1.5041044321151276e-07	22.664592742919922
ĠSarah	4620	 Sarah	2	distilbert/distilgpt2	distilbert/distilgpt2	False	6.069637038308429e-06	17.329957962036133
Ġbecause	4620	 because	3	distilbert/distilgpt2	distilbert/distilgpt2	False	0.0006441465811803937	10.600323677062988
Ġshe	4620	 she	4	distilbert/distilgpt2	distilbert/distilgpt2	False	0.5092402696609497	0.9735816717147827
Sarah	4621	Sarah	0	distilbert/distilgpt2	distilbert/distilgpt2	False	1.0	0.0
Ġvalued	4621	 valued	1	distilbert/distilgpt2	distilbert/distilgpt2	False	1.2063134136042208e-07	22.982891082763672
ĠMary	4621	 Mary	2	distilbert/distilgpt2	distilbert/distilgpt2	False	2.7372678232495673e-05	15.156904220581055
Ġbecause	4621	 because	3	distilbert/distilgpt2	distilbert/distilgpt2	False	0.000809103948995471	10.271387100219727
Ġshe	4621	 she	4	distilbert/distilgpt2	distilbert/distilgpt2	False	0.47344979643821716	1.0787166357040405
John	4622	John	0	distilbert/distilgpt2	distilbert/distilgpt2	False	1.0	0.0
Ġvalued	4622	 valued	1	distilbert/distilgpt2	distilbert/distilgpt2	False	1.2897388046440028e-07	22.886417388916016
ĠMary	4622	 Mary	2	distilbert/distilgpt2	distilbert/distilgpt2	False	8.625854206911754e-06	16.822900772094727
Ġbecause	4622	 because	3	distilbert/distilgpt2	distilbert/distilgpt2	False	0.0008181263110600412	10.255388259887695
Ġshe	4622	 she	4	distilbert/distilgpt2	distilbert/distilgpt2	False	0.4462783634662628	1.1639842987060547
Sarah	4623	Sarah	0	distilbert/distilgpt2	distilbert/distilgpt2	False	1.0	0.0
Ġvalued	4623	 valued	1	distilbert/distilgpt2	distilbert/distilgpt2	False	1.2063134136042208e-07	22.982891082763672
ĠMary	4623	 Mary	2	distilbert/distilgpt2	distilbert/distilgpt2	False	2.7372678232495673e-05	15.156904220581055
Ġbecause	4623	 because	3	distilbert/distilgpt2	distilbert/distilgpt2	False	0.000809103948995471	10.271387100219727
Ġshe	4623	 she	4	distilbert/distilgpt2	distilbert/distilgpt2	False	0.47344979643821716	1.0787166357040405
David	4624	David	0	distilbert/distilgpt2	distilbert/distilgpt2	False	1.0	0.0
Ġvalued	4624	 valued	1	distilbert/distilgpt2	distilbert/distilgpt2	False	1.5041044321151276e-07	22.664592742919922
ĠMary	4624	 Mary	2	distilbert/distilgpt2	distilbert/distilgpt2	False	1.532755595690105e-05	15.993513107299805
Ġbecause	4624	 because	3	distilbert/distilgpt2	distilbert/distilgpt2	False	0.0004177373193670064	11.225116729736328
Ġshe	4624	 she	4	distilbert/distilgpt2	distilbert/distilgpt2	False	0.4498189389705658	1.1525837182998657
John	4625	John	0	distilbert/distilgpt2	distilbert/distilgpt2	False	1.0	0.0
Ġvener	4625	 venerated	1	distilbert/distilgpt2	distilbert/distilgpt2	False	5.1942179446484715e-09	27.52044677734375
ated	4625	 venerated	1	distilbert/distilgpt2	distilbert/distilgpt2	False	0.5900821089744568	0.7610123753547668
ĠDavid	4625	 David	2	distilbert/distilgpt2	distilbert/distilgpt2	False	0.0003984935174230486	11.293155670166016
Ġbecause	4625	 because	3	distilbert/distilgpt2	distilbert/distilgpt2	False	0.0002814286854118109	11.794942855834961
Ġhe	4625	 he	4	distilbert/distilgpt2	distilbert/distilgpt2	False	0.3928181529045105	1.3480665683746338
Mary	4626	Mary	0	distilbert/distilgpt2	distilbert/distilgpt2	False	1.0	0.0
Ġvener	4626	 venerated	1	distilbert/distilgpt2	distilbert/distilgpt2	False	6.664840679349027e-09	27.160781860351562
ated	4626	 venerated	1	distilbert/distilgpt2	distilbert/distilgpt2	False	0.5818090438842773	0.7813823819160461
ĠDavid	4626	 David	2	distilbert/distilgpt2	distilbert/distilgpt2	False	0.0002377577475272119	12.038220405578613
Ġbecause	4626	 because	3	distilbert/distilgpt2	distilbert/distilgpt2	False	0.0003638423513621092	11.424398422241211
Ġhe	4626	 he	4	distilbert/distilgpt2	distilbert/distilgpt2	False	0.3691062927246094	1.4378918409347534
John	4627	John	0	distilbert/distilgpt2	distilbert/distilgpt2	False	1.0	0.0
Ġvener	4627	 venerated	1	distilbert/distilgpt2	distilbert/distilgpt2	False	5.1942179446484715e-09	27.52044677734375
ated	4627	 venerated	1	distilbert/distilgpt2	distilbert/distilgpt2	False	0.5900821089744568	0.7610123753547668
ĠDavid	4627	 David	2	distilbert/distilgpt2	distilbert/distilgpt2	False	0.0003984935174230486	11.293155670166016
Ġbecause	4627	 because	3	distilbert/distilgpt2	distilbert/distilgpt2	False	0.0002814286854118109	11.794942855834961
Ġhe	4627	 he	4	distilbert/distilgpt2	distilbert/distilgpt2	False	0.3928181529045105	1.3480665683746338
Sarah	4628	Sarah	0	distilbert/distilgpt2	distilbert/distilgpt2	False	1.0	0.0
Ġvener	4628	 venerated	1	distilbert/distilgpt2	distilbert/distilgpt2	False	4.4730090742461925e-09	27.736106872558594
ated	4628	 venerated	1	distilbert/distilgpt2	distilbert/distilgpt2	False	0.5698674321174622	0.8113017678260803
ĠDavid	4628	 David	2	distilbert/distilgpt2	distilbert/distilgpt2	False	0.00044463411904871464	11.135093688964844
Ġbecause	4628	 because	3	distilbert/distilgpt2	distilbert/distilgpt2	False	0.0001509088178863749	12.694035530090332
Ġhe	4628	 he	4	distilbert/distilgpt2	distilbert/distilgpt2	False	0.42635154724121094	1.2298846244812012
David	4629	David	0	distilbert/distilgpt2	distilbert/distilgpt2	False	1.0	0.0
Ġvener	4629	 venerated	1	distilbert/distilgpt2	distilbert/distilgpt2	False	5.92795634801746e-09	27.329818725585938
ated	4629	 venerated	1	distilbert/distilgpt2	distilbert/distilgpt2	False	0.6120484471321106	0.7082822322845459
ĠJohn	4629	 John	2	distilbert/distilgpt2	distilbert/distilgpt2	False	0.0014114408986642957	9.468615531921387
Ġbecause	4629	 because	3	distilbert/distilgpt2	distilbert/distilgpt2	False	5.5828386393841356e-05	14.128642082214355
Ġhe	4629	 he	4	distilbert/distilgpt2	distilbert/distilgpt2	False	0.5002793669700623	0.9991942048072815
Mary	4630	Mary	0	distilbert/distilgpt2	distilbert/distilgpt2	False	1.0	0.0
Ġvener	4630	 venerated	1	distilbert/distilgpt2	distilbert/distilgpt2	False	6.664840679349027e-09	27.160781860351562
ated	4630	 venerated	1	distilbert/distilgpt2	distilbert/distilgpt2	False	0.5818090438842773	0.7813823819160461
ĠJohn	4630	 John	2	distilbert/distilgpt2	distilbert/distilgpt2	False	0.0006119368481449783	10.67432975769043
Ġbecause	4630	 because	3	distilbert/distilgpt2	distilbert/distilgpt2	False	0.00021235512394923717	12.201233863830566
Ġhe	4630	 he	4	distilbert/distilgpt2	distilbert/distilgpt2	False	0.4552266597747803	1.135343074798584
David	4631	David	0	distilbert/distilgpt2	distilbert/distilgpt2	False	1.0	0.0
Ġvener	4631	 venerated	1	distilbert/distilgpt2	distilbert/distilgpt2	False	5.92795634801746e-09	27.329818725585938
ated	4631	 venerated	1	distilbert/distilgpt2	distilbert/distilgpt2	False	0.6120484471321106	0.7082822322845459
ĠJohn	4631	 John	2	distilbert/distilgpt2	distilbert/distilgpt2	False	0.0014114408986642957	9.468615531921387
Ġbecause	4631	 because	3	distilbert/distilgpt2	distilbert/distilgpt2	False	5.5828386393841356e-05	14.128642082214355
Ġhe	4631	 he	4	distilbert/distilgpt2	distilbert/distilgpt2	False	0.5002793669700623	0.9991942048072815
Sarah	4632	Sarah	0	distilbert/distilgpt2	distilbert/distilgpt2	False	1.0	0.0
Ġvener	4632	 venerated	1	distilbert/distilgpt2	distilbert/distilgpt2	False	4.4730090742461925e-09	27.736106872558594
ated	4632	 venerated	1	distilbert/distilgpt2	distilbert/distilgpt2	False	0.5698674321174622	0.8113017678260803
ĠJohn	4632	 John	2	distilbert/distilgpt2	distilbert/distilgpt2	False	0.0009767208248376846	9.99976634979248
Ġbecause	4632	 because	3	distilbert/distilgpt2	distilbert/distilgpt2	False	0.00012169748515589163	13.004412651062012
Ġhe	4632	 he	4	distilbert/distilgpt2	distilbert/distilgpt2	False	0.48229214549064636	1.052020788192749
Mary	4633	Mary	0	distilbert/distilgpt2	distilbert/distilgpt2	False	1.0	0.0
Ġvener	4633	 venerated	1	distilbert/distilgpt2	distilbert/distilgpt2	False	6.664840679349027e-09	27.160781860351562
ated	4633	 venerated	1	distilbert/distilgpt2	distilbert/distilgpt2	False	0.5818090438842773	0.7813823819160461
ĠSarah	4633	 Sarah	2	distilbert/distilgpt2	distilbert/distilgpt2	False	8.734748553251848e-05	13.482873916625977
Ġbecause	4633	 because	3	distilbert/distilgpt2	distilbert/distilgpt2	False	0.0009709377191029489	10.008333206176758
Ġshe	4633	 she	4	distilbert/distilgpt2	distilbert/distilgpt2	False	0.48503589630126953	1.0438365936279297
John	4634	John	0	distilbert/distilgpt2	distilbert/distilgpt2	False	1.0	0.0
Ġvener	4634	 venerated	1	distilbert/distilgpt2	distilbert/distilgpt2	False	5.1942179446484715e-09	27.52044677734375
ated	4634	 venerated	1	distilbert/distilgpt2	distilbert/distilgpt2	False	0.5900821089744568	0.7610123753547668
ĠSarah	4634	 Sarah	2	distilbert/distilgpt2	distilbert/distilgpt2	False	0.00010759438009699807	13.182109832763672
Ġbecause	4634	 because	3	distilbert/distilgpt2	distilbert/distilgpt2	False	0.00046087970258668065	11.083322525024414
Ġshe	4634	 she	4	distilbert/distilgpt2	distilbert/distilgpt2	False	0.48262056708335876	1.0510387420654297
Mary	4635	Mary	0	distilbert/distilgpt2	distilbert/distilgpt2	False	1.0	0.0
Ġvener	4635	 venerated	1	distilbert/distilgpt2	distilbert/distilgpt2	False	6.664840679349027e-09	27.160781860351562
ated	4635	 venerated	1	distilbert/distilgpt2	distilbert/distilgpt2	False	0.5818090438842773	0.7813823819160461
ĠSarah	4635	 Sarah	2	distilbert/distilgpt2	distilbert/distilgpt2	False	8.734748553251848e-05	13.482873916625977
Ġbecause	4635	 because	3	distilbert/distilgpt2	distilbert/distilgpt2	False	0.0009709377191029489	10.008333206176758
Ġshe	4635	 she	4	distilbert/distilgpt2	distilbert/distilgpt2	False	0.48503589630126953	1.0438365936279297
David	4636	David	0	distilbert/distilgpt2	distilbert/distilgpt2	False	1.0	0.0
Ġvener	4636	 venerated	1	distilbert/distilgpt2	distilbert/distilgpt2	False	5.92795634801746e-09	27.329818725585938
ated	4636	 venerated	1	distilbert/distilgpt2	distilbert/distilgpt2	False	0.6120484471321106	0.7082822322845459
ĠSarah	4636	 Sarah	2	distilbert/distilgpt2	distilbert/distilgpt2	False	0.00016545222024433315	12.561297416687012
Ġbecause	4636	 because	3	distilbert/distilgpt2	distilbert/distilgpt2	False	0.0002109609340550378	12.210736274719238
Ġshe	4636	 she	4	distilbert/distilgpt2	distilbert/distilgpt2	False	0.5092549920082092	0.9735399484634399
Sarah	4637	Sarah	0	distilbert/distilgpt2	distilbert/distilgpt2	False	1.0	0.0
Ġvener	4637	 venerated	1	distilbert/distilgpt2	distilbert/distilgpt2	False	4.4730090742461925e-09	27.736106872558594
ated	4637	 venerated	1	distilbert/distilgpt2	distilbert/distilgpt2	False	0.5698674321174622	0.8113017678260803
ĠMary	4637	 Mary	2	distilbert/distilgpt2	distilbert/distilgpt2	False	0.001002526143565774	9.96214485168457
Ġbecause	4637	 because	3	distilbert/distilgpt2	distilbert/distilgpt2	False	0.0008934007491916418	10.12840461730957
Ġshe	4637	 she	4	distilbert/distilgpt2	distilbert/distilgpt2	False	0.45503997802734375	1.135934829711914
John	4638	John	0	distilbert/distilgpt2	distilbert/distilgpt2	False	1.0	0.0
Ġvener	4638	 venerated	1	distilbert/distilgpt2	distilbert/distilgpt2	False	5.1942179446484715e-09	27.52044677734375
ated	4638	 venerated	1	distilbert/distilgpt2	distilbert/distilgpt2	False	0.5900821089744568	0.7610123753547668
ĠMary	4638	 Mary	2	distilbert/distilgpt2	distilbert/distilgpt2	False	0.0008343646768480539	10.227034568786621
Ġbecause	4638	 because	3	distilbert/distilgpt2	distilbert/distilgpt2	False	0.0013720572460442781	9.509443283081055
Ġshe	4638	 she	4	distilbert/distilgpt2	distilbert/distilgpt2	False	0.4419650733470917	1.1779958009719849
Sarah	4639	Sarah	0	distilbert/distilgpt2	distilbert/distilgpt2	False	1.0	0.0
Ġvener	4639	 venerated	1	distilbert/distilgpt2	distilbert/distilgpt2	False	4.4730090742461925e-09	27.736106872558594
ated	4639	 venerated	1	distilbert/distilgpt2	distilbert/distilgpt2	False	0.5698674321174622	0.8113017678260803
ĠMary	4639	 Mary	2	distilbert/distilgpt2	distilbert/distilgpt2	False	0.001002526143565774	9.96214485168457
Ġbecause	4639	 because	3	distilbert/distilgpt2	distilbert/distilgpt2	False	0.0008934007491916418	10.12840461730957
Ġshe	4639	 she	4	distilbert/distilgpt2	distilbert/distilgpt2	False	0.45503997802734375	1.135934829711914
David	4640	David	0	distilbert/distilgpt2	distilbert/distilgpt2	False	1.0	0.0
Ġvener	4640	 venerated	1	distilbert/distilgpt2	distilbert/distilgpt2	False	5.92795634801746e-09	27.329818725585938
ated	4640	 venerated	1	distilbert/distilgpt2	distilbert/distilgpt2	False	0.6120484471321106	0.7082822322845459
ĠMary	4640	 Mary	2	distilbert/distilgpt2	distilbert/distilgpt2	False	0.0008947193273343146	10.126276969909668
Ġbecause	4640	 because	3	distilbert/distilgpt2	distilbert/distilgpt2	False	0.0005499522667378187	10.82840633392334
Ġshe	4640	 she	4	distilbert/distilgpt2	distilbert/distilgpt2	False	0.46408119797706604	1.107550859451294
John	4641	John	0	distilbert/distilgpt2	distilbert/distilgpt2	False	1.0	0.0
Ġvex	4641	 vexed	1	distilbert/distilgpt2	distilbert/distilgpt2	False	2.075138461066217e-08	25.522216796875
ed	4641	 vexed	1	distilbert/distilgpt2	distilbert/distilgpt2	False	0.2600138783454895	1.943339467048645
ĠDavid	4641	 David	2	distilbert/distilgpt2	distilbert/distilgpt2	False	0.00043946318328380585	11.151969909667969
Ġbecause	4641	 because	3	distilbert/distilgpt2	distilbert/distilgpt2	False	0.0006297013023868203	10.633045196533203
Ġhe	4641	 he	4	distilbert/distilgpt2	distilbert/distilgpt2	False	0.42955470085144043	1.2190862894058228
Mary	4642	Mary	0	distilbert/distilgpt2	distilbert/distilgpt2	False	1.0	0.0
Ġvex	4642	 vexed	1	distilbert/distilgpt2	distilbert/distilgpt2	False	2.6193360369575203e-08	25.18622398376465
ed	4642	 vexed	1	distilbert/distilgpt2	distilbert/distilgpt2	False	0.31180623173713684	1.6812783479690552
ĠDavid	4642	 David	2	distilbert/distilgpt2	distilbert/distilgpt2	False	0.00024859310360625386	11.973925590515137
Ġbecause	4642	 because	3	distilbert/distilgpt2	distilbert/distilgpt2	False	0.002419649390503764	8.690986633300781
Ġhe	4642	 he	4	distilbert/distilgpt2	distilbert/distilgpt2	False	0.42763790488243103	1.2255383729934692
John	4643	John	0	distilbert/distilgpt2	distilbert/distilgpt2	False	1.0	0.0
Ġvex	4643	 vexed	1	distilbert/distilgpt2	distilbert/distilgpt2	False	2.075138461066217e-08	25.522216796875
ed	4643	 vexed	1	distilbert/distilgpt2	distilbert/distilgpt2	False	0.2600138783454895	1.943339467048645
ĠDavid	4643	 David	2	distilbert/distilgpt2	distilbert/distilgpt2	False	0.00043946318328380585	11.151969909667969
Ġbecause	4643	 because	3	distilbert/distilgpt2	distilbert/distilgpt2	False	0.0006297013023868203	10.633045196533203
Ġhe	4643	 he	4	distilbert/distilgpt2	distilbert/distilgpt2	False	0.42955470085144043	1.2190862894058228
Sarah	4644	Sarah	0	distilbert/distilgpt2	distilbert/distilgpt2	False	1.0	0.0
Ġvex	4644	 vexed	1	distilbert/distilgpt2	distilbert/distilgpt2	False	1.9650126859005468e-08	25.60088539123535
ed	4644	 vexed	1	distilbert/distilgpt2	distilbert/distilgpt2	False	0.37288331985473633	1.4232038259506226
ĠDavid	4644	 David	2	distilbert/distilgpt2	distilbert/distilgpt2	False	0.0003842596779577434	11.345630645751953
Ġbecause	4644	 because	3	distilbert/distilgpt2	distilbert/distilgpt2	False	0.0004581163520924747	11.091998100280762
Ġhe	4644	 he	4	distilbert/distilgpt2	distilbert/distilgpt2	False	0.43609827756881714	1.1972748041152954
David	4645	David	0	distilbert/distilgpt2	distilbert/distilgpt2	False	1.0	0.0
Ġvex	4645	 vexed	1	distilbert/distilgpt2	distilbert/distilgpt2	False	2.2881012640141307e-08	25.38127326965332
ed	4645	 vexed	1	distilbert/distilgpt2	distilbert/distilgpt2	False	0.41203147172927856	1.2791736125946045
ĠJohn	4645	 John	2	distilbert/distilgpt2	distilbert/distilgpt2	False	0.0007656922098249197	10.350947380065918
Ġbecause	4645	 because	3	distilbert/distilgpt2	distilbert/distilgpt2	False	0.0004125442646909505	11.243163108825684
Ġhe	4645	 he	4	distilbert/distilgpt2	distilbert/distilgpt2	False	0.4183249771595001	1.2573039531707764
Mary	4646	Mary	0	distilbert/distilgpt2	distilbert/distilgpt2	False	1.0	0.0
Ġvex	4646	 vexed	1	distilbert/distilgpt2	distilbert/distilgpt2	False	2.6193360369575203e-08	25.18622398376465
ed	4646	 vexed	1	distilbert/distilgpt2	distilbert/distilgpt2	False	0.31180623173713684	1.6812783479690552
ĠJohn	4646	 John	2	distilbert/distilgpt2	distilbert/distilgpt2	False	0.0004442856879904866	11.136224746704102
Ġbecause	4646	 because	3	distilbert/distilgpt2	distilbert/distilgpt2	False	0.0016177459619939327	9.271799087524414
Ġhe	4646	 he	4	distilbert/distilgpt2	distilbert/distilgpt2	False	0.4396302103996277	1.1856375932693481
David	4647	David	0	distilbert/distilgpt2	distilbert/distilgpt2	False	1.0	0.0
Ġvex	4647	 vexed	1	distilbert/distilgpt2	distilbert/distilgpt2	False	2.2881012640141307e-08	25.38127326965332
ed	4647	 vexed	1	distilbert/distilgpt2	distilbert/distilgpt2	False	0.41203147172927856	1.2791736125946045
ĠJohn	4647	 John	2	distilbert/distilgpt2	distilbert/distilgpt2	False	0.0007656922098249197	10.350947380065918
Ġbecause	4647	 because	3	distilbert/distilgpt2	distilbert/distilgpt2	False	0.0004125442646909505	11.243163108825684
Ġhe	4647	 he	4	distilbert/distilgpt2	distilbert/distilgpt2	False	0.4183249771595001	1.2573039531707764
Sarah	4648	Sarah	0	distilbert/distilgpt2	distilbert/distilgpt2	False	1.0	0.0
Ġvex	4648	 vexed	1	distilbert/distilgpt2	distilbert/distilgpt2	False	1.9650126859005468e-08	25.60088539123535
ed	4648	 vexed	1	distilbert/distilgpt2	distilbert/distilgpt2	False	0.37288331985473633	1.4232038259506226
ĠJohn	4648	 John	2	distilbert/distilgpt2	distilbert/distilgpt2	False	0.0004796713765244931	11.025666236877441
Ġbecause	4648	 because	3	distilbert/distilgpt2	distilbert/distilgpt2	False	0.001225186395458877	9.672782897949219
Ġhe	4648	 he	4	distilbert/distilgpt2	distilbert/distilgpt2	False	0.4262537658214569	1.2302155494689941
Mary	4649	Mary	0	distilbert/distilgpt2	distilbert/distilgpt2	False	1.0	0.0
Ġvex	4649	 vexed	1	distilbert/distilgpt2	distilbert/distilgpt2	False	2.6193360369575203e-08	25.18622398376465
ed	4649	 vexed	1	distilbert/distilgpt2	distilbert/distilgpt2	False	0.31180623173713684	1.6812783479690552
ĠSarah	4649	 Sarah	2	distilbert/distilgpt2	distilbert/distilgpt2	False	5.0133137847296894e-05	14.283875465393066
Ġbecause	4649	 because	3	distilbert/distilgpt2	distilbert/distilgpt2	False	0.0040044100023806095	7.9641947746276855
Ġshe	4649	 she	4	distilbert/distilgpt2	distilbert/distilgpt2	False	0.5170446634292603	0.9516391754150391
John	4650	John	0	distilbert/distilgpt2	distilbert/distilgpt2	False	1.0	0.0
Ġvex	4650	 vexed	1	distilbert/distilgpt2	distilbert/distilgpt2	False	2.075138461066217e-08	25.522216796875
ed	4650	 vexed	1	distilbert/distilgpt2	distilbert/distilgpt2	False	0.2600138783454895	1.943339467048645
ĠSarah	4650	 Sarah	2	distilbert/distilgpt2	distilbert/distilgpt2	False	5.010694439988583e-05	14.284629821777344
Ġbecause	4650	 because	3	distilbert/distilgpt2	distilbert/distilgpt2	False	0.0017399996286258101	9.16669750213623
Ġshe	4650	 she	4	distilbert/distilgpt2	distilbert/distilgpt2	False	0.48900771141052246	1.0320708751678467
Mary	4651	Mary	0	distilbert/distilgpt2	distilbert/distilgpt2	False	1.0	0.0
Ġvex	4651	 vexed	1	distilbert/distilgpt2	distilbert/distilgpt2	False	2.6193360369575203e-08	25.18622398376465
ed	4651	 vexed	1	distilbert/distilgpt2	distilbert/distilgpt2	False	0.31180623173713684	1.6812783479690552
ĠSarah	4651	 Sarah	2	distilbert/distilgpt2	distilbert/distilgpt2	False	5.0133137847296894e-05	14.283875465393066
Ġbecause	4651	 because	3	distilbert/distilgpt2	distilbert/distilgpt2	False	0.0040044100023806095	7.9641947746276855
Ġshe	4651	 she	4	distilbert/distilgpt2	distilbert/distilgpt2	False	0.5170446634292603	0.9516391754150391
David	4652	David	0	distilbert/distilgpt2	distilbert/distilgpt2	False	1.0	0.0
Ġvex	4652	 vexed	1	distilbert/distilgpt2	distilbert/distilgpt2	False	2.2881012640141307e-08	25.38127326965332
ed	4652	 vexed	1	distilbert/distilgpt2	distilbert/distilgpt2	False	0.41203147172927856	1.2791736125946045
ĠSarah	4652	 Sarah	2	distilbert/distilgpt2	distilbert/distilgpt2	False	5.756091923103668e-05	14.084550857543945
Ġbecause	4652	 because	3	distilbert/distilgpt2	distilbert/distilgpt2	False	0.0009925320046022534	9.976598739624023
Ġshe	4652	 she	4	distilbert/distilgpt2	distilbert/distilgpt2	False	0.4486124515533447	1.1564584970474243
Sarah	4653	Sarah	0	distilbert/distilgpt2	distilbert/distilgpt2	False	1.0	0.0
Ġvex	4653	 vexed	1	distilbert/distilgpt2	distilbert/distilgpt2	False	1.9650126859005468e-08	25.60088539123535
ed	4653	 vexed	1	distilbert/distilgpt2	distilbert/distilgpt2	False	0.37288331985473633	1.4232038259506226
ĠMary	4653	 Mary	2	distilbert/distilgpt2	distilbert/distilgpt2	False	0.00018098043801728636	12.431879043579102
Ġbecause	4653	 because	3	distilbert/distilgpt2	distilbert/distilgpt2	False	0.0015800809487700462	9.3057861328125
Ġshe	4653	 she	4	distilbert/distilgpt2	distilbert/distilgpt2	False	0.46582236886024475	1.102148175239563
John	4654	John	0	distilbert/distilgpt2	distilbert/distilgpt2	False	1.0	0.0
Ġvex	4654	 vexed	1	distilbert/distilgpt2	distilbert/distilgpt2	False	2.075138461066217e-08	25.522216796875
ed	4654	 vexed	1	distilbert/distilgpt2	distilbert/distilgpt2	False	0.2600138783454895	1.943339467048645
ĠMary	4654	 Mary	2	distilbert/distilgpt2	distilbert/distilgpt2	False	0.00015733513282611966	12.633872032165527
Ġbecause	4654	 because	3	distilbert/distilgpt2	distilbert/distilgpt2	False	0.0022581524681299925	8.790641784667969
Ġshe	4654	 she	4	distilbert/distilgpt2	distilbert/distilgpt2	False	0.4573740065097809	1.1285537481307983
Sarah	4655	Sarah	0	distilbert/distilgpt2	distilbert/distilgpt2	False	1.0	0.0
Ġvex	4655	 vexed	1	distilbert/distilgpt2	distilbert/distilgpt2	False	1.9650126859005468e-08	25.60088539123535
ed	4655	 vexed	1	distilbert/distilgpt2	distilbert/distilgpt2	False	0.37288331985473633	1.4232038259506226
ĠMary	4655	 Mary	2	distilbert/distilgpt2	distilbert/distilgpt2	False	0.00018098043801728636	12.431879043579102
Ġbecause	4655	 because	3	distilbert/distilgpt2	distilbert/distilgpt2	False	0.0015800809487700462	9.3057861328125
Ġshe	4655	 she	4	distilbert/distilgpt2	distilbert/distilgpt2	False	0.46582236886024475	1.102148175239563
David	4656	David	0	distilbert/distilgpt2	distilbert/distilgpt2	False	1.0	0.0
Ġvex	4656	 vexed	1	distilbert/distilgpt2	distilbert/distilgpt2	False	2.2881012640141307e-08	25.38127326965332
ed	4656	 vexed	1	distilbert/distilgpt2	distilbert/distilgpt2	False	0.41203147172927856	1.2791736125946045
ĠMary	4656	 Mary	2	distilbert/distilgpt2	distilbert/distilgpt2	False	0.00015240094217006117	12.679840087890625
Ġbecause	4656	 because	3	distilbert/distilgpt2	distilbert/distilgpt2	False	0.0010467059910297394	9.899928092956543
Ġshe	4656	 she	4	distilbert/distilgpt2	distilbert/distilgpt2	False	0.42169538140296936	1.2457269430160522
John	4657	John	0	distilbert/distilgpt2	distilbert/distilgpt2	False	1.0	0.0
Ġvictimized	4657	 victimized	1	distilbert/distilgpt2	distilbert/distilgpt2	False	1.4503113376918009e-08	26.0390625
ĠDavid	4657	 David	2	distilbert/distilgpt2	distilbert/distilgpt2	False	8.445380808552727e-05	13.531477928161621
Ġbecause	4657	 because	3	distilbert/distilgpt2	distilbert/distilgpt2	False	0.00029023291426710784	11.75050163269043
Ġhe	4657	 he	4	distilbert/distilgpt2	distilbert/distilgpt2	False	0.4025753438472748	1.312669277191162
Mary	4658	Mary	0	distilbert/distilgpt2	distilbert/distilgpt2	False	1.0	0.0
Ġvictimized	4658	 victimized	1	distilbert/distilgpt2	distilbert/distilgpt2	False	1.8104135079966e-08	25.719104766845703
ĠDavid	4658	 David	2	distilbert/distilgpt2	distilbert/distilgpt2	False	4.3754680518759415e-05	14.480202674865723
Ġbecause	4658	 because	3	distilbert/distilgpt2	distilbert/distilgpt2	False	0.0003699818335007876	11.40025806427002
Ġhe	4658	 he	4	distilbert/distilgpt2	distilbert/distilgpt2	False	0.40721094608306885	1.2961517572402954
John	4659	John	0	distilbert/distilgpt2	distilbert/distilgpt2	False	1.0	0.0
Ġvictimized	4659	 victimized	1	distilbert/distilgpt2	distilbert/distilgpt2	False	1.4503113376918009e-08	26.0390625
ĠDavid	4659	 David	2	distilbert/distilgpt2	distilbert/distilgpt2	False	8.445380808552727e-05	13.531477928161621
Ġbecause	4659	 because	3	distilbert/distilgpt2	distilbert/distilgpt2	False	0.00029023291426710784	11.75050163269043
Ġhe	4659	 he	4	distilbert/distilgpt2	distilbert/distilgpt2	False	0.4025753438472748	1.312669277191162
Sarah	4660	Sarah	0	distilbert/distilgpt2	distilbert/distilgpt2	False	1.0	0.0
Ġvictimized	4660	 victimized	1	distilbert/distilgpt2	distilbert/distilgpt2	False	1.2764942880494345e-08	26.223237991333008
ĠDavid	4660	 David	2	distilbert/distilgpt2	distilbert/distilgpt2	False	7.929895946290344e-05	13.62233829498291
Ġbecause	4660	 because	3	distilbert/distilgpt2	distilbert/distilgpt2	False	0.0004339069128036499	11.170327186584473
Ġhe	4660	 he	4	distilbert/distilgpt2	distilbert/distilgpt2	False	0.4335438311100006	1.2057502269744873
David	4661	David	0	distilbert/distilgpt2	distilbert/distilgpt2	False	1.0	0.0
Ġvictimized	4661	 victimized	1	distilbert/distilgpt2	distilbert/distilgpt2	False	1.4302139916821943e-08	26.059194564819336
ĠJohn	4661	 John	2	distilbert/distilgpt2	distilbert/distilgpt2	False	0.00016578186478000134	12.558425903320312
Ġbecause	4661	 because	3	distilbert/distilgpt2	distilbert/distilgpt2	False	0.0003718479420058429	11.392999649047852
Ġhe	4661	 he	4	distilbert/distilgpt2	distilbert/distilgpt2	False	0.3851454257965088	1.376524806022644
Mary	4662	Mary	0	distilbert/distilgpt2	distilbert/distilgpt2	False	1.0	0.0
Ġvictimized	4662	 victimized	1	distilbert/distilgpt2	distilbert/distilgpt2	False	1.8104135079966e-08	25.719104766845703
ĠJohn	4662	 John	2	distilbert/distilgpt2	distilbert/distilgpt2	False	9.317015792476013e-05	13.389772415161133
Ġbecause	4662	 because	3	distilbert/distilgpt2	distilbert/distilgpt2	False	0.0006443533929996192	10.599860191345215
Ġhe	4662	 he	4	distilbert/distilgpt2	distilbert/distilgpt2	False	0.40574389696121216	1.301358699798584
David	4663	David	0	distilbert/distilgpt2	distilbert/distilgpt2	False	1.0	0.0
Ġvictimized	4663	 victimized	1	distilbert/distilgpt2	distilbert/distilgpt2	False	1.4302139916821943e-08	26.059194564819336
ĠJohn	4663	 John	2	distilbert/distilgpt2	distilbert/distilgpt2	False	0.00016578186478000134	12.558425903320312
Ġbecause	4663	 because	3	distilbert/distilgpt2	distilbert/distilgpt2	False	0.0003718479420058429	11.392999649047852
Ġhe	4663	 he	4	distilbert/distilgpt2	distilbert/distilgpt2	False	0.3851454257965088	1.376524806022644
Sarah	4664	Sarah	0	distilbert/distilgpt2	distilbert/distilgpt2	False	1.0	0.0
Ġvictimized	4664	 victimized	1	distilbert/distilgpt2	distilbert/distilgpt2	False	1.2764942880494345e-08	26.223237991333008
ĠJohn	4664	 John	2	distilbert/distilgpt2	distilbert/distilgpt2	False	0.00014803923841100186	12.721733093261719
Ġbecause	4664	 because	3	distilbert/distilgpt2	distilbert/distilgpt2	False	0.0009932731045410037	9.9755220413208
Ġhe	4664	 he	4	distilbert/distilgpt2	distilbert/distilgpt2	False	0.40916958451271057	1.2892292737960815
Mary	4665	Mary	0	distilbert/distilgpt2	distilbert/distilgpt2	False	1.0	0.0
Ġvictimized	4665	 victimized	1	distilbert/distilgpt2	distilbert/distilgpt2	False	1.8104135079966e-08	25.719104766845703
ĠSarah	4665	 Sarah	2	distilbert/distilgpt2	distilbert/distilgpt2	False	3.518390076351352e-05	14.79472541809082
Ġbecause	4665	 because	3	distilbert/distilgpt2	distilbert/distilgpt2	False	0.0013322019949555397	9.551971435546875
Ġshe	4665	 she	4	distilbert/distilgpt2	distilbert/distilgpt2	False	0.4333473742008209	1.206404209136963
John	4666	John	0	distilbert/distilgpt2	distilbert/distilgpt2	False	1.0	0.0
Ġvictimized	4666	 victimized	1	distilbert/distilgpt2	distilbert/distilgpt2	False	1.4503113376918009e-08	26.0390625
ĠSarah	4666	 Sarah	2	distilbert/distilgpt2	distilbert/distilgpt2	False	4.940751023241319e-05	14.304909706115723
Ġbecause	4666	 because	3	distilbert/distilgpt2	distilbert/distilgpt2	False	0.0009010278736241162	10.116140365600586
Ġshe	4666	 she	4	distilbert/distilgpt2	distilbert/distilgpt2	False	0.4038812518119812	1.3079969882965088
Mary	4667	Mary	0	distilbert/distilgpt2	distilbert/distilgpt2	False	1.0	0.0
Ġvictimized	4667	 victimized	1	distilbert/distilgpt2	distilbert/distilgpt2	False	1.8104135079966e-08	25.719104766845703
ĠSarah	4667	 Sarah	2	distilbert/distilgpt2	distilbert/distilgpt2	False	3.518390076351352e-05	14.79472541809082
Ġbecause	4667	 because	3	distilbert/distilgpt2	distilbert/distilgpt2	False	0.0013322019949555397	9.551971435546875
Ġshe	4667	 she	4	distilbert/distilgpt2	distilbert/distilgpt2	False	0.4333473742008209	1.206404209136963
David	4668	David	0	distilbert/distilgpt2	distilbert/distilgpt2	False	1.0	0.0
Ġvictimized	4668	 victimized	1	distilbert/distilgpt2	distilbert/distilgpt2	False	1.4302139916821943e-08	26.059194564819336
ĠSarah	4668	 Sarah	2	distilbert/distilgpt2	distilbert/distilgpt2	False	4.7109333536354825e-05	14.373627662658691
Ġbecause	4668	 because	3	distilbert/distilgpt2	distilbert/distilgpt2	False	0.0005303018842823803	10.880898475646973
Ġshe	4668	 she	4	distilbert/distilgpt2	distilbert/distilgpt2	False	0.39961737394332886	1.3233088254928589
Sarah	4669	Sarah	0	distilbert/distilgpt2	distilbert/distilgpt2	False	1.0	0.0
Ġvictimized	4669	 victimized	1	distilbert/distilgpt2	distilbert/distilgpt2	False	1.2764942880494345e-08	26.223237991333008
ĠMary	4669	 Mary	2	distilbert/distilgpt2	distilbert/distilgpt2	False	0.0001540492521598935	12.664320945739746
Ġbecause	4669	 because	3	distilbert/distilgpt2	distilbert/distilgpt2	False	0.0008254131535068154	10.242595672607422
Ġshe	4669	 she	4	distilbert/distilgpt2	distilbert/distilgpt2	False	0.3827260136604309	1.3856161832809448
John	4670	John	0	distilbert/distilgpt2	distilbert/distilgpt2	False	1.0	0.0
Ġvictimized	4670	 victimized	1	distilbert/distilgpt2	distilbert/distilgpt2	False	1.4503113376918009e-08	26.0390625
ĠMary	4670	 Mary	2	distilbert/distilgpt2	distilbert/distilgpt2	False	0.00012162786879343912	13.00523853302002
Ġbecause	4670	 because	3	distilbert/distilgpt2	distilbert/distilgpt2	False	0.0008712847484275699	10.164567947387695
Ġshe	4670	 she	4	distilbert/distilgpt2	distilbert/distilgpt2	False	0.36949586868286133	1.4363698959350586
Sarah	4671	Sarah	0	distilbert/distilgpt2	distilbert/distilgpt2	False	1.0	0.0
Ġvictimized	4671	 victimized	1	distilbert/distilgpt2	distilbert/distilgpt2	False	1.2764942880494345e-08	26.223237991333008
ĠMary	4671	 Mary	2	distilbert/distilgpt2	distilbert/distilgpt2	False	0.0001540492521598935	12.664320945739746
Ġbecause	4671	 because	3	distilbert/distilgpt2	distilbert/distilgpt2	False	0.0008254131535068154	10.242595672607422
Ġshe	4671	 she	4	distilbert/distilgpt2	distilbert/distilgpt2	False	0.3827260136604309	1.3856161832809448
David	4672	David	0	distilbert/distilgpt2	distilbert/distilgpt2	False	1.0	0.0
Ġvictimized	4672	 victimized	1	distilbert/distilgpt2	distilbert/distilgpt2	False	1.4302139916821943e-08	26.059194564819336
ĠMary	4672	 Mary	2	distilbert/distilgpt2	distilbert/distilgpt2	False	0.00011305254156468436	13.110718727111816
Ġbecause	4672	 because	3	distilbert/distilgpt2	distilbert/distilgpt2	False	0.00046326813753694296	11.075864791870117
Ġshe	4672	 she	4	distilbert/distilgpt2	distilbert/distilgpt2	False	0.3661457896232605	1.4495099782943726
John	4673	John	0	distilbert/distilgpt2	distilbert/distilgpt2	False	1.0	0.0
Ġvil	4673	 vilified	1	distilbert/distilgpt2	distilbert/distilgpt2	False	5.24179055716445e-09	27.507293701171875
ified	4673	 vilified	1	distilbert/distilgpt2	distilbert/distilgpt2	False	0.17841601371765137	2.4866831302642822
ĠDavid	4673	 David	2	distilbert/distilgpt2	distilbert/distilgpt2	False	0.00033302890369668603	11.552064895629883
Ġbecause	4673	 because	3	distilbert/distilgpt2	distilbert/distilgpt2	False	0.00022865178470965475	12.094560623168945
Ġhe	4673	 he	4	distilbert/distilgpt2	distilbert/distilgpt2	False	0.4591309130191803	1.1230225563049316
Mary	4674	Mary	0	distilbert/distilgpt2	distilbert/distilgpt2	False	1.0	0.0
Ġvil	4674	 vilified	1	distilbert/distilgpt2	distilbert/distilgpt2	False	5.620521381644039e-09	27.406648635864258
ified	4674	 vilified	1	distilbert/distilgpt2	distilbert/distilgpt2	False	0.11577077209949493	3.110656976699829
ĠDavid	4674	 David	2	distilbert/distilgpt2	distilbert/distilgpt2	False	0.00026502556283958256	11.88158130645752
Ġbecause	4674	 because	3	distilbert/distilgpt2	distilbert/distilgpt2	False	0.000346104585332796	11.496503829956055
Ġhe	4674	 he	4	distilbert/distilgpt2	distilbert/distilgpt2	False	0.45872175693511963	1.1243088245391846
John	4675	John	0	distilbert/distilgpt2	distilbert/distilgpt2	False	1.0	0.0
Ġvil	4675	 vilified	1	distilbert/distilgpt2	distilbert/distilgpt2	False	5.24179055716445e-09	27.507293701171875
ified	4675	 vilified	1	distilbert/distilgpt2	distilbert/distilgpt2	False	0.17841601371765137	2.4866831302642822
ĠDavid	4675	 David	2	distilbert/distilgpt2	distilbert/distilgpt2	False	0.00033302890369668603	11.552064895629883
Ġbecause	4675	 because	3	distilbert/distilgpt2	distilbert/distilgpt2	False	0.00022865178470965475	12.094560623168945
Ġhe	4675	 he	4	distilbert/distilgpt2	distilbert/distilgpt2	False	0.4591309130191803	1.1230225563049316
Sarah	4676	Sarah	0	distilbert/distilgpt2	distilbert/distilgpt2	False	1.0	0.0
Ġvil	4676	 vilified	1	distilbert/distilgpt2	distilbert/distilgpt2	False	5.188306673176157e-09	27.5220890045166
ified	4676	 vilified	1	distilbert/distilgpt2	distilbert/distilgpt2	False	0.1713746190071106	2.5447745323181152
ĠDavid	4676	 David	2	distilbert/distilgpt2	distilbert/distilgpt2	False	0.00035268039209768176	11.469350814819336
Ġbecause	4676	 because	3	distilbert/distilgpt2	distilbert/distilgpt2	False	0.0001411911944160238	12.790061950683594
Ġhe	4676	 he	4	distilbert/distilgpt2	distilbert/distilgpt2	False	0.46775567531585693	1.0961729288101196
David	4677	David	0	distilbert/distilgpt2	distilbert/distilgpt2	False	1.0	0.0
Ġvil	4677	 vilified	1	distilbert/distilgpt2	distilbert/distilgpt2	False	6.22138562889063e-09	27.260116577148438
ified	4677	 vilified	1	distilbert/distilgpt2	distilbert/distilgpt2	False	0.27706632018089294	1.8516967296600342
ĠJohn	4677	 John	2	distilbert/distilgpt2	distilbert/distilgpt2	False	0.0007872479036450386	10.310894012451172
Ġbecause	4677	 because	3	distilbert/distilgpt2	distilbert/distilgpt2	False	0.00014900595124345273	12.712342262268066
Ġhe	4677	 he	4	distilbert/distilgpt2	distilbert/distilgpt2	False	0.4977484345436096	1.0065113306045532
Mary	4678	Mary	0	distilbert/distilgpt2	distilbert/distilgpt2	False	1.0	0.0
Ġvil	4678	 vilified	1	distilbert/distilgpt2	distilbert/distilgpt2	False	5.620521381644039e-09	27.406648635864258
ified	4678	 vilified	1	distilbert/distilgpt2	distilbert/distilgpt2	False	0.11577077209949493	3.110656976699829
ĠJohn	4678	 John	2	distilbert/distilgpt2	distilbert/distilgpt2	False	0.00042821094393730164	11.189391136169434
Ġbecause	4678	 because	3	distilbert/distilgpt2	distilbert/distilgpt2	False	0.0002645404601935297	11.884223937988281
Ġhe	4678	 he	4	distilbert/distilgpt2	distilbert/distilgpt2	False	0.49670150876045227	1.0095490217208862
David	4679	David	0	distilbert/distilgpt2	distilbert/distilgpt2	False	1.0	0.0
Ġvil	4679	 vilified	1	distilbert/distilgpt2	distilbert/distilgpt2	False	6.22138562889063e-09	27.260116577148438
ified	4679	 vilified	1	distilbert/distilgpt2	distilbert/distilgpt2	False	0.27706632018089294	1.8516967296600342
ĠJohn	4679	 John	2	distilbert/distilgpt2	distilbert/distilgpt2	False	0.0007872479036450386	10.310894012451172
Ġbecause	4679	 because	3	distilbert/distilgpt2	distilbert/distilgpt2	False	0.00014900595124345273	12.712342262268066
Ġhe	4679	 he	4	distilbert/distilgpt2	distilbert/distilgpt2	False	0.4977484345436096	1.0065113306045532
Sarah	4680	Sarah	0	distilbert/distilgpt2	distilbert/distilgpt2	False	1.0	0.0
Ġvil	4680	 vilified	1	distilbert/distilgpt2	distilbert/distilgpt2	False	5.188306673176157e-09	27.5220890045166
ified	4680	 vilified	1	distilbert/distilgpt2	distilbert/distilgpt2	False	0.1713746190071106	2.5447745323181152
ĠJohn	4680	 John	2	distilbert/distilgpt2	distilbert/distilgpt2	False	0.000507615739479661	10.943975448608398
Ġbecause	4680	 because	3	distilbert/distilgpt2	distilbert/distilgpt2	False	0.00023329677060246468	12.065546035766602
Ġhe	4680	 he	4	distilbert/distilgpt2	distilbert/distilgpt2	False	0.4816436469554901	1.053961992263794
Mary	4681	Mary	0	distilbert/distilgpt2	distilbert/distilgpt2	False	1.0	0.0
Ġvil	4681	 vilified	1	distilbert/distilgpt2	distilbert/distilgpt2	False	5.620521381644039e-09	27.406648635864258
ified	4681	 vilified	1	distilbert/distilgpt2	distilbert/distilgpt2	False	0.11577077209949493	3.110656976699829
ĠSarah	4681	 Sarah	2	distilbert/distilgpt2	distilbert/distilgpt2	False	0.00011530769552337006	13.082223892211914
Ġbecause	4681	 because	3	distilbert/distilgpt2	distilbert/distilgpt2	False	0.0007147856522351503	10.450201988220215
Ġshe	4681	 she	4	distilbert/distilgpt2	distilbert/distilgpt2	False	0.5154543519020081	0.956083357334137
John	4682	John	0	distilbert/distilgpt2	distilbert/distilgpt2	False	1.0	0.0
Ġvil	4682	 vilified	1	distilbert/distilgpt2	distilbert/distilgpt2	False	5.24179055716445e-09	27.507293701171875
ified	4682	 vilified	1	distilbert/distilgpt2	distilbert/distilgpt2	False	0.17841601371765137	2.4866831302642822
ĠSarah	4682	 Sarah	2	distilbert/distilgpt2	distilbert/distilgpt2	False	0.00012079465523129329	13.015155792236328
Ġbecause	4682	 because	3	distilbert/distilgpt2	distilbert/distilgpt2	False	0.0002490166516508907	11.97146987915039
Ġshe	4682	 she	4	distilbert/distilgpt2	distilbert/distilgpt2	False	0.5099877119064331	0.9714656472206116
Mary	4683	Mary	0	distilbert/distilgpt2	distilbert/distilgpt2	False	1.0	0.0
Ġvil	4683	 vilified	1	distilbert/distilgpt2	distilbert/distilgpt2	False	5.620521381644039e-09	27.406648635864258
ified	4683	 vilified	1	distilbert/distilgpt2	distilbert/distilgpt2	False	0.11577077209949493	3.110656976699829
ĠSarah	4683	 Sarah	2	distilbert/distilgpt2	distilbert/distilgpt2	False	0.00011530769552337006	13.082223892211914
Ġbecause	4683	 because	3	distilbert/distilgpt2	distilbert/distilgpt2	False	0.0007147856522351503	10.450201988220215
Ġshe	4683	 she	4	distilbert/distilgpt2	distilbert/distilgpt2	False	0.5154543519020081	0.956083357334137
David	4684	David	0	distilbert/distilgpt2	distilbert/distilgpt2	False	1.0	0.0
Ġvil	4684	 vilified	1	distilbert/distilgpt2	distilbert/distilgpt2	False	6.22138562889063e-09	27.260116577148438
ified	4684	 vilified	1	distilbert/distilgpt2	distilbert/distilgpt2	False	0.27706632018089294	1.8516967296600342
ĠSarah	4684	 Sarah	2	distilbert/distilgpt2	distilbert/distilgpt2	False	0.00019932715804316103	12.292573928833008
Ġbecause	4684	 because	3	distilbert/distilgpt2	distilbert/distilgpt2	False	0.00015229792916215956	12.680815696716309
Ġshe	4684	 she	4	distilbert/distilgpt2	distilbert/distilgpt2	False	0.5105074048042297	0.9699962735176086
Sarah	4685	Sarah	0	distilbert/distilgpt2	distilbert/distilgpt2	False	1.0	0.0
Ġvil	4685	 vilified	1	distilbert/distilgpt2	distilbert/distilgpt2	False	5.188306673176157e-09	27.5220890045166
ified	4685	 vilified	1	distilbert/distilgpt2	distilbert/distilgpt2	False	0.1713746190071106	2.5447745323181152
ĠMary	4685	 Mary	2	distilbert/distilgpt2	distilbert/distilgpt2	False	0.00016370283265132457	12.57663345336914
Ġbecause	4685	 because	3	distilbert/distilgpt2	distilbert/distilgpt2	False	0.0007956466288305819	10.295584678649902
Ġshe	4685	 she	4	distilbert/distilgpt2	distilbert/distilgpt2	False	0.46855977177619934	1.093695044517517
John	4686	John	0	distilbert/distilgpt2	distilbert/distilgpt2	False	1.0	0.0
Ġvil	4686	 vilified	1	distilbert/distilgpt2	distilbert/distilgpt2	False	5.24179055716445e-09	27.507293701171875
ified	4686	 vilified	1	distilbert/distilgpt2	distilbert/distilgpt2	False	0.17841601371765137	2.4866831302642822
ĠMary	4686	 Mary	2	distilbert/distilgpt2	distilbert/distilgpt2	False	0.00013875086733605713	12.815216064453125
Ġbecause	4686	 because	3	distilbert/distilgpt2	distilbert/distilgpt2	False	0.0011672795517370105	9.742633819580078
Ġshe	4686	 she	4	distilbert/distilgpt2	distilbert/distilgpt2	False	0.48758378624916077	1.0362780094146729
Sarah	4687	Sarah	0	distilbert/distilgpt2	distilbert/distilgpt2	False	1.0	0.0
Ġvil	4687	 vilified	1	distilbert/distilgpt2	distilbert/distilgpt2	False	5.188306673176157e-09	27.5220890045166
ified	4687	 vilified	1	distilbert/distilgpt2	distilbert/distilgpt2	False	0.1713746190071106	2.5447745323181152
ĠMary	4687	 Mary	2	distilbert/distilgpt2	distilbert/distilgpt2	False	0.00016370283265132457	12.57663345336914
Ġbecause	4687	 because	3	distilbert/distilgpt2	distilbert/distilgpt2	False	0.0007956466288305819	10.295584678649902
Ġshe	4687	 she	4	distilbert/distilgpt2	distilbert/distilgpt2	False	0.46855977177619934	1.093695044517517
David	4688	David	0	distilbert/distilgpt2	distilbert/distilgpt2	False	1.0	0.0
Ġvil	4688	 vilified	1	distilbert/distilgpt2	distilbert/distilgpt2	False	6.22138562889063e-09	27.260116577148438
ified	4688	 vilified	1	distilbert/distilgpt2	distilbert/distilgpt2	False	0.27706632018089294	1.8516967296600342
ĠMary	4688	 Mary	2	distilbert/distilgpt2	distilbert/distilgpt2	False	0.00017781488713808358	12.45733642578125
Ġbecause	4688	 because	3	distilbert/distilgpt2	distilbert/distilgpt2	False	0.0004725217295344919	11.047331809997559
Ġshe	4688	 she	4	distilbert/distilgpt2	distilbert/distilgpt2	False	0.47419580817222595	1.07644522190094
John	4689	John	0	distilbert/distilgpt2	distilbert/distilgpt2	False	1.0	0.0
Ġvisited	4689	 visited	1	distilbert/distilgpt2	distilbert/distilgpt2	False	1.8993237915765349e-07	22.32801055908203
ĠDavid	4689	 David	2	distilbert/distilgpt2	distilbert/distilgpt2	False	0.0004412791458889842	11.146020889282227
Ġbecause	4689	 because	3	distilbert/distilgpt2	distilbert/distilgpt2	False	0.0004251975624356419	11.199579238891602
Ġhe	4689	 he	4	distilbert/distilgpt2	distilbert/distilgpt2	False	0.46604102849960327	1.101471185684204
Mary	4690	Mary	0	distilbert/distilgpt2	distilbert/distilgpt2	False	1.0	0.0
Ġvisited	4690	 visited	1	distilbert/distilgpt2	distilbert/distilgpt2	False	2.0943251399785368e-07	22.18701171875
ĠDavid	4690	 David	2	distilbert/distilgpt2	distilbert/distilgpt2	False	0.000344504980603233	11.50318717956543
Ġbecause	4690	 because	3	distilbert/distilgpt2	distilbert/distilgpt2	False	0.0004649668699130416	11.070584297180176
Ġhe	4690	 he	4	distilbert/distilgpt2	distilbert/distilgpt2	False	0.4579477310180664	1.1267452239990234
John	4691	John	0	distilbert/distilgpt2	distilbert/distilgpt2	False	1.0	0.0
Ġvisited	4691	 visited	1	distilbert/distilgpt2	distilbert/distilgpt2	False	1.8993237915765349e-07	22.32801055908203
ĠDavid	4691	 David	2	distilbert/distilgpt2	distilbert/distilgpt2	False	0.0004412791458889842	11.146020889282227
Ġbecause	4691	 because	3	distilbert/distilgpt2	distilbert/distilgpt2	False	0.0004251975624356419	11.199579238891602
Ġhe	4691	 he	4	distilbert/distilgpt2	distilbert/distilgpt2	False	0.46604102849960327	1.101471185684204
Sarah	4692	Sarah	0	distilbert/distilgpt2	distilbert/distilgpt2	False	1.0	0.0
Ġvisited	4692	 visited	1	distilbert/distilgpt2	distilbert/distilgpt2	False	2.0023566094096168e-07	22.251798629760742
ĠDavid	4692	 David	2	distilbert/distilgpt2	distilbert/distilgpt2	False	0.00046015591942705214	11.085589408874512
Ġbecause	4692	 because	3	distilbert/distilgpt2	distilbert/distilgpt2	False	0.0003785101289395243	11.367380142211914
Ġhe	4692	 he	4	distilbert/distilgpt2	distilbert/distilgpt2	False	0.47735148668289185	1.0668761730194092
David	4693	David	0	distilbert/distilgpt2	distilbert/distilgpt2	False	1.0	0.0
Ġvisited	4693	 visited	1	distilbert/distilgpt2	distilbert/distilgpt2	False	2.0997367755626328e-07	22.18328857421875
ĠJohn	4693	 John	2	distilbert/distilgpt2	distilbert/distilgpt2	False	0.0005680547328665853	10.781682014465332
Ġbecause	4693	 because	3	distilbert/distilgpt2	distilbert/distilgpt2	False	9.089243394555524e-05	13.425479888916016
Ġhe	4693	 he	4	distilbert/distilgpt2	distilbert/distilgpt2	False	0.41271886229515076	1.2767688035964966
Mary	4694	Mary	0	distilbert/distilgpt2	distilbert/distilgpt2	False	1.0	0.0
Ġvisited	4694	 visited	1	distilbert/distilgpt2	distilbert/distilgpt2	False	2.0943251399785368e-07	22.18701171875
ĠJohn	4694	 John	2	distilbert/distilgpt2	distilbert/distilgpt2	False	0.0005912366323173046	10.723977088928223
Ġbecause	4694	 because	3	distilbert/distilgpt2	distilbert/distilgpt2	False	0.00018877783440984786	12.371023178100586
Ġhe	4694	 he	4	distilbert/distilgpt2	distilbert/distilgpt2	False	0.45810070633888245	1.1262633800506592
David	4695	David	0	distilbert/distilgpt2	distilbert/distilgpt2	False	1.0	0.0
Ġvisited	4695	 visited	1	distilbert/distilgpt2	distilbert/distilgpt2	False	2.0997367755626328e-07	22.18328857421875
ĠJohn	4695	 John	2	distilbert/distilgpt2	distilbert/distilgpt2	False	0.0005680547328665853	10.781682014465332
Ġbecause	4695	 because	3	distilbert/distilgpt2	distilbert/distilgpt2	False	9.089243394555524e-05	13.425479888916016
Ġhe	4695	 he	4	distilbert/distilgpt2	distilbert/distilgpt2	False	0.41271886229515076	1.2767688035964966
Sarah	4696	Sarah	0	distilbert/distilgpt2	distilbert/distilgpt2	False	1.0	0.0
Ġvisited	4696	 visited	1	distilbert/distilgpt2	distilbert/distilgpt2	False	2.0023566094096168e-07	22.251798629760742
ĠJohn	4696	 John	2	distilbert/distilgpt2	distilbert/distilgpt2	False	0.0006145247025415301	10.668241500854492
Ġbecause	4696	 because	3	distilbert/distilgpt2	distilbert/distilgpt2	False	0.00020225130720064044	12.271563529968262
Ġhe	4696	 he	4	distilbert/distilgpt2	distilbert/distilgpt2	False	0.4372691810131073	1.1934064626693726
Mary	4697	Mary	0	distilbert/distilgpt2	distilbert/distilgpt2	False	1.0	0.0
Ġvisited	4697	 visited	1	distilbert/distilgpt2	distilbert/distilgpt2	False	2.0943251399785368e-07	22.18701171875
ĠSarah	4697	 Sarah	2	distilbert/distilgpt2	distilbert/distilgpt2	False	0.00013940302596893162	12.808450698852539
Ġbecause	4697	 because	3	distilbert/distilgpt2	distilbert/distilgpt2	False	0.0013585350243374705	9.52373218536377
Ġshe	4697	 she	4	distilbert/distilgpt2	distilbert/distilgpt2	False	0.5116293430328369	0.9668291211128235
John	4698	John	0	distilbert/distilgpt2	distilbert/distilgpt2	False	1.0	0.0
Ġvisited	4698	 visited	1	distilbert/distilgpt2	distilbert/distilgpt2	False	1.8993237915765349e-07	22.32801055908203
ĠSarah	4698	 Sarah	2	distilbert/distilgpt2	distilbert/distilgpt2	False	0.00014408337301574647	12.760808944702148
Ġbecause	4698	 because	3	distilbert/distilgpt2	distilbert/distilgpt2	False	0.0011425777338445187	9.773491859436035
Ġshe	4698	 she	4	distilbert/distilgpt2	distilbert/distilgpt2	False	0.4848884344100952	1.0442752838134766
Mary	4699	Mary	0	distilbert/distilgpt2	distilbert/distilgpt2	False	1.0	0.0
Ġvisited	4699	 visited	1	distilbert/distilgpt2	distilbert/distilgpt2	False	2.0943251399785368e-07	22.18701171875
ĠSarah	4699	 Sarah	2	distilbert/distilgpt2	distilbert/distilgpt2	False	0.00013940302596893162	12.808450698852539
Ġbecause	4699	 because	3	distilbert/distilgpt2	distilbert/distilgpt2	False	0.0013585350243374705	9.52373218536377
Ġshe	4699	 she	4	distilbert/distilgpt2	distilbert/distilgpt2	False	0.5116293430328369	0.9668291211128235
David	4700	David	0	distilbert/distilgpt2	distilbert/distilgpt2	False	1.0	0.0
Ġvisited	4700	 visited	1	distilbert/distilgpt2	distilbert/distilgpt2	False	2.0997367755626328e-07	22.18328857421875
ĠSarah	4700	 Sarah	2	distilbert/distilgpt2	distilbert/distilgpt2	False	0.00011036977230105549	13.145367622375488
Ġbecause	4700	 because	3	distilbert/distilgpt2	distilbert/distilgpt2	False	0.0007553418399766088	10.370582580566406
Ġshe	4700	 she	4	distilbert/distilgpt2	distilbert/distilgpt2	False	0.48298075795173645	1.0499624013900757
Sarah	4701	Sarah	0	distilbert/distilgpt2	distilbert/distilgpt2	False	1.0	0.0
Ġvisited	4701	 visited	1	distilbert/distilgpt2	distilbert/distilgpt2	False	2.0023566094096168e-07	22.251798629760742
ĠMary	4701	 Mary	2	distilbert/distilgpt2	distilbert/distilgpt2	False	0.0003356468223500997	11.54076862335205
Ġbecause	4701	 because	3	distilbert/distilgpt2	distilbert/distilgpt2	False	0.000216159678529948	12.175615310668945
Ġshe	4701	 she	4	distilbert/distilgpt2	distilbert/distilgpt2	False	0.48085683584213257	1.0563206672668457
John	4702	John	0	distilbert/distilgpt2	distilbert/distilgpt2	False	1.0	0.0
Ġvisited	4702	 visited	1	distilbert/distilgpt2	distilbert/distilgpt2	False	1.8993237915765349e-07	22.32801055908203
ĠMary	4702	 Mary	2	distilbert/distilgpt2	distilbert/distilgpt2	False	0.00027934301760978997	11.80567455291748
Ġbecause	4702	 because	3	distilbert/distilgpt2	distilbert/distilgpt2	False	0.0002844692498911172	11.779439926147461
Ġshe	4702	 she	4	distilbert/distilgpt2	distilbert/distilgpt2	False	0.4651276171207428	1.1043015718460083
Sarah	4703	Sarah	0	distilbert/distilgpt2	distilbert/distilgpt2	False	1.0	0.0
Ġvisited	4703	 visited	1	distilbert/distilgpt2	distilbert/distilgpt2	False	2.0023566094096168e-07	22.251798629760742
ĠMary	4703	 Mary	2	distilbert/distilgpt2	distilbert/distilgpt2	False	0.0003356468223500997	11.54076862335205
Ġbecause	4703	 because	3	distilbert/distilgpt2	distilbert/distilgpt2	False	0.000216159678529948	12.175615310668945
Ġshe	4703	 she	4	distilbert/distilgpt2	distilbert/distilgpt2	False	0.48085683584213257	1.0563206672668457
David	4704	David	0	distilbert/distilgpt2	distilbert/distilgpt2	False	1.0	0.0
Ġvisited	4704	 visited	1	distilbert/distilgpt2	distilbert/distilgpt2	False	2.0997367755626328e-07	22.18328857421875
ĠMary	4704	 Mary	2	distilbert/distilgpt2	distilbert/distilgpt2	False	0.0002265418297611177	12.107934951782227
Ġbecause	4704	 because	3	distilbert/distilgpt2	distilbert/distilgpt2	False	0.00011779934720834717	13.05138111114502
Ġshe	4704	 she	4	distilbert/distilgpt2	distilbert/distilgpt2	False	0.46272003650665283	1.1117885112762451
John	4705	John	0	distilbert/distilgpt2	distilbert/distilgpt2	False	1.0	0.0
Ġwanted	4705	 wanted	1	distilbert/distilgpt2	distilbert/distilgpt2	False	6.26211658527609e-06	17.2849178314209
ĠDavid	4705	 David	2	distilbert/distilgpt2	distilbert/distilgpt2	False	6.95796770742163e-05	13.81097412109375
Ġbecause	4705	 because	3	distilbert/distilgpt2	distilbert/distilgpt2	False	0.00047150978934951127	11.050424575805664
Ġhe	4705	 he	4	distilbert/distilgpt2	distilbert/distilgpt2	False	0.48051124811172485	1.057357907295227
Mary	4706	Mary	0	distilbert/distilgpt2	distilbert/distilgpt2	False	1.0	0.0
Ġwanted	4706	 wanted	1	distilbert/distilgpt2	distilbert/distilgpt2	False	7.010997705947375e-06	17.1219482421875
ĠDavid	4706	 David	2	distilbert/distilgpt2	distilbert/distilgpt2	False	4.154815906076692e-05	14.554856300354004
Ġbecause	4706	 because	3	distilbert/distilgpt2	distilbert/distilgpt2	False	0.00044023164082318544	11.149449348449707
Ġhe	4706	 he	4	distilbert/distilgpt2	distilbert/distilgpt2	False	0.48697322607040405	1.038085699081421
John	4707	John	0	distilbert/distilgpt2	distilbert/distilgpt2	False	1.0	0.0
Ġwanted	4707	 wanted	1	distilbert/distilgpt2	distilbert/distilgpt2	False	6.26211658527609e-06	17.2849178314209
ĠDavid	4707	 David	2	distilbert/distilgpt2	distilbert/distilgpt2	False	6.95796770742163e-05	13.81097412109375
Ġbecause	4707	 because	3	distilbert/distilgpt2	distilbert/distilgpt2	False	0.00047150978934951127	11.050424575805664
Ġhe	4707	 he	4	distilbert/distilgpt2	distilbert/distilgpt2	False	0.48051124811172485	1.057357907295227
Sarah	4708	Sarah	0	distilbert/distilgpt2	distilbert/distilgpt2	False	1.0	0.0
Ġwanted	4708	 wanted	1	distilbert/distilgpt2	distilbert/distilgpt2	False	7.81805192673346e-06	16.964759826660156
ĠDavid	4708	 David	2	distilbert/distilgpt2	distilbert/distilgpt2	False	5.101798888063058e-05	14.258634567260742
Ġbecause	4708	 because	3	distilbert/distilgpt2	distilbert/distilgpt2	False	0.00046658553765155375	11.065570831298828
Ġhe	4708	 he	4	distilbert/distilgpt2	distilbert/distilgpt2	False	0.48986607789993286	1.029540777206421
David	4709	David	0	distilbert/distilgpt2	distilbert/distilgpt2	False	1.0	0.0
Ġwanted	4709	 wanted	1	distilbert/distilgpt2	distilbert/distilgpt2	False	6.736536306561902e-06	17.179561614990234
ĠJohn	4709	 John	2	distilbert/distilgpt2	distilbert/distilgpt2	False	0.00019988833810202777	12.288517951965332
Ġbecause	4709	 because	3	distilbert/distilgpt2	distilbert/distilgpt2	False	0.0013968156417831779	9.483642578125
Ġhe	4709	 he	4	distilbert/distilgpt2	distilbert/distilgpt2	False	0.4936983287334442	1.0182983875274658
Mary	4710	Mary	0	distilbert/distilgpt2	distilbert/distilgpt2	False	1.0	0.0
Ġwanted	4710	 wanted	1	distilbert/distilgpt2	distilbert/distilgpt2	False	7.010997705947375e-06	17.1219482421875
ĠJohn	4710	 John	2	distilbert/distilgpt2	distilbert/distilgpt2	False	0.00014023107360117137	12.799906730651855
Ġbecause	4710	 because	3	distilbert/distilgpt2	distilbert/distilgpt2	False	0.002132727997377515	8.87308406829834
Ġhe	4710	 he	4	distilbert/distilgpt2	distilbert/distilgpt2	False	0.5211361050605774	0.9402678608894348
David	4711	David	0	distilbert/distilgpt2	distilbert/distilgpt2	False	1.0	0.0
Ġwanted	4711	 wanted	1	distilbert/distilgpt2	distilbert/distilgpt2	False	6.736536306561902e-06	17.179561614990234
ĠJohn	4711	 John	2	distilbert/distilgpt2	distilbert/distilgpt2	False	0.00019988833810202777	12.288517951965332
Ġbecause	4711	 because	3	distilbert/distilgpt2	distilbert/distilgpt2	False	0.0013968156417831779	9.483642578125
Ġhe	4711	 he	4	distilbert/distilgpt2	distilbert/distilgpt2	False	0.4936983287334442	1.0182983875274658
Sarah	4712	Sarah	0	distilbert/distilgpt2	distilbert/distilgpt2	False	1.0	0.0
Ġwanted	4712	 wanted	1	distilbert/distilgpt2	distilbert/distilgpt2	False	7.81805192673346e-06	16.964759826660156
ĠJohn	4712	 John	2	distilbert/distilgpt2	distilbert/distilgpt2	False	0.0001351332466583699	12.8533296585083
Ġbecause	4712	 because	3	distilbert/distilgpt2	distilbert/distilgpt2	False	0.002630532719194889	8.570428848266602
Ġhe	4712	 he	4	distilbert/distilgpt2	distilbert/distilgpt2	False	0.49818411469459534	1.0052491426467896
Mary	4713	Mary	0	distilbert/distilgpt2	distilbert/distilgpt2	False	1.0	0.0
Ġwanted	4713	 wanted	1	distilbert/distilgpt2	distilbert/distilgpt2	False	7.010997705947375e-06	17.1219482421875
ĠSarah	4713	 Sarah	2	distilbert/distilgpt2	distilbert/distilgpt2	False	2.3103517378331162e-05	15.401528358459473
Ġbecause	4713	 because	3	distilbert/distilgpt2	distilbert/distilgpt2	False	0.001603184500709176	9.284843444824219
Ġshe	4713	 she	4	distilbert/distilgpt2	distilbert/distilgpt2	False	0.5431303381919861	0.8806296586990356
John	4714	John	0	distilbert/distilgpt2	distilbert/distilgpt2	False	1.0	0.0
Ġwanted	4714	 wanted	1	distilbert/distilgpt2	distilbert/distilgpt2	False	6.26211658527609e-06	17.2849178314209
ĠSarah	4714	 Sarah	2	distilbert/distilgpt2	distilbert/distilgpt2	False	2.557389780122321e-05	15.254968643188477
Ġbecause	4714	 because	3	distilbert/distilgpt2	distilbert/distilgpt2	False	0.0015693448949605227	9.315622329711914
Ġshe	4714	 she	4	distilbert/distilgpt2	distilbert/distilgpt2	False	0.5130531191825867	0.9628199338912964
Mary	4715	Mary	0	distilbert/distilgpt2	distilbert/distilgpt2	False	1.0	0.0
Ġwanted	4715	 wanted	1	distilbert/distilgpt2	distilbert/distilgpt2	False	7.010997705947375e-06	17.1219482421875
ĠSarah	4715	 Sarah	2	distilbert/distilgpt2	distilbert/distilgpt2	False	2.3103517378331162e-05	15.401528358459473
Ġbecause	4715	 because	3	distilbert/distilgpt2	distilbert/distilgpt2	False	0.001603184500709176	9.284843444824219
Ġshe	4715	 she	4	distilbert/distilgpt2	distilbert/distilgpt2	False	0.5431303381919861	0.8806296586990356
David	4716	David	0	distilbert/distilgpt2	distilbert/distilgpt2	False	1.0	0.0
Ġwanted	4716	 wanted	1	distilbert/distilgpt2	distilbert/distilgpt2	False	6.736536306561902e-06	17.179561614990234
ĠSarah	4716	 Sarah	2	distilbert/distilgpt2	distilbert/distilgpt2	False	2.3682234314037487e-05	15.365835189819336
Ġbecause	4716	 because	3	distilbert/distilgpt2	distilbert/distilgpt2	False	0.0007343575125560164	10.411230087280273
Ġshe	4716	 she	4	distilbert/distilgpt2	distilbert/distilgpt2	False	0.5231402516365051	0.9347302913665771
Sarah	4717	Sarah	0	distilbert/distilgpt2	distilbert/distilgpt2	False	1.0	0.0
Ġwanted	4717	 wanted	1	distilbert/distilgpt2	distilbert/distilgpt2	False	7.81805192673346e-06	16.964759826660156
ĠMary	4717	 Mary	2	distilbert/distilgpt2	distilbert/distilgpt2	False	3.619484414230101e-05	14.753856658935547
Ġbecause	4717	 because	3	distilbert/distilgpt2	distilbert/distilgpt2	False	0.0010573220206424594	9.885369300842285
Ġshe	4717	 she	4	distilbert/distilgpt2	distilbert/distilgpt2	False	0.5030421018600464	0.9912489056587219
John	4718	John	0	distilbert/distilgpt2	distilbert/distilgpt2	False	1.0	0.0
Ġwanted	4718	 wanted	1	distilbert/distilgpt2	distilbert/distilgpt2	False	6.26211658527609e-06	17.2849178314209
ĠMary	4718	 Mary	2	distilbert/distilgpt2	distilbert/distilgpt2	False	3.6503046430880204e-05	14.741623878479004
Ġbecause	4718	 because	3	distilbert/distilgpt2	distilbert/distilgpt2	False	0.0017418151255697012	9.165192604064941
Ġshe	4718	 she	4	distilbert/distilgpt2	distilbert/distilgpt2	False	0.49069488048553467	1.0271018743515015
Sarah	4719	Sarah	0	distilbert/distilgpt2	distilbert/distilgpt2	False	1.0	0.0
Ġwanted	4719	 wanted	1	distilbert/distilgpt2	distilbert/distilgpt2	False	7.81805192673346e-06	16.964759826660156
ĠMary	4719	 Mary	2	distilbert/distilgpt2	distilbert/distilgpt2	False	3.619484414230101e-05	14.753856658935547
Ġbecause	4719	 because	3	distilbert/distilgpt2	distilbert/distilgpt2	False	0.0010573220206424594	9.885369300842285
Ġshe	4719	 she	4	distilbert/distilgpt2	distilbert/distilgpt2	False	0.5030421018600464	0.9912489056587219
David	4720	David	0	distilbert/distilgpt2	distilbert/distilgpt2	False	1.0	0.0
Ġwanted	4720	 wanted	1	distilbert/distilgpt2	distilbert/distilgpt2	False	6.736536306561902e-06	17.179561614990234
ĠMary	4720	 Mary	2	distilbert/distilgpt2	distilbert/distilgpt2	False	3.147455572616309e-05	14.95545482635498
Ġbecause	4720	 because	3	distilbert/distilgpt2	distilbert/distilgpt2	False	0.0009577416931279004	10.028076171875
Ġshe	4720	 she	4	distilbert/distilgpt2	distilbert/distilgpt2	False	0.49251702427864075	1.021754503250122
John	4721	John	0	distilbert/distilgpt2	distilbert/distilgpt2	False	1.0	0.0
Ġwarned	4721	 warned	1	distilbert/distilgpt2	distilbert/distilgpt2	False	4.967421318724519e-07	20.94099998474121
ĠDavid	4721	 David	2	distilbert/distilgpt2	distilbert/distilgpt2	False	0.00037225597770884633	11.391417503356934
Ġbecause	4721	 because	3	distilbert/distilgpt2	distilbert/distilgpt2	False	4.72879437438678e-05	14.368167877197266
Ġhe	4721	 he	4	distilbert/distilgpt2	distilbert/distilgpt2	False	0.22711363434791565	2.1385138034820557
Mary	4722	Mary	0	distilbert/distilgpt2	distilbert/distilgpt2	False	1.0	0.0
Ġwarned	4722	 warned	1	distilbert/distilgpt2	distilbert/distilgpt2	False	4.912495228381886e-07	20.957040786743164
ĠDavid	4722	 David	2	distilbert/distilgpt2	distilbert/distilgpt2	False	0.00022875932336319238	12.093881607055664
Ġbecause	4722	 because	3	distilbert/distilgpt2	distilbert/distilgpt2	False	9.636644244892523e-05	13.341109275817871
Ġhe	4722	 he	4	distilbert/distilgpt2	distilbert/distilgpt2	False	0.24634762108325958	2.0212326049804688
John	4723	John	0	distilbert/distilgpt2	distilbert/distilgpt2	False	1.0	0.0
Ġwarned	4723	 warned	1	distilbert/distilgpt2	distilbert/distilgpt2	False	4.967421318724519e-07	20.94099998474121
ĠDavid	4723	 David	2	distilbert/distilgpt2	distilbert/distilgpt2	False	0.00037225597770884633	11.391417503356934
Ġbecause	4723	 because	3	distilbert/distilgpt2	distilbert/distilgpt2	False	4.72879437438678e-05	14.368167877197266
Ġhe	4723	 he	4	distilbert/distilgpt2	distilbert/distilgpt2	False	0.22711363434791565	2.1385138034820557
Sarah	4724	Sarah	0	distilbert/distilgpt2	distilbert/distilgpt2	False	1.0	0.0
Ġwarned	4724	 warned	1	distilbert/distilgpt2	distilbert/distilgpt2	False	5.041976578468166e-07	20.91950798034668
ĠDavid	4724	 David	2	distilbert/distilgpt2	distilbert/distilgpt2	False	0.0004050691204611212	11.26954460144043
Ġbecause	4724	 because	3	distilbert/distilgpt2	distilbert/distilgpt2	False	2.4025117454584688e-05	15.345096588134766
Ġhe	4724	 he	4	distilbert/distilgpt2	distilbert/distilgpt2	False	0.2204063981771469	2.1817619800567627
David	4725	David	0	distilbert/distilgpt2	distilbert/distilgpt2	False	1.0	0.0
Ġwarned	4725	 warned	1	distilbert/distilgpt2	distilbert/distilgpt2	False	6.278396540437825e-07	20.603099822998047
ĠJohn	4725	 John	2	distilbert/distilgpt2	distilbert/distilgpt2	False	0.0003448965144343674	11.501548767089844
Ġbecause	4725	 because	3	distilbert/distilgpt2	distilbert/distilgpt2	False	6.283800030359998e-05	13.958003044128418
Ġhe	4725	 he	4	distilbert/distilgpt2	distilbert/distilgpt2	False	0.1921650767326355	2.379581928253174
Mary	4726	Mary	0	distilbert/distilgpt2	distilbert/distilgpt2	False	1.0	0.0
Ġwarned	4726	 warned	1	distilbert/distilgpt2	distilbert/distilgpt2	False	4.912495228381886e-07	20.957040786743164
ĠJohn	4726	 John	2	distilbert/distilgpt2	distilbert/distilgpt2	False	0.0004910661373287439	10.99179458618164
Ġbecause	4726	 because	3	distilbert/distilgpt2	distilbert/distilgpt2	False	0.0002257617306895554	12.112911224365234
Ġhe	4726	 he	4	distilbert/distilgpt2	distilbert/distilgpt2	False	0.2606216371059418	1.9399713277816772
David	4727	David	0	distilbert/distilgpt2	distilbert/distilgpt2	False	1.0	0.0
Ġwarned	4727	 warned	1	distilbert/distilgpt2	distilbert/distilgpt2	False	6.278396540437825e-07	20.603099822998047
ĠJohn	4727	 John	2	distilbert/distilgpt2	distilbert/distilgpt2	False	0.0003448965144343674	11.501548767089844
Ġbecause	4727	 because	3	distilbert/distilgpt2	distilbert/distilgpt2	False	6.283800030359998e-05	13.958003044128418
Ġhe	4727	 he	4	distilbert/distilgpt2	distilbert/distilgpt2	False	0.1921650767326355	2.379581928253174
Sarah	4728	Sarah	0	distilbert/distilgpt2	distilbert/distilgpt2	False	1.0	0.0
Ġwarned	4728	 warned	1	distilbert/distilgpt2	distilbert/distilgpt2	False	5.041976578468166e-07	20.91950798034668
ĠJohn	4728	 John	2	distilbert/distilgpt2	distilbert/distilgpt2	False	0.0005529336049221456	10.820606231689453
Ġbecause	4728	 because	3	distilbert/distilgpt2	distilbert/distilgpt2	False	0.00017118729010690004	12.512136459350586
Ġhe	4728	 he	4	distilbert/distilgpt2	distilbert/distilgpt2	False	0.22417113184928894	2.157327651977539
Mary	4729	Mary	0	distilbert/distilgpt2	distilbert/distilgpt2	False	1.0	0.0
Ġwarned	4729	 warned	1	distilbert/distilgpt2	distilbert/distilgpt2	False	4.912495228381886e-07	20.957040786743164
ĠSarah	4729	 Sarah	2	distilbert/distilgpt2	distilbert/distilgpt2	False	5.404404510045424e-05	14.175504684448242
Ġbecause	4729	 because	3	distilbert/distilgpt2	distilbert/distilgpt2	False	0.00037075323052704334	11.397253036499023
Ġshe	4729	 she	4	distilbert/distilgpt2	distilbert/distilgpt2	False	0.3054485023021698	1.7109990119934082
John	4730	John	0	distilbert/distilgpt2	distilbert/distilgpt2	False	1.0	0.0
Ġwarned	4730	 warned	1	distilbert/distilgpt2	distilbert/distilgpt2	False	4.967421318724519e-07	20.94099998474121
ĠSarah	4730	 Sarah	2	distilbert/distilgpt2	distilbert/distilgpt2	False	5.0410486437613145e-05	14.275917053222656
Ġbecause	4730	 because	3	distilbert/distilgpt2	distilbert/distilgpt2	False	0.00011621505836956203	13.070915222167969
Ġshe	4730	 she	4	distilbert/distilgpt2	distilbert/distilgpt2	False	0.2766311764717102	1.8539643287658691
Mary	4731	Mary	0	distilbert/distilgpt2	distilbert/distilgpt2	False	1.0	0.0
Ġwarned	4731	 warned	1	distilbert/distilgpt2	distilbert/distilgpt2	False	4.912495228381886e-07	20.957040786743164
ĠSarah	4731	 Sarah	2	distilbert/distilgpt2	distilbert/distilgpt2	False	5.404404510045424e-05	14.175504684448242
Ġbecause	4731	 because	3	distilbert/distilgpt2	distilbert/distilgpt2	False	0.00037075323052704334	11.397253036499023
Ġshe	4731	 she	4	distilbert/distilgpt2	distilbert/distilgpt2	False	0.3054485023021698	1.7109990119934082
David	4732	David	0	distilbert/distilgpt2	distilbert/distilgpt2	False	1.0	0.0
Ġwarned	4732	 warned	1	distilbert/distilgpt2	distilbert/distilgpt2	False	6.278396540437825e-07	20.603099822998047
ĠSarah	4732	 Sarah	2	distilbert/distilgpt2	distilbert/distilgpt2	False	2.9205612008809112e-05	15.063394546508789
Ġbecause	4732	 because	3	distilbert/distilgpt2	distilbert/distilgpt2	False	6.217377085704356e-05	13.973334312438965
Ġshe	4732	 she	4	distilbert/distilgpt2	distilbert/distilgpt2	False	0.220504492521286	2.1811201572418213
Sarah	4733	Sarah	0	distilbert/distilgpt2	distilbert/distilgpt2	False	1.0	0.0
Ġwarned	4733	 warned	1	distilbert/distilgpt2	distilbert/distilgpt2	False	5.041976578468166e-07	20.91950798034668
ĠMary	4733	 Mary	2	distilbert/distilgpt2	distilbert/distilgpt2	False	0.00011398117203498259	13.098917007446289
Ġbecause	4733	 because	3	distilbert/distilgpt2	distilbert/distilgpt2	False	0.00024117091379594058	12.017656326293945
Ġshe	4733	 she	4	distilbert/distilgpt2	distilbert/distilgpt2	False	0.2450612485408783	2.0287857055664062
John	4734	John	0	distilbert/distilgpt2	distilbert/distilgpt2	False	1.0	0.0
Ġwarned	4734	 warned	1	distilbert/distilgpt2	distilbert/distilgpt2	False	4.967421318724519e-07	20.94099998474121
ĠMary	4734	 Mary	2	distilbert/distilgpt2	distilbert/distilgpt2	False	8.682550833327696e-05	13.491521835327148
Ġbecause	4734	 because	3	distilbert/distilgpt2	distilbert/distilgpt2	False	0.0003688841825351119	11.404544830322266
Ġshe	4734	 she	4	distilbert/distilgpt2	distilbert/distilgpt2	False	0.2645813226699829	1.9182169437408447
Sarah	4735	Sarah	0	distilbert/distilgpt2	distilbert/distilgpt2	False	1.0	0.0
Ġwarned	4735	 warned	1	distilbert/distilgpt2	distilbert/distilgpt2	False	5.041976578468166e-07	20.91950798034668
ĠMary	4735	 Mary	2	distilbert/distilgpt2	distilbert/distilgpt2	False	0.00011398117203498259	13.098917007446289
Ġbecause	4735	 because	3	distilbert/distilgpt2	distilbert/distilgpt2	False	0.00024117091379594058	12.017656326293945
Ġshe	4735	 she	4	distilbert/distilgpt2	distilbert/distilgpt2	False	0.2450612485408783	2.0287857055664062
David	4736	David	0	distilbert/distilgpt2	distilbert/distilgpt2	False	1.0	0.0
Ġwarned	4736	 warned	1	distilbert/distilgpt2	distilbert/distilgpt2	False	6.278396540437825e-07	20.603099822998047
ĠMary	4736	 Mary	2	distilbert/distilgpt2	distilbert/distilgpt2	False	4.9436544941272587e-05	14.304062843322754
Ġbecause	4736	 because	3	distilbert/distilgpt2	distilbert/distilgpt2	False	7.708940393058583e-05	13.663107872009277
Ġshe	4736	 she	4	distilbert/distilgpt2	distilbert/distilgpt2	False	0.21246808767318726	2.234682083129883
John	4737	John	0	distilbert/distilgpt2	distilbert/distilgpt2	False	1.0	0.0
Ġwear	4737	 wearied	1	distilbert/distilgpt2	distilbert/distilgpt2	False	3.442827676281013e-07	21.46990203857422
ied	4737	 wearied	1	distilbert/distilgpt2	distilbert/distilgpt2	False	0.00017082231352105737	12.515215873718262
ĠDavid	4737	 David	2	distilbert/distilgpt2	distilbert/distilgpt2	False	8.433106995653361e-05	13.533576011657715
Ġbecause	4737	 because	3	distilbert/distilgpt2	distilbert/distilgpt2	False	0.00011622913734754547	13.070740699768066
Ġhe	4737	 he	4	distilbert/distilgpt2	distilbert/distilgpt2	False	0.3446187674999237	1.5369268655776978
Mary	4738	Mary	0	distilbert/distilgpt2	distilbert/distilgpt2	False	1.0	0.0
Ġwear	4738	 wearied	1	distilbert/distilgpt2	distilbert/distilgpt2	False	3.9811740748518787e-07	21.260303497314453
ied	4738	 wearied	1	distilbert/distilgpt2	distilbert/distilgpt2	False	0.0001316620473517105	12.890872955322266
ĠDavid	4738	 David	2	distilbert/distilgpt2	distilbert/distilgpt2	False	3.641820512712002e-05	14.744980812072754
Ġbecause	4738	 because	3	distilbert/distilgpt2	distilbert/distilgpt2	False	0.00013749251957051456	12.828359603881836
Ġhe	4738	 he	4	distilbert/distilgpt2	distilbert/distilgpt2	False	0.33587273955345154	1.5740134716033936
John	4739	John	0	distilbert/distilgpt2	distilbert/distilgpt2	False	1.0	0.0
Ġwear	4739	 wearied	1	distilbert/distilgpt2	distilbert/distilgpt2	False	3.442827676281013e-07	21.46990203857422
ied	4739	 wearied	1	distilbert/distilgpt2	distilbert/distilgpt2	False	0.00017082231352105737	12.515215873718262
ĠDavid	4739	 David	2	distilbert/distilgpt2	distilbert/distilgpt2	False	8.433106995653361e-05	13.533576011657715
Ġbecause	4739	 because	3	distilbert/distilgpt2	distilbert/distilgpt2	False	0.00011622913734754547	13.070740699768066
Ġhe	4739	 he	4	distilbert/distilgpt2	distilbert/distilgpt2	False	0.3446187674999237	1.5369268655776978
Sarah	4740	Sarah	0	distilbert/distilgpt2	distilbert/distilgpt2	False	1.0	0.0
Ġwear	4740	 wearied	1	distilbert/distilgpt2	distilbert/distilgpt2	False	4.06098138228117e-07	21.23166847229004
ied	4740	 wearied	1	distilbert/distilgpt2	distilbert/distilgpt2	False	0.00013210590987000614	12.886017799377441
ĠDavid	4740	 David	2	distilbert/distilgpt2	distilbert/distilgpt2	False	5.478554521687329e-05	14.155845642089844
Ġbecause	4740	 because	3	distilbert/distilgpt2	distilbert/distilgpt2	False	7.647146412637085e-05	13.674718856811523
Ġhe	4740	 he	4	distilbert/distilgpt2	distilbert/distilgpt2	False	0.3632701635360718	1.4608852863311768
David	4741	David	0	distilbert/distilgpt2	distilbert/distilgpt2	False	1.0	0.0
Ġwear	4741	 wearied	1	distilbert/distilgpt2	distilbert/distilgpt2	False	3.3503690133329656e-07	21.50917625427246
ied	4741	 wearied	1	distilbert/distilgpt2	distilbert/distilgpt2	False	0.00017158054106403142	12.50882625579834
ĠJohn	4741	 John	2	distilbert/distilgpt2	distilbert/distilgpt2	False	0.00020809334819205105	12.230481147766113
Ġbecause	4741	 because	3	distilbert/distilgpt2	distilbert/distilgpt2	False	0.00010158182703889906	13.265069961547852
Ġhe	4741	 he	4	distilbert/distilgpt2	distilbert/distilgpt2	False	0.3383352756500244	1.5634745359420776
Mary	4742	Mary	0	distilbert/distilgpt2	distilbert/distilgpt2	False	1.0	0.0
Ġwear	4742	 wearied	1	distilbert/distilgpt2	distilbert/distilgpt2	False	3.9811740748518787e-07	21.260303497314453
ied	4742	 wearied	1	distilbert/distilgpt2	distilbert/distilgpt2	False	0.0001316620473517105	12.890872955322266
ĠJohn	4742	 John	2	distilbert/distilgpt2	distilbert/distilgpt2	False	0.00013314113311935216	12.874755859375
Ġbecause	4742	 because	3	distilbert/distilgpt2	distilbert/distilgpt2	False	0.00021158008894417435	12.20650863647461
Ġhe	4742	 he	4	distilbert/distilgpt2	distilbert/distilgpt2	False	0.3421517610549927	1.5472917556762695
David	4743	David	0	distilbert/distilgpt2	distilbert/distilgpt2	False	1.0	0.0
Ġwear	4743	 wearied	1	distilbert/distilgpt2	distilbert/distilgpt2	False	3.3503690133329656e-07	21.50917625427246
ied	4743	 wearied	1	distilbert/distilgpt2	distilbert/distilgpt2	False	0.00017158054106403142	12.50882625579834
ĠJohn	4743	 John	2	distilbert/distilgpt2	distilbert/distilgpt2	False	0.00020809334819205105	12.230481147766113
Ġbecause	4743	 because	3	distilbert/distilgpt2	distilbert/distilgpt2	False	0.00010158182703889906	13.265069961547852
Ġhe	4743	 he	4	distilbert/distilgpt2	distilbert/distilgpt2	False	0.3383352756500244	1.5634745359420776
Sarah	4744	Sarah	0	distilbert/distilgpt2	distilbert/distilgpt2	False	1.0	0.0
Ġwear	4744	 wearied	1	distilbert/distilgpt2	distilbert/distilgpt2	False	4.06098138228117e-07	21.23166847229004
ied	4744	 wearied	1	distilbert/distilgpt2	distilbert/distilgpt2	False	0.00013210590987000614	12.886017799377441
ĠJohn	4744	 John	2	distilbert/distilgpt2	distilbert/distilgpt2	False	0.00012435494863893837	12.973248481750488
Ġbecause	4744	 because	3	distilbert/distilgpt2	distilbert/distilgpt2	False	0.0001760932500474155	12.471372604370117
Ġhe	4744	 he	4	distilbert/distilgpt2	distilbert/distilgpt2	False	0.34752270579338074	1.5248209238052368
Mary	4745	Mary	0	distilbert/distilgpt2	distilbert/distilgpt2	False	1.0	0.0
Ġwear	4745	 wearied	1	distilbert/distilgpt2	distilbert/distilgpt2	False	3.9811740748518787e-07	21.260303497314453
ied	4745	 wearied	1	distilbert/distilgpt2	distilbert/distilgpt2	False	0.0001316620473517105	12.890872955322266
ĠSarah	4745	 Sarah	2	distilbert/distilgpt2	distilbert/distilgpt2	False	5.122680522617884e-05	14.252741813659668
Ġbecause	4745	 because	3	distilbert/distilgpt2	distilbert/distilgpt2	False	0.0006319621461443603	10.627874374389648
Ġshe	4745	 she	4	distilbert/distilgpt2	distilbert/distilgpt2	False	0.386300653219223	1.372204065322876
John	4746	John	0	distilbert/distilgpt2	distilbert/distilgpt2	False	1.0	0.0
Ġwear	4746	 wearied	1	distilbert/distilgpt2	distilbert/distilgpt2	False	3.442827676281013e-07	21.46990203857422
ied	4746	 wearied	1	distilbert/distilgpt2	distilbert/distilgpt2	False	0.00017082231352105737	12.515215873718262
ĠSarah	4746	 Sarah	2	distilbert/distilgpt2	distilbert/distilgpt2	False	6.309916352620348e-05	13.952019691467285
Ġbecause	4746	 because	3	distilbert/distilgpt2	distilbert/distilgpt2	False	0.0005277107702568173	10.887965202331543
Ġshe	4746	 she	4	distilbert/distilgpt2	distilbert/distilgpt2	False	0.36290138959884644	1.462350606918335
Mary	4747	Mary	0	distilbert/distilgpt2	distilbert/distilgpt2	False	1.0	0.0
Ġwear	4747	 wearied	1	distilbert/distilgpt2	distilbert/distilgpt2	False	3.9811740748518787e-07	21.260303497314453
ied	4747	 wearied	1	distilbert/distilgpt2	distilbert/distilgpt2	False	0.0001316620473517105	12.890872955322266
ĠSarah	4747	 Sarah	2	distilbert/distilgpt2	distilbert/distilgpt2	False	5.122680522617884e-05	14.252741813659668
Ġbecause	4747	 because	3	distilbert/distilgpt2	distilbert/distilgpt2	False	0.0006319621461443603	10.627874374389648
Ġshe	4747	 she	4	distilbert/distilgpt2	distilbert/distilgpt2	False	0.386300653219223	1.372204065322876
David	4748	David	0	distilbert/distilgpt2	distilbert/distilgpt2	False	1.0	0.0
Ġwear	4748	 wearied	1	distilbert/distilgpt2	distilbert/distilgpt2	False	3.3503690133329656e-07	21.50917625427246
ied	4748	 wearied	1	distilbert/distilgpt2	distilbert/distilgpt2	False	0.00017158054106403142	12.50882625579834
ĠSarah	4748	 Sarah	2	distilbert/distilgpt2	distilbert/distilgpt2	False	6.0856196796521544e-05	14.004236221313477
Ġbecause	4748	 because	3	distilbert/distilgpt2	distilbert/distilgpt2	False	0.0003375951200723648	11.532418251037598
Ġshe	4748	 she	4	distilbert/distilgpt2	distilbert/distilgpt2	False	0.3720684349536896	1.4263601303100586
Sarah	4749	Sarah	0	distilbert/distilgpt2	distilbert/distilgpt2	False	1.0	0.0
Ġwear	4749	 wearied	1	distilbert/distilgpt2	distilbert/distilgpt2	False	4.06098138228117e-07	21.23166847229004
ied	4749	 wearied	1	distilbert/distilgpt2	distilbert/distilgpt2	False	0.00013210590987000614	12.886017799377441
ĠMary	4749	 Mary	2	distilbert/distilgpt2	distilbert/distilgpt2	False	0.00010926498362096027	13.159881591796875
Ġbecause	4749	 because	3	distilbert/distilgpt2	distilbert/distilgpt2	False	0.0001597308146301657	12.612070083618164
Ġshe	4749	 she	4	distilbert/distilgpt2	distilbert/distilgpt2	False	0.33092838525772095	1.5954090356826782
John	4750	John	0	distilbert/distilgpt2	distilbert/distilgpt2	False	1.0	0.0
Ġwear	4750	 wearied	1	distilbert/distilgpt2	distilbert/distilgpt2	False	3.442827676281013e-07	21.46990203857422
ied	4750	 wearied	1	distilbert/distilgpt2	distilbert/distilgpt2	False	0.00017082231352105737	12.515215873718262
ĠMary	4750	 Mary	2	distilbert/distilgpt2	distilbert/distilgpt2	False	0.00011483811977086589	13.08811092376709
Ġbecause	4750	 because	3	distilbert/distilgpt2	distilbert/distilgpt2	False	0.00029829295817762613	11.710982322692871
Ġshe	4750	 she	4	distilbert/distilgpt2	distilbert/distilgpt2	False	0.32142728567123413	1.637435793876648
Sarah	4751	Sarah	0	distilbert/distilgpt2	distilbert/distilgpt2	False	1.0	0.0
Ġwear	4751	 wearied	1	distilbert/distilgpt2	distilbert/distilgpt2	False	4.06098138228117e-07	21.23166847229004
ied	4751	 wearied	1	distilbert/distilgpt2	distilbert/distilgpt2	False	0.00013210590987000614	12.886017799377441
ĠMary	4751	 Mary	2	distilbert/distilgpt2	distilbert/distilgpt2	False	0.00010926498362096027	13.159881591796875
Ġbecause	4751	 because	3	distilbert/distilgpt2	distilbert/distilgpt2	False	0.0001597308146301657	12.612070083618164
Ġshe	4751	 she	4	distilbert/distilgpt2	distilbert/distilgpt2	False	0.33092838525772095	1.5954090356826782
David	4752	David	0	distilbert/distilgpt2	distilbert/distilgpt2	False	1.0	0.0
Ġwear	4752	 wearied	1	distilbert/distilgpt2	distilbert/distilgpt2	False	3.3503690133329656e-07	21.50917625427246
ied	4752	 wearied	1	distilbert/distilgpt2	distilbert/distilgpt2	False	0.00017158054106403142	12.50882625579834
ĠMary	4752	 Mary	2	distilbert/distilgpt2	distilbert/distilgpt2	False	0.00010698333790060133	13.190326690673828
Ġbecause	4752	 because	3	distilbert/distilgpt2	distilbert/distilgpt2	False	0.00012804020661860704	12.93111515045166
Ġshe	4752	 she	4	distilbert/distilgpt2	distilbert/distilgpt2	False	0.30902692675590515	1.6941956281661987
John	4753	John	0	distilbert/distilgpt2	distilbert/distilgpt2	False	1.0	0.0
Ġwelcomed	4753	 welcomed	1	distilbert/distilgpt2	distilbert/distilgpt2	False	1.8999469375557965e-07	22.327537536621094
ĠDavid	4753	 David	2	distilbert/distilgpt2	distilbert/distilgpt2	False	0.0016393320402130485	9.252676010131836
Ġbecause	4753	 because	3	distilbert/distilgpt2	distilbert/distilgpt2	False	0.00017001440573949367	12.522055625915527
Ġhe	4753	 he	4	distilbert/distilgpt2	distilbert/distilgpt2	False	0.4390122890472412	1.1876667737960815
Mary	4754	Mary	0	distilbert/distilgpt2	distilbert/distilgpt2	False	1.0	0.0
Ġwelcomed	4754	 welcomed	1	distilbert/distilgpt2	distilbert/distilgpt2	False	2.58129716712574e-07	21.885400772094727
ĠDavid	4754	 David	2	distilbert/distilgpt2	distilbert/distilgpt2	False	0.0009424670715816319	10.051270484924316
Ġbecause	4754	 because	3	distilbert/distilgpt2	distilbert/distilgpt2	False	0.0002975116949528456	11.714766502380371
Ġhe	4754	 he	4	distilbert/distilgpt2	distilbert/distilgpt2	False	0.45617005228996277	1.1323564052581787
John	4755	John	0	distilbert/distilgpt2	distilbert/distilgpt2	False	1.0	0.0
Ġwelcomed	4755	 welcomed	1	distilbert/distilgpt2	distilbert/distilgpt2	False	1.8999469375557965e-07	22.327537536621094
ĠDavid	4755	 David	2	distilbert/distilgpt2	distilbert/distilgpt2	False	0.0016393320402130485	9.252676010131836
Ġbecause	4755	 because	3	distilbert/distilgpt2	distilbert/distilgpt2	False	0.00017001440573949367	12.522055625915527
Ġhe	4755	 he	4	distilbert/distilgpt2	distilbert/distilgpt2	False	0.4390122890472412	1.1876667737960815
Sarah	4756	Sarah	0	distilbert/distilgpt2	distilbert/distilgpt2	False	1.0	0.0
Ġwelcomed	4756	 welcomed	1	distilbert/distilgpt2	distilbert/distilgpt2	False	2.1199988964326621e-07	22.16943359375
ĠDavid	4756	 David	2	distilbert/distilgpt2	distilbert/distilgpt2	False	0.0019603169057518244	8.994697570800781
Ġbecause	4756	 because	3	distilbert/distilgpt2	distilbert/distilgpt2	False	0.00016985752154141665	12.52338695526123
Ġhe	4756	 he	4	distilbert/distilgpt2	distilbert/distilgpt2	False	0.45770779252052307	1.1275012493133545
David	4757	David	0	distilbert/distilgpt2	distilbert/distilgpt2	False	1.0	0.0
Ġwelcomed	4757	 welcomed	1	distilbert/distilgpt2	distilbert/distilgpt2	False	2.590446115391387e-07	21.88029670715332
ĠJohn	4757	 John	2	distilbert/distilgpt2	distilbert/distilgpt2	False	0.0014028872828930616	9.477385520935059
Ġbecause	4757	 because	3	distilbert/distilgpt2	distilbert/distilgpt2	False	0.0002816238848026842	11.79394245147705
Ġhe	4757	 he	4	distilbert/distilgpt2	distilbert/distilgpt2	False	0.4492301642894745	1.1544733047485352
Mary	4758	Mary	0	distilbert/distilgpt2	distilbert/distilgpt2	False	1.0	0.0
Ġwelcomed	4758	 welcomed	1	distilbert/distilgpt2	distilbert/distilgpt2	False	2.58129716712574e-07	21.885400772094727
ĠJohn	4758	 John	2	distilbert/distilgpt2	distilbert/distilgpt2	False	0.0014103275025263429	9.469754219055176
Ġbecause	4758	 because	3	distilbert/distilgpt2	distilbert/distilgpt2	False	0.0005650951061397791	10.78921890258789
Ġhe	4758	 he	4	distilbert/distilgpt2	distilbert/distilgpt2	False	0.4969162940979004	1.0089253187179565
David	4759	David	0	distilbert/distilgpt2	distilbert/distilgpt2	False	1.0	0.0
Ġwelcomed	4759	 welcomed	1	distilbert/distilgpt2	distilbert/distilgpt2	False	2.590446115391387e-07	21.88029670715332
ĠJohn	4759	 John	2	distilbert/distilgpt2	distilbert/distilgpt2	False	0.0014028872828930616	9.477385520935059
Ġbecause	4759	 because	3	distilbert/distilgpt2	distilbert/distilgpt2	False	0.0002816238848026842	11.79394245147705
Ġhe	4759	 he	4	distilbert/distilgpt2	distilbert/distilgpt2	False	0.4492301642894745	1.1544733047485352
Sarah	4760	Sarah	0	distilbert/distilgpt2	distilbert/distilgpt2	False	1.0	0.0
Ġwelcomed	4760	 welcomed	1	distilbert/distilgpt2	distilbert/distilgpt2	False	2.1199988964326621e-07	22.16943359375
ĠJohn	4760	 John	2	distilbert/distilgpt2	distilbert/distilgpt2	False	0.0020497681107372046	8.930323600769043
Ġbecause	4760	 because	3	distilbert/distilgpt2	distilbert/distilgpt2	False	0.0005186974303796887	10.912818908691406
Ġhe	4760	 he	4	distilbert/distilgpt2	distilbert/distilgpt2	False	0.4778371751308441	1.0654090642929077
Mary	4761	Mary	0	distilbert/distilgpt2	distilbert/distilgpt2	False	1.0	0.0
Ġwelcomed	4761	 welcomed	1	distilbert/distilgpt2	distilbert/distilgpt2	False	2.58129716712574e-07	21.885400772094727
ĠSarah	4761	 Sarah	2	distilbert/distilgpt2	distilbert/distilgpt2	False	0.0001668917975621298	12.548799514770508
Ġbecause	4761	 because	3	distilbert/distilgpt2	distilbert/distilgpt2	False	0.001172774937003851	9.735857963562012
Ġshe	4761	 she	4	distilbert/distilgpt2	distilbert/distilgpt2	False	0.5023288130760193	0.9932960867881775
John	4762	John	0	distilbert/distilgpt2	distilbert/distilgpt2	False	1.0	0.0
Ġwelcomed	4762	 welcomed	1	distilbert/distilgpt2	distilbert/distilgpt2	False	1.8999469375557965e-07	22.327537536621094
ĠSarah	4762	 Sarah	2	distilbert/distilgpt2	distilbert/distilgpt2	False	0.00012961006723344326	12.913535118103027
Ġbecause	4762	 because	3	distilbert/distilgpt2	distilbert/distilgpt2	False	0.0006743256817571819	10.534266471862793
Ġshe	4762	 she	4	distilbert/distilgpt2	distilbert/distilgpt2	False	0.4836216866970062	1.0480492115020752
Mary	4763	Mary	0	distilbert/distilgpt2	distilbert/distilgpt2	False	1.0	0.0
Ġwelcomed	4763	 welcomed	1	distilbert/distilgpt2	distilbert/distilgpt2	False	2.58129716712574e-07	21.885400772094727
ĠSarah	4763	 Sarah	2	distilbert/distilgpt2	distilbert/distilgpt2	False	0.0001668917975621298	12.548799514770508
Ġbecause	4763	 because	3	distilbert/distilgpt2	distilbert/distilgpt2	False	0.001172774937003851	9.735857963562012
Ġshe	4763	 she	4	distilbert/distilgpt2	distilbert/distilgpt2	False	0.5023288130760193	0.9932960867881775
David	4764	David	0	distilbert/distilgpt2	distilbert/distilgpt2	False	1.0	0.0
Ġwelcomed	4764	 welcomed	1	distilbert/distilgpt2	distilbert/distilgpt2	False	2.590446115391387e-07	21.88029670715332
ĠSarah	4764	 Sarah	2	distilbert/distilgpt2	distilbert/distilgpt2	False	9.857627446763217e-05	13.30840015411377
Ġbecause	4764	 because	3	distilbert/distilgpt2	distilbert/distilgpt2	False	0.00048380662337876856	11.01328182220459
Ġshe	4764	 she	4	distilbert/distilgpt2	distilbert/distilgpt2	False	0.45932450890541077	1.1224143505096436
Sarah	4765	Sarah	0	distilbert/distilgpt2	distilbert/distilgpt2	False	1.0	0.0
Ġwelcomed	4765	 welcomed	1	distilbert/distilgpt2	distilbert/distilgpt2	False	2.1199988964326621e-07	22.16943359375
ĠMary	4765	 Mary	2	distilbert/distilgpt2	distilbert/distilgpt2	False	0.00038920898805372417	11.327167510986328
Ġbecause	4765	 because	3	distilbert/distilgpt2	distilbert/distilgpt2	False	0.00034941392368637025	11.482775688171387
Ġshe	4765	 she	4	distilbert/distilgpt2	distilbert/distilgpt2	False	0.4468468725681305	1.1621476411819458
John	4766	John	0	distilbert/distilgpt2	distilbert/distilgpt2	False	1.0	0.0
Ġwelcomed	4766	 welcomed	1	distilbert/distilgpt2	distilbert/distilgpt2	False	1.8999469375557965e-07	22.327537536621094
ĠMary	4766	 Mary	2	distilbert/distilgpt2	distilbert/distilgpt2	False	0.00023509134189225733	12.05449104309082
Ġbecause	4766	 because	3	distilbert/distilgpt2	distilbert/distilgpt2	False	0.0003730426251422614	11.388371467590332
Ġshe	4766	 she	4	distilbert/distilgpt2	distilbert/distilgpt2	False	0.45512473583221436	1.1356661319732666
Sarah	4767	Sarah	0	distilbert/distilgpt2	distilbert/distilgpt2	False	1.0	0.0
Ġwelcomed	4767	 welcomed	1	distilbert/distilgpt2	distilbert/distilgpt2	False	2.1199988964326621e-07	22.16943359375
ĠMary	4767	 Mary	2	distilbert/distilgpt2	distilbert/distilgpt2	False	0.00038920898805372417	11.327167510986328
Ġbecause	4767	 because	3	distilbert/distilgpt2	distilbert/distilgpt2	False	0.00034941392368637025	11.482775688171387
Ġshe	4767	 she	4	distilbert/distilgpt2	distilbert/distilgpt2	False	0.4468468725681305	1.1621476411819458
David	4768	David	0	distilbert/distilgpt2	distilbert/distilgpt2	False	1.0	0.0
Ġwelcomed	4768	 welcomed	1	distilbert/distilgpt2	distilbert/distilgpt2	False	2.590446115391387e-07	21.88029670715332
ĠMary	4768	 Mary	2	distilbert/distilgpt2	distilbert/distilgpt2	False	0.00018786870350595564	12.3779878616333
Ġbecause	4768	 because	3	distilbert/distilgpt2	distilbert/distilgpt2	False	0.0002115544630214572	12.206683158874512
Ġshe	4768	 she	4	distilbert/distilgpt2	distilbert/distilgpt2	False	0.42280933260917664	1.2419209480285645
John	4769	John	0	distilbert/distilgpt2	distilbert/distilgpt2	False	1.0	0.0
Ġworried	4769	 worried	1	distilbert/distilgpt2	distilbert/distilgpt2	False	1.8908656329585938e-07	22.334449768066406
ĠDavid	4769	 David	2	distilbert/distilgpt2	distilbert/distilgpt2	False	0.00013033331197220832	12.905506134033203
Ġbecause	4769	 because	3	distilbert/distilgpt2	distilbert/distilgpt2	False	0.0004968437715433538	10.974920272827148
Ġhe	4769	 he	4	distilbert/distilgpt2	distilbert/distilgpt2	False	0.37664538621902466	1.4087213277816772
Mary	4770	Mary	0	distilbert/distilgpt2	distilbert/distilgpt2	False	1.0	0.0
Ġworried	4770	 worried	1	distilbert/distilgpt2	distilbert/distilgpt2	False	2.1634785696278414e-07	22.14014434814453
ĠDavid	4770	 David	2	distilbert/distilgpt2	distilbert/distilgpt2	False	7.866797386668622e-05	13.633864402770996
Ġbecause	4770	 because	3	distilbert/distilgpt2	distilbert/distilgpt2	False	0.0006089164526201785	10.68146800994873
Ġhe	4770	 he	4	distilbert/distilgpt2	distilbert/distilgpt2	False	0.3909197151660919	1.355055809020996
John	4771	John	0	distilbert/distilgpt2	distilbert/distilgpt2	False	1.0	0.0
Ġworried	4771	 worried	1	distilbert/distilgpt2	distilbert/distilgpt2	False	1.8908656329585938e-07	22.334449768066406
ĠDavid	4771	 David	2	distilbert/distilgpt2	distilbert/distilgpt2	False	0.00013033331197220832	12.905506134033203
Ġbecause	4771	 because	3	distilbert/distilgpt2	distilbert/distilgpt2	False	0.0004968437715433538	10.974920272827148
Ġhe	4771	 he	4	distilbert/distilgpt2	distilbert/distilgpt2	False	0.37664538621902466	1.4087213277816772
Sarah	4772	Sarah	0	distilbert/distilgpt2	distilbert/distilgpt2	False	1.0	0.0
Ġworried	4772	 worried	1	distilbert/distilgpt2	distilbert/distilgpt2	False	2.254438271620529e-07	22.08072853088379
ĠDavid	4772	 David	2	distilbert/distilgpt2	distilbert/distilgpt2	False	0.00012588093522936106	12.955652236938477
Ġbecause	4772	 because	3	distilbert/distilgpt2	distilbert/distilgpt2	False	0.00039488894981332123	11.306264877319336
Ġhe	4772	 he	4	distilbert/distilgpt2	distilbert/distilgpt2	False	0.39210712909698486	1.3506802320480347
David	4773	David	0	distilbert/distilgpt2	distilbert/distilgpt2	False	1.0	0.0
Ġworried	4773	 worried	1	distilbert/distilgpt2	distilbert/distilgpt2	False	2.200261803864123e-07	22.115821838378906
ĠJohn	4773	 John	2	distilbert/distilgpt2	distilbert/distilgpt2	False	0.00022028667444828898	12.148330688476562
Ġbecause	4773	 because	3	distilbert/distilgpt2	distilbert/distilgpt2	False	0.00045598731958307326	11.098718643188477
Ġhe	4773	 he	4	distilbert/distilgpt2	distilbert/distilgpt2	False	0.3508751094341278	1.5109704732894897
Mary	4774	Mary	0	distilbert/distilgpt2	distilbert/distilgpt2	False	1.0	0.0
Ġworried	4774	 worried	1	distilbert/distilgpt2	distilbert/distilgpt2	False	2.1634785696278414e-07	22.14014434814453
ĠJohn	4774	 John	2	distilbert/distilgpt2	distilbert/distilgpt2	False	0.00017039585509337485	12.518821716308594
Ġbecause	4774	 because	3	distilbert/distilgpt2	distilbert/distilgpt2	False	0.0012069119838997722	9.694463729858398
Ġhe	4774	 he	4	distilbert/distilgpt2	distilbert/distilgpt2	False	0.38838663697242737	1.3644345998764038
David	4775	David	0	distilbert/distilgpt2	distilbert/distilgpt2	False	1.0	0.0
Ġworried	4775	 worried	1	distilbert/distilgpt2	distilbert/distilgpt2	False	2.200261803864123e-07	22.115821838378906
ĠJohn	4775	 John	2	distilbert/distilgpt2	distilbert/distilgpt2	False	0.00022028667444828898	12.148330688476562
Ġbecause	4775	 because	3	distilbert/distilgpt2	distilbert/distilgpt2	False	0.00045598731958307326	11.098718643188477
Ġhe	4775	 he	4	distilbert/distilgpt2	distilbert/distilgpt2	False	0.3508751094341278	1.5109704732894897
Sarah	4776	Sarah	0	distilbert/distilgpt2	distilbert/distilgpt2	False	1.0	0.0
Ġworried	4776	 worried	1	distilbert/distilgpt2	distilbert/distilgpt2	False	2.254438271620529e-07	22.08072853088379
ĠJohn	4776	 John	2	distilbert/distilgpt2	distilbert/distilgpt2	False	0.00021650937560480088	12.173282623291016
Ġbecause	4776	 because	3	distilbert/distilgpt2	distilbert/distilgpt2	False	0.0013658442767336965	9.5159912109375
Ġhe	4776	 he	4	distilbert/distilgpt2	distilbert/distilgpt2	False	0.3847130239009857	1.378145456314087
Mary	4777	Mary	0	distilbert/distilgpt2	distilbert/distilgpt2	False	1.0	0.0
Ġworried	4777	 worried	1	distilbert/distilgpt2	distilbert/distilgpt2	False	2.1634785696278414e-07	22.14014434814453
ĠSarah	4777	 Sarah	2	distilbert/distilgpt2	distilbert/distilgpt2	False	5.7633813412394375e-05	14.082724571228027
Ġbecause	4777	 because	3	distilbert/distilgpt2	distilbert/distilgpt2	False	0.0014552556676790118	9.424511909484863
Ġshe	4777	 she	4	distilbert/distilgpt2	distilbert/distilgpt2	False	0.4257403314113617	1.2319543361663818
John	4778	John	0	distilbert/distilgpt2	distilbert/distilgpt2	False	1.0	0.0
Ġworried	4778	 worried	1	distilbert/distilgpt2	distilbert/distilgpt2	False	1.8908656329585938e-07	22.334449768066406
ĠSarah	4778	 Sarah	2	distilbert/distilgpt2	distilbert/distilgpt2	False	6.24073509243317e-05	13.967924118041992
Ġbecause	4778	 because	3	distilbert/distilgpt2	distilbert/distilgpt2	False	0.001205506850965321	9.696144104003906
Ġshe	4778	 she	4	distilbert/distilgpt2	distilbert/distilgpt2	False	0.38807910680770874	1.3655773401260376
Mary	4779	Mary	0	distilbert/distilgpt2	distilbert/distilgpt2	False	1.0	0.0
Ġworried	4779	 worried	1	distilbert/distilgpt2	distilbert/distilgpt2	False	2.1634785696278414e-07	22.14014434814453
ĠSarah	4779	 Sarah	2	distilbert/distilgpt2	distilbert/distilgpt2	False	5.7633813412394375e-05	14.082724571228027
Ġbecause	4779	 because	3	distilbert/distilgpt2	distilbert/distilgpt2	False	0.0014552556676790118	9.424511909484863
Ġshe	4779	 she	4	distilbert/distilgpt2	distilbert/distilgpt2	False	0.4257403314113617	1.2319543361663818
David	4780	David	0	distilbert/distilgpt2	distilbert/distilgpt2	False	1.0	0.0
Ġworried	4780	 worried	1	distilbert/distilgpt2	distilbert/distilgpt2	False	2.200261803864123e-07	22.115821838378906
ĠSarah	4780	 Sarah	2	distilbert/distilgpt2	distilbert/distilgpt2	False	5.821405284223147e-05	14.068272590637207
Ġbecause	4780	 because	3	distilbert/distilgpt2	distilbert/distilgpt2	False	0.00032142247073352337	11.603241920471191
Ġshe	4780	 she	4	distilbert/distilgpt2	distilbert/distilgpt2	False	0.357369601726532	1.4845112562179565
Sarah	4781	Sarah	0	distilbert/distilgpt2	distilbert/distilgpt2	False	1.0	0.0
Ġworried	4781	 worried	1	distilbert/distilgpt2	distilbert/distilgpt2	False	2.254438271620529e-07	22.08072853088379
ĠMary	4781	 Mary	2	distilbert/distilgpt2	distilbert/distilgpt2	False	0.0001469330018153414	12.732553482055664
Ġbecause	4781	 because	3	distilbert/distilgpt2	distilbert/distilgpt2	False	0.0006788187311030924	10.524685859680176
Ġshe	4781	 she	4	distilbert/distilgpt2	distilbert/distilgpt2	False	0.38806474208831787	1.3656307458877563
John	4782	John	0	distilbert/distilgpt2	distilbert/distilgpt2	False	1.0	0.0
Ġworried	4782	 worried	1	distilbert/distilgpt2	distilbert/distilgpt2	False	1.8908656329585938e-07	22.334449768066406
ĠMary	4782	 Mary	2	distilbert/distilgpt2	distilbert/distilgpt2	False	9.324953862233087e-05	13.388544082641602
Ġbecause	4782	 because	3	distilbert/distilgpt2	distilbert/distilgpt2	False	0.0010209911270067096	9.935813903808594
Ġshe	4782	 she	4	distilbert/distilgpt2	distilbert/distilgpt2	False	0.39573466777801514	1.3373947143554688
Sarah	4783	Sarah	0	distilbert/distilgpt2	distilbert/distilgpt2	False	1.0	0.0
Ġworried	4783	 worried	1	distilbert/distilgpt2	distilbert/distilgpt2	False	2.254438271620529e-07	22.08072853088379
ĠMary	4783	 Mary	2	distilbert/distilgpt2	distilbert/distilgpt2	False	0.0001469330018153414	12.732553482055664
Ġbecause	4783	 because	3	distilbert/distilgpt2	distilbert/distilgpt2	False	0.0006788187311030924	10.524685859680176
Ġshe	4783	 she	4	distilbert/distilgpt2	distilbert/distilgpt2	False	0.38806474208831787	1.3656307458877563
David	4784	David	0	distilbert/distilgpt2	distilbert/distilgpt2	False	1.0	0.0
Ġworried	4784	 worried	1	distilbert/distilgpt2	distilbert/distilgpt2	False	2.200261803864123e-07	22.115821838378906
ĠMary	4784	 Mary	2	distilbert/distilgpt2	distilbert/distilgpt2	False	9.278762445319444e-05	13.395708084106445
Ġbecause	4784	 because	3	distilbert/distilgpt2	distilbert/distilgpt2	False	0.00040319832623936236	11.276223182678223
Ġshe	4784	 she	4	distilbert/distilgpt2	distilbert/distilgpt2	False	0.357291042804718	1.4848283529281616
John	4785	John	0	distilbert/distilgpt2	distilbert/distilgpt2	False	1.0	0.0
Ġworried	4785	 worried	1	distilbert/distilgpt2	distilbert/distilgpt2	False	1.8908656329585938e-07	22.334449768066406
Ġabout	4785	 about	2	distilbert/distilgpt2	distilbert/distilgpt2	False	0.24202343821525574	2.046781301498413
ĠDavid	4785	 David	3	distilbert/distilgpt2	distilbert/distilgpt2	False	0.00015918049030005932	12.617049217224121
Ġbecause	4785	 because	4	distilbert/distilgpt2	distilbert/distilgpt2	False	0.0002720719494391233	11.843724250793457
Ġhe	4785	 he	5	distilbert/distilgpt2	distilbert/distilgpt2	False	0.4326196312904358	1.2088290452957153
Mary	4786	Mary	0	distilbert/distilgpt2	distilbert/distilgpt2	False	1.0	0.0
Ġworried	4786	 worried	1	distilbert/distilgpt2	distilbert/distilgpt2	False	2.1634785696278414e-07	22.14014434814453
Ġabout	4786	 about	2	distilbert/distilgpt2	distilbert/distilgpt2	False	0.19318422675132751	2.37195086479187
ĠDavid	4786	 David	3	distilbert/distilgpt2	distilbert/distilgpt2	False	0.00011775262100854889	13.051953315734863
Ġbecause	4786	 because	4	distilbert/distilgpt2	distilbert/distilgpt2	False	0.0006117253797128797	10.67482852935791
Ġhe	4786	 he	5	distilbert/distilgpt2	distilbert/distilgpt2	False	0.4351935386657715	1.2002710103988647
John	4787	John	0	distilbert/distilgpt2	distilbert/distilgpt2	False	1.0	0.0
Ġworried	4787	 worried	1	distilbert/distilgpt2	distilbert/distilgpt2	False	1.8908656329585938e-07	22.334449768066406
Ġabout	4787	 about	2	distilbert/distilgpt2	distilbert/distilgpt2	False	0.24202343821525574	2.046781301498413
ĠDavid	4787	 David	3	distilbert/distilgpt2	distilbert/distilgpt2	False	0.00015918049030005932	12.617049217224121
Ġbecause	4787	 because	4	distilbert/distilgpt2	distilbert/distilgpt2	False	0.0002720719494391233	11.843724250793457
Ġhe	4787	 he	5	distilbert/distilgpt2	distilbert/distilgpt2	False	0.4326196312904358	1.2088290452957153
Sarah	4788	Sarah	0	distilbert/distilgpt2	distilbert/distilgpt2	False	1.0	0.0
Ġworried	4788	 worried	1	distilbert/distilgpt2	distilbert/distilgpt2	False	2.254438271620529e-07	22.08072853088379
Ġabout	4788	 about	2	distilbert/distilgpt2	distilbert/distilgpt2	False	0.21676836907863617	2.2057738304138184
ĠDavid	4788	 David	3	distilbert/distilgpt2	distilbert/distilgpt2	False	0.00017518538516014814	12.478830337524414
Ġbecause	4788	 because	4	distilbert/distilgpt2	distilbert/distilgpt2	False	0.0004118142824154347	11.245718955993652
Ġhe	4788	 he	5	distilbert/distilgpt2	distilbert/distilgpt2	False	0.4432015120983124	1.173965334892273
David	4789	David	0	distilbert/distilgpt2	distilbert/distilgpt2	False	1.0	0.0
Ġworried	4789	 worried	1	distilbert/distilgpt2	distilbert/distilgpt2	False	2.200261803864123e-07	22.115821838378906
Ġabout	4789	 about	2	distilbert/distilgpt2	distilbert/distilgpt2	False	0.2340375781059265	2.0951879024505615
ĠJohn	4789	 John	3	distilbert/distilgpt2	distilbert/distilgpt2	False	0.0002907919988501817	11.747724533081055
Ġbecause	4789	 because	4	distilbert/distilgpt2	distilbert/distilgpt2	False	0.00020058553491253406	12.28349494934082
Ġhe	4789	 he	5	distilbert/distilgpt2	distilbert/distilgpt2	False	0.39673691987991333	1.3337454795837402
Mary	4790	Mary	0	distilbert/distilgpt2	distilbert/distilgpt2	False	1.0	0.0
Ġworried	4790	 worried	1	distilbert/distilgpt2	distilbert/distilgpt2	False	2.1634785696278414e-07	22.14014434814453
Ġabout	4790	 about	2	distilbert/distilgpt2	distilbert/distilgpt2	False	0.19318422675132751	2.37195086479187
ĠJohn	4790	 John	3	distilbert/distilgpt2	distilbert/distilgpt2	False	0.00038690687506459653	11.335725784301758
Ġbecause	4790	 because	4	distilbert/distilgpt2	distilbert/distilgpt2	False	0.0011658772127702832	9.744368553161621
Ġhe	4790	 he	5	distilbert/distilgpt2	distilbert/distilgpt2	False	0.4311593174934387	1.2137070894241333
David	4791	David	0	distilbert/distilgpt2	distilbert/distilgpt2	False	1.0	0.0
Ġworried	4791	 worried	1	distilbert/distilgpt2	distilbert/distilgpt2	False	2.200261803864123e-07	22.115821838378906
Ġabout	4791	 about	2	distilbert/distilgpt2	distilbert/distilgpt2	False	0.2340375781059265	2.0951879024505615
ĠJohn	4791	 John	3	distilbert/distilgpt2	distilbert/distilgpt2	False	0.0002907919988501817	11.747724533081055
Ġbecause	4791	 because	4	distilbert/distilgpt2	distilbert/distilgpt2	False	0.00020058553491253406	12.28349494934082
Ġhe	4791	 he	5	distilbert/distilgpt2	distilbert/distilgpt2	False	0.39673691987991333	1.3337454795837402
Sarah	4792	Sarah	0	distilbert/distilgpt2	distilbert/distilgpt2	False	1.0	0.0
Ġworried	4792	 worried	1	distilbert/distilgpt2	distilbert/distilgpt2	False	2.254438271620529e-07	22.08072853088379
Ġabout	4792	 about	2	distilbert/distilgpt2	distilbert/distilgpt2	False	0.21676836907863617	2.2057738304138184
ĠJohn	4792	 John	3	distilbert/distilgpt2	distilbert/distilgpt2	False	0.00045284736552275717	11.108687400817871
Ġbecause	4792	 because	4	distilbert/distilgpt2	distilbert/distilgpt2	False	0.0010310434736311436	9.921679496765137
Ġhe	4792	 he	5	distilbert/distilgpt2	distilbert/distilgpt2	False	0.4289226233959198	1.2212107181549072
Mary	4793	Mary	0	distilbert/distilgpt2	distilbert/distilgpt2	False	1.0	0.0
Ġworried	4793	 worried	1	distilbert/distilgpt2	distilbert/distilgpt2	False	2.1634785696278414e-07	22.14014434814453
Ġabout	4793	 about	2	distilbert/distilgpt2	distilbert/distilgpt2	False	0.19318422675132751	2.37195086479187
ĠSarah	4793	 Sarah	3	distilbert/distilgpt2	distilbert/distilgpt2	False	9.799607505556196e-05	13.316916465759277
Ġbecause	4793	 because	4	distilbert/distilgpt2	distilbert/distilgpt2	False	0.0023970124311745167	8.704546928405762
Ġshe	4793	 she	5	distilbert/distilgpt2	distilbert/distilgpt2	False	0.4545847177505493	1.1373789310455322
John	4794	John	0	distilbert/distilgpt2	distilbert/distilgpt2	False	1.0	0.0
Ġworried	4794	 worried	1	distilbert/distilgpt2	distilbert/distilgpt2	False	1.8908656329585938e-07	22.334449768066406
Ġabout	4794	 about	2	distilbert/distilgpt2	distilbert/distilgpt2	False	0.24202343821525574	2.046781301498413
ĠSarah	4794	 Sarah	3	distilbert/distilgpt2	distilbert/distilgpt2	False	9.601893543731421e-05	13.346321105957031
Ġbecause	4794	 because	4	distilbert/distilgpt2	distilbert/distilgpt2	False	0.0009173824801109731	10.090188980102539
Ġshe	4794	 she	5	distilbert/distilgpt2	distilbert/distilgpt2	False	0.42575353384017944	1.2319096326828003
Mary	4795	Mary	0	distilbert/distilgpt2	distilbert/distilgpt2	False	1.0	0.0
Ġworried	4795	 worried	1	distilbert/distilgpt2	distilbert/distilgpt2	False	2.1634785696278414e-07	22.14014434814453
Ġabout	4795	 about	2	distilbert/distilgpt2	distilbert/distilgpt2	False	0.19318422675132751	2.37195086479187
ĠSarah	4795	 Sarah	3	distilbert/distilgpt2	distilbert/distilgpt2	False	9.799607505556196e-05	13.316916465759277
Ġbecause	4795	 because	4	distilbert/distilgpt2	distilbert/distilgpt2	False	0.0023970124311745167	8.704546928405762
Ġshe	4795	 she	5	distilbert/distilgpt2	distilbert/distilgpt2	False	0.4545847177505493	1.1373789310455322
David	4796	David	0	distilbert/distilgpt2	distilbert/distilgpt2	False	1.0	0.0
Ġworried	4796	 worried	1	distilbert/distilgpt2	distilbert/distilgpt2	False	2.200261803864123e-07	22.115821838378906
Ġabout	4796	 about	2	distilbert/distilgpt2	distilbert/distilgpt2	False	0.2340375781059265	2.0951879024505615
ĠSarah	4796	 Sarah	3	distilbert/distilgpt2	distilbert/distilgpt2	False	6.167651736177504e-05	13.984919548034668
Ġbecause	4796	 because	4	distilbert/distilgpt2	distilbert/distilgpt2	False	0.0002920055703725666	11.741716384887695
Ġshe	4796	 she	5	distilbert/distilgpt2	distilbert/distilgpt2	False	0.41446489095687866	1.2706782817840576
Sarah	4797	Sarah	0	distilbert/distilgpt2	distilbert/distilgpt2	False	1.0	0.0
Ġworried	4797	 worried	1	distilbert/distilgpt2	distilbert/distilgpt2	False	2.254438271620529e-07	22.08072853088379
Ġabout	4797	 about	2	distilbert/distilgpt2	distilbert/distilgpt2	False	0.21676836907863617	2.2057738304138184
ĠMary	4797	 Mary	3	distilbert/distilgpt2	distilbert/distilgpt2	False	0.00011256840662099421	13.116909980773926
Ġbecause	4797	 because	4	distilbert/distilgpt2	distilbert/distilgpt2	False	0.001785305910743773	9.129612922668457
Ġshe	4797	 she	5	distilbert/distilgpt2	distilbert/distilgpt2	False	0.42104682326316833	1.2479474544525146
John	4798	John	0	distilbert/distilgpt2	distilbert/distilgpt2	False	1.0	0.0
Ġworried	4798	 worried	1	distilbert/distilgpt2	distilbert/distilgpt2	False	1.8908656329585938e-07	22.334449768066406
Ġabout	4798	 about	2	distilbert/distilgpt2	distilbert/distilgpt2	False	0.24202343821525574	2.046781301498413
ĠMary	4798	 Mary	3	distilbert/distilgpt2	distilbert/distilgpt2	False	6.672078598057851e-05	13.871503829956055
Ġbecause	4798	 because	4	distilbert/distilgpt2	distilbert/distilgpt2	False	0.0017572150100022554	9.152493476867676
Ġshe	4798	 she	5	distilbert/distilgpt2	distilbert/distilgpt2	False	0.4152824878692627	1.2678351402282715
Sarah	4799	Sarah	0	distilbert/distilgpt2	distilbert/distilgpt2	False	1.0	0.0
Ġworried	4799	 worried	1	distilbert/distilgpt2	distilbert/distilgpt2	False	2.254438271620529e-07	22.08072853088379
Ġabout	4799	 about	2	distilbert/distilgpt2	distilbert/distilgpt2	False	0.21676836907863617	2.2057738304138184
ĠMary	4799	 Mary	3	distilbert/distilgpt2	distilbert/distilgpt2	False	0.00011256840662099421	13.116909980773926
Ġbecause	4799	 because	4	distilbert/distilgpt2	distilbert/distilgpt2	False	0.001785305910743773	9.129612922668457
Ġshe	4799	 she	5	distilbert/distilgpt2	distilbert/distilgpt2	False	0.42104682326316833	1.2479474544525146
David	4800	David	0	distilbert/distilgpt2	distilbert/distilgpt2	False	1.0	0.0
Ġworried	4800	 worried	1	distilbert/distilgpt2	distilbert/distilgpt2	False	2.200261803864123e-07	22.115821838378906
Ġabout	4800	 about	2	distilbert/distilgpt2	distilbert/distilgpt2	False	0.2340375781059265	2.0951879024505615
ĠMary	4800	 Mary	3	distilbert/distilgpt2	distilbert/distilgpt2	False	4.26577462349087e-05	14.51683235168457
Ġbecause	4800	 because	4	distilbert/distilgpt2	distilbert/distilgpt2	False	0.0005949765327386558	10.714879989624023
Ġshe	4800	 she	5	distilbert/distilgpt2	distilbert/distilgpt2	False	0.39664512872695923	1.3340792655944824
John	4801	John	0	distilbert/distilgpt2	distilbert/distilgpt2	False	1.0	0.0
Ġworshipped	4801	 worshipped	1	distilbert/distilgpt2	distilbert/distilgpt2	False	6.3593077470613935e-09	27.228483200073242
ĠDavid	4801	 David	2	distilbert/distilgpt2	distilbert/distilgpt2	False	0.0002162258606404066	12.175172805786133
Ġbecause	4801	 because	3	distilbert/distilgpt2	distilbert/distilgpt2	False	0.003434177488088608	8.185819625854492
Ġhe	4801	 he	4	distilbert/distilgpt2	distilbert/distilgpt2	False	0.3878159821033478	1.36655592918396
Mary	4802	Mary	0	distilbert/distilgpt2	distilbert/distilgpt2	False	1.0	0.0
Ġworshipped	4802	 worshipped	1	distilbert/distilgpt2	distilbert/distilgpt2	False	5.654952950351344e-09	27.397838592529297
ĠDavid	4802	 David	2	distilbert/distilgpt2	distilbert/distilgpt2	False	0.0001802272308850661	12.437895774841309
Ġbecause	4802	 because	3	distilbert/distilgpt2	distilbert/distilgpt2	False	0.002690710127353668	8.537796974182129
Ġhe	4802	 he	4	distilbert/distilgpt2	distilbert/distilgpt2	False	0.3448590040206909	1.5359214544296265
John	4803	John	0	distilbert/distilgpt2	distilbert/distilgpt2	False	1.0	0.0
Ġworshipped	4803	 worshipped	1	distilbert/distilgpt2	distilbert/distilgpt2	False	6.3593077470613935e-09	27.228483200073242
ĠDavid	4803	 David	2	distilbert/distilgpt2	distilbert/distilgpt2	False	0.0002162258606404066	12.175172805786133
Ġbecause	4803	 because	3	distilbert/distilgpt2	distilbert/distilgpt2	False	0.003434177488088608	8.185819625854492
Ġhe	4803	 he	4	distilbert/distilgpt2	distilbert/distilgpt2	False	0.3878159821033478	1.36655592918396
Sarah	4804	Sarah	0	distilbert/distilgpt2	distilbert/distilgpt2	False	1.0	0.0
Ġworshipped	4804	 worshipped	1	distilbert/distilgpt2	distilbert/distilgpt2	False	5.9620757220102405e-09	27.3215389251709
ĠDavid	4804	 David	2	distilbert/distilgpt2	distilbert/distilgpt2	False	0.00031601497903466225	11.62771987915039
Ġbecause	4804	 because	3	distilbert/distilgpt2	distilbert/distilgpt2	False	0.002179853618144989	8.841552734375
Ġhe	4804	 he	4	distilbert/distilgpt2	distilbert/distilgpt2	False	0.40785983204841614	1.2938547134399414
David	4805	David	0	distilbert/distilgpt2	distilbert/distilgpt2	False	1.0	0.0
Ġworshipped	4805	 worshipped	1	distilbert/distilgpt2	distilbert/distilgpt2	False	7.793281575629862e-09	26.935121536254883
ĠJohn	4805	 John	2	distilbert/distilgpt2	distilbert/distilgpt2	False	0.00029260743758641183	11.73874568939209
Ġbecause	4805	 because	3	distilbert/distilgpt2	distilbert/distilgpt2	False	0.001048333360813558	9.897686958312988
Ġhe	4805	 he	4	distilbert/distilgpt2	distilbert/distilgpt2	False	0.4704350531101227	1.0879325866699219
Mary	4806	Mary	0	distilbert/distilgpt2	distilbert/distilgpt2	False	1.0	0.0
Ġworshipped	4806	 worshipped	1	distilbert/distilgpt2	distilbert/distilgpt2	False	5.654952950351344e-09	27.397838592529297
ĠJohn	4806	 John	2	distilbert/distilgpt2	distilbert/distilgpt2	False	0.00027636330923996866	11.821146011352539
Ġbecause	4806	 because	3	distilbert/distilgpt2	distilbert/distilgpt2	False	0.002539492677897215	8.621244430541992
Ġhe	4806	 he	4	distilbert/distilgpt2	distilbert/distilgpt2	False	0.4332820475101471	1.2066216468811035
David	4807	David	0	distilbert/distilgpt2	distilbert/distilgpt2	False	1.0	0.0
Ġworshipped	4807	 worshipped	1	distilbert/distilgpt2	distilbert/distilgpt2	False	7.793281575629862e-09	26.935121536254883
ĠJohn	4807	 John	2	distilbert/distilgpt2	distilbert/distilgpt2	False	0.00029260743758641183	11.73874568939209
Ġbecause	4807	 because	3	distilbert/distilgpt2	distilbert/distilgpt2	False	0.001048333360813558	9.897686958312988
Ġhe	4807	 he	4	distilbert/distilgpt2	distilbert/distilgpt2	False	0.4704350531101227	1.0879325866699219
Sarah	4808	Sarah	0	distilbert/distilgpt2	distilbert/distilgpt2	False	1.0	0.0
Ġworshipped	4808	 worshipped	1	distilbert/distilgpt2	distilbert/distilgpt2	False	5.9620757220102405e-09	27.3215389251709
ĠJohn	4808	 John	2	distilbert/distilgpt2	distilbert/distilgpt2	False	0.00037988615804351866	11.36214542388916
Ġbecause	4808	 because	3	distilbert/distilgpt2	distilbert/distilgpt2	False	0.0021915212273597717	8.83385181427002
Ġhe	4808	 he	4	distilbert/distilgpt2	distilbert/distilgpt2	False	0.46084141731262207	1.1176577806472778
Mary	4809	Mary	0	distilbert/distilgpt2	distilbert/distilgpt2	False	1.0	0.0
Ġworshipped	4809	 worshipped	1	distilbert/distilgpt2	distilbert/distilgpt2	False	5.654952950351344e-09	27.397838592529297
ĠSarah	4809	 Sarah	2	distilbert/distilgpt2	distilbert/distilgpt2	False	4.224351869197562e-05	14.53091049194336
Ġbecause	4809	 because	3	distilbert/distilgpt2	distilbert/distilgpt2	False	0.0044632055796682835	7.807703971862793
Ġshe	4809	 she	4	distilbert/distilgpt2	distilbert/distilgpt2	False	0.44038906693458557	1.1831494569778442
John	4810	John	0	distilbert/distilgpt2	distilbert/distilgpt2	False	1.0	0.0
Ġworshipped	4810	 worshipped	1	distilbert/distilgpt2	distilbert/distilgpt2	False	6.3593077470613935e-09	27.228483200073242
ĠSarah	4810	 Sarah	2	distilbert/distilgpt2	distilbert/distilgpt2	False	3.442791785346344e-05	14.826061248779297
Ġbecause	4810	 because	3	distilbert/distilgpt2	distilbert/distilgpt2	False	0.004210327286273241	7.891851902008057
Ġshe	4810	 she	4	distilbert/distilgpt2	distilbert/distilgpt2	False	0.4361782968044281	1.1970101594924927
Mary	4811	Mary	0	distilbert/distilgpt2	distilbert/distilgpt2	False	1.0	0.0
Ġworshipped	4811	 worshipped	1	distilbert/distilgpt2	distilbert/distilgpt2	False	5.654952950351344e-09	27.397838592529297
ĠSarah	4811	 Sarah	2	distilbert/distilgpt2	distilbert/distilgpt2	False	4.224351869197562e-05	14.53091049194336
Ġbecause	4811	 because	3	distilbert/distilgpt2	distilbert/distilgpt2	False	0.0044632055796682835	7.807703971862793
Ġshe	4811	 she	4	distilbert/distilgpt2	distilbert/distilgpt2	False	0.44038906693458557	1.1831494569778442
David	4812	David	0	distilbert/distilgpt2	distilbert/distilgpt2	False	1.0	0.0
Ġworshipped	4812	 worshipped	1	distilbert/distilgpt2	distilbert/distilgpt2	False	7.793281575629862e-09	26.935121536254883
ĠSarah	4812	 Sarah	2	distilbert/distilgpt2	distilbert/distilgpt2	False	3.391081190784462e-05	14.847894668579102
Ġbecause	4812	 because	3	distilbert/distilgpt2	distilbert/distilgpt2	False	0.0022687986493110657	8.783855438232422
Ġshe	4812	 she	4	distilbert/distilgpt2	distilbert/distilgpt2	False	0.45492586493492126	1.1362966299057007
Sarah	4813	Sarah	0	distilbert/distilgpt2	distilbert/distilgpt2	False	1.0	0.0
Ġworshipped	4813	 worshipped	1	distilbert/distilgpt2	distilbert/distilgpt2	False	5.9620757220102405e-09	27.3215389251709
ĠMary	4813	 Mary	2	distilbert/distilgpt2	distilbert/distilgpt2	False	0.0005471550393849611	10.835762977600098
Ġbecause	4813	 because	3	distilbert/distilgpt2	distilbert/distilgpt2	False	0.004737854469567537	7.721550464630127
Ġshe	4813	 she	4	distilbert/distilgpt2	distilbert/distilgpt2	False	0.42580851912498474	1.2317233085632324
John	4814	John	0	distilbert/distilgpt2	distilbert/distilgpt2	False	1.0	0.0
Ġworshipped	4814	 worshipped	1	distilbert/distilgpt2	distilbert/distilgpt2	False	6.3593077470613935e-09	27.228483200073242
ĠMary	4814	 Mary	2	distilbert/distilgpt2	distilbert/distilgpt2	False	0.0004052781732752919	11.268799781799316
Ġbecause	4814	 because	3	distilbert/distilgpt2	distilbert/distilgpt2	False	0.006247648969292641	7.3224711418151855
Ġshe	4814	 she	4	distilbert/distilgpt2	distilbert/distilgpt2	False	0.41608646512031555	1.2650448083877563
Sarah	4815	Sarah	0	distilbert/distilgpt2	distilbert/distilgpt2	False	1.0	0.0
Ġworshipped	4815	 worshipped	1	distilbert/distilgpt2	distilbert/distilgpt2	False	5.9620757220102405e-09	27.3215389251709
ĠMary	4815	 Mary	2	distilbert/distilgpt2	distilbert/distilgpt2	False	0.0005471550393849611	10.835762977600098
Ġbecause	4815	 because	3	distilbert/distilgpt2	distilbert/distilgpt2	False	0.004737854469567537	7.721550464630127
Ġshe	4815	 she	4	distilbert/distilgpt2	distilbert/distilgpt2	False	0.42580851912498474	1.2317233085632324
David	4816	David	0	distilbert/distilgpt2	distilbert/distilgpt2	False	1.0	0.0
Ġworshipped	4816	 worshipped	1	distilbert/distilgpt2	distilbert/distilgpt2	False	7.793281575629862e-09	26.935121536254883
ĠMary	4816	 Mary	2	distilbert/distilgpt2	distilbert/distilgpt2	False	0.00040930043905973434	11.254551887512207
Ġbecause	4816	 because	3	distilbert/distilgpt2	distilbert/distilgpt2	False	0.003092182334512472	8.337159156799316
Ġshe	4816	 she	4	distilbert/distilgpt2	distilbert/distilgpt2	False	0.42370545864105225	1.2388664484024048
John	4817	John	0	distilbert/distilgpt2	distilbert/distilgpt2	False	1.0	0.0
Ġwounded	4817	 wounded	1	distilbert/distilgpt2	distilbert/distilgpt2	False	1.1778961805930521e-07	23.017284393310547
ĠDavid	4817	 David	2	distilbert/distilgpt2	distilbert/distilgpt2	False	3.654212923720479e-05	14.740079879760742
Ġbecause	4817	 because	3	distilbert/distilgpt2	distilbert/distilgpt2	False	0.0002961989084724337	11.721145629882812
Ġhe	4817	 he	4	distilbert/distilgpt2	distilbert/distilgpt2	False	0.42495474219322205	1.234618902206421
Mary	4818	Mary	0	distilbert/distilgpt2	distilbert/distilgpt2	False	1.0	0.0
Ġwounded	4818	 wounded	1	distilbert/distilgpt2	distilbert/distilgpt2	False	1.4069702558572317e-07	22.76090431213379
ĠDavid	4818	 David	2	distilbert/distilgpt2	distilbert/distilgpt2	False	2.6275289201294072e-05	15.215933799743652
Ġbecause	4818	 because	3	distilbert/distilgpt2	distilbert/distilgpt2	False	0.0002782924275379628	11.811110496520996
Ġhe	4818	 he	4	distilbert/distilgpt2	distilbert/distilgpt2	False	0.4094293415546417	1.288313627243042
John	4819	John	0	distilbert/distilgpt2	distilbert/distilgpt2	False	1.0	0.0
Ġwounded	4819	 wounded	1	distilbert/distilgpt2	distilbert/distilgpt2	False	1.1778961805930521e-07	23.017284393310547
ĠDavid	4819	 David	2	distilbert/distilgpt2	distilbert/distilgpt2	False	3.654212923720479e-05	14.740079879760742
Ġbecause	4819	 because	3	distilbert/distilgpt2	distilbert/distilgpt2	False	0.0002961989084724337	11.721145629882812
Ġhe	4819	 he	4	distilbert/distilgpt2	distilbert/distilgpt2	False	0.42495474219322205	1.234618902206421
Sarah	4820	Sarah	0	distilbert/distilgpt2	distilbert/distilgpt2	False	1.0	0.0
Ġwounded	4820	 wounded	1	distilbert/distilgpt2	distilbert/distilgpt2	False	1.2169392960004188e-07	22.970239639282227
ĠDavid	4820	 David	2	distilbert/distilgpt2	distilbert/distilgpt2	False	5.190410593058914e-05	14.233792304992676
Ġbecause	4820	 because	3	distilbert/distilgpt2	distilbert/distilgpt2	False	0.00020799336198251694	12.231175422668457
Ġhe	4820	 he	4	distilbert/distilgpt2	distilbert/distilgpt2	False	0.438874214887619	1.1881206035614014
David	4821	David	0	distilbert/distilgpt2	distilbert/distilgpt2	False	1.0	0.0
Ġwounded	4821	 wounded	1	distilbert/distilgpt2	distilbert/distilgpt2	False	1.0627885416170102e-07	23.16564178466797
ĠJohn	4821	 John	2	distilbert/distilgpt2	distilbert/distilgpt2	False	0.00021954548719804734	12.153192520141602
Ġbecause	4821	 because	3	distilbert/distilgpt2	distilbert/distilgpt2	False	0.0005464260466396809	10.837686538696289
Ġhe	4821	 he	4	distilbert/distilgpt2	distilbert/distilgpt2	False	0.43557724356651306	1.1989995241165161
Mary	4822	Mary	0	distilbert/distilgpt2	distilbert/distilgpt2	False	1.0	0.0
Ġwounded	4822	 wounded	1	distilbert/distilgpt2	distilbert/distilgpt2	False	1.4069702558572317e-07	22.76090431213379
ĠJohn	4822	 John	2	distilbert/distilgpt2	distilbert/distilgpt2	False	0.00016128140850923955	12.598132133483887
Ġbecause	4822	 because	3	distilbert/distilgpt2	distilbert/distilgpt2	False	0.0006037818384356797	10.693685531616211
Ġhe	4822	 he	4	distilbert/distilgpt2	distilbert/distilgpt2	False	0.4323614835739136	1.2096900939941406
David	4823	David	0	distilbert/distilgpt2	distilbert/distilgpt2	False	1.0	0.0
Ġwounded	4823	 wounded	1	distilbert/distilgpt2	distilbert/distilgpt2	False	1.0627885416170102e-07	23.16564178466797
ĠJohn	4823	 John	2	distilbert/distilgpt2	distilbert/distilgpt2	False	0.00021954548719804734	12.153192520141602
Ġbecause	4823	 because	3	distilbert/distilgpt2	distilbert/distilgpt2	False	0.0005464260466396809	10.837686538696289
Ġhe	4823	 he	4	distilbert/distilgpt2	distilbert/distilgpt2	False	0.43557724356651306	1.1989995241165161
Sarah	4824	Sarah	0	distilbert/distilgpt2	distilbert/distilgpt2	False	1.0	0.0
Ġwounded	4824	 wounded	1	distilbert/distilgpt2	distilbert/distilgpt2	False	1.2169392960004188e-07	22.970239639282227
ĠJohn	4824	 John	2	distilbert/distilgpt2	distilbert/distilgpt2	False	0.00024102606403175741	12.018523216247559
Ġbecause	4824	 because	3	distilbert/distilgpt2	distilbert/distilgpt2	False	0.0009060943266376853	10.108051300048828
Ġhe	4824	 he	4	distilbert/distilgpt2	distilbert/distilgpt2	False	0.439561128616333	1.1858643293380737
Mary	4825	Mary	0	distilbert/distilgpt2	distilbert/distilgpt2	False	1.0	0.0
Ġwounded	4825	 wounded	1	distilbert/distilgpt2	distilbert/distilgpt2	False	1.4069702558572317e-07	22.76090431213379
ĠSarah	4825	 Sarah	2	distilbert/distilgpt2	distilbert/distilgpt2	False	2.884279274439905e-05	15.081429481506348
Ġbecause	4825	 because	3	distilbert/distilgpt2	distilbert/distilgpt2	False	0.0009240341023541987	10.079766273498535
Ġshe	4825	 she	4	distilbert/distilgpt2	distilbert/distilgpt2	False	0.4599955081939697	1.1203083992004395
John	4826	John	0	distilbert/distilgpt2	distilbert/distilgpt2	False	1.0	0.0
Ġwounded	4826	 wounded	1	distilbert/distilgpt2	distilbert/distilgpt2	False	1.1778961805930521e-07	23.017284393310547
ĠSarah	4826	 Sarah	2	distilbert/distilgpt2	distilbert/distilgpt2	False	3.327655576867983e-05	14.875134468078613
Ġbecause	4826	 because	3	distilbert/distilgpt2	distilbert/distilgpt2	False	0.0008554619271308184	10.191008567810059
Ġshe	4826	 she	4	distilbert/distilgpt2	distilbert/distilgpt2	False	0.4594975709915161	1.1218708753585815
Mary	4827	Mary	0	distilbert/distilgpt2	distilbert/distilgpt2	False	1.0	0.0
Ġwounded	4827	 wounded	1	distilbert/distilgpt2	distilbert/distilgpt2	False	1.4069702558572317e-07	22.76090431213379
ĠSarah	4827	 Sarah	2	distilbert/distilgpt2	distilbert/distilgpt2	False	2.884279274439905e-05	15.081429481506348
Ġbecause	4827	 because	3	distilbert/distilgpt2	distilbert/distilgpt2	False	0.0009240341023541987	10.079766273498535
Ġshe	4827	 she	4	distilbert/distilgpt2	distilbert/distilgpt2	False	0.4599955081939697	1.1203083992004395
David	4828	David	0	distilbert/distilgpt2	distilbert/distilgpt2	False	1.0	0.0
Ġwounded	4828	 wounded	1	distilbert/distilgpt2	distilbert/distilgpt2	False	1.0627885416170102e-07	23.16564178466797
ĠSarah	4828	 Sarah	2	distilbert/distilgpt2	distilbert/distilgpt2	False	3.380893394933082e-05	14.852235794067383
Ġbecause	4828	 because	3	distilbert/distilgpt2	distilbert/distilgpt2	False	0.0007248259498737752	10.43007755279541
Ġshe	4828	 she	4	distilbert/distilgpt2	distilbert/distilgpt2	False	0.4747965335845947	1.0746186971664429
Sarah	4829	Sarah	0	distilbert/distilgpt2	distilbert/distilgpt2	False	1.0	0.0
Ġwounded	4829	 wounded	1	distilbert/distilgpt2	distilbert/distilgpt2	False	1.2169392960004188e-07	22.970239639282227
ĠMary	4829	 Mary	2	distilbert/distilgpt2	distilbert/distilgpt2	False	9.35669377213344e-05	13.383641242980957
Ġbecause	4829	 because	3	distilbert/distilgpt2	distilbert/distilgpt2	False	0.0007620338583365083	10.357857704162598
Ġshe	4829	 she	4	distilbert/distilgpt2	distilbert/distilgpt2	False	0.3998851478099823	1.3223423957824707
John	4830	John	0	distilbert/distilgpt2	distilbert/distilgpt2	False	1.0	0.0
Ġwounded	4830	 wounded	1	distilbert/distilgpt2	distilbert/distilgpt2	False	1.1778961805930521e-07	23.017284393310547
ĠMary	4830	 Mary	2	distilbert/distilgpt2	distilbert/distilgpt2	False	7.805867790011689e-05	13.645081520080566
Ġbecause	4830	 because	3	distilbert/distilgpt2	distilbert/distilgpt2	False	0.000702971126884222	10.474246978759766
Ġshe	4830	 she	4	distilbert/distilgpt2	distilbert/distilgpt2	False	0.39509156346321106	1.3397411108016968
Sarah	4831	Sarah	0	distilbert/distilgpt2	distilbert/distilgpt2	False	1.0	0.0
Ġwounded	4831	 wounded	1	distilbert/distilgpt2	distilbert/distilgpt2	False	1.2169392960004188e-07	22.970239639282227
ĠMary	4831	 Mary	2	distilbert/distilgpt2	distilbert/distilgpt2	False	9.35669377213344e-05	13.383641242980957
Ġbecause	4831	 because	3	distilbert/distilgpt2	distilbert/distilgpt2	False	0.0007620338583365083	10.357857704162598
Ġshe	4831	 she	4	distilbert/distilgpt2	distilbert/distilgpt2	False	0.3998851478099823	1.3223423957824707
David	4832	David	0	distilbert/distilgpt2	distilbert/distilgpt2	False	1.0	0.0
Ġwounded	4832	 wounded	1	distilbert/distilgpt2	distilbert/distilgpt2	False	1.0627885416170102e-07	23.16564178466797
ĠMary	4832	 Mary	2	distilbert/distilgpt2	distilbert/distilgpt2	False	7.957722118590027e-05	13.617284774780273
Ġbecause	4832	 because	3	distilbert/distilgpt2	distilbert/distilgpt2	False	0.00046664095134474337	11.065399169921875
Ġshe	4832	 she	4	distilbert/distilgpt2	distilbert/distilgpt2	False	0.4032689929008484	1.3101856708526611
John	4833	John	0	distilbert/distilgpt2	distilbert/distilgpt2	False	1.0	0.0
Ġw	4833	 wowed	1	distilbert/distilgpt2	distilbert/distilgpt2	False	2.8324495360720903e-05	15.107590675354004
owed	4833	 wowed	1	distilbert/distilgpt2	distilbert/distilgpt2	False	0.00039329638821072876	11.312095642089844
ĠDavid	4833	 David	2	distilbert/distilgpt2	distilbert/distilgpt2	False	0.00013510489952750504	12.853631973266602
Ġbecause	4833	 because	3	distilbert/distilgpt2	distilbert/distilgpt2	False	8.897169755073264e-05	13.456294059753418
Ġhe	4833	 he	4	distilbert/distilgpt2	distilbert/distilgpt2	False	0.38897258043289185	1.3622596263885498
Mary	4834	Mary	0	distilbert/distilgpt2	distilbert/distilgpt2	False	1.0	0.0
Ġw	4834	 wowed	1	distilbert/distilgpt2	distilbert/distilgpt2	False	2.8949796615052037e-05	15.07608699798584
owed	4834	 wowed	1	distilbert/distilgpt2	distilbert/distilgpt2	False	0.00046570689301006496	11.068289756774902
ĠDavid	4834	 David	2	distilbert/distilgpt2	distilbert/distilgpt2	False	8.245016942964867e-05	13.566118240356445
Ġbecause	4834	 because	3	distilbert/distilgpt2	distilbert/distilgpt2	False	0.00024733340251259506	11.981255531311035
Ġhe	4834	 he	4	distilbert/distilgpt2	distilbert/distilgpt2	False	0.37530452013015747	1.4138665199279785
John	4835	John	0	distilbert/distilgpt2	distilbert/distilgpt2	False	1.0	0.0
Ġw	4835	 wowed	1	distilbert/distilgpt2	distilbert/distilgpt2	False	2.8324495360720903e-05	15.107590675354004
owed	4835	 wowed	1	distilbert/distilgpt2	distilbert/distilgpt2	False	0.00039329638821072876	11.312095642089844
ĠDavid	4835	 David	2	distilbert/distilgpt2	distilbert/distilgpt2	False	0.00013510489952750504	12.853631973266602
Ġbecause	4835	 because	3	distilbert/distilgpt2	distilbert/distilgpt2	False	8.897169755073264e-05	13.456294059753418
Ġhe	4835	 he	4	distilbert/distilgpt2	distilbert/distilgpt2	False	0.38897258043289185	1.3622596263885498
Sarah	4836	Sarah	0	distilbert/distilgpt2	distilbert/distilgpt2	False	1.0	0.0
Ġw	4836	 wowed	1	distilbert/distilgpt2	distilbert/distilgpt2	False	3.0814549973001704e-05	14.986028671264648
owed	4836	 wowed	1	distilbert/distilgpt2	distilbert/distilgpt2	False	0.0005929175531491637	10.719881057739258
ĠDavid	4836	 David	2	distilbert/distilgpt2	distilbert/distilgpt2	False	0.00011199253640370443	13.124309539794922
Ġbecause	4836	 because	3	distilbert/distilgpt2	distilbert/distilgpt2	False	9.010206122184172e-05	13.438080787658691
Ġhe	4836	 he	4	distilbert/distilgpt2	distilbert/distilgpt2	False	0.3783353567123413	1.402262568473816
David	4837	David	0	distilbert/distilgpt2	distilbert/distilgpt2	False	1.0	0.0
Ġw	4837	 wowed	1	distilbert/distilgpt2	distilbert/distilgpt2	False	2.894841782108415e-05	15.076155662536621
owed	4837	 wowed	1	distilbert/distilgpt2	distilbert/distilgpt2	False	0.0005272112903185189	10.889330863952637
ĠJohn	4837	 John	2	distilbert/distilgpt2	distilbert/distilgpt2	False	0.0002485938312020153	11.973921775817871
Ġbecause	4837	 because	3	distilbert/distilgpt2	distilbert/distilgpt2	False	0.00011157251719851047	13.129730224609375
Ġhe	4837	 he	4	distilbert/distilgpt2	distilbert/distilgpt2	False	0.40281856060028076	1.3117979764938354
Mary	4838	Mary	0	distilbert/distilgpt2	distilbert/distilgpt2	False	1.0	0.0
Ġw	4838	 wowed	1	distilbert/distilgpt2	distilbert/distilgpt2	False	2.8949796615052037e-05	15.07608699798584
owed	4838	 wowed	1	distilbert/distilgpt2	distilbert/distilgpt2	False	0.00046570689301006496	11.068289756774902
ĠJohn	4838	 John	2	distilbert/distilgpt2	distilbert/distilgpt2	False	0.0002545191382523626	11.93993854522705
Ġbecause	4838	 because	3	distilbert/distilgpt2	distilbert/distilgpt2	False	0.0006920155137777328	10.496908187866211
Ġhe	4838	 he	4	distilbert/distilgpt2	distilbert/distilgpt2	False	0.4230179488658905	1.2412092685699463
David	4839	David	0	distilbert/distilgpt2	distilbert/distilgpt2	False	1.0	0.0
Ġw	4839	 wowed	1	distilbert/distilgpt2	distilbert/distilgpt2	False	2.894841782108415e-05	15.076155662536621
owed	4839	 wowed	1	distilbert/distilgpt2	distilbert/distilgpt2	False	0.0005272112903185189	10.889330863952637
ĠJohn	4839	 John	2	distilbert/distilgpt2	distilbert/distilgpt2	False	0.0002485938312020153	11.973921775817871
Ġbecause	4839	 because	3	distilbert/distilgpt2	distilbert/distilgpt2	False	0.00011157251719851047	13.129730224609375
Ġhe	4839	 he	4	distilbert/distilgpt2	distilbert/distilgpt2	False	0.40281856060028076	1.3117979764938354
Sarah	4840	Sarah	0	distilbert/distilgpt2	distilbert/distilgpt2	False	1.0	0.0
Ġw	4840	 wowed	1	distilbert/distilgpt2	distilbert/distilgpt2	False	3.0814549973001704e-05	14.986028671264648
owed	4840	 wowed	1	distilbert/distilgpt2	distilbert/distilgpt2	False	0.0005929175531491637	10.719881057739258
ĠJohn	4840	 John	2	distilbert/distilgpt2	distilbert/distilgpt2	False	0.0002721529162954539	11.843295097351074
Ġbecause	4840	 because	3	distilbert/distilgpt2	distilbert/distilgpt2	False	0.0004272270598448813	11.192708969116211
Ġhe	4840	 he	4	distilbert/distilgpt2	distilbert/distilgpt2	False	0.4074539840221405	1.2952909469604492
Mary	4841	Mary	0	distilbert/distilgpt2	distilbert/distilgpt2	False	1.0	0.0
Ġw	4841	 wowed	1	distilbert/distilgpt2	distilbert/distilgpt2	False	2.8949796615052037e-05	15.07608699798584
owed	4841	 wowed	1	distilbert/distilgpt2	distilbert/distilgpt2	False	0.00046570689301006496	11.068289756774902
ĠSarah	4841	 Sarah	2	distilbert/distilgpt2	distilbert/distilgpt2	False	5.643585609504953e-05	14.113028526306152
Ġbecause	4841	 because	3	distilbert/distilgpt2	distilbert/distilgpt2	False	0.0008288839599117637	10.236541748046875
Ġshe	4841	 she	4	distilbert/distilgpt2	distilbert/distilgpt2	False	0.48757192492485046	1.0363130569458008
John	4842	John	0	distilbert/distilgpt2	distilbert/distilgpt2	False	1.0	0.0
Ġw	4842	 wowed	1	distilbert/distilgpt2	distilbert/distilgpt2	False	2.8324495360720903e-05	15.107590675354004
owed	4842	 wowed	1	distilbert/distilgpt2	distilbert/distilgpt2	False	0.00039329638821072876	11.312095642089844
ĠSarah	4842	 Sarah	2	distilbert/distilgpt2	distilbert/distilgpt2	False	6.774040957679972e-05	13.849623680114746
Ġbecause	4842	 because	3	distilbert/distilgpt2	distilbert/distilgpt2	False	0.00021510577062144876	12.182665824890137
Ġshe	4842	 she	4	distilbert/distilgpt2	distilbert/distilgpt2	False	0.46260619163513184	1.1121435165405273
Mary	4843	Mary	0	distilbert/distilgpt2	distilbert/distilgpt2	False	1.0	0.0
Ġw	4843	 wowed	1	distilbert/distilgpt2	distilbert/distilgpt2	False	2.8949796615052037e-05	15.07608699798584
owed	4843	 wowed	1	distilbert/distilgpt2	distilbert/distilgpt2	False	0.00046570689301006496	11.068289756774902
ĠSarah	4843	 Sarah	2	distilbert/distilgpt2	distilbert/distilgpt2	False	5.643585609504953e-05	14.113028526306152
Ġbecause	4843	 because	3	distilbert/distilgpt2	distilbert/distilgpt2	False	0.0008288839599117637	10.236541748046875
Ġshe	4843	 she	4	distilbert/distilgpt2	distilbert/distilgpt2	False	0.48757192492485046	1.0363130569458008
David	4844	David	0	distilbert/distilgpt2	distilbert/distilgpt2	False	1.0	0.0
Ġw	4844	 wowed	1	distilbert/distilgpt2	distilbert/distilgpt2	False	2.894841782108415e-05	15.076155662536621
owed	4844	 wowed	1	distilbert/distilgpt2	distilbert/distilgpt2	False	0.0005272112903185189	10.889330863952637
ĠSarah	4844	 Sarah	2	distilbert/distilgpt2	distilbert/distilgpt2	False	5.0206388550577685e-05	14.281769752502441
Ġbecause	4844	 because	3	distilbert/distilgpt2	distilbert/distilgpt2	False	7.94330844655633e-05	13.619900703430176
Ġshe	4844	 she	4	distilbert/distilgpt2	distilbert/distilgpt2	False	0.45593124628067017	1.133111834526062
Sarah	4845	Sarah	0	distilbert/distilgpt2	distilbert/distilgpt2	False	1.0	0.0
Ġw	4845	 wowed	1	distilbert/distilgpt2	distilbert/distilgpt2	False	3.0814549973001704e-05	14.986028671264648
owed	4845	 wowed	1	distilbert/distilgpt2	distilbert/distilgpt2	False	0.0005929175531491637	10.719881057739258
ĠMary	4845	 Mary	2	distilbert/distilgpt2	distilbert/distilgpt2	False	0.00013430828403215855	12.862164497375488
Ġbecause	4845	 because	3	distilbert/distilgpt2	distilbert/distilgpt2	False	0.0006384627195075154	10.613109588623047
Ġshe	4845	 she	4	distilbert/distilgpt2	distilbert/distilgpt2	False	0.4166377782821655	1.263134479522705
John	4846	John	0	distilbert/distilgpt2	distilbert/distilgpt2	False	1.0	0.0
Ġw	4846	 wowed	1	distilbert/distilgpt2	distilbert/distilgpt2	False	2.8324495360720903e-05	15.107590675354004
owed	4846	 wowed	1	distilbert/distilgpt2	distilbert/distilgpt2	False	0.00039329638821072876	11.312095642089844
ĠMary	4846	 Mary	2	distilbert/distilgpt2	distilbert/distilgpt2	False	0.0001241931749973446	12.975126266479492
Ġbecause	4846	 because	3	distilbert/distilgpt2	distilbert/distilgpt2	False	0.0010257601970806718	9.92909049987793
Ġshe	4846	 she	4	distilbert/distilgpt2	distilbert/distilgpt2	False	0.41077709197998047	1.2835724353790283
Sarah	4847	Sarah	0	distilbert/distilgpt2	distilbert/distilgpt2	False	1.0	0.0
Ġw	4847	 wowed	1	distilbert/distilgpt2	distilbert/distilgpt2	False	3.0814549973001704e-05	14.986028671264648
owed	4847	 wowed	1	distilbert/distilgpt2	distilbert/distilgpt2	False	0.0005929175531491637	10.719881057739258
ĠMary	4847	 Mary	2	distilbert/distilgpt2	distilbert/distilgpt2	False	0.00013430828403215855	12.862164497375488
Ġbecause	4847	 because	3	distilbert/distilgpt2	distilbert/distilgpt2	False	0.0006384627195075154	10.613109588623047
Ġshe	4847	 she	4	distilbert/distilgpt2	distilbert/distilgpt2	False	0.4166377782821655	1.263134479522705
David	4848	David	0	distilbert/distilgpt2	distilbert/distilgpt2	False	1.0	0.0
Ġw	4848	 wowed	1	distilbert/distilgpt2	distilbert/distilgpt2	False	2.894841782108415e-05	15.076155662536621
owed	4848	 wowed	1	distilbert/distilgpt2	distilbert/distilgpt2	False	0.0005272112903185189	10.889330863952637
ĠMary	4848	 Mary	2	distilbert/distilgpt2	distilbert/distilgpt2	False	8.948890899773687e-05	13.447931289672852
Ġbecause	4848	 because	3	distilbert/distilgpt2	distilbert/distilgpt2	False	0.00032907366403378546	11.56930160522461
Ġshe	4848	 she	4	distilbert/distilgpt2	distilbert/distilgpt2	False	0.41208234429359436	1.2789955139160156
John	4849	John	0	distilbert/distilgpt2	distilbert/distilgpt2	False	1.0	0.0
Ġyear	4849	 yearned	1	distilbert/distilgpt2	distilbert/distilgpt2	False	2.3390461137751117e-05	15.383720397949219
ned	4849	 yearned	1	distilbert/distilgpt2	distilbert/distilgpt2	False	0.0019166719866916537	9.027180671691895
Ġfor	4849	 for	2	distilbert/distilgpt2	distilbert/distilgpt2	False	0.2799893319606781	1.836556315422058
ĠDavid	4849	 David	3	distilbert/distilgpt2	distilbert/distilgpt2	False	7.709175406489521e-05	13.663064002990723
Ġbecause	4849	 because	4	distilbert/distilgpt2	distilbert/distilgpt2	False	0.00012560847972054034	12.958778381347656
Ġhe	4849	 he	5	distilbert/distilgpt2	distilbert/distilgpt2	False	0.3738445043563843	1.419489860534668
Mary	4850	Mary	0	distilbert/distilgpt2	distilbert/distilgpt2	False	1.0	0.0
Ġyear	4850	 yearned	1	distilbert/distilgpt2	distilbert/distilgpt2	False	2.3399319616146386e-05	15.383173942565918
ned	4850	 yearned	1	distilbert/distilgpt2	distilbert/distilgpt2	False	0.0013658507959917188	9.515984535217285
Ġfor	4850	 for	2	distilbert/distilgpt2	distilbert/distilgpt2	False	0.25013965368270874	1.9991943836212158
ĠDavid	4850	 David	3	distilbert/distilgpt2	distilbert/distilgpt2	False	7.303663005586714e-05	13.741020202636719
Ġbecause	4850	 because	4	distilbert/distilgpt2	distilbert/distilgpt2	False	0.000267356721451506	11.868946075439453
Ġhe	4850	 he	5	distilbert/distilgpt2	distilbert/distilgpt2	False	0.38402026891708374	1.3807456493377686
John	4851	John	0	distilbert/distilgpt2	distilbert/distilgpt2	False	1.0	0.0
Ġyear	4851	 yearned	1	distilbert/distilgpt2	distilbert/distilgpt2	False	2.3390461137751117e-05	15.383720397949219
ned	4851	 yearned	1	distilbert/distilgpt2	distilbert/distilgpt2	False	0.0019166719866916537	9.027180671691895
Ġfor	4851	 for	2	distilbert/distilgpt2	distilbert/distilgpt2	False	0.2799893319606781	1.836556315422058
ĠDavid	4851	 David	3	distilbert/distilgpt2	distilbert/distilgpt2	False	7.709175406489521e-05	13.663064002990723
Ġbecause	4851	 because	4	distilbert/distilgpt2	distilbert/distilgpt2	False	0.00012560847972054034	12.958778381347656
Ġhe	4851	 he	5	distilbert/distilgpt2	distilbert/distilgpt2	False	0.3738445043563843	1.419489860534668
Sarah	4852	Sarah	0	distilbert/distilgpt2	distilbert/distilgpt2	False	1.0	0.0
Ġyear	4852	 yearned	1	distilbert/distilgpt2	distilbert/distilgpt2	False	2.332010080863256e-05	15.388066291809082
ned	4852	 yearned	1	distilbert/distilgpt2	distilbert/distilgpt2	False	0.0024635447189211845	8.665048599243164
Ġfor	4852	 for	2	distilbert/distilgpt2	distilbert/distilgpt2	False	0.3353053629398346	1.576452612876892
ĠDavid	4852	 David	3	distilbert/distilgpt2	distilbert/distilgpt2	False	0.00013440694601740688	12.861104965209961
Ġbecause	4852	 because	4	distilbert/distilgpt2	distilbert/distilgpt2	False	0.00015164776414167136	12.68698787689209
Ġhe	4852	 he	5	distilbert/distilgpt2	distilbert/distilgpt2	False	0.37306350469589233	1.4225069284439087
David	4853	David	0	distilbert/distilgpt2	distilbert/distilgpt2	False	1.0	0.0
Ġyear	4853	 yearned	1	distilbert/distilgpt2	distilbert/distilgpt2	False	2.2234333300730214e-05	15.4568510055542
ned	4853	 yearned	1	distilbert/distilgpt2	distilbert/distilgpt2	False	0.0018688758136704564	9.063613891601562
Ġfor	4853	 for	2	distilbert/distilgpt2	distilbert/distilgpt2	False	0.3505111634731293	1.5124677419662476
ĠJohn	4853	 John	3	distilbert/distilgpt2	distilbert/distilgpt2	False	0.00013045691594015807	12.904138565063477
Ġbecause	4853	 because	4	distilbert/distilgpt2	distilbert/distilgpt2	False	0.0001253724767593667	12.961491584777832
Ġhe	4853	 he	5	distilbert/distilgpt2	distilbert/distilgpt2	False	0.3668803572654724	1.4466184377670288
Mary	4854	Mary	0	distilbert/distilgpt2	distilbert/distilgpt2	False	1.0	0.0
Ġyear	4854	 yearned	1	distilbert/distilgpt2	distilbert/distilgpt2	False	2.3399319616146386e-05	15.383173942565918
ned	4854	 yearned	1	distilbert/distilgpt2	distilbert/distilgpt2	False	0.0013658507959917188	9.515984535217285
Ġfor	4854	 for	2	distilbert/distilgpt2	distilbert/distilgpt2	False	0.25013965368270874	1.9991943836212158
ĠJohn	4854	 John	3	distilbert/distilgpt2	distilbert/distilgpt2	False	0.00019824429182335734	12.300433158874512
Ġbecause	4854	 because	4	distilbert/distilgpt2	distilbert/distilgpt2	False	0.00034279259853065014	11.5103759765625
Ġhe	4854	 he	5	distilbert/distilgpt2	distilbert/distilgpt2	False	0.41676121950149536	1.2627071142196655
David	4855	David	0	distilbert/distilgpt2	distilbert/distilgpt2	False	1.0	0.0
Ġyear	4855	 yearned	1	distilbert/distilgpt2	distilbert/distilgpt2	False	2.2234333300730214e-05	15.4568510055542
ned	4855	 yearned	1	distilbert/distilgpt2	distilbert/distilgpt2	False	0.0018688758136704564	9.063613891601562
Ġfor	4855	 for	2	distilbert/distilgpt2	distilbert/distilgpt2	False	0.3505111634731293	1.5124677419662476
ĠJohn	4855	 John	3	distilbert/distilgpt2	distilbert/distilgpt2	False	0.00013045691594015807	12.904138565063477
Ġbecause	4855	 because	4	distilbert/distilgpt2	distilbert/distilgpt2	False	0.0001253724767593667	12.961491584777832
Ġhe	4855	 he	5	distilbert/distilgpt2	distilbert/distilgpt2	False	0.3668803572654724	1.4466184377670288
Sarah	4856	Sarah	0	distilbert/distilgpt2	distilbert/distilgpt2	False	1.0	0.0
Ġyear	4856	 yearned	1	distilbert/distilgpt2	distilbert/distilgpt2	False	2.332010080863256e-05	15.388066291809082
ned	4856	 yearned	1	distilbert/distilgpt2	distilbert/distilgpt2	False	0.0024635447189211845	8.665048599243164
Ġfor	4856	 for	2	distilbert/distilgpt2	distilbert/distilgpt2	False	0.3353053629398346	1.576452612876892
ĠJohn	4856	 John	3	distilbert/distilgpt2	distilbert/distilgpt2	False	0.0002600187435746193	11.909096717834473
Ġbecause	4856	 because	4	distilbert/distilgpt2	distilbert/distilgpt2	False	0.00033044134033843875	11.563318252563477
Ġhe	4856	 he	5	distilbert/distilgpt2	distilbert/distilgpt2	False	0.3852819800376892	1.3760133981704712
Mary	4857	Mary	0	distilbert/distilgpt2	distilbert/distilgpt2	False	1.0	0.0
Ġyear	4857	 yearned	1	distilbert/distilgpt2	distilbert/distilgpt2	False	2.3399319616146386e-05	15.383173942565918
ned	4857	 yearned	1	distilbert/distilgpt2	distilbert/distilgpt2	False	0.0013658507959917188	9.515984535217285
Ġfor	4857	 for	2	distilbert/distilgpt2	distilbert/distilgpt2	False	0.25013965368270874	1.9991943836212158
ĠSarah	4857	 Sarah	3	distilbert/distilgpt2	distilbert/distilgpt2	False	4.405510480864905e-05	14.470331192016602
Ġbecause	4857	 because	4	distilbert/distilgpt2	distilbert/distilgpt2	False	0.0009177254978567362	10.08965015411377
Ġshe	4857	 she	5	distilbert/distilgpt2	distilbert/distilgpt2	False	0.46274620294570923	1.1117069721221924
John	4858	John	0	distilbert/distilgpt2	distilbert/distilgpt2	False	1.0	0.0
Ġyear	4858	 yearned	1	distilbert/distilgpt2	distilbert/distilgpt2	False	2.3390461137751117e-05	15.383720397949219
ned	4858	 yearned	1	distilbert/distilgpt2	distilbert/distilgpt2	False	0.0019166719866916537	9.027180671691895
Ġfor	4858	 for	2	distilbert/distilgpt2	distilbert/distilgpt2	False	0.2799893319606781	1.836556315422058
ĠSarah	4858	 Sarah	3	distilbert/distilgpt2	distilbert/distilgpt2	False	2.242257323814556e-05	15.44468879699707
Ġbecause	4858	 because	4	distilbert/distilgpt2	distilbert/distilgpt2	False	0.000473174499347806	11.045340538024902
Ġshe	4858	 she	5	distilbert/distilgpt2	distilbert/distilgpt2	False	0.410186767578125	1.2856471538543701
Mary	4859	Mary	0	distilbert/distilgpt2	distilbert/distilgpt2	False	1.0	0.0
Ġyear	4859	 yearned	1	distilbert/distilgpt2	distilbert/distilgpt2	False	2.3399319616146386e-05	15.383173942565918
ned	4859	 yearned	1	distilbert/distilgpt2	distilbert/distilgpt2	False	0.0013658507959917188	9.515984535217285
Ġfor	4859	 for	2	distilbert/distilgpt2	distilbert/distilgpt2	False	0.25013965368270874	1.9991943836212158
ĠSarah	4859	 Sarah	3	distilbert/distilgpt2	distilbert/distilgpt2	False	4.405510480864905e-05	14.470331192016602
Ġbecause	4859	 because	4	distilbert/distilgpt2	distilbert/distilgpt2	False	0.0009177254978567362	10.08965015411377
Ġshe	4859	 she	5	distilbert/distilgpt2	distilbert/distilgpt2	False	0.46274620294570923	1.1117069721221924
David	4860	David	0	distilbert/distilgpt2	distilbert/distilgpt2	False	1.0	0.0
Ġyear	4860	 yearned	1	distilbert/distilgpt2	distilbert/distilgpt2	False	2.2234333300730214e-05	15.4568510055542
ned	4860	 yearned	1	distilbert/distilgpt2	distilbert/distilgpt2	False	0.0018688758136704564	9.063613891601562
Ġfor	4860	 for	2	distilbert/distilgpt2	distilbert/distilgpt2	False	0.3505111634731293	1.5124677419662476
ĠSarah	4860	 Sarah	3	distilbert/distilgpt2	distilbert/distilgpt2	False	1.7167472833534703e-05	15.829962730407715
Ġbecause	4860	 because	4	distilbert/distilgpt2	distilbert/distilgpt2	False	0.00020746876543853432	12.234818458557129
Ġshe	4860	 she	5	distilbert/distilgpt2	distilbert/distilgpt2	False	0.3890305459499359	1.3620446920394897
Sarah	4861	Sarah	0	distilbert/distilgpt2	distilbert/distilgpt2	False	1.0	0.0
Ġyear	4861	 yearned	1	distilbert/distilgpt2	distilbert/distilgpt2	False	2.332010080863256e-05	15.388066291809082
ned	4861	 yearned	1	distilbert/distilgpt2	distilbert/distilgpt2	False	0.0024635447189211845	8.665048599243164
Ġfor	4861	 for	2	distilbert/distilgpt2	distilbert/distilgpt2	False	0.3353053629398346	1.576452612876892
ĠMary	4861	 Mary	3	distilbert/distilgpt2	distilbert/distilgpt2	False	8.735156734474003e-05	13.482807159423828
Ġbecause	4861	 because	4	distilbert/distilgpt2	distilbert/distilgpt2	False	0.00045641412725672126	11.097369194030762
Ġshe	4861	 she	5	distilbert/distilgpt2	distilbert/distilgpt2	False	0.39491260051727295	1.3403947353363037
John	4862	John	0	distilbert/distilgpt2	distilbert/distilgpt2	False	1.0	0.0
Ġyear	4862	 yearned	1	distilbert/distilgpt2	distilbert/distilgpt2	False	2.3390461137751117e-05	15.383720397949219
ned	4862	 yearned	1	distilbert/distilgpt2	distilbert/distilgpt2	False	0.0019166719866916537	9.027180671691895
Ġfor	4862	 for	2	distilbert/distilgpt2	distilbert/distilgpt2	False	0.2799893319606781	1.836556315422058
ĠMary	4862	 Mary	3	distilbert/distilgpt2	distilbert/distilgpt2	False	3.688827564474195e-05	14.726478576660156
Ġbecause	4862	 because	4	distilbert/distilgpt2	distilbert/distilgpt2	False	0.0006689041620120406	10.545912742614746
Ġshe	4862	 she	5	distilbert/distilgpt2	distilbert/distilgpt2	False	0.38602909445762634	1.3732185363769531
Sarah	4863	Sarah	0	distilbert/distilgpt2	distilbert/distilgpt2	False	1.0	0.0
Ġyear	4863	 yearned	1	distilbert/distilgpt2	distilbert/distilgpt2	False	2.332010080863256e-05	15.388066291809082
ned	4863	 yearned	1	distilbert/distilgpt2	distilbert/distilgpt2	False	0.0024635447189211845	8.665048599243164
Ġfor	4863	 for	2	distilbert/distilgpt2	distilbert/distilgpt2	False	0.3353053629398346	1.576452612876892
ĠMary	4863	 Mary	3	distilbert/distilgpt2	distilbert/distilgpt2	False	8.735156734474003e-05	13.482807159423828
Ġbecause	4863	 because	4	distilbert/distilgpt2	distilbert/distilgpt2	False	0.00045641412725672126	11.097369194030762
Ġshe	4863	 she	5	distilbert/distilgpt2	distilbert/distilgpt2	False	0.39491260051727295	1.3403947353363037
David	4864	David	0	distilbert/distilgpt2	distilbert/distilgpt2	False	1.0	0.0
Ġyear	4864	 yearned	1	distilbert/distilgpt2	distilbert/distilgpt2	False	2.2234333300730214e-05	15.4568510055542
ned	4864	 yearned	1	distilbert/distilgpt2	distilbert/distilgpt2	False	0.0018688758136704564	9.063613891601562
Ġfor	4864	 for	2	distilbert/distilgpt2	distilbert/distilgpt2	False	0.3505111634731293	1.5124677419662476
ĠMary	4864	 Mary	3	distilbert/distilgpt2	distilbert/distilgpt2	False	2.7148707886226475e-05	15.168756484985352
Ġbecause	4864	 because	4	distilbert/distilgpt2	distilbert/distilgpt2	False	0.0002907484595198184	11.747941017150879
Ġshe	4864	 she	5	distilbert/distilgpt2	distilbert/distilgpt2	False	0.3621786832809448	1.4652265310287476
John	4865	John	0	distilbert/distilgpt2	distilbert/distilgpt2	False	1.0	0.0
Ġyelled	4865	 yelled	1	distilbert/distilgpt2	distilbert/distilgpt2	False	7.357117226547416e-08	23.6962833404541
Ġat	4865	 at	2	distilbert/distilgpt2	distilbert/distilgpt2	False	0.23679280281066895	2.0783028602600098
ĠDavid	4865	 David	3	distilbert/distilgpt2	distilbert/distilgpt2	False	0.0008787554106675088	10.152250289916992
Ġbecause	4865	 because	4	distilbert/distilgpt2	distilbert/distilgpt2	False	0.001231396570801735	9.665489196777344
Ġhe	4865	 he	5	distilbert/distilgpt2	distilbert/distilgpt2	False	0.4240208864212036	1.2377928495407104
Mary	4866	Mary	0	distilbert/distilgpt2	distilbert/distilgpt2	False	1.0	0.0
Ġyelled	4866	 yelled	1	distilbert/distilgpt2	distilbert/distilgpt2	False	7.639211929699741e-08	23.642000198364258
Ġat	4866	 at	2	distilbert/distilgpt2	distilbert/distilgpt2	False	0.224906325340271	2.1526038646698
ĠDavid	4866	 David	3	distilbert/distilgpt2	distilbert/distilgpt2	False	0.0007322955061681569	10.41528606414795
Ġbecause	4866	 because	4	distilbert/distilgpt2	distilbert/distilgpt2	False	0.0012761104153469205	9.614030838012695
Ġhe	4866	 he	5	distilbert/distilgpt2	distilbert/distilgpt2	False	0.40691328048706055	1.2972067594528198
John	4867	John	0	distilbert/distilgpt2	distilbert/distilgpt2	False	1.0	0.0
Ġyelled	4867	 yelled	1	distilbert/distilgpt2	distilbert/distilgpt2	False	7.357117226547416e-08	23.6962833404541
Ġat	4867	 at	2	distilbert/distilgpt2	distilbert/distilgpt2	False	0.23679280281066895	2.0783028602600098
ĠDavid	4867	 David	3	distilbert/distilgpt2	distilbert/distilgpt2	False	0.0008787554106675088	10.152250289916992
Ġbecause	4867	 because	4	distilbert/distilgpt2	distilbert/distilgpt2	False	0.001231396570801735	9.665489196777344
Ġhe	4867	 he	5	distilbert/distilgpt2	distilbert/distilgpt2	False	0.4240208864212036	1.2377928495407104
Sarah	4868	Sarah	0	distilbert/distilgpt2	distilbert/distilgpt2	False	1.0	0.0
Ġyelled	4868	 yelled	1	distilbert/distilgpt2	distilbert/distilgpt2	False	9.341744799939988e-08	23.35173225402832
Ġat	4868	 at	2	distilbert/distilgpt2	distilbert/distilgpt2	False	0.26431289315223694	1.9196813106536865
ĠDavid	4868	 David	3	distilbert/distilgpt2	distilbert/distilgpt2	False	0.0009812640491873026	9.993071556091309
Ġbecause	4868	 because	4	distilbert/distilgpt2	distilbert/distilgpt2	False	0.0008461383986286819	10.206818580627441
Ġhe	4868	 he	5	distilbert/distilgpt2	distilbert/distilgpt2	False	0.4101613461971283	1.2857365608215332
David	4869	David	0	distilbert/distilgpt2	distilbert/distilgpt2	False	1.0	0.0
Ġyelled	4869	 yelled	1	distilbert/distilgpt2	distilbert/distilgpt2	False	6.928451057319762e-08	23.78289222717285
Ġat	4869	 at	2	distilbert/distilgpt2	distilbert/distilgpt2	False	0.3678993880748749	1.4426168203353882
ĠJohn	4869	 John	3	distilbert/distilgpt2	distilbert/distilgpt2	False	0.0011941127013415098	9.709845542907715
Ġbecause	4869	 because	4	distilbert/distilgpt2	distilbert/distilgpt2	False	0.0011893818154931068	9.715572357177734
Ġhe	4869	 he	5	distilbert/distilgpt2	distilbert/distilgpt2	False	0.4227198362350464	1.2422263622283936
Mary	4870	Mary	0	distilbert/distilgpt2	distilbert/distilgpt2	False	1.0	0.0
Ġyelled	4870	 yelled	1	distilbert/distilgpt2	distilbert/distilgpt2	False	7.639211929699741e-08	23.642000198364258
Ġat	4870	 at	2	distilbert/distilgpt2	distilbert/distilgpt2	False	0.224906325340271	2.1526038646698
ĠJohn	4870	 John	3	distilbert/distilgpt2	distilbert/distilgpt2	False	0.0010299521964043379	9.92320728302002
Ġbecause	4870	 because	4	distilbert/distilgpt2	distilbert/distilgpt2	False	0.001800076337531209	9.11772632598877
Ġhe	4870	 he	5	distilbert/distilgpt2	distilbert/distilgpt2	False	0.4137061536312103	1.2733217477798462
David	4871	David	0	distilbert/distilgpt2	distilbert/distilgpt2	False	1.0	0.0
Ġyelled	4871	 yelled	1	distilbert/distilgpt2	distilbert/distilgpt2	False	6.928451057319762e-08	23.78289222717285
Ġat	4871	 at	2	distilbert/distilgpt2	distilbert/distilgpt2	False	0.3678993880748749	1.4426168203353882
ĠJohn	4871	 John	3	distilbert/distilgpt2	distilbert/distilgpt2	False	0.0011941127013415098	9.709845542907715
Ġbecause	4871	 because	4	distilbert/distilgpt2	distilbert/distilgpt2	False	0.0011893818154931068	9.715572357177734
Ġhe	4871	 he	5	distilbert/distilgpt2	distilbert/distilgpt2	False	0.4227198362350464	1.2422263622283936
Sarah	4872	Sarah	0	distilbert/distilgpt2	distilbert/distilgpt2	False	1.0	0.0
Ġyelled	4872	 yelled	1	distilbert/distilgpt2	distilbert/distilgpt2	False	9.341744799939988e-08	23.35173225402832
Ġat	4872	 at	2	distilbert/distilgpt2	distilbert/distilgpt2	False	0.26431289315223694	1.9196813106536865
ĠJohn	4872	 John	3	distilbert/distilgpt2	distilbert/distilgpt2	False	0.0012557548470795155	9.637228965759277
Ġbecause	4872	 because	4	distilbert/distilgpt2	distilbert/distilgpt2	False	0.001958415610715747	8.996097564697266
Ġhe	4872	 he	5	distilbert/distilgpt2	distilbert/distilgpt2	False	0.411435604095459	1.2812614440917969
Mary	4873	Mary	0	distilbert/distilgpt2	distilbert/distilgpt2	False	1.0	0.0
Ġyelled	4873	 yelled	1	distilbert/distilgpt2	distilbert/distilgpt2	False	7.639211929699741e-08	23.642000198364258
Ġat	4873	 at	2	distilbert/distilgpt2	distilbert/distilgpt2	False	0.224906325340271	2.1526038646698
ĠSarah	4873	 Sarah	3	distilbert/distilgpt2	distilbert/distilgpt2	False	0.00023382912331726402	12.062257766723633
Ġbecause	4873	 because	4	distilbert/distilgpt2	distilbert/distilgpt2	False	0.003696282859891653	8.07970905303955
Ġshe	4873	 she	5	distilbert/distilgpt2	distilbert/distilgpt2	False	0.4721394181251526	1.0827151536941528
John	4874	John	0	distilbert/distilgpt2	distilbert/distilgpt2	False	1.0	0.0
Ġyelled	4874	 yelled	1	distilbert/distilgpt2	distilbert/distilgpt2	False	7.357117226547416e-08	23.6962833404541
Ġat	4874	 at	2	distilbert/distilgpt2	distilbert/distilgpt2	False	0.23679280281066895	2.0783028602600098
ĠSarah	4874	 Sarah	3	distilbert/distilgpt2	distilbert/distilgpt2	False	0.00031903249328024685	11.614008903503418
Ġbecause	4874	 because	4	distilbert/distilgpt2	distilbert/distilgpt2	False	0.0023313898127526045	8.744593620300293
Ġshe	4874	 she	5	distilbert/distilgpt2	distilbert/distilgpt2	False	0.45313331484794617	1.1419925689697266
Mary	4875	Mary	0	distilbert/distilgpt2	distilbert/distilgpt2	False	1.0	0.0
Ġyelled	4875	 yelled	1	distilbert/distilgpt2	distilbert/distilgpt2	False	7.639211929699741e-08	23.642000198364258
Ġat	4875	 at	2	distilbert/distilgpt2	distilbert/distilgpt2	False	0.224906325340271	2.1526038646698
ĠSarah	4875	 Sarah	3	distilbert/distilgpt2	distilbert/distilgpt2	False	0.00023382912331726402	12.062257766723633
Ġbecause	4875	 because	4	distilbert/distilgpt2	distilbert/distilgpt2	False	0.003696282859891653	8.07970905303955
Ġshe	4875	 she	5	distilbert/distilgpt2	distilbert/distilgpt2	False	0.4721394181251526	1.0827151536941528
David	4876	David	0	distilbert/distilgpt2	distilbert/distilgpt2	False	1.0	0.0
Ġyelled	4876	 yelled	1	distilbert/distilgpt2	distilbert/distilgpt2	False	6.928451057319762e-08	23.78289222717285
Ġat	4876	 at	2	distilbert/distilgpt2	distilbert/distilgpt2	False	0.3678993880748749	1.4426168203353882
ĠSarah	4876	 Sarah	3	distilbert/distilgpt2	distilbert/distilgpt2	False	0.0003547527885530144	11.460898399353027
Ġbecause	4876	 because	4	distilbert/distilgpt2	distilbert/distilgpt2	False	0.0012737911893054843	9.616655349731445
Ġshe	4876	 she	5	distilbert/distilgpt2	distilbert/distilgpt2	False	0.456354022026062	1.131774663925171
Sarah	4877	Sarah	0	distilbert/distilgpt2	distilbert/distilgpt2	False	1.0	0.0
Ġyelled	4877	 yelled	1	distilbert/distilgpt2	distilbert/distilgpt2	False	9.341744799939988e-08	23.35173225402832
Ġat	4877	 at	2	distilbert/distilgpt2	distilbert/distilgpt2	False	0.26431289315223694	1.9196813106536865
ĠMary	4877	 Mary	3	distilbert/distilgpt2	distilbert/distilgpt2	False	0.0003731113101821393	11.388106346130371
Ġbecause	4877	 because	4	distilbert/distilgpt2	distilbert/distilgpt2	False	0.002274146070703864	8.7804594039917
Ġshe	4877	 she	5	distilbert/distilgpt2	distilbert/distilgpt2	False	0.42130160331726074	1.2470747232437134
John	4878	John	0	distilbert/distilgpt2	distilbert/distilgpt2	False	1.0	0.0
Ġyelled	4878	 yelled	1	distilbert/distilgpt2	distilbert/distilgpt2	False	7.357117226547416e-08	23.6962833404541
Ġat	4878	 at	2	distilbert/distilgpt2	distilbert/distilgpt2	False	0.23679280281066895	2.0783028602600098
ĠMary	4878	 Mary	3	distilbert/distilgpt2	distilbert/distilgpt2	False	0.0003806565946433693	11.359222412109375
Ġbecause	4878	 because	4	distilbert/distilgpt2	distilbert/distilgpt2	False	0.003184971632435918	8.294504165649414
Ġshe	4878	 she	5	distilbert/distilgpt2	distilbert/distilgpt2	False	0.40530431270599365	1.3029226064682007
Sarah	4879	Sarah	0	distilbert/distilgpt2	distilbert/distilgpt2	False	1.0	0.0
Ġyelled	4879	 yelled	1	distilbert/distilgpt2	distilbert/distilgpt2	False	9.341744799939988e-08	23.35173225402832
Ġat	4879	 at	2	distilbert/distilgpt2	distilbert/distilgpt2	False	0.26431289315223694	1.9196813106536865
ĠMary	4879	 Mary	3	distilbert/distilgpt2	distilbert/distilgpt2	False	0.0003731113101821393	11.388106346130371
Ġbecause	4879	 because	4	distilbert/distilgpt2	distilbert/distilgpt2	False	0.002274146070703864	8.7804594039917
Ġshe	4879	 she	5	distilbert/distilgpt2	distilbert/distilgpt2	False	0.42130160331726074	1.2470747232437134
David	4880	David	0	distilbert/distilgpt2	distilbert/distilgpt2	False	1.0	0.0
Ġyelled	4880	 yelled	1	distilbert/distilgpt2	distilbert/distilgpt2	False	6.928451057319762e-08	23.78289222717285
Ġat	4880	 at	2	distilbert/distilgpt2	distilbert/distilgpt2	False	0.3678993880748749	1.4426168203353882
ĠMary	4880	 Mary	3	distilbert/distilgpt2	distilbert/distilgpt2	False	0.00038950974703766406	11.32605266571045
Ġbecause	4880	 because	4	distilbert/distilgpt2	distilbert/distilgpt2	False	0.0014470793539658189	9.432640075683594
Ġshe	4880	 she	5	distilbert/distilgpt2	distilbert/distilgpt2	False	0.4075874388217926	1.2948185205459595
